1501
 -2.018948540079e-02
 -2.018571716467e-02
 -2.018200048138e-02
 -2.017830346333e-02
 -2.017455455102e-02
 -2.017074876187e-02
 -2.016706897128e-02
 -2.016324082051e-02
 -2.015940983246e-02
 -2.015576002615e-02
 -2.015202064530e-02
 -2.014824904906e-02
 -2.014454147105e-02
 -2.014074556048e-02
 -2.013703385763e-02
 -2.013326337200e-02
 -2.012950003445e-02
 -2.012571208580e-02
 -2.012198095516e-02
 -2.011820605215e-02
 -2.011450435776e-02
 -2.011072664758e-02
 -2.010698442906e-02
 -2.010327123735e-02
 -2.009953034340e-02
 -2.009567167089e-02
 -2.009192114891e-02
 -2.008820057142e-02
 -2.008440948388e-02
 -2.008071861246e-02
 -2.007694494301e-02
 -2.007317950943e-02
 -2.006947440256e-02
 -2.006574798176e-02
 -2.006199640572e-02
 -2.005813017703e-02
 -2.005444690874e-02
 -2.005089171164e-02
 -2.004694392873e-02
 -2.004319814341e-02
 -2.003940076807e-02
 -2.003572148447e-02
 -2.003197381278e-02
 -2.002817730724e-02
 -2.002444269465e-02
 -2.002073395039e-02
 -2.001697390539e-02
 -2.001318095297e-02
 -2.000944501423e-02
 -2.000567155394e-02
 -2.000192609736e-02
 -1.999816770533e-02
 -1.999440135370e-02
 -1.999065074498e-02
 -1.998687041994e-02
 -1.998317861466e-02
 -1.997946309536e-02
 -1.997566331786e-02
 -1.997194753925e-02
 -1.996821671405e-02
 -1.996439572760e-02
 -1.996065455357e-02
 -1.995692071617e-02
 -1.995317938721e-02
 -1.994944890802e-02
 -1.994566134363e-02
 -1.994194192773e-02
 -1.993817081963e-02
 -1.993445757327e-02
 -1.993071570301e-02
 -1.992689807330e-02
 -1.992320715441e-02
 -1.991943754618e-02
 -1.991563668887e-02
 -1.991200323940e-02
 -1.990812709601e-02
 -1.990439598235e-02
 -1.990063810981e-02
 -1.989689591330e-02
 -1.989313126917e-02
 -1.988942758650e-02
 -1.988569127770e-02
 -1.988189452415e-02
 -1.987812733948e-02
 -1.987441681329e-02
 -1.987069069913e-02
 -1.986690843677e-02
 -1.986317885001e-02
 -1.985947294279e-02
 -1.985566647591e-02
 -1.985186731275e-02
 -1.984816155273e-02
 -1.984444663793e-02
 -1.984071760389e-02
 -1.983692948835e-02
 -1.983322126659e-02
 -1.982945919299e-02
 -1.982570534174e-02
 -1.982194971148e-02
 -1.981817734430e-02
 -1.981442200987e-02
 -1.981067843039e-02
 -1.980700016094e-02
 -1.980322981828e-02
 -1.979948657624e-02
 -1.979570085725e-02
 -1.979204449667e-02
 -1.978826966211e-02
 -1.978452622468e-02
 -1.978079673246e-02
 -1.977703750799e-02
 -1.977320338460e-02
 -1.976947373330e-02
 -1.976575520735e-02
 -1.976207586177e-02
 -1.975829394050e-02
 -1.975456944656e-02
 -1.975080596452e-02
 -1.974705549542e-02
 -1.974330061951e-02
 -1.973951869220e-02
 -1.973581052849e-02
 -1.973206568866e-02
 -1.972828943768e-02
 -1.972458248692e-02
 -1.972081805849e-02
 -1.971705731506e-02
 -1.971341392105e-02
 -1.970962444312e-02
 -1.970586576693e-02
 -1.970216486109e-02
 -1.969836326758e-02
 -1.969464412495e-02
 -1.969091645770e-02
 -1.968715017159e-02
 -1.968336471338e-02
 -1.967967394943e-02
 -1.967592775930e-02
 -1.967216536567e-02
 -1.966839078945e-02
 -1.966466424701e-02
 -1.966095104629e-02
 -1.965721955671e-02
 -1.965348003448e-02
 -1.964973442653e-02
 -1.964601181450e-02
 -1.964220645128e-02
 -1.963847993446e-02
 -1.963471568959e-02
 -1.963094614396e-02
 -1.962722011692e-02
 -1.962345056655e-02
 -1.961974748022e-02
 -1.961603598534e-02
 -1.961233064621e-02
 -1.960859728346e-02
 -1.960478358398e-02
 -1.960107868136e-02
 -1.959727463401e-02
 -1.959355408938e-02
 -1.958980714549e-02
 -1.958604694311e-02
 -1.958235662368e-02
 -1.957866966374e-02
 -1.957482288568e-02
 -1.957107056890e-02
 -1.956732295816e-02
 -1.956358725692e-02
 -1.955986181006e-02
 -1.955608708424e-02
 -1.955232662891e-02
 -1.954863154774e-02
 -1.954487324790e-02
 -1.954113724224e-02
 -1.953739869225e-02
 -1.953362244836e-02
 -1.952989481910e-02
 -1.952609908717e-02
 -1.952245254739e-02
 -1.951867230879e-02
 -1.951490755210e-02
 -1.951116196852e-02
 -1.950742419000e-02
 -1.950365656556e-02
 -1.949988049449e-02
 -1.949619285739e-02
 -1.949253209807e-02
 -1.948872775502e-02
 -1.948486556501e-02
 -1.948116007232e-02
 -1.947749313318e-02
 -1.947374189559e-02
 -1.946994650770e-02
 -1.946618610420e-02
 -1.946241175280e-02
 -1.945867014130e-02
 -1.945494471703e-02
 -1.945120476958e-02
 -1.944748614775e-02
 -1.944368237524e-02
 -1.943997618212e-02
 -1.943623217555e-02
 -1.943246191824e-02
 -1.942873361562e-02
 -1.942502031514e-02
 -1.942125568604e-02
 -1.941749098747e-02
 -1.941378616831e-02
 -1.941006448660e-02
 -1.940625617531e-02
 -1.940247282256e-02
 -1.939875143096e-02
 -1.939501826201e-02
 -1.939130407633e-02
 -1.938755294782e-02
 -1.938375976028e-02
 -1.938004625073e-02
 -1.937619655652e-02
 -1.937249849207e-02
 -1.936880379509e-02
 -1.936500262921e-02
 -1.936128789793e-02
 -1.935751475118e-02
 -1.935374894266e-02
 -1.935007903223e-02
 -1.934621094454e-02
 -1.934253169957e-02
 -1.933874655120e-02
 -1.933501205567e-02
 -1.933131617841e-02
 -1.932751639933e-02
 -1.932371996725e-02
 -1.932006440691e-02
 -1.931624885023e-02
 -1.931250733042e-02
 -1.930874772511e-02
 -1.930501365139e-02
 -1.930130671205e-02
 -1.929747331933e-02
 -1.929376418061e-02
 -1.928996782829e-02
 -1.928625388247e-02
 -1.928250719007e-02
 -1.927876679875e-02
 -1.927498695504e-02
 -1.927125190777e-02
 -1.926745295177e-02
 -1.926371809395e-02
 -1.925998206962e-02
 -1.925623039646e-02
 -1.925244788724e-02
 -1.924873746356e-02
 -1.924497664145e-02
 -1.924120109763e-02
 -1.923742843768e-02
 -1.923367660695e-02
 -1.922995735999e-02
 -1.922620154977e-02
 -1.922245186516e-02
 -1.921867591977e-02
 -1.921491169247e-02
 -1.921130541063e-02
 -1.920743080266e-02
 -1.920367950585e-02
 -1.919995528695e-02
 -1.919619563490e-02
 -1.919235072622e-02
 -1.918869301137e-02
 -1.918490827693e-02
 -1.918111577828e-02
 -1.917742278026e-02
 -1.917367265664e-02
 -1.916986815861e-02
 -1.916592551646e-02
 -1.916184287293e-02
 -1.915815468111e-02
 -1.915433651737e-02
 -1.915053983386e-02
 -1.914684819961e-02
 -1.914310384998e-02
 -1.913926307586e-02
 -1.913556633940e-02
 -1.913166155447e-02
 -1.912794155422e-02
 -1.912425821400e-02
 -1.912047366051e-02
 -1.911670247951e-02
 -1.911292283487e-02
 -1.910916073222e-02
 -1.910540152209e-02
 -1.910163720952e-02
 -1.909787515471e-02
 -1.909409655753e-02
 -1.909029112710e-02
 -1.908653976296e-02
 -1.908279053983e-02
 -1.907899414949e-02
 -1.907525297118e-02
 -1.907140970855e-02
 -1.906771246479e-02
 -1.906395069717e-02
 -1.906012293770e-02
 -1.905639813858e-02
 -1.905264167042e-02
 -1.904880531493e-02
 -1.904508972109e-02
 -1.904133287153e-02
 -1.903751616153e-02
 -1.903374746488e-02
 -1.902997846473e-02
 -1.902618167137e-02
 -1.902246076083e-02
 -1.901868697857e-02
 -1.901486793975e-02
 -1.901111894634e-02
 -1.900725774696e-02
 -1.900352213457e-02
 -1.899980342456e-02
 -1.899600632881e-02
 -1.899220266871e-02
 -1.898850040052e-02
 -1.898465298809e-02
 -1.898086600182e-02
 -1.897713818987e-02
 -1.897332528741e-02
 -1.896954938028e-02
 -1.896577478304e-02
 -1.896203725312e-02
 -1.895820166206e-02
 -1.895443252984e-02
 -1.895073095725e-02
 -1.894690632625e-02
 -1.894311429138e-02
 -1.893934686169e-02
 -1.893556909520e-02
 -1.893176242588e-02
 -1.892812825062e-02
 -1.892421229129e-02
 -1.892038671650e-02
 -1.891663214078e-02
 -1.891287920002e-02
 -1.890905509117e-02
 -1.890532036361e-02
 -1.890153322043e-02
 -1.889773429315e-02
 -1.889391222291e-02
 -1.889020006684e-02
 -1.888634829005e-02
 -1.888255946690e-02
 -1.887886298259e-02
 -1.887504840617e-02
 -1.887128999735e-02
 -1.886740150853e-02
 -1.886371754094e-02
 -1.885989339133e-02
 -1.885605244426e-02
 -1.885236786380e-02
 -1.884855048669e-02
 -1.884472857488e-02
 -1.884093242220e-02
 -1.883716481998e-02
 -1.883335806999e-02
 -1.882959090029e-02
 -1.882581575872e-02
 -1.882205322996e-02
 -1.881823661942e-02
 -1.881440873847e-02
 -1.881066332744e-02
 -1.880689887707e-02
 -1.880300484407e-02
 -1.879931050483e-02
 -1.879553739114e-02
 -1.879174368678e-02
 -1.878790888420e-02
 -1.878417528714e-02
 -1.878039648402e-02
 -1.878006377718e-02
 -1.877982688909e-02
 -1.877611928085e-02
 -1.877240412023e-02
 -1.876868296129e-02
 -1.876494075284e-02
 -1.876126925615e-02
 -1.875750652099e-02
 -1.875375139281e-02
 -1.875009555577e-02
 -1.874637714482e-02
 -1.874265913862e-02
 -1.873887495567e-02
 -1.873517753255e-02
 -1.873142888326e-02
 -1.872767532051e-02
 -1.872402658694e-02
 -1.872027934623e-02
 -1.871651407831e-02
 -1.871281986880e-02
 -1.870909228900e-02
 -1.870542960152e-02
 -1.870167679893e-02
 -1.869790916393e-02
 -1.869419460338e-02
 -1.869054977581e-02
 -1.868678113066e-02
 -1.868302207392e-02
 -1.867937363318e-02
 -1.867567710454e-02
 -1.867193842774e-02
 -1.866818865828e-02
 -1.866447661008e-02
 -1.866076730588e-02
 -1.865706558877e-02
 -1.865338651275e-02
 -1.864956129849e-02
 -1.864591157465e-02
 -1.864214062466e-02
 -1.863840815084e-02
 -1.863470836668e-02
 -1.863100347183e-02
 -1.862725986319e-02
 -1.862354376581e-02
 -1.861982679416e-02
 -1.861612160614e-02
 -1.861241138071e-02
 -1.860868612541e-02
 -1.860499365260e-02
 -1.860120023775e-02
 -1.859761264321e-02
 -1.859378553439e-02
 -1.859005193469e-02
 -1.858631707012e-02
 -1.858270594774e-02
 -1.857894304099e-02
 -1.857514848775e-02
 -1.857148459288e-02
 -1.856776492150e-02
 -1.856407547469e-02
 -1.856036039730e-02
 -1.855656439064e-02
 -1.855295584198e-02
 -1.854918882931e-02
 -1.854546953608e-02
 -1.854176644785e-02
 -1.853803596625e-02
 -1.853436071128e-02
 -1.853063355314e-02
 -1.852687709333e-02
 -1.852318817475e-02
 -1.851942305702e-02
 -1.851576112333e-02
 -1.851207151103e-02
 -1.850827098754e-02
 -1.850452196743e-02
 -1.850090509839e-02
 -1.849717675225e-02
 -1.849346800029e-02
 -1.848972488351e-02
 -1.848597390560e-02
 -1.848230591157e-02
 -1.847860011451e-02
 -1.847485610353e-02
 -1.847107062309e-02
 -1.846740340827e-02
 -1.846374090719e-02
 -1.845996866939e-02
 -1.845623397487e-02
 -1.845251392699e-02
 -1.844880178582e-02
 -1.844512755464e-02
 -1.844134595915e-02
 -1.843766365099e-02
 -1.843390305738e-02
 -1.843028153185e-02
 -1.842657476664e-02
 -1.842276879583e-02
 -1.841904120342e-02
 -1.841535453978e-02
 -1.841169018070e-02
 -1.840795707846e-02
 -1.840426991202e-02
 -1.840047778710e-02
 -1.839676753125e-02
 -1.839304299808e-02
 -1.838937492570e-02
 -1.838564303482e-02
 -1.838189604113e-02
 -1.837821111390e-02
 -1.837443043978e-02
 -1.837082209550e-02
 -1.836710603106e-02
 -1.836331447363e-02
 -1.835956571392e-02
 -1.835591850818e-02
 -1.835224518411e-02
 -1.834848024586e-02
 -1.834485921510e-02
 -1.834104874372e-02
 -1.833735787224e-02
 -1.833361439534e-02
 -1.832991777358e-02
 -1.832621163036e-02
 -1.832245640017e-02
 -1.831875712582e-02
 -1.831501452129e-02
 -1.831136781965e-02
 -1.830763858058e-02
 -1.830398370869e-02
 -1.830019699505e-02
 -1.829646846581e-02
 -1.829274817804e-02
 -1.828902794338e-02
 -1.828538380757e-02
 -1.828167438801e-02
 -1.827791760400e-02
 -1.827416239754e-02
 -1.827052060744e-02
 -1.826674681324e-02
 -1.826308522341e-02
 -1.825941340578e-02
 -1.825565661983e-02
 -1.825098452169e-02
 -1.824547212098e-02
 -1.824180808058e-02
 -1.823809351261e-02
 -1.823445535342e-02
 -1.823085863303e-02
 -1.822707370754e-02
 -1.822336888936e-02
 -1.821965808339e-02
 -1.821601725332e-02
 -1.821230530792e-02
 -1.820865711019e-02
 -1.820494903355e-02
 -1.820117352063e-02
 -1.819755198999e-02
 -1.819383864021e-02
 -1.819017313593e-02
 -1.818648659577e-02
 -1.818286023535e-02
 -1.817909145279e-02
 -1.817536395909e-02
 -1.817172884990e-02
 -1.816804421093e-02
 -1.816438421122e-02
 -1.816067784305e-02
 -1.815703319688e-02
 -1.815331075210e-02
 -1.814957217735e-02
 -1.814591297935e-02
 -1.814223311962e-02
 -1.813858037298e-02
 -1.813487321565e-02
 -1.813121303956e-02
 -1.812751379304e-02
 -1.812374841601e-02
 -1.812010986668e-02
 -1.811640832395e-02
 -1.811278924653e-02
 -1.810910570577e-02
 -1.810541216930e-02
 -1.810175828515e-02
 -1.809805197998e-02
 -1.809429962528e-02
 -1.809087355147e-02
 -1.808696417754e-02
 -1.808328217015e-02
 -1.807959738091e-02
 -1.807593539164e-02
 -1.807225598382e-02
 -1.806847465218e-02
 -1.806475427375e-02
 -1.806114190347e-02
 -1.805741890588e-02
 -1.805375519897e-02
 -1.805011208719e-02
 -1.804642826537e-02
 -1.804274259162e-02
 -1.803901494107e-02
 -1.803527340418e-02
 -1.803155428097e-02
 -1.802792948068e-02
 -1.802422034038e-02
 -1.802052830678e-02
 -1.801691017037e-02
 -1.801320828024e-02
 -1.800955680416e-02
 -1.800579810842e-02
 -1.800209142447e-02
 -1.799837292850e-02
 -1.799471271730e-02
 -1.799100251554e-02
 -1.798737386275e-02
 -1.798365919660e-02
 -1.797997436219e-02
 -1.797635435199e-02
 -1.797261069143e-02
 -1.796891115698e-02
 -1.796516762917e-02
 -1.796151979538e-02
 -1.795779155582e-02
 -1.795414581853e-02
 -1.565275162782e-02
 -1.117347662291e-02
 -6.573692314745e-03
 -2.187103034077e-03
  2.156632309882e-03
  5.856426321998e-03
  8.865087448224e-03
  1.091731936718e-02
  1.165257061703e-02
  1.141251878406e-02
  1.110226190050e-02
  1.083740866751e-02
  1.053154978197e-02
  1.017337246432e-02
  9.847085272751e-03
  9.559501489013e-03
  9.308999513739e-03
  9.134584497516e-03
  8.948281124186e-03
  8.644544023266e-03
  8.325329899511e-03
  8.021675144026e-03
  7.728018833542e-03
  7.434129317806e-03
  7.114723571897e-03
  6.791177451339e-03
  6.459821989719e-03
  6.110268364813e-03
  5.768994899128e-03
  5.538618443110e-03
  5.366125823399e-03
  5.012620113038e-03
  4.634819505597e-03
  4.342483253980e-03
  4.071221498824e-03
  3.766109098622e-03
  3.451164828894e-03
  3.169161027631e-03
  2.903722296173e-03
  2.683080074960e-03
  2.514716156220e-03
  2.382354202796e-03
  2.279631593946e-03
  2.174960293942e-03
  2.054410447966e-03
  1.937857876983e-03
  1.833701760375e-03
  1.734062113958e-03
  1.655459740503e-03
  1.608755179435e-03
  1.586807548935e-03
  1.557224279704e-03
  1.538952725508e-03
  1.461461707427e-03
  1.382190507076e-03
  1.301259738260e-03
  1.225545612831e-03
  1.145350572900e-03
  1.091550476441e-03
  1.107162316095e-03
  1.082601986683e-03
  1.074893917555e-03
  1.062907406788e-03
  1.034927105322e-03
  1.008711343938e-03
  8.596670299400e-04
  7.929836735597e-04
  7.273781521470e-04
  6.462925212324e-04
  5.021710284950e-04
  5.100904182056e-04
  4.452533677408e-04
 -6.251558859587e-04
 -8.965810284906e-05
  3.523742152882e-04
  3.370039743974e-04
  2.871422912092e-04
  3.940774952584e-04
  3.711124107582e-04
  3.257055282178e-04
  1.941866572230e-04
  2.000246335528e-04
  2.971774392035e-04
  4.886018824518e-05
 -1.125063651621e-04
 -9.092859381191e-05
  1.618706468609e-04
  2.546419997803e-04
  1.499435260128e-04
  6.644365641845e-05
  2.696044038257e-04
 -1.545254775062e-04
  1.827377446845e-04
  4.316117578543e-05
 -2.590235517537e-04
 -7.878099242048e-05
  1.752809487323e-04
  7.071531919584e-05
 -6.544079358045e-05
  5.238156019077e-05
 -1.547173896221e-06
  7.408097587772e-05
  4.917729338791e-05
 -4.417671842868e-04
  1.233084370278e-04
  7.703909069928e-05
  1.204443540994e-04
  9.912914739324e-05
 -4.636865392971e-04
  6.685749197785e-05
 -1.790092050303e-04
  5.204558910498e-04
 -6.708265697354e-04
  1.268356698489e-05
  7.658954934855e-05
 -4.921932572043e-04
  9.145089450052e-05
  1.631343445834e-04
 -8.907039508081e-04
 -1.908962122121e-04
  6.325300042764e-05
  8.275596589258e-05
  1.253228930862e-04
  1.835596589393e-04
 -8.932097043499e-05
 -1.569964562805e-04
  1.733999556941e-04
  2.436876264339e-05
 -2.614665710319e-04
  1.928697591097e-04
 -8.277430136516e-04
  1.539550904490e-04
  3.589554615990e-05
 -2.003132546831e-04
 -4.821218792208e-04
  2.418892136528e-04
  9.513314191767e-05
  1.137497100589e-04
  7.594090272814e-05
 -1.512898278305e-05
 -3.827489231710e-04
  1.504358456282e-04
 -2.857535270895e-05
  1.012594142578e-04
 -7.421109631395e-05
  2.184513278035e-04
  1.233302005923e-04
  2.349545844827e-04
  1.335554990349e-04
  1.194145949872e-04
  1.905466299181e-04
  1.265551717247e-04
  2.556470856430e-05
  1.403043657931e-04
  1.932750344529e-04
  1.915105981250e-04
  1.779336041665e-04
  2.062120533323e-04
  2.237764844960e-04
  9.006250975455e-05
  1.555215787887e-04
  7.141937867947e-05
 -2.635950223164e-04
  6.965080638915e-05
  2.067665814015e-05
  1.726903358281e-04
  1.781073919308e-04
  2.022510106896e-04
 -6.760916169357e-06
  1.242253582464e-04
  1.103980052500e-04
  2.101000794842e-04
  2.304346534574e-04
  1.683035954990e-04
  2.083069645646e-04
  2.060325391538e-04
  2.624747896655e-04
  1.000917470542e-04
  2.332471073608e-04
  1.816285976034e-04
  2.316473095807e-04
  1.412229243797e-04
 -3.483859859509e-04
  1.778393732550e-04
  2.109396533216e-04
 -1.142013271341e-04
  1.632824788537e-04
  2.149018289488e-04
  2.274823617995e-04
  2.556790613010e-04
  2.366276682844e-04
 -1.518361673579e-03
  4.801191062820e-04
  3.763748348450e-04
  4.958338270819e-04
 -8.362348031954e-05
  1.134585855679e-03
  4.834991161932e-04
  1.318687724418e-03
  5.185245621135e-04
  7.109679078226e-04
  7.462890961767e-04
  7.494576088855e-04
  1.175203993886e-03
  4.787992108484e-04
  5.873034464385e-04
  9.017028677686e-04
  1.485045977335e-03
  1.573146745882e-03
  5.967375428266e-04
  5.345402556372e-04
  5.379998081348e-04
  8.065339158669e-04
  5.398281317598e-04
  5.728920559064e-04
  3.574903008541e-04
  4.776915510510e-04
  4.722186381760e-04
  1.249859198065e-03
  1.088200785047e-03
  8.297943244713e-04
  1.236160892296e-03
  2.963379727657e-04
  2.711714787889e-04
  2.161239678564e-04
  3.689178831505e-04
  7.571487437881e-04
  2.672206333606e-04
  5.896400194186e-04
  7.063946901305e-04
  1.099855892221e-03
  4.885548825692e-04
  5.200607297473e-04
  3.516293615357e-03
  4.962114008926e-04
  1.088818027891e-03
  6.184764854652e-04
  2.266736409533e-03
  5.748323049479e-04
  4.434846382292e-04
  7.126994496709e-04
  3.873817333207e-04
  1.556157849309e-03
  4.617444942109e-04
  1.153495080539e-03
  3.720711018507e-04
  2.621753299070e-04
  1.319197093795e-03
  3.414071662678e-03
  3.011464452542e-04
  8.040180673911e-04
  2.410967408551e-03
  2.432352146711e-04
  3.237418092239e-04
  7.513668242342e-04
  2.129052679136e-03
  2.741282098318e-04
  2.631423657463e-04
  8.671463866538e-04
  1.985607262073e-03
  5.226989455349e-03
  1.803039200633e-03
  2.289772934038e-04
  2.366193952312e-03
  6.689787288618e-03
  7.690349711310e-04
  4.091195895423e-04
  2.002752185191e-04
  5.223864768709e-04
  3.167784433218e-04
  2.792216034750e-04
  1.494192030275e-03
  6.061744785020e-04
  3.248370162460e-03
  3.561240001273e-04
  2.147457847754e-04
  2.523724902605e-04
  9.960310997560e-04
  1.632635239953e-03
  3.661382631124e-03
  3.079088910299e-04
  1.322199037560e-03
  7.025641087420e-04
  2.087270777627e-04
  6.486570554290e-04
  3.822730809856e-04
  2.555733552421e-03
  6.581820857063e-03
  1.788931605617e-03
  1.846706861801e-04
  1.724879011141e-03
  2.949993377887e-03
  7.181684836933e-04
  2.002831178268e-04
  4.805140444306e-03
  2.770676334728e-03
  3.388856100153e-04
  2.290874921844e-04
  3.706214392163e-04
  2.779931698075e-04
  1.784716385693e-03
  1.714896448301e-03
  2.747397023473e-04
  2.015484974548e-03
  4.935360176359e-03
  2.254502589530e-03
  2.709936356151e-04
  2.148034813802e-04
  2.714108933835e-04
  2.828727425711e-04
  2.342706560675e-04
  2.589987850182e-04
  3.459490869334e-04
  3.811612861817e-04
  2.732682264767e-04
  8.435183788896e-03
  3.104905653308e-04
  2.474035899096e-03
  2.790146400747e-03
  3.673712329171e-03
  1.140887709366e-03
  2.718908950587e-04
  2.226529646950e-04
  2.854818102663e-04
  2.759947408924e-04
  2.491763758759e-04
  6.192718760933e-03
  1.289012633869e-03
  2.873662581925e-04
  1.906281483890e-04
  4.601043678877e-04
  1.789798525044e-03
  6.806111237547e-04
  2.020241104987e-04
  3.868350082525e-04
  3.790988745555e-04
  2.746313118940e-04
  3.407731998678e-04
  1.747232828736e-03
  7.801677413494e-05
  2.111553193530e-03
  2.767144884942e-03
  2.785812937343e-04
  5.500187344026e-05
  5.226485539143e-03
  1.068244549727e-02
  8.403116037013e-04
  9.192891958162e-05
  1.802990748619e-04
  3.091666277580e-04
  2.373237495945e-05
  8.522072009359e-05
  2.512359229697e-02
  2.184792889243e-04
  3.648056616257e-03
  4.921829269379e-04
  2.363148290164e-04
  6.938519547812e-04
  2.029883171168e-04
  4.137746838542e-04
  1.190727393178e-04
  1.232343135535e-04
  1.029127303646e-04
  3.755930869368e-04
  4.334193410524e-03
  7.377804711763e-04
  2.462466315377e-03
  1.262423535056e-03
  5.281026723951e-03
  1.030727226565e-04
  2.504501946527e-04
  5.718156387527e-03
  2.002130952694e-03
  4.014432395488e-03
  6.847723754995e-03
  1.876834366308e-04
  1.412492154959e-03
  5.314707972163e-03
  1.206256428444e-02
  3.339407635700e-03
  2.524848129504e-03
  1.688830882076e-03
  9.053327369267e-04
  1.152197044428e-04
  6.420338489843e-05
  1.972843520863e-04
  1.415095038882e-02
  1.598352676735e-04
  1.763397028410e-04
  2.428614951380e-04
  2.387142619533e-04
  2.771256522002e-04
  2.563868954335e-02
  7.412020416399e-03
  4.856641156017e-03
  1.104767639798e-04
  1.009847185433e-03
  1.723002157982e-03
  2.798025952440e-03
  1.695635610124e-04
  3.651507067238e-04
  1.262387547695e-04
  1.248739271781e-03
  1.682011746398e-04
  1.281106757309e-02
  8.028341022105e-03
  3.608618105801e-03
  2.387077347377e-04
  1.304937162480e-04
  9.167492280854e-04
  6.361981988942e-03
  2.268809278279e-03
  1.203457028897e-04
  3.615664423590e-03
  1.166831967005e-02
  4.859899839324e-03
  3.388293398563e-04
  2.952897029646e-02
  6.219428474075e-04
  2.080996376349e-04
  1.414366238232e-04
  1.187453978091e-03
  1.703594889394e-03
  3.747509747511e-04
  2.275996115720e-04
  1.496574624957e-04
  1.270534519119e-04
  7.581074117145e-04
  6.941322754003e-05
  6.417820140932e-05
  1.699232406475e-03
  1.504374370013e-04
  1.117181170133e-03
  1.956036499655e-03
  2.776590442368e-03
  7.467102764776e-03
  1.159488593306e-04
  9.617997171094e-04
  3.063791048066e-03
  1.615454390418e-03
  5.556672351378e-04
  1.784403725315e-02
  8.975308999232e-05
  1.069700096544e-02
  2.407540749832e-04
  2.207580373244e-02
  2.805309652070e-03
  1.355773149937e-02
  7.509373004369e-03
  1.968395918729e-04
  4.425877981032e-04
  2.083802859797e-04
  5.126882426827e-04
  8.877666221572e-04
  3.448537667718e-04
  2.535898934343e-04
  3.776384877205e-04
  8.010705911002e-02
  5.056540219433e-02
  3.183662559764e-02
  1.228616036977e-02
  2.513119412328e-04
  4.031826120574e-02
  3.407308137509e-02
  1.948207455017e-02
  9.459201893851e-03
  3.398346007394e-04
  3.054128336360e-04
  3.367955969941e-04
  9.972649408243e-03
  4.128622950696e-03
  5.892346022763e-04
  1.070267041263e-03
  9.771049386181e-04
  8.241519771151e-04
  3.325219884968e-04
  2.902715653601e-04
  2.236817311438e-04
  1.309492459687e-04
  3.134445950118e-04
  9.530056143620e-05
  1.066937125309e-02
  4.002126944529e-02
  2.467244345098e-02
  1.491310121718e-02
  2.218259186199e-04
  1.640984713839e-02
  1.552215446814e-04
  3.172678650659e-03
  9.949645898309e-03
  2.706628904165e-02
  8.920964840786e-05
  1.376721337612e-03
  4.684124193498e-03
  1.775064237355e-04
  1.307239003705e-02
  2.996046962025e-02
  2.501197290261e-04
  1.129177403394e-03
  8.048868671802e-04
  6.349693789083e-04
  2.737050119574e-04
  1.315489187581e-04
  2.521623259791e-04
  1.741617521705e-04
  3.893779081999e-04
  5.158395266156e-02
  1.304421192628e-02
  5.396754916932e-03
  1.263616449493e-02
  2.019604975004e-02
  2.428181291119e-04
  2.532208448646e-04
  1.711671737460e-04
  3.398196540434e-04
  1.741203783730e-03
  4.565720990948e-03
  9.262708390317e-03
  1.701399247828e-04
  3.950135783287e-04
  2.420599681391e-04
  9.770262322972e-04
  5.146015747571e-02
  2.496040595923e-02
  5.490981497900e-03
  2.375216804610e-03
  1.148039663471e-03
  3.040479667329e-04
  2.773844866492e-04
  2.161549586976e-04
  1.481838821552e-04
  8.755785751568e-04
  1.825435155036e-04
  3.898770203248e-03
  1.840173006414e-02
  4.623963918279e-02
  7.984091197621e-05
  1.467567350358e-04
  2.606806598280e-02
  1.254458558010e-04
  2.519131276447e-04
  1.102195346696e-04
  1.972739392603e-03
  4.304566531556e-04
  6.686921374363e-04
  5.453220440166e-04
  4.836327180463e-04
  3.793957349419e-04
  3.147163469202e-04
  2.015676356125e-04
  1.840370739575e-04
  1.253870076837e-04
  1.173353030664e-04
  1.038305355552e-04
  1.091827015190e-04
  1.890869835991e-04
  2.747563671586e-04
  4.864148975512e-04
  4.137012734280e-03
  5.463603452377e-03
  1.437416869540e-03
  1.155906436833e-03
  9.275912116471e-04
  7.021317712986e-04
  5.214515831203e-04
  3.893267638131e-04
  1.369029358004e-04
  1.398829904781e-04
  2.090802191806e-04
  1.785773041417e-03
  6.030390694006e-02
  6.173511534859e-03
  3.460735074706e-02
  1.795966178907e-02
  1.618666251770e-04
  1.944807849827e-03
  2.894121404417e-03
  5.252518683347e-03
  1.571777645832e-03
  1.253988857352e-02
  7.894816648981e-03
  1.768304801271e-04
  5.049998803303e-05
  4.491219468972e-05
  7.290371906104e-02
  3.783000518571e-02
  1.817114533570e-02
  1.315153533684e-04
  7.787962628902e-05
  2.227353258775e-04
  5.280472271685e-02
  1.204444323770e-01
  3.069803160898e-04
  1.521370055437e-02
  1.166368761427e-02
  2.978541498117e-02
  1.788232512370e-02
  5.506583371651e-03
  5.755501337551e-05
  1.577866399984e-04
  8.098949837960e-02
  1.287518019602e-03
  3.964878511290e-02
  3.482767740726e-05
  8.396449640668e-02
  5.346410891452e-04
  7.075535234138e-03
  1.537135415365e-02
  5.411796060057e-02
  3.109984660735e-02
  2.324345063225e-04
  2.822550329251e-05
  5.978411502106e-05
  1.534854808471e-04
  5.264525640778e-04
  8.775702387127e-04
  8.721883661635e-04
  1.805469297498e-03
  5.398791231412e-04
  4.364848130685e-04
  1.686915715817e-04
  1.822304008834e-04
  5.408261112747e-04
  2.651927440225e-03
  8.753225671062e-03
  1.179964401103e-01
  2.064192970637e-01
  7.406185289174e-02
  2.733769451325e-02
  1.530561350264e-02
  4.689184136862e-02
  3.160443241490e-04
  6.212296914110e-06
  1.337792428627e-04
  3.894423376095e-02
  1.232416209485e-02
  7.088033467068e-05
  3.257712941381e-04
  5.798661367924e-04
  1.256849967213e-03
  2.213419365825e-03
  1.134747149963e-03
  8.321430607246e-04
  6.552265624669e-04
  1.168182683204e-03
  3.107015037468e-03
  1.249129622189e-04
  3.744083629298e-05
  4.648161298237e-05
  1.109590942380e-05
  5.073038968034e-05
  1.312794809396e-01
  5.187303888544e-04
  3.269201610406e-05
  1.773405358171e-04
  2.802107476828e-02
  5.162887078530e-02
  8.923806720804e-02
  1.599723991262e-01
  5.614142129210e-02
  1.706097302050e-02
  1.397673814177e-04
  2.907160809418e-05
  1.014619302411e-04
  4.206788861173e-03
  1.011532676566e-04
  4.304501897775e-02
  5.840477868917e-04
  4.299402715015e-03
  1.210276862435e-02
  4.295047059359e-02
  1.116214792539e-01
  6.736394648548e-02
  2.773405328565e-02
  5.479520730693e-04
  8.213285402636e-05
  3.612193283375e-05
  2.780339228420e-05
  1.626079824407e-05
  3.104168699256e-04
  1.396867280352e-01
  1.720044190548e-02
  7.414503875026e-02
  4.370001103409e-02
  2.404273365636e-05
  1.911555407763e-05
  9.862950336226e-06
  5.037040373679e-05
  1.991905304588e-05
  2.792903025295e-05
  4.192600496974e-04
  2.972586844605e-03
  1.340716265806e-04
  2.397018750482e-03
  1.392546603983e-04
  5.797610024490e-03
  1.819869116619e-04
  9.457435038018e-05
  1.734844558509e-04
  1.858604748981e-04
  1.023215552443e-03
  4.798712847442e-04
  8.148827678238e-04
  1.857900031039e-03
  4.160169790940e-03
  4.105068901613e-03
  2.375130724249e-03
  2.442829259128e-03
  1.821936853641e-03
  1.443611483469e-03
  1.068459710484e-03
  8.467182969589e-04
  7.171062235340e-04
  6.351850184954e-04
  4.733314534853e-04
  3.801261916145e-04
  3.232392297481e-04
  2.077883736304e-04
  1.625133677303e-04
  3.652055287291e-04
  4.712699708304e-02
  9.697857748105e-02
  1.743491871717e-01
  6.938554513119e-02
  3.776577504412e-04
  9.592989172991e-05
  4.560301152144e-04
  7.697916977639e-05
  6.873817797354e-05
  3.457712856955e-04
  5.882905195170e-05
  5.582409682833e-05
  5.458621069321e-05
  4.683596929838e-04
  6.643902104923e-04
  4.855883233915e-05
  4.762765257643e-05
  4.728729938069e-05
  4.718991373809e-05
  4.730701345707e-05
  4.806671005891e-05
  4.938805898425e-05
  6.014725876596e-05
  1.768652136985e-03
  2.048180823324e-03
  7.212775780002e-05
  5.919435328694e-05
  6.052058311201e-05
  6.226127644089e-04
  3.162539202900e-04
  7.013658529992e-05
  7.762573101400e-05
  8.930875596502e-05
  7.636470132870e-04
  2.384206424936e-02
  6.886985280369e-02
  1.667892184100e-04
  1.150349285240e-04
  1.270444771539e-04
  1.419951233830e-04
  1.688005284950e-04
  2.028635247321e-04
  1.035843503570e-03
  7.648618689228e-02
  3.117861568199e-04
  3.777681064001e-04
  4.792704078600e-04
  6.525554209800e-04
  8.399710987401e-04
  1.101852224350e-03
  1.625533314450e-03
  3.124622527050e-03
  2.111387501110e-03
  1.809735646300e-03
  1.449996259960e-03
  3.557713898810e-03
  1.027057425650e-03
  9.090390263772e-04
  9.116794221201e-04
  1.115630915643e-03
  1.692789109887e-03
  2.145093316483e-03
  1.492831584747e-03
  9.111030228850e-04
  6.256666530641e-04
  4.822388954989e-04
  4.000947459570e-04
  3.488007975332e-04
  3.147376181918e-04
  2.913693410261e-04
  2.751536791859e-04
  2.651054638167e-04
  9.889081618224e-04
  2.599368597850e-04
  2.637656110672e-04
  2.789526947616e-04
  3.121799697978e-04
  3.860496077591e-04
  5.738606766356e-04
  1.112752755264e-03
  1.827216016884e-03
  1.169451603766e-03
  6.299090942220e-04
  4.259323119410e-04
  3.409322255948e-04
  2.988096045375e-04
  2.758451264879e-04
  2.626103728554e-04
  2.548953512673e-04
  2.504836250041e-04
  2.482105467768e-04
  2.477285162817e-04
  2.483370896635e-04
  2.497425670462e-04
  2.519650875016e-04
  2.548719759511e-04
  2.581494948443e-04
  2.619245798693e-04
  2.661198147006e-04
  2.708548451847e-04
  2.761723643341e-04
  2.898281150173e-04
  1.331250231012e-03
  2.932229560280e-04
  2.976191277313e-04
  2.986996984661e-04
  3.040529466050e-04
  3.042864627136e-04
  3.081252541000e-04
  3.107022953852e-04
  3.170093985146e-04
  3.179653821355e-04
  3.237140297813e-04
  3.249299067342e-04
  3.317858685843e-04
  3.322612145199e-04
  3.397920673001e-04
  3.396918280277e-04
  3.474324279993e-04
  3.479287275961e-04
  3.562935499487e-04
  3.560406834726e-04
  3.641291792764e-04
  3.659228152564e-04
  3.742734189930e-04
  3.751250309966e-04
  3.856296543410e-04
  3.873861433007e-04
  4.062993129131e-04
  4.161904993115e-04
  1.135604110120e-02
  2.019057402953e-03
  4.369571561795e-04
  4.327458868827e-04
  4.275336787085e-04
  4.279786962197e-04
  4.367840681558e-04
  4.373559051306e-04
  4.484280874286e-04
  4.526517600234e-04
  4.626769692525e-04
  4.626906836329e-04
  4.700118257660e-04
  4.732882630999e-04
  4.788265528344e-04
  4.964378344378e-04
  4.958479673999e-04
  5.189744883167e-04
  5.182307114349e-04
  5.469019601184e-04
  5.487797956314e-04
  5.906045462551e-04
  5.906889595610e-04
  6.582709834895e-04
  6.804453896488e-04
  8.148600473707e-04
  8.459949224486e-04
  1.501382530850e-03
  1.340056058310e-03
  1.785513630315e-02
  1.347053872422e-02
  8.812735201182e-03
  1.254365870793e+00
  3.814769113807e+00
  1.424157218592e+00
  7.466837644107e-02
  4.572819189695e-02
  2.045528582514e-03
  1.787236588035e-03
  1.020890980319e-03
  1.006568366937e-03
  8.847979644966e-04
  8.097291311001e-04
  7.964420897000e-04
  7.895781649999e-04
  7.291656909000e-04
  7.272552965001e-04
  7.016409688000e-04
  7.029634770001e-04
  6.984919407000e-04
  1.745689161000e-03
