399
  5.141612872542e+03
  4.986981484834e+03
  4.837007362893e+03
  4.691536187226e+03
  4.550441415570e+03
  4.413590504425e+03
  4.280856736420e+03
  4.152113508818e+03
  4.027241874939e+03
  3.906126407719e+03
  3.788652304391e+03
  3.674712940612e+03
  3.564198340509e+03
  3.457010177092e+03
  3.353044765830e+03
  3.252202798260e+03
  3.154397008622e+03
  3.059529884876e+03
  2.967518433483e+03
  2.878271839535e+03
  2.791710740800e+03
  2.707755227592e+03
  2.626321466475e+03
  2.547335219890e+03
  2.470726828536e+03
  2.396422428884e+03
  2.324351110900e+03
  2.254448308318e+03
  2.186648368793e+03
  2.120887175589e+03
  2.057103125665e+03
  1.995236970304e+03
  1.935232415607e+03
  1.877032591668e+03
  1.820583001653e+03
  1.765829781072e+03
  1.712723808043e+03
  1.661215388370e+03
  1.611254808186e+03
  1.562799129521e+03
  1.515799404564e+03
  1.470212250132e+03
  1.425997706425e+03
  1.383111708124e+03
  1.341516044599e+03
  1.301171666050e+03
  1.262039382444e+03
  1.224084748773e+03
  1.187270982848e+03
  1.151565743637e+03
  1.116933436910e+03
  1.083342279935e+03
  1.050761996839e+03
  1.019161458412e+03
  9.885105419707e+02
  9.587828826574e+02
  9.299479508132e+02
  9.019808401230e+02
  8.748538993988e+02
  8.485441951516e+02
  8.230242685166e+02
  7.982731754668e+02
  7.742652803189e+02
  7.509802169281e+02
  7.283952505716e+02
  7.064891024056e+02
  6.852422125649e+02
  6.646346569754e+02
  6.446459894317e+02
  6.252583098393e+02
  6.064546177880e+02
  5.882162635915e+02
  5.705261620477e+02
  5.533679077602e+02
  5.367260142511e+02
  5.205841578953e+02
  5.049283531913e+02
  4.897428262471e+02
  4.750142504275e+02
  4.607288546189e+02
  4.468728508209e+02
  4.334338755447e+02
  4.203989333638e+02
  4.077558423257e+02
  3.954932750324e+02
  3.835988476691e+02
  3.720624276106e+02
  3.608729950799e+02
  3.500198286233e+02
  3.394934418354e+02
  3.292835842913e+02
  3.193806570299e+02
  3.097756202250e+02
  3.004593723344e+02
  2.914231825976e+02
  2.826587446842e+02
  2.741579786003e+02
  2.659131043839e+02
  2.579158900174e+02
  2.501593515069e+02
  2.444705050003e+02
  2.385886621713e+02
  2.319933167365e+02
  2.263925234322e+02
  2.208697630399e+02
  2.155365188912e+02
  2.095408561714e+02
  2.044622662843e+02
  1.983984074861e+02
  1.936828211844e+02
  1.908625841451e+02
  1.862977485733e+02
  1.793543885659e+02
  1.777888921845e+02
  1.720592868647e+02
  1.683106662060e+02
  1.639621150357e+02
  1.602197677875e+02
  1.547803120011e+02
  1.546455553513e+02
  1.486598962588e+02
  1.451053801316e+02
  1.403976778736e+02
  1.400252722926e+02
  1.359073267583e+02
  1.327324284051e+02
  1.273782724012e+02
  1.263068084506e+02
  1.221985351004e+02
  1.193497357520e+02
  1.154737320849e+02
  1.140188720015e+02
  1.099501700018e+02
  1.087829140988e+02
  1.047385867106e+02
  1.033368952320e+02
  9.969598858275e+01
  9.851131152951e+01
  9.496087741558e+01
  9.382266771819e+01
  9.154060684868e+01
  8.933891799960e+01
  8.612150157188e+01
  8.529095523426e+01
  8.191932382740e+01
  8.198866037385e+01
  7.801449556932e+01
  7.819321421943e+01
  7.432841417395e+01
  7.430239850004e+01
  7.080909704166e+01
  7.026573612802e+01
  6.739369268968e+01
  6.691697238383e+01
  6.429750806679e+01
  6.402384748265e+01
  6.111425195651e+01
  6.110681100214e+01
  5.834309861443e+01
  5.808858491274e+01
  5.541607489810e+01
  5.534820278587e+01
  5.311605107657e+01
  5.244440941201e+01
  5.030709636458e+01
  5.019099355676e+01
  4.798040205940e+01
  4.742162227010e+01
  4.558850277846e+01
  4.551323728988e+01
  4.341380632700e+01
  4.335640156822e+01
  4.131759895024e+01
  4.130495091830e+01
  3.945989394446e+01
  3.927978769867e+01
  3.767420910665e+01
  3.744312943424e+01
  3.565306903542e+01
  3.565597987476e+01
  3.410967019687e+01
  3.376095928977e+01
  3.238600959747e+01
  3.215530770073e+01
  3.086485593730e+01
  3.076020179468e+01
  2.940969525245e+01
  2.911996331121e+01
  2.797538359824e+01
  2.784233939173e+01
  2.668321241173e+01
  2.648793424284e+01
  2.531198423127e+01
  2.532715916930e+01
  2.411299377981e+01
  2.406510998021e+01
  2.317402653208e+01
  2.284338872878e+01
  2.197849109930e+01
  2.175016155945e+01
  2.085019048846e+01
  2.085864286938e+01
  1.980308496558e+01
  1.982215342227e+01
  1.893578631512e+01
  1.876614807193e+01
  1.797424660680e+01
  1.800434715518e+01
  1.711372157920e+01
  1.707684476056e+01
  1.643405806166e+01
  1.622669364052e+01
  1.547674763938e+01
  1.561446358265e+01
  1.481029057530e+01
  1.473630682337e+01
  1.414118992987e+01
  1.401999930801e+01
  1.348410483224e+01
  1.329837792543e+01
  1.277787612715e+01
  1.274163973999e+01
  1.214107389188e+01
  1.217498070267e+01
  1.166223316649e+01
  1.148697974051e+01
  1.113521120184e+01
  1.103961523867e+01
  1.058828919573e+01
  1.044228411798e+01
  1.006923493655e+01
  9.928466617238e+00
  9.609663797540e+00
  9.433116969392e+00
  9.057356065303e+00
  9.068457185729e+00
  8.695659735356e+00
  8.599876764248e+00
  8.256912456063e+00
  8.205740200847e+00
  7.809413323100e+00
  7.854045454286e+00
  7.483706940886e+00
  7.304938065083e+00
  7.166190325253e+00
  7.025331502034e+00
  6.776121640784e+00
  6.726018875401e+00
  6.491500029861e+00
  6.334101026378e+00
  6.163792102683e+00
  6.081090120539e+00
  5.889004051635e+00
  5.796219007189e+00
  5.551867428001e+00
  5.554113267248e+00
  5.355288588469e+00
  5.239332811725e+00
  5.083730675105e+00
  5.021481899566e+00
  4.809252998984e+00
  4.779491130186e+00
  4.673939004161e+00
  4.562187404622e+00
  4.382486988886e+00
  4.326925915316e+00
  4.160005655419e+00
  4.103776294947e+00
  4.018922695620e+00
  3.922426946759e+00
  3.777734711602e+00
  3.685849177263e+00
  3.616603294440e+00
  3.550304929425e+00
  3.460091477898e+00
  3.376769849497e+00
  3.252427042370e+00
  3.173089157776e+00
  3.095778189463e+00
  3.082356359101e+00
  3.007545028212e+00
  2.935597971032e+00
  2.810077274315e+00
  2.741570766521e+00
  2.696561829736e+00
  2.631324124401e+00
  2.540000554854e+00
  2.538054317408e+00
  2.454280436882e+00
  2.395123528496e+00
  2.339187852691e+00
  2.282856931530e+00
  2.221688523268e+00
  2.168045652104e+00
  2.099465098282e+00
  2.048388676016e+00
  2.020838482261e+00
  1.972197925839e+00
  1.932648737613e+00
  1.886328344875e+00
  1.792588221333e+00
  1.686417994215e+00
  1.586541558346e+00
  1.492574961965e+00
  1.404173118257e+00
  1.321005010044e+00
  1.242765087696e+00
  1.169159763460e+00
  1.099914107707e+00
  1.034769389742e+00
  9.734842363698e-01
  9.158289121693e-01
  8.615861801577e-01
  8.105566903349e-01
  7.625508240124e-01
  7.173873899079e-01
  6.748972637640e-01
  6.349246661884e-01
  5.973201827322e-01
  5.619429740270e-01
  5.286608175634e-01
  4.973496238545e-01
  4.678931706313e-01
  4.401811433441e-01
  4.141105691784e-01
  3.895839282605e-01
  3.665102034608e-01
  3.448029744084e-01
  3.243811699326e-01
  3.051690758748e-01
  2.870948015744e-01
  2.700910612013e-01
  2.540942847335e-01
  2.390451580208e-01
  2.248871853435e-01
  2.115678084347e-01
  1.990372567889e-01
  1.872489459757e-01
  1.761586837423e-01
  1.657253741623e-01
  1.559100187154e-01
  1.466758916024e-01
  1.379886852038e-01
  1.298160623231e-01
  1.221274106424e-01
  1.148942071375e-01
  1.080893881946e-01
  1.016875351521e-01
  9.566485158555e-02
  8.999895601211e-02
  8.466862815655e-02
  7.965391964991e-02
  7.493622926889e-02
  7.049799785686e-02
  6.632258509519e-02
  6.239451427431e-02
  5.869908734659e-02
  5.522250250710e-02
  5.195183026298e-02
  4.887489980646e-02
  4.598020368311e-02
  4.325695452872e-02
  4.069495590091e-02
  3.828469263135e-02
  3.601722920176e-02
  3.388402784860e-02
  3.187717342553e-02
  2.998917990389e-02
  2.821301844595e-02
  2.654206053979e-02
  2.497003595685e-02
  2.349114606959e-02
  2.209983334516e-02
  2.079091985683e-02
  1.955953874696e-02
  1.840108890284e-02
  1.731123611747e-02
  1.628595266553e-02
  1.532138520644e-02
  1.441393654697e-02
  1.356025792153e-02
  1.275711974853e-02
  1.200155012021e-02
  1.129073797054e-02
  1.062202244794e-02
  9.992905037423e-03
  9.401058559194e-03
  8.844258793625e-03
  8.320450502472e-03
  7.827653848623e-03
  7.364041385913e-03
  6.927889674743e-03
  6.517574966777e-03
  6.131557470782e-03
  5.768403225230e-03
  5.426757496116e-03
  5.105348874015e-03
  4.802974770454e-03
  4.518505766291e-03
