211
  3.718100000000e-01
  3.620700000000e-01
  3.525900000000e-01
  3.433600000000e-01
  3.343600000000e-01
  3.256200000000e-01
  3.170900000000e-01
  3.087800000000e-01
  3.007000000000e-01
  2.928300000000e-01
  2.851600000000e-01
  2.776900000000e-01
  2.704200000000e-01
  2.633420000000e-01
  2.564460000000e-01
  2.497320000000e-01
  2.431930000000e-01
  2.368250000000e-01
  2.306240000000e-01
  2.245850000000e-01
  2.187050000000e-01
  2.129790000000e-01
  2.074020000000e-01
  2.019710000000e-01
  1.966840000000e-01
  1.915330000000e-01
  1.865180000000e-01
  1.816350000000e-01
  1.768790000000e-01
  1.722470000000e-01
  1.677380000000e-01
  1.633450000000e-01
  1.590690000000e-01
  1.549030000000e-01
  1.508480000000e-01
  1.468980000000e-01
  1.430510000000e-01
  1.393060000000e-01
  1.356590000000e-01
  1.321060000000e-01
  1.286480000000e-01
  1.252790000000e-01
  1.219980000000e-01
  1.188050000000e-01
  1.156930000000e-01
  1.126650000000e-01
  1.097140000000e-01
  1.068420000000e-01
  1.040440000000e-01
  1.013200000000e-01
  9.866700000000e-02
  9.608400000000e-02
  9.356800000000e-02
  9.111800000000e-02
  8.873200000000e-02
  8.640900000000e-02
  8.414600000000e-02
  8.194300000000e-02
  7.979700000000e-02
  7.770900000000e-02
  7.567300000000e-02
  7.369200000000e-02
  7.176300000000e-02
  6.988300000000e-02
  6.805400000000e-02
  6.627200000000e-02
  6.453600000000e-02
  6.284700000000e-02
  6.120100000000e-02
  5.959900000000e-02
  5.803900000000e-02
  5.651800000000e-02
  5.503900000000e-02
  5.359800000000e-02
  5.219400000000e-02
  5.082800000000e-02
  4.949600000000e-02
  4.820100000000e-02
  4.693900000000e-02
  4.571000000000e-02
  4.451300000000e-02
  4.334700000000e-02
  4.221200000000e-02
  4.110800000000e-02
  4.003000000000e-02
  3.898300000000e-02
  3.796200000000e-02
  3.696800000000e-02
  3.600000000000e-02
  3.505700000000e-02
  3.414000000000e-02
  3.324500000000e-02
  3.237600000000e-02
  3.152700000000e-02
  3.070200000000e-02
  2.989800000000e-02
  2.911500000000e-02
  2.835300000000e-02
  2.761000000000e-02
  2.688800000000e-02
  8.798920000000e-02
  8.024700000000e-02
  7.318620000000e-02
  6.674660000000e-02
  6.087370000000e-02
  5.551740000000e-02
  5.063240000000e-02
  4.617740000000e-02
  4.211430000000e-02
  3.840860000000e-02
  3.502910000000e-02
  3.194700000000e-02
  2.913590000000e-02
  2.657230000000e-02
  2.423430000000e-02
  2.210180000000e-02
  2.015720000000e-02
  1.838350000000e-02
  1.676600000000e-02
  1.529080000000e-02
  1.394530000000e-02
  1.271830000000e-02
  3.830600000000e-03
  7.768700000000e-03
  6.469600000000e-03
  4.109000000000e-03
  6.538600000000e-03
  3.109200000000e-03
  8.798920000000e-03
  8.024700000000e-03
  3.540280000000e-03
  3.778340000000e-03
  2.991070000000e-03
  3.683590000000e-03
  2.442690000000e-03
  3.644680000000e-03
  3.294010000000e-03
  2.257730000000e-03
  1.554240000000e-03
  3.509000000000e-03
  1.994410000000e-03
  2.623330000000e-03
  9.937100000000e-04
  1.259680000000e-03
  1.958040000000e-03
  2.751070000000e-03
  1.089790000000e-03
  1.603200000000e-03
  1.026870000000e-03
  8.728400000000e-04
  1.575230000000e-03
  9.334800000000e-04
  6.859900000000e-04
  1.106380000000e-03
  8.973200000000e-04
  9.098900000000e-04
  8.099900000000e-04
  8.239500000000e-04
  1.023290000000e-03
  5.559500000000e-04
  7.565700000000e-04
  1.110910000000e-03
  4.222100000000e-04
  7.728100000000e-04
  1.015160000000e-03
  2.874900000000e-04
  3.843100000000e-04
  4.693200000000e-04
  8.746000000000e-04
  9.524100000000e-04
  4.219300000000e-04
  2.076100000000e-04
  2.564000000000e-04
  3.532600000000e-04
  4.307700000000e-04
  5.580100000000e-04
  3.345600000000e-04
  6.170600000000e-04
  5.103300000000e-04
  4.016900000000e-04
  4.416100000000e-04
  2.810700000000e-04
  2.629900000000e-04
  1.297800000000e-04
  2.790800000000e-04
  4.027800000000e-04
  2.687100000000e-04
  2.393000000000e-04
  2.242800000000e-04
  1.367600000000e-04
  9.215500000000e-04
  2.383800000000e-04
  1.818000000000e-04
  2.426600000000e-04
  2.175000000000e-04
  2.073000000000e-04
  2.086000000000e-04
  1.613000000000e-04
  2.681300000000e-04
  5.353500000000e-04
  8.480089000000e-03
  1.288898000000e-03
  1.959010800000e-04
  2.977522100000e-05
  4.525568200000e-06
  6.878461000000e-07
  1.045465300000e-07
  1.589013400000e-08
  2.415159900000e-09
  3.670827800000e-10
  6.579332000000e-11
