211
  5.185728423645e+03
  5.117372156238e+03
  5.049940595920e+03
  4.983387283052e+03
  4.917714010699e+03
  4.852907659538e+03
  4.788948090950e+03
  4.725833022009e+03
  4.663554797029e+03
  4.602099740062e+03
  4.541460675529e+03
  4.481612482450e+03
  4.422552300861e+03
  4.364268379691e+03
  4.306754709620e+03
  4.249983707490e+03
  4.193969304682e+03
  4.138702831204e+03
  4.084156397562e+03
  4.030334000063e+03
  3.977226124187e+03
  3.924811509179e+03
  3.873086519768e+03
  3.822044012582e+03
  3.771677671947e+03
  3.721970144881e+03
  3.672928011750e+03
  3.624519562111e+03
  3.576757192832e+03
  3.529623301878e+03
  3.483105150753e+03
  3.437204998559e+03
  3.391906440106e+03
  3.347206853448e+03
  3.303093727808e+03
  3.259562047672e+03
  3.216607341626e+03
  3.174217766413e+03
  3.132386810287e+03
  3.091105722907e+03
  3.050368476424e+03
  3.010169880231e+03
  2.970500746156e+03
  2.931354406571e+03
  2.892722767347e+03
  2.854601143146e+03
  2.816981680780e+03
  2.779857418139e+03
  2.743223105792e+03
  2.707070859246e+03
  2.671395602021e+03
  2.636190432316e+03
  2.601449051513e+03
  2.567165120184e+03
  2.533333894050e+03
  2.499948276058e+03
  2.467002144079e+03
  2.434491174005e+03
  2.402407428083e+03
  2.370747310707e+03
  2.339504037495e+03
  2.308672689782e+03
  2.278247729845e+03
  2.248223530718e+03
  2.218594979470e+03
  2.189356969634e+03
  2.160504653893e+03
  2.132032429507e+03
  2.103935139042e+03
  2.076208402302e+03
  2.048846847681e+03
  2.021845950938e+03
  1.995200604491e+03
  1.968906952343e+03
  1.942959375828e+03
  1.917353990138e+03
  1.892086009689e+03
  1.867151080343e+03
  1.842544613072e+03
  1.818262456581e+03
  1.794300011268e+03
  1.770653918870e+03
  1.747319419403e+03
  1.724291654507e+03
  1.701568097096e+03
  1.679144100691e+03
  1.657015106013e+03
  1.635178037425e+03
  1.613628577878e+03
  1.592363280485e+03
  1.571378287323e+03
  1.550669828795e+03
  1.530234044792e+03
  1.510067602663e+03
  1.490167045177e+03
  1.470528740095e+03
  1.451149225328e+03
  1.432025063875e+03
  1.413153120511e+03
  1.394529750406e+03
  1.354105844244e+03
  1.293161017609e+03
  1.234959111939e+03
  1.179376817056e+03
  1.126296082532e+03
  1.075604437936e+03
  1.027194246462e+03
  9.809624973739e+02
  9.368120286664e+02
  8.946488199514e+02
  8.543831839407e+02
  8.159295028729e+02
  7.792063965745e+02
  7.441367163195e+02
  7.106446648290e+02
  6.786604057982e+02
  6.481158289150e+02
  6.189459045553e+02
  5.910884927154e+02
  5.644850823527e+02
  5.390786454280e+02
  5.148166815020e+02
  4.992840267057e+02
  4.879653115219e+02
  4.737750035399e+02
  4.629668380940e+02
  4.517652544513e+02
  4.414428211407e+02
  4.282057262623e+02
  4.089333100816e+02
  3.952215819090e+02
  3.862307234890e+02
  3.777389347972e+02
  3.691527097226e+02
  3.611195037967e+02
  3.529199611999e+02
  3.433636710528e+02
  3.355335230405e+02
  3.300448667805e+02
  3.225676666117e+02
  3.143049946521e+02
  3.071626435540e+02
  3.014845386871e+02
  2.978748069656e+02
  2.926354307393e+02
  2.847902861249e+02
  2.782770159918e+02
  2.735878811998e+02
  2.689446372939e+02
  2.655365420765e+02
  2.610639382778e+02
  2.564235830391e+02
  2.533777634573e+02
  2.499552493350e+02
  2.460825606282e+02
  2.425336721702e+02
  2.391087041035e+02
  2.358072280276e+02
  2.320149917642e+02
  2.287330649039e+02
  2.259606873821e+02
  2.219531408353e+02
  2.186254247040e+02
  2.159823807762e+02
  2.119679294226e+02
  2.090106339595e+02
  2.074614474465e+02
  2.054765770281e+02
  2.023069214691e+02
  1.979245957644e+02
  1.945754760438e+02
  1.930197288395e+02
  1.918623338650e+02
  1.903308577062e+02
  1.883430355350e+02
  1.858052033365e+02
  1.834899135556e+02
  1.809787425396e+02
  1.779674429458e+02
  1.754935964103e+02
  1.731720599126e+02
  1.711609857214e+02
  1.696294769014e+02
  1.685159867134e+02
  1.673463903542e+02
  1.653780248604e+02
  1.634209053265e+02
  1.619230006549e+02
  1.605438887610e+02
  1.594624991380e+02
  1.562208442573e+02
  1.526414779264e+02
  1.513157464094e+02
  1.499629048534e+02
  1.484841526607e+02
  1.471052908820e+02
  1.457425577315e+02
  1.445205433183e+02
  1.430859624069e+02
  1.403572189811e+02
  9.626679121385e+01
  3.753060396527e+01
  1.463168464974e+01
  5.704314572413e+00
  2.223885688717e+00
  8.670049141839e-01
  3.380108400076e-01
  1.317770290500e-01
  5.137465739525e-02
  2.002894182093e-02
  7.808492047441e-03
