211
 -1.799888957981e-02
 -1.308755722035e-02
 -8.024020964614e-03
 -3.060294907661e-03
  1.758074613031e-03
  5.914829830969e-03
  9.188791538255e-03
  1.121057144730e-02
  1.161303641596e-02
  1.126057557875e-02
  1.094755335367e-02
  1.063647995137e-02
  1.024363291979e-02
  9.873730746239e-03
  9.552623491346e-03
  9.283536343227e-03
  9.092735827036e-03
  8.849039565431e-03
  8.493859980401e-03
  8.146206051758e-03
  7.816976508492e-03
  7.492226849834e-03
  7.141198562977e-03
  6.781569414455e-03
  6.410039012848e-03
  6.022954925773e-03
  5.659283600639e-03
  5.481461324317e-03
  5.163921824922e-03
  4.745830069892e-03
  4.384736215656e-03
  4.088355332812e-03
  3.749815051738e-03
  3.409532547099e-03
  3.099117446763e-03
  2.821604998435e-03
  2.596476883767e-03
  2.424555091266e-03
  2.299632319660e-03
  2.194907000526e-03
  2.063562700599e-03
  1.934376131031e-03
  1.820283572954e-03
  1.702661301864e-03
  1.631719877716e-03
  1.580332441080e-03
  1.569404569600e-03
  1.534708461738e-03
  1.476490849074e-03
  1.369511595962e-03
  1.280561204137e-03
  1.183488504832e-03
  1.150673907985e-03
  1.040669852736e-03
  1.076917075957e-03
  1.061213959137e-03
  1.102796371713e-03
  1.039135542708e-03
  1.026955407788e-03
  8.556056473130e-04
  7.247960371464e-04
  6.165723766188e-04
  6.324532975965e-04
  5.586162750838e-04
  5.192471441059e-04
  5.006645272033e-04
 -8.219297844286e-05
 -8.320740537127e-05
  2.151438327828e-04
  2.134407705863e-04
  2.975293713740e-04
  2.200163595997e-04
 -5.436702647936e-04
 -1.659317650495e-04
  1.742855131923e-04
 -1.401945657591e-03
 -1.417269362530e-03
 -3.747474369001e-05
 -1.503576191397e-04
 -1.501487999708e-05
 -9.359947944738e-04
 -1.042496514155e-03
 -3.777245154027e-04
 -1.618763342074e-04
 -1.484238888506e-03
 -1.071436982371e-03
 -2.923593160345e-04
 -1.054470134939e-03
  2.330345976746e-04
 -9.892997844717e-04
 -5.074417918070e-04
  4.224904490659e-04
 -1.877266548537e-03
 -9.025382109638e-04
  7.905274079018e-05
 -7.610274215129e-04
 -1.902561451013e-04
 -6.993302452651e-04
 -7.868628970301e-04
 -2.114833416141e-03
  2.436521136871e-04
 -5.944299932562e-04
 -7.513953078655e-04
  2.195591892028e-04
  5.930033837395e-04
  6.698955641148e-04
  5.605748474908e-04
  3.824719091119e-04
  6.078972237992e-04
  4.832840939290e-04
  4.123605254959e-04
  3.138160830417e-04
  3.889546109534e-04
  3.514441423395e-04
  3.412892072744e-04
  4.024547227955e-04
  3.360168309925e-04
  3.921654695544e-04
  3.542191670071e-04
  2.894445050196e-04
  1.835263415900e-04
  2.974313519871e-04
  3.584560017883e-04
  6.171434346728e-04
  2.467828015011e-04
  3.866990809400e-04
  3.343424546513e-04
  4.902081894807e-04
  2.851688054732e-04
  3.572889859023e-04
  5.087272588608e-04
  5.345670293381e-04
  5.161129931153e-04
  2.471862326498e-04
  5.178232740886e-04
  2.836014979856e-04
  3.371740967664e-04
  5.366509315652e-04
  5.153604247670e-04
  3.236570669068e-04
  2.211355524610e-04
  1.955860683516e-04
  6.760564819813e-04
  1.373696359214e-04
  4.273338597695e-04
  7.253311001439e-04
  5.705268202363e-05
  3.363411059050e-04
  5.474104137320e-04
  6.817528841230e-04
  1.312548004353e-03
  1.067521759091e-03
  3.870463110606e-04
  2.630417087006e-04
  8.854269094670e-04
  2.899887787924e-04
  2.057578784214e-03
  1.364962502461e-04
  3.223314076253e-05
  8.474412761061e-04
  2.707571956606e-05
  7.513981266689e-04
  1.240694751047e-04
  1.131363997920e-03
  8.469589906903e-04
  3.128219425502e-05
  6.537411431568e-04
  1.999917907358e-05
 -5.789727699107e-05
 -5.019187477839e-05
  1.685568569572e-03
  1.239414784717e-03
  9.064730761932e-05
  3.311715756624e-03
  1.307276954846e-04
  6.169231326383e-04
  7.266611523797e-04
  3.106295828835e-03
  1.723778623356e-03
  5.425653003803e-04
  2.734728604320e-04
  1.583263541500e-04
  2.211182314340e-03
  2.765864078600e-04
  2.078709518800e-04
  5.764365377001e-05
  1.934571828800e-04
  4.407289732890e-04
  4.729699562195e-05
  4.686022741746e-05
  4.764582338262e-05
  1.890014918181e-04
  1.826189000634e-03
  6.544546389997e-05
  3.469642618000e-04
  1.987630199000e-04
  8.044101850002e-05
  1.539644793200e-03
  1.182604943999e-04
  1.475458400000e-04
  7.627637398400e-04
  5.103540645710e-03
  3.009093519470e-03
  8.299468701430e-03
  2.153027933511e-02
  5.523431497430e-02
  1.411996409416e-01
  3.593502242361e-01
  9.079556190810e-01
  2.291480748751e+00
  5.835933914460e+00
