211
  2.201223679390e-01
  2.233830530040e-01
  2.265580931410e-01
  2.295299406410e-01
  2.320458451280e-01
  2.357494607400e-01
  2.401406976780e-01
  2.447848366910e-01
  2.488162672710e-01
  2.523289870250e-01
  2.558668590500e-01
  2.592778497290e-01
  2.623516587400e-01
  2.655112820060e-01
  2.689749330110e-01
  2.722701802650e-01
  2.753190152550e-01
  2.767459394250e-01
  2.761594897600e-01
  2.858270843620e-01
  2.877211898780e-01
  2.900852971550e-01
  2.949092806230e-01
  2.971075305410e-01
  3.006140792360e-01
  3.012175637860e-01
  3.011553731060e-01
  3.066689548730e-01
  3.074776945380e-01
  3.100009114710e-01
  3.094876087570e-01
  3.063506802700e-01
  3.134145223590e-01
  3.092481186210e-01
  3.119466919450e-01
  3.126903070680e-01
  3.125359711250e-01
  3.130280165320e-01
  3.139574674460e-01
  3.106497857790e-01
  3.177034993780e-01
  3.102027539690e-01
  3.191701590810e-01
  3.065626787730e-01
  3.147487091890e-01
  3.057972482750e-01
  3.186702495710e-01
  3.074953591580e-01
  3.059114571760e-01
  3.105185322820e-01
  2.961957553500e-01
  2.926522622610e-01
  2.810995855390e-01
  2.946809519130e-01
  2.793401956560e-01
  2.874915455930e-01
  3.050720595920e-01
  2.921717253340e-01
  2.803553096280e-01
  2.807095557600e-01
  2.890474039970e-01
  2.748811525570e-01
  2.946392809220e-01
  2.693522871260e-01
  3.356134311400e-01
  2.980678026310e-01
  2.841523778630e-01
  2.572035967850e-01
  2.700600605850e-01
  2.375910533100e-01
  2.605268337710e-01
  2.721464814900e-01
  2.657034716860e-01
  2.922650462110e-01
  2.442114741470e-01
  2.563182996080e-01
  2.680277621860e-01
  2.070393665870e-01
  2.533917676300e-01
  2.084327404880e-01
  2.484930762620e-01
  2.424971727080e-01
  2.232184045860e-01
  3.093595576850e-01
  2.045335337070e-01
  2.616849457480e-01
  2.446942185950e-01
  2.054759542890e-01
  2.115460347950e-01
  2.318272791140e-01
  2.575400322550e-01
  2.240751448960e-01
  2.391345408170e-01
  1.749049993740e-01
  1.704162453750e-01
  2.099497090740e-01
  1.573620034470e-01
  2.539485342540e-01
  2.472703414550e-01
  1.934955487880e-01
  1.974340656980e-01
  1.477137659070e-01
  1.915438365660e-01
  2.223703429730e-01
  2.477998984960e-01
  3.367238853750e-01
  3.056724693520e-01
  1.898051470730e-01
  2.492568356280e-01
  1.200429045840e-01
  1.350826010450e-01
  2.022597662930e-01
  2.060160190570e-01
  2.334156596010e-01
  2.892264217970e-01
  2.495421085040e-01
  2.359418592310e-01
  3.314573881640e-01
  3.359549764960e-01
  4.114966874770e-01
  4.792085851390e-01
  1.992176084920e-01
  1.526686483590e-01
  1.913508736470e-01
  4.047243323230e-01
  6.829894271490e-02
  1.587006170960e-01
  4.048373270090e-01
  1.078780508980e-01
  1.968243385960e-01
  2.341650709310e-01
  2.272511053000e-01
  3.354651231730e-01
  2.007199328190e-01
  3.576517357720e-01
  5.817126206780e-01
  3.050293022590e-01
  1.853114560790e-01
  2.803153976800e-01
  1.804042877180e-01
  2.772544203270e-01
  4.767883799590e-01
  6.048484660090e-01
  1.087571480800e-01
  2.356361085030e-01
  1.721560879070e-01
  1.823116244080e-01
  2.372476173720e-01
  2.517816858650e-01
  2.946063940380e-01
  3.390191341720e-01
  3.736848243320e-01
  5.080916594410e-01
  1.133219361410e+00
  1.301566779680e-01
  3.262186978110e-01
  5.305121976050e-01
  1.632919729970e-01
  1.957111916310e-01
  2.597003663780e-01
  3.211189824560e-01
  3.266010960730e-01
  3.566003346930e-01
  4.979236336130e-01
  4.111382430970e-01
  3.551812870710e-01
  4.010147699590e-01
  3.990456198450e-01
  4.639993830710e-01
  5.004545461410e-01
  5.080968414870e-01
  5.629942527360e-01
  6.400804623310e-01
  7.645505514090e-01
  9.677272901890e-01
  1.396406174870e+00
  2.507674185630e+00
  5.992377978120e+00
  1.476494033020e+00
  1.622498545770e-01
  4.197200241040e-02
  5.904438045990e-02
  9.673707465470e-02
  1.293533630990e-01
  1.591978299980e-01
  1.860246259850e-01
  2.113153813040e-01
  2.331954973890e-01
  2.527557911520e-01
  2.721454980850e-01
  2.905595409290e-01
  3.090392471980e-01
  3.376664862140e-01
  3.464322804040e-01
  3.685172128940e-01
  3.914099478970e-01
  4.179287984690e-01
  4.667865030340e-01
  4.888061876850e-01
  5.405976366990e-01
  6.971441058540e-01
  7.669320072520e-01
  9.203957308930e-01
  9.592587154570e-01
  9.780035154270e-01
  1.013048087430e+00
  1.102431254140e+00
  1.341833665920e+00
  2.023063312180e+00
  4.067847904360e+00
  9.815986255310e+00
