666
  3.039285647343e-05
  2.836691432025e-05
  2.657899279212e-05
  2.540114399767e-05
  2.559292044784e-05
  2.591247874602e-05
  2.609129619225e-05
  2.624729188184e-05
  2.640466845851e-05
  2.658399074513e-05
  2.658110723163e-05
  2.575450823949e-05
  2.449610712631e-05
  2.305720849260e-05
  2.272837591617e-05
  2.167709568804e-05
  2.080712412743e-05
  2.146781101714e-05
  2.312918739548e-05
  2.474751673237e-05
  2.645637773816e-05
  2.812525369906e-05
  2.952669272427e-05
  3.080941310261e-05
  3.154515389570e-05
  3.193534175629e-05
  3.233754217915e-05
  3.276930562806e-05
  3.318260940549e-05
  3.361379426772e-05
  3.412190361133e-05
  3.449140010887e-05
  3.472845535198e-05
  3.488260738419e-05
  3.507768030985e-05
  3.525380564845e-05
  3.539176369426e-05
  3.531817937746e-05
  3.508845303703e-05
  3.487935627785e-05
  3.467811830768e-05
  3.443797033858e-05
  3.413901324710e-05
  3.383707363660e-05
  3.358916300466e-05
  3.336431318610e-05
  3.314257671512e-05
  3.294797871629e-05
  3.286058457042e-05
  3.297222425489e-05
  3.256862674240e-05
  3.105429194651e-05
  3.071548809667e-05
  3.078450522636e-05
  3.067691564894e-05
  3.075582385631e-05
  3.100301814279e-05
  3.132947880937e-05
  3.202091748673e-05
  3.301958571033e-05
  3.344484694662e-05
  3.380795143851e-05
  3.399579925902e-05
  3.400739854510e-05
  3.476013986263e-05
  3.556757140072e-05
  3.637354269610e-05
  3.708030014559e-05
  3.770911369892e-05
  3.852445258876e-05
  3.929499233578e-05
  4.002412180492e-05
  4.073961315865e-05
  4.170386924855e-05
  4.300285152950e-05
  4.344089677703e-05
  4.390103852672e-05
  4.519960753143e-05
  4.660025541134e-05
  4.791976295472e-05
  4.900387029274e-05
  4.980772010355e-05
  5.027668911616e-05
  5.056802232641e-05
  5.136610510857e-05
  5.255755418583e-05
  5.393378733437e-05
  5.528217345815e-05
  5.633277285881e-05
  5.696474470290e-05
  5.817398294903e-05
  6.204715555930e-05
  6.113339952161e-05
  6.611106557700e-05
  6.327680001608e-05
  6.800056132060e-05
  7.276465712837e-05
  7.032227922099e-05
  7.495262398284e-05
  7.617255608414e-05
  1.005915891141e-04
  2.062290028440e-04
  3.675195477178e-04
  4.795717512257e-04
  3.338161537516e-04
  2.383431409702e-03
  8.403901248746e-03
  2.469827830923e-02
  6.527733101431e-02
  1.685161061055e-01
  4.326731705012e-01
  1.568785842980e-04
  1.464212935482e-04
  1.371925921126e-04
  1.311128986309e-04
  1.321027897268e-04
  1.337522514503e-04
  1.346752521507e-04
  1.354804539573e-04
  1.362927834786e-04
  1.372183900099e-04
  1.372035061995e-04
  1.329368562456e-04
  1.264413764513e-04
  1.190142239294e-04
  1.173168912319e-04
  1.118905057905e-04
  1.073999799683e-04
  1.108102426401e-04
  1.193857569043e-04
  1.277390755706e-04
  1.365596908880e-04
  1.451739156926e-04
  1.524077132281e-04
  1.590287215950e-04
  1.628263894493e-04
  1.648404192669e-04
  1.669164542390e-04
  1.691450844659e-04
  1.712784315419e-04
  1.735040752821e-04
  1.761267795535e-04
  1.780340069143e-04
  1.792576132236e-04
  1.800532986374e-04
  1.810602051267e-04
  1.819693099949e-04
  1.826814070279e-04
  1.823015873997e-04
  1.811158106336e-04
  1.800365174257e-04
  1.789977888713e-04
  1.777582188610e-04
  1.762150942350e-04
  1.746565747625e-04
  1.733769362723e-04
  1.722163306133e-04
  1.710717950977e-04
  1.700673400347e-04
  1.696162383131e-04
  1.701924880534e-04
  1.681092417340e-04
  1.602927109271e-04
  1.585439095809e-04
  1.589001547929e-04
  1.583448104604e-04
  1.587521103755e-04
  1.600280513106e-04
  1.617131409384e-04
  1.652821348870e-04
  1.704369533305e-04
  1.726320211341e-04
  1.745062549262e-04
  1.754758676433e-04
  1.755357395932e-04
  1.794211589298e-04
  1.835888723766e-04
  1.877490484995e-04
  1.913971132417e-04
  1.946428555470e-04
  1.988513843134e-04
  2.028286736729e-04
  2.065922159049e-04
  2.102853623767e-04
  2.152625559621e-04
  2.219675032724e-04
  2.242285582131e-04
  2.266036685069e-04
  2.333064826123e-04
  2.405361964989e-04
  2.473470889057e-04
  2.529429177994e-04
  2.570921434708e-04
  2.595128173829e-04
  2.610165898770e-04
  2.651360479190e-04
  2.712859418806e-04
  2.783896344275e-04
  2.853495891909e-04
  2.907724604101e-04
  2.940345048416e-04
  3.002762210257e-04
  3.202683476747e-04
  3.155518198383e-04
  3.412450022004e-04
  3.266153944467e-04
  3.509979985188e-04
  3.755887969006e-04
  3.629819927733e-04
  3.868824093625e-04
  3.931793239404e-04
  5.192228675941e-04
  1.064490731091e-03
  1.897022953345e-03
  2.475401990180e-03
  1.723056391957e-03
  1.230254042269e-02
  4.337835542493e-02
  1.274849219631e-01
  3.369415206244e-01
  8.698283486567e-01
  2.233325930101e+00
  1.497699197178e-04
  1.397864818695e-04
  1.309759620697e-04
  1.251717587189e-04
  1.261167947200e-04
  1.276915141185e-04
  1.285726907394e-04
  1.293414063067e-04
  1.301169266094e-04
  1.310005909828e-04
  1.309863816049e-04
  1.269130670482e-04
  1.207119179769e-04
  1.136213132145e-04
  1.120008920272e-04
  1.068203932641e-04
  1.025333473623e-04
  1.057890802519e-04
  1.139760108559e-04
  1.219508142468e-04
  1.303717396004e-04
  1.385956266477e-04
  1.455016379494e-04
  1.518226274968e-04
  1.554482110154e-04
  1.573709787752e-04
  1.593529420400e-04
  1.614805859861e-04
  1.635172643621e-04
  1.656420571487e-04
  1.681459183987e-04
  1.699667232586e-04
  1.711348840980e-04
  1.718945144904e-04
  1.728557948636e-04
  1.737237053164e-04
  1.744035349817e-04
  1.740409261816e-04
  1.729088807092e-04
  1.718784936884e-04
  1.708868332085e-04
  1.697034320338e-04
  1.682302312628e-04
  1.667423332344e-04
  1.655206792094e-04
  1.644126642617e-04
  1.633199912684e-04
  1.623610512396e-04
  1.619303903630e-04
  1.624805284060e-04
  1.604916805629e-04
  1.530293414765e-04
  1.513597838476e-04
  1.516998864629e-04
  1.511697065377e-04
  1.515585504061e-04
  1.527766744239e-04
  1.543854073137e-04
  1.577926788642e-04
  1.627139161886e-04
  1.648095185310e-04
  1.665988248651e-04
  1.675245013648e-04
  1.675816603274e-04
  1.712910190312e-04
  1.752698802068e-04
  1.792415455983e-04
  1.827243049948e-04
  1.858229724558e-04
  1.898407994797e-04
  1.936378652854e-04
  1.972308695215e-04
  2.007566678518e-04
  2.055083290620e-04
  2.119094540139e-04
  2.140680534076e-04
  2.163355399458e-04
  2.227346283550e-04
  2.296367410508e-04
  2.361390103920e-04
  2.414812745890e-04
  2.454424857286e-04
  2.477534712535e-04
  2.491891030622e-04
  2.531218954378e-04
  2.589931182630e-04
  2.657749200443e-04
  2.724194972555e-04
  2.775966410369e-04
  2.807108719233e-04
  2.866697562157e-04
  3.057559764070e-04
  3.012531693567e-04
  3.257821124046e-04
  3.118154184254e-04
  3.350931696286e-04
  3.585696811991e-04
  3.465341312194e-04
  3.693515443788e-04
  3.753631258513e-04
  4.956952380923e-04
  1.016255290990e-03
  1.811062846446e-03
  2.363233700747e-03
  1.644979259899e-03
  1.174507342526e-02
  4.141274501266e-02
  1.217081771427e-01
  3.216736351829e-01
  8.304136764715e-01
  2.132126872202e+00
  3.357965078484e-04
  3.134128171039e-04
  2.936589053261e-04
  2.806454028836e-04
  2.827642515121e-04
  2.862949022319e-04
  2.882705728648e-04
  2.899940965438e-04
  2.917328770006e-04
  2.937141253798e-04
  2.936822667829e-04
  2.845495597208e-04
  2.706460722468e-04
  2.547483517817e-04
  2.511152338835e-04
  2.395001285483e-04
  2.298882181893e-04
  2.371878397480e-04
  2.555436131369e-04
  2.734237798251e-04
  2.923041887345e-04
  3.107428215163e-04
  3.262266682234e-04
  3.403988479253e-04
  3.485277050867e-04
  3.528387089276e-04
  3.572824339709e-04
  3.620527871126e-04
  3.666191879464e-04
  3.713831485533e-04
  3.769970119077e-04
  3.810794065206e-04
  3.836985194319e-04
  3.854016733997e-04
  3.875569432496e-04
  3.895028700399e-04
  3.910271041984e-04
  3.902141053730e-04
  3.876759660921e-04
  3.853657534407e-04
  3.831423688869e-04
  3.804890858874e-04
  3.771860483000e-04
  3.738500582500e-04
  3.711110092062e-04
  3.686267483428e-04
  3.661768854060e-04
  3.640268628012e-04
  3.630612856100e-04
  3.642947404586e-04
  3.598355796230e-04
  3.431044001559e-04
  3.393611143045e-04
  3.401236524078e-04
  3.389349453046e-04
  3.398067653159e-04
  3.425378997926e-04
  3.461448115642e-04
  3.537841952942e-04
  3.648180151089e-04
  3.695165283333e-04
  3.735283006546e-04
  3.756037436847e-04
  3.757318987912e-04
  3.840485868248e-04
  3.929695216193e-04
  4.018743228726e-04
  4.096829565771e-04
  4.166304244954e-04
  4.256387239344e-04
  4.341520585213e-04
  4.422078702453e-04
  4.501130007878e-04
  4.607666169736e-04
  4.751184668592e-04
  4.799582246663e-04
  4.850421164288e-04
  4.993894002177e-04
  5.148645059292e-04
  5.294431298744e-04
  5.414209266490e-04
  5.503022886079e-04
  5.554837086847e-04
  5.587025135610e-04
  5.675201583078e-04
  5.806839239372e-04
  5.958892826592e-04
  6.107869725816e-04
  6.223945557713e-04
  6.293769181724e-04
  6.427372280388e-04
  6.855301072786e-04
  6.754344426362e-04
  7.304303552480e-04
  6.991158758569e-04
  7.513065131981e-04
  8.039427876695e-04
  7.769580923395e-04
  8.281166138336e-04
  8.415950751222e-04
  1.111389591596e-03
  2.278528147975e-03
  4.060552215536e-03
  5.298564794825e-03
  3.688179121668e-03
  2.633342294672e-02
  9.285078860877e-02
  2.728797674334e-01
  7.212188105921e-01
  1.861855926438e+00
  4.780404231534e+00
  1.376718418932e-04
  1.284948437377e-04
  1.203960179444e-04
  1.150606651076e-04
  1.159293632226e-04
  1.173768803239e-04
  1.181868774759e-04
  1.188934979257e-04
  1.196063734397e-04
  1.204186573892e-04
  1.204055958129e-04
  1.166613144600e-04
  1.109610802868e-04
  1.044432386560e-04
  1.029537114537e-04
  9.819168174850e-05
  9.425093378861e-05
  9.724367588574e-05
  1.047692846183e-04
  1.120999012977e-04
  1.198406032095e-04
  1.274001831268e-04
  1.337483423421e-04
  1.395587365470e-04
  1.428914535697e-04
  1.446589044673e-04
  1.464807691897e-04
  1.484365468353e-04
  1.503087069052e-04
  1.522618637015e-04
  1.545634686618e-04
  1.562371929935e-04
  1.573109924232e-04
  1.580092615782e-04
  1.588928918813e-04
  1.596906944765e-04
  1.603156090279e-04
  1.599822909524e-04
  1.589416895715e-04
  1.579945349006e-04
  1.570829785276e-04
  1.559951698426e-04
  1.546409709220e-04
  1.532732619554e-04
  1.521502903995e-04
  1.511317784114e-04
  1.501273690890e-04
  1.492458900826e-04
  1.488500170246e-04
  1.493557161517e-04
  1.475275229716e-04
  1.406679748809e-04
  1.391332803685e-04
  1.394459102582e-04
  1.389585570768e-04
  1.393159910107e-04
  1.404357177055e-04
  1.419145007647e-04
  1.450465405699e-04
  1.495702513933e-04
  1.514965756839e-04
  1.531413458700e-04
  1.539922483006e-04
  1.540447900904e-04
  1.574545151271e-04
  1.611119728310e-04
  1.647628160101e-04
  1.679642459227e-04
  1.708126099838e-04
  1.745058859623e-04
  1.779962333180e-04
  1.812990027396e-04
  1.845399949975e-04
  1.889078276844e-04
  1.947918841357e-04
  1.967761167172e-04
  1.988604407842e-04
  2.047426252001e-04
  2.110872007302e-04
  2.170642313541e-04
  2.219749594446e-04
  2.256161928429e-04
  2.277405021461e-04
  2.290601668408e-04
  2.326752770789e-04
  2.380722357074e-04
  2.443062187685e-04
  2.504140619522e-04
  2.551730076836e-04
  2.580356779916e-04
  2.635132169909e-04
  2.810576951709e-04
  2.769186147636e-04
  2.994661648688e-04
  2.866276690687e-04
  3.080250957971e-04
  3.296052274766e-04
  3.185418822000e-04
  3.395161559581e-04
  3.450421353775e-04
  4.556540897829e-04
  9.341644704621e-04
  1.664769256233e-03
  2.172336988756e-03
  1.512101528886e-03
  1.079633276611e-02
  3.806751645785e-02
  1.118768638741e-01
  2.956895612121e-01
  7.633347242795e-01
  1.959898450899e+00
  5.767025145306e-05
  5.382603912949e-05
  5.043346942498e-05
  4.819850884438e-05
  4.856240343631e-05
  4.916876327045e-05
  4.950806823499e-05
  4.980406906177e-05
  5.010269011298e-05
  5.044295300896e-05
  5.043748156047e-05
  4.886901524112e-05
  4.648120714913e-05
  4.375090616231e-05
  4.312694844431e-05
  4.113215091164e-05
  3.948138542006e-05
  4.073503458246e-05
  4.388748567177e-05
  4.695825527429e-05
  5.020080814156e-05
  5.336748964098e-05
  5.602671125940e-05
  5.846066500205e-05
  5.985672846778e-05
  6.059710744643e-05
  6.136028018542e-05
  6.217954857795e-05
  6.296378986148e-05
  6.378196038945e-05
  6.474609463057e-05
  6.544721187972e-05
  6.589702269268e-05
  6.618952519132e-05
  6.655967482448e-05
  6.689387153196e-05
  6.715564604462e-05
  6.701602027248e-05
  6.658011600565e-05
  6.618335623776e-05
  6.580150847193e-05
  6.534582923113e-05
  6.477856005539e-05
  6.420563156885e-05
  6.373522272478e-05
  6.330857162712e-05
  6.288782808664e-05
  6.251857962411e-05
  6.235274978932e-05
  6.256458537907e-05
  6.179876167141e-05
  5.892532104763e-05
  5.828244290189e-05
  5.841340246561e-05
  5.820925192816e-05
  5.835897974874e-05
  5.882802933187e-05
  5.944748636604e-05
  6.075948684953e-05
  6.265445343891e-05
  6.346138392442e-05
  6.415037238359e-05
  6.450681242578e-05
  6.452882199718e-05
  6.595714384968e-05
  6.748924004714e-05
  6.901856544338e-05
  7.035963319935e-05
  7.155280290911e-05
  7.309990325612e-05
  7.456199751515e-05
  7.594551603582e-05
  7.730315631943e-05
  7.913282610443e-05
  8.159763670363e-05
  8.242882476898e-05
  8.330194080637e-05
  8.576596721652e-05
  8.842368764180e-05
  9.092744479563e-05
  9.298453156009e-05
  9.450983145286e-05
  9.539969716537e-05
  9.595250007504e-05
  9.746685706770e-05
  9.972762409824e-05
  1.023390177263e-04
  1.048975718024e-04
  1.068910774693e-04
  1.080902400157e-04
  1.103847618808e-04
  1.177340822235e-04
  1.160002359658e-04
  1.254453255813e-04
  1.200673247433e-04
  1.290306317123e-04
  1.380704731441e-04
  1.334360766311e-04
  1.422221263057e-04
  1.445369396929e-04
  1.908718992354e-04
  3.913182185204e-04
  6.973659994521e-04
  9.099843414568e-04
  6.334140242059e-04
  4.522545909390e-03
  1.594634905822e-02
  4.686482568021e-02
  1.238633195623e-01
  3.197582373177e-01
  8.209945834347e-01
