666
  0.000000000000e+00
  0.000000000000e+00
  0.000000000000e+00
  0.000000000000e+00
  0.000000000000e+00
  0.000000000000e+00
  0.000000000000e+00
  0.000000000000e+00
  0.000000000000e+00
  0.000000000000e+00
  0.000000000000e+00
  0.000000000000e+00
  0.000000000000e+00
  0.000000000000e+00
  0.000000000000e+00
  0.000000000000e+00
  0.000000000000e+00
  0.000000000000e+00
  0.000000000000e+00
  0.000000000000e+00
  0.000000000000e+00
  0.000000000000e+00
  0.000000000000e+00
  0.000000000000e+00
  0.000000000000e+00
  0.000000000000e+00
  0.000000000000e+00
  0.000000000000e+00
  0.000000000000e+00
  0.000000000000e+00
  0.000000000000e+00
  0.000000000000e+00
  0.000000000000e+00
  0.000000000000e+00
  0.000000000000e+00
  0.000000000000e+00
  0.000000000000e+00
  0.000000000000e+00
  3.059551620852e-08
  5.276407830358e-05
  8.316175146367e-04
  8.142092688126e-04
  1.867972876525e-03
  4.397031757952e-03
  5.633239449251e-03
  4.653773533152e-03
  1.110129737787e-02
  1.729383621139e-02
  9.910214240949e-03
  1.123065233896e-02
  2.803561969167e-02
  3.387012430851e-02
  2.583380595247e-02
  2.823714194667e-02
  2.076038863190e-02
  3.621918914941e-02
  3.514462088547e-02
  4.709581497883e-02
  4.275875028868e-02
  4.048883980631e-02
  5.135755305641e-02
  2.758956445716e-02
  2.838733241448e-02
  2.858406427398e-02
  5.740256370512e-02
  4.400002545858e-02
  2.658734630484e-02
  2.506409194517e-02
  3.247585356145e-02
  2.311534077461e-02
  2.525750452049e-02
  2.573763812012e-02
  2.086169535602e-02
  1.256496744433e-02
  7.373004260205e-03
  8.369217993124e-03
  1.258920507451e-02
  1.376535714568e-02
  1.324140728096e-02
  9.764319989494e-03
  1.080158201300e-02
  1.203121112300e-02
  9.207271548368e-03
  6.528129318885e-03
  5.815637257102e-03
  2.874634356335e-03
  2.621704330540e-03
  2.391013508750e-03
  5.987788703204e-03
  5.742818675081e-03
  5.237479082681e-03
  4.776667030550e-03
  4.118837466238e-03
  3.551831172573e-03
  3.239315710964e-03
  2.954274324432e-03
  2.694337809622e-03
  2.457280646479e-03
  2.241047849599e-03
  2.043860374072e-03
  2.224009238348e-03
  1.319606563055e-04
  7.800906266696e-06
  4.400128233039e-07
  6.687803455782e-08
  1.016486503851e-08
  1.544969676650e-09
  2.348216452436e-10
  3.569087451170e-11
  5.424687281719e-12
  9.722817511141e-13
  0.000000000000e+00
  0.000000000000e+00
  0.000000000000e+00
  0.000000000000e+00
  0.000000000000e+00
  0.000000000000e+00
  0.000000000000e+00
  0.000000000000e+00
  0.000000000000e+00
  0.000000000000e+00
  0.000000000000e+00
  0.000000000000e+00
  0.000000000000e+00
  0.000000000000e+00
  0.000000000000e+00
  0.000000000000e+00
  0.000000000000e+00
  0.000000000000e+00
  0.000000000000e+00
  0.000000000000e+00
  0.000000000000e+00
  0.000000000000e+00
  0.000000000000e+00
  0.000000000000e+00
  0.000000000000e+00
  0.000000000000e+00
  0.000000000000e+00
  0.000000000000e+00
  0.000000000000e+00
  0.000000000000e+00
  0.000000000000e+00
  0.000000000000e+00
  0.000000000000e+00
  0.000000000000e+00
  0.000000000000e+00
  4.188193275347e-09
  1.743934329258e-07
  8.890342961412e-07
  6.414026142618e-05
  4.052010404969e-04
  1.148107154314e-03
  1.214710472881e-03
  2.412206607473e-03
  5.185088632873e-03
  6.907943615851e-03
  6.028233706831e-03
  1.377704345865e-02
  2.146114863796e-02
  1.255824882784e-02
  1.430926236418e-02
  3.443427154105e-02
  4.176296643502e-02
  3.263018055389e-02
  3.704587470775e-02
  2.751458458762e-02
  4.356363182088e-02
  5.140286859245e-02
  6.286210815315e-02
  5.183873900263e-02
  4.801043862498e-02
  6.797178817792e-02
  3.642806004246e-02
  3.084880700345e-02
  2.518169476215e-02
  3.546579812282e-02
  2.502428865917e-02
  2.081052235700e-02
  1.660702732464e-02
  1.499397310136e-02
  1.499220219277e-02
  1.651981007670e-02
  1.545907457142e-02
  1.527916132711e-02
  1.392695640467e-02
  1.375364532894e-02
  1.450036553713e-02
  1.266722058096e-02
  1.059344235228e-02
  8.805206531068e-03
  6.409499257541e-03
  5.857435107656e-03
  5.355727850275e-03
  4.890681721108e-03
  4.466907723391e-03
  4.075633218708e-03
  3.748257523133e-03
  3.418460110066e-03
  3.117660771709e-03
  2.867973729050e-03
  2.617454359355e-03
  2.387131648692e-03
  2.177102443623e-03
  1.981986502497e-03
  1.804544782483e-03
  1.645767332164e-03
  1.500949622194e-03
  1.368885774508e-03
  1.248446281473e-03
  1.138587413838e-03
  1.038404347999e-03
  9.891481858641e-03
  5.869067763441e-04
  3.469522045550e-05
  1.956995108465e-06
  2.974457909008e-07
  4.520911580767e-08
  6.871385421697e-09
  1.044387805389e-09
  1.587381582852e-10
  2.412674791431e-11
  4.324309736654e-12
  0.000000000000e+00
  0.000000000000e+00
  0.000000000000e+00
  0.000000000000e+00
  0.000000000000e+00
  0.000000000000e+00
  0.000000000000e+00
  0.000000000000e+00
  0.000000000000e+00
  0.000000000000e+00
  0.000000000000e+00
  0.000000000000e+00
  0.000000000000e+00
  0.000000000000e+00
  0.000000000000e+00
  0.000000000000e+00
  0.000000000000e+00
  0.000000000000e+00
  0.000000000000e+00
  0.000000000000e+00
  0.000000000000e+00
  0.000000000000e+00
  0.000000000000e+00
  0.000000000000e+00
  0.000000000000e+00
  0.000000000000e+00
  0.000000000000e+00
  0.000000000000e+00
  0.000000000000e+00
  5.168416812963e-06
  1.875682171629e-05
  4.355255603680e-05
  7.167906738762e-05
  1.172166655086e-04
  1.247914641379e-04
  2.948774683002e-04
  4.927262951661e-04
  7.872757828534e-04
  8.320534258954e-04
  2.222913240953e-03
  2.148708931528e-03
  2.697505477591e-03
  2.256315324522e-03
  3.357432845999e-03
  3.895515822444e-03
  4.590286348659e-03
  6.187570483684e-03
  6.917927312184e-03
  6.989847698641e-03
  8.667800688506e-03
  2.016339944284e-02
  2.685824428929e-02
  4.575195066794e-02
  5.052922770268e-02
  5.399924287943e-02
  5.711307621159e-02
  4.264577485416e-02
  4.235235451712e-02
  4.171207932040e-02
  4.196618024248e-02
  4.908262915336e-02
  4.081517581476e-02
  3.774387909869e-02
  3.802234379802e-02
  3.181280939523e-02
  3.123894766411e-02
  2.747943075927e-02
  2.372218038713e-02
  2.336293205713e-02
  2.133579391055e-02
  1.943932630088e-02
  1.952788918186e-02
  1.876876883619e-02
  1.693292373007e-02
  1.443752920422e-02
  1.214324163149e-02
  9.799785950604e-03
  8.189776770657e-03
  7.122819548800e-03
  6.714878444867e-03
  6.285906700001e-03
  5.918890713210e-03
  5.240282709887e-03
  4.612105348790e-03
  4.209254958437e-03
  3.891242451855e-03
  3.548864429001e-03
  3.236590713633e-03
  2.948094723195e-03
  2.688427173631e-03
  2.451858548542e-03
  2.236135068104e-03
  2.018707340579e-03
  1.823289326549e-03
  1.662862287676e-03
  1.516540501996e-03
  1.383104911132e-03
  1.261414712953e-03
  1.150414317681e-03
  1.049190735805e-03
  6.925480488903e-03
  4.109204640542e-04
  2.429170614267e-05
  1.370182196735e-06
  2.082554581052e-07
  3.165298116155e-08
  4.810973593658e-09
  7.312263423209e-10
  1.111395174833e-10
  1.689221888976e-11
  3.027647122290e-12
  0.000000000000e+00
  0.000000000000e+00
  0.000000000000e+00
  0.000000000000e+00
  0.000000000000e+00
  0.000000000000e+00
  0.000000000000e+00
  0.000000000000e+00
  0.000000000000e+00
  0.000000000000e+00
  0.000000000000e+00
  0.000000000000e+00
  0.000000000000e+00
  0.000000000000e+00
  0.000000000000e+00
  0.000000000000e+00
  0.000000000000e+00
  0.000000000000e+00
  0.000000000000e+00
  0.000000000000e+00
  0.000000000000e+00
  0.000000000000e+00
  0.000000000000e+00
  0.000000000000e+00
  0.000000000000e+00
  0.000000000000e+00
  0.000000000000e+00
  0.000000000000e+00
  0.000000000000e+00
  2.274973526852e-04
  4.469519336523e-04
  3.646947625480e-04
  7.124887939519e-04
  1.294282547486e-03
  1.619571917021e-03
  1.920372561740e-03
  2.496018667534e-03
  4.302195143375e-03
  3.572947300126e-03
  4.534861039503e-03
  5.878493597829e-03
  6.909322111587e-03
  1.004861178569e-02
  1.308512265559e-02
  1.054243248805e-02
  1.178957919138e-02
  1.446325008992e-02
  1.643879402832e-02
  1.549425699870e-02
  2.019565108819e-02
  3.746833327728e-02
  3.391061936116e-02
  3.632189961546e-02
  3.909273633846e-02
  4.321810839988e-02
  4.619885660410e-02
  4.622220308366e-02
  5.204734364138e-02
  4.105249619517e-02
  3.830890995883e-02
  3.836359191262e-02
  3.722912881562e-02
  3.509950586843e-02
  3.284870357496e-02
  2.750740135442e-02
  2.635176354340e-02
  2.381902471582e-02
  2.123313192664e-02
  2.152934781917e-02
  2.101852788059e-02
  1.765286784499e-02
  1.539524000267e-02
  1.366459623961e-02
  1.154835291941e-02
  9.683344090709e-03
  9.034642894657e-03
  8.024572839857e-03
  7.128329153726e-03
  6.366574634121e-03
  5.638389404725e-03
  4.805393219089e-03
  3.995306574468e-03
  3.755716882963e-03
  3.543773249700e-03
  3.232267093585e-03
  2.953404641890e-03
  2.693545138674e-03
  2.456532867487e-03
  2.434288300395e-03
  2.234460274869e-03
  2.037838706037e-03
  1.858541879717e-03
  1.690162311934e-03
  1.537281393803e-03
  1.402019699250e-03
  1.278650230835e-03
  1.166146053710e-03
  1.063544610363e-03
  9.699559940077e-04
  8.846107791398e-04
  4.412311412579e-03
  2.618027162876e-04
  1.547657779303e-05
  8.729615839071e-07
  1.326823868674e-07
  2.016654167365e-08
  3.065136808074e-09
  4.658721482056e-10
  7.080860564057e-11
  1.076228755293e-11
  1.928954396690e-12
  0.000000000000e+00
  0.000000000000e+00
  0.000000000000e+00
  0.000000000000e+00
  0.000000000000e+00
  0.000000000000e+00
  0.000000000000e+00
  0.000000000000e+00
  0.000000000000e+00
  0.000000000000e+00
  0.000000000000e+00
  0.000000000000e+00
  0.000000000000e+00
  0.000000000000e+00
  0.000000000000e+00
  0.000000000000e+00
  0.000000000000e+00
  0.000000000000e+00
  0.000000000000e+00
  0.000000000000e+00
  0.000000000000e+00
  0.000000000000e+00
  0.000000000000e+00
  0.000000000000e+00
  0.000000000000e+00
  0.000000000000e+00
  0.000000000000e+00
  0.000000000000e+00
  0.000000000000e+00
  6.205934073154e-04
  1.055055830053e-03
  1.312366540562e-03
  1.565089522642e-03
  1.940512641635e-03
  2.436655133969e-03
  2.877136971715e-03
  3.384438206944e-03
  4.085016184267e-03
  4.098798918640e-03
  4.624558272240e-03
  6.115747845533e-03
  6.526833537470e-03
  7.536858999965e-03
  9.016989467626e-03
  9.010273411574e-03
  9.951568080726e-03
  1.122578363922e-02
  1.157313931946e-02
  1.176499150093e-02
  1.480878377753e-02
  2.705685204635e-02
  2.681372451111e-02
  3.072825187831e-02
  3.567057545538e-02
  3.800032800362e-02
  4.239934471763e-02
  4.492154853216e-02
  4.644147714981e-02
  4.202534552864e-02
  3.951678823552e-02
  3.913732791551e-02
  3.905216958600e-02
  3.607471806965e-02
  3.370868620641e-02
  3.301379196742e-02
  3.027361587361e-02
  2.926061390552e-02
  2.600268349243e-02
  2.551765812237e-02
  2.245096819363e-02
  1.920212495122e-02
  1.753148551329e-02
  1.609150003420e-02
  1.467627252324e-02
  1.272450465453e-02
  1.128459484930e-02
  1.031783592256e-02
  9.466372444449e-03
  8.539077441434e-03
  6.932010361313e-03
  6.039430116007e-03
  5.183117203996e-03
  4.568345829009e-03
  3.998338071184e-03
  3.622739641056e-03
  2.885605508496e-03
  2.631710212031e-03
  2.400138707514e-03
  2.537553628646e-03
  2.340092752101e-03
  2.134175951087e-03
  1.946403221877e-03
  2.313591762474e-03
  2.573873933652e-03
  2.347405370503e-03
  2.140847233432e-03
  1.952481725566e-03
  1.780695732223e-03
  1.624000369990e-03
  1.481106029982e-03
  2.948904179131e-03
  1.749719894357e-04
  1.034353350792e-05
  5.834305368176e-07
  8.867621858569e-08
  1.347800200046e-08
  2.048535831267e-09
  3.113595116452e-10
  4.732385340423e-11
  7.192801439273e-12
  1.289186372641e-12
  0.000000000000e+00
  0.000000000000e+00
  0.000000000000e+00
  0.000000000000e+00
  0.000000000000e+00
  0.000000000000e+00
  0.000000000000e+00
  0.000000000000e+00
  0.000000000000e+00
  0.000000000000e+00
  0.000000000000e+00
  0.000000000000e+00
  0.000000000000e+00
  0.000000000000e+00
  0.000000000000e+00
  0.000000000000e+00
  0.000000000000e+00
  0.000000000000e+00
  0.000000000000e+00
  0.000000000000e+00
  0.000000000000e+00
  0.000000000000e+00
  0.000000000000e+00
  0.000000000000e+00
  0.000000000000e+00
  0.000000000000e+00
  0.000000000000e+00
  0.000000000000e+00
  0.000000000000e+00
  1.246830805053e-03
  2.074979028312e-03
  2.649554582867e-03
  3.012303848011e-03
  3.190414727764e-03
  3.533212647837e-03
  3.997199972641e-03
  4.333959648914e-03
  5.116877948590e-03
  5.603818428022e-03
  5.478516213005e-03
  7.012469500105e-03
  7.206653760325e-03
  8.132669857156e-03
  8.606930175151e-03
  9.112873584397e-03
  1.022375689062e-02
  1.054999066297e-02
  1.126547964874e-02
  1.160583125962e-02
  1.417560003268e-02
  2.605633923964e-02
  2.648987039135e-02
  3.472634505104e-02
  3.734243562956e-02
  3.853429252279e-02
  4.238630366845e-02
  4.403934629793e-02
  3.959961877744e-02
  3.979416433871e-02
  3.616846313831e-02
  3.502118176213e-02
  3.799449369973e-02
  3.644982633107e-02
  3.132017940121e-02
  3.240543743045e-02
  2.867977627285e-02
  2.758441686842e-02
  2.453187462137e-02
  2.310794202029e-02
  2.052498575890e-02
  1.867108985399e-02
  1.597141829921e-02
  1.451515377041e-02
  1.295950586067e-02
  1.254905732981e-02
  1.240612512897e-02
  1.144416108307e-02
  1.039896230776e-02
  9.138009599537e-03
  6.341620764487e-03
  5.550186297977e-03
  4.793475873223e-03
  4.756733061849e-03
  4.745823275557e-03
  4.267316164802e-03
  2.820079645989e-03
  2.571950128148e-03
  2.345637172048e-03
  3.068341640882e-03
  2.867157172817e-03
  2.614862154952e-03
  2.384796184195e-03
  3.750518669842e-03
  4.777772826333e-03
  4.357388516592e-03
  3.973963798856e-03
  3.624308685936e-03
  3.305428895380e-03
  3.014561979575e-03
  2.749314319064e-03
  2.236965343283e-03
  1.327294957585e-04
  7.846353829161e-06
  4.425764740324e-07
  6.726769189317e-08
  1.022409711577e-08
  1.553970870697e-09
  2.361900235566e-10
  3.589872179599e-11
  5.456293187582e-12
  9.779471010993e-13
