111
  6.845817114664e-02
  5.993379048198e-02
  5.035151023215e-02
  4.290697471335e-02
  4.152323737572e-02
  4.309777326498e-02
  4.561143312502e-02
  4.862916956685e-02
  5.201550036157e-02
  5.549757819274e-02
  5.828297479040e-02
  5.814166660809e-02
  5.630443804812e-02
  5.235458528656e-02
  4.887616326758e-02
  4.622867666822e-02
  4.534928505575e-02
  4.751303273984e-02
  4.980981211998e-02
  5.069847938237e-02
  5.176500102027e-02
  5.279862469011e-02
  5.339826192332e-02
  5.387981219175e-02
  5.454864520508e-02
  5.532441059130e-02
  5.614183977556e-02
  5.704229608235e-02
  5.791481340926e-02
  5.881774587483e-02
  5.985542384099e-02
  6.067822400871e-02
  6.128936756073e-02
  6.174337157075e-02
  6.226945775245e-02
  6.277515293963e-02
  6.323598916411e-02
  6.333844528204e-02
  6.317334075590e-02
  6.304340038562e-02
  6.289191108805e-02
  6.267406861704e-02
  6.235380499215e-02
  6.199723443106e-02
  6.173670096997e-02
  6.151801606560e-02
  6.128645553905e-02
  6.109428146280e-02
  6.108661179704e-02
  6.142520115275e-02
  6.091913554780e-02
  5.852834949148e-02
  5.820285895364e-02
  5.866881691573e-02
  5.885580322450e-02
  5.936298266235e-02
  6.021478086870e-02
  6.126561990943e-02
  6.297235815451e-02
  6.529365394991e-02
  6.655944440940e-02
  6.769587165303e-02
  6.850289172805e-02
  6.898818212284e-02
  7.097944823808e-02
  7.320859635789e-02
  7.528775121809e-02
  7.725101772485e-02
  7.906163059034e-02
  8.119234822330e-02
  8.321721633052e-02
  8.525880200821e-02
  8.734226041504e-02
  8.992657526252e-02
  9.323280873853e-02
  9.492766229438e-02
  9.589347573249e-02
  9.966275484421e-02
  1.036303645914e-01
  1.063972825992e-01
  1.091068106311e-01
  1.117724458313e-01
  1.116945591608e-01
  1.140611908083e-01
  1.175344660182e-01
  1.197043008785e-01
  1.238884691549e-01
  1.288568807558e-01
  1.315769044277e-01
  1.329003203712e-01
  1.363207379044e-01
  1.459145638430e-01
  1.442993424671e-01
  1.564399398944e-01
  1.501088592198e-01
  1.617020427694e-01
  1.734613933967e-01
  1.680893611889e-01
  1.796333805663e-01
  1.830948633087e-01
  2.489693574476e-01
  5.420626341655e-01
  9.814549385793e-01
  1.386303366173e+00
  9.015254425245e-01
  4.975984034556e+00
  1.764466665829e+01
  5.262854798801e+01
  1.399651619957e+02
  3.613592614833e+02
  9.277913827788e+02
