111
  2.742343296880e-01
  2.721413195520e-01
  2.705647756430e-01
  2.696146455580e-01
  2.699514631620e-01
  2.715516177630e-01
  2.741177842930e-01
  2.773574917770e-01
  2.812651320870e-01
  2.860092318430e-01
  2.916626495880e-01
  2.983359927000e-01
  3.056916424120e-01
  3.134971205880e-01
  3.215293273910e-01
  3.295432488670e-01
  3.373434016780e-01
  3.450183848290e-01
  3.523586239690e-01
  3.589552912390e-01
  3.643039849560e-01
  3.681424897650e-01
  3.706808984150e-01
  3.725436453890e-01
  3.738426104970e-01
  3.744752451020e-01
  3.739682514280e-01
  3.723099890740e-01
  3.701814450820e-01
  3.675427498980e-01
  3.642310321580e-01
  3.605790565330e-01
  3.566789565640e-01
  3.523147486100e-01
  3.477482238840e-01
  3.431850451840e-01
  3.387458108380e-01
  3.345620055410e-01
  3.306287752000e-01
  3.269484761690e-01
  3.235387339970e-01
  3.203830070600e-01
  3.175471319600e-01
  3.154028475060e-01
  3.142097299340e-01
  3.136072566930e-01
  3.139082576780e-01
  3.150301190280e-01
  3.166610947730e-01
  3.191338553290e-01
  3.232006439600e-01
  3.294711443570e-01
  3.369837745420e-01
  3.459707770160e-01
  3.555874450860e-01
  3.654496926350e-01
  3.755573311540e-01
  3.860035781080e-01
  3.967774528760e-01
  4.078637805220e-01
  4.192681691730e-01
  4.309420778870e-01
  4.429785827450e-01
  4.550567479870e-01
  4.668212821720e-01
  4.780293391970e-01
  4.887031630660e-01
  4.988609448520e-01
  5.085158801520e-01
  5.177372458480e-01
  5.265509618620e-01
  5.349933160850e-01
  5.431906092280e-01
  5.511503816300e-01
  5.591502120940e-01
  5.672037674880e-01
  5.752667483070e-01
  5.832613947870e-01
  5.911292692840e-01
  5.988062789020e-01
  6.062292732840e-01
  6.133318031760e-01
  6.199946369380e-01
  6.262861089080e-01
  6.334734676360e-01
  6.401480831800e-01
  6.465795227290e-01
  6.531683668950e-01
  6.591822600640e-01
  6.647682388860e-01
  6.779463984890e-01
  6.881503648630e-01
  6.893219453370e-01
  6.976846547080e-01
  7.020293049030e-01
  7.075356388730e-01
  7.248086748770e-01
  7.266848059560e-01
  7.402767417680e-01
  7.431411287820e-01
  8.099259284710e-01
  1.089542506390e+00
  1.509513576720e+00
  1.888521744910e+00
  1.460005111940e+00
  5.628831521300e+00
  1.834513581670e+01
  5.334640406890e+01
  1.407079458890e+02
  3.622460845330e+02
  9.293545609620e+02
