599
  8.412600000000e-01
  7.914200000000e-01
  7.445400000000e-01
  7.004200000000e-01
  6.589300000000e-01
  6.198960000000e-01
  5.831670000000e-01
  5.486190000000e-01
  5.161170000000e-01
  4.855390000000e-01
  4.567750000000e-01
  4.297140000000e-01
  4.042550000000e-01
  3.803060000000e-01
  3.577760000000e-01
  3.365790000000e-01
  3.166390000000e-01
  2.978810000000e-01
  2.802320000000e-01
  2.636310000000e-01
  2.480120000000e-01
  2.333200000000e-01
  2.194960000000e-01
  2.064930000000e-01
  1.942590000000e-01
  1.827500000000e-01
  1.719240000000e-01
  1.617380000000e-01
  1.521570000000e-01
  1.431420000000e-01
  1.346620000000e-01
  1.266840000000e-01
  1.191780000000e-01
  1.121180000000e-01
  1.054760000000e-01
  9.922700000000e-02
  9.334900000000e-02
  8.781800000000e-02
  8.261500000000e-02
  7.772100000000e-02
  7.311700000000e-02
  6.878500000000e-02
  6.470900000000e-02
  6.087650000000e-02
  5.726960000000e-02
  5.387670000000e-02
  5.068490000000e-02
  4.768210000000e-02
  4.485720000000e-02
  4.219970000000e-02
  3.969970000000e-02
  3.734770000000e-02
  3.513510000000e-02
  3.305350000000e-02
  3.109540000000e-02
  2.925310000000e-02
  2.752000000000e-02
  2.588970000000e-02
  2.435590000000e-02
  2.291290000000e-02
  2.155550000000e-02
  2.027850000000e-02
  1.907710000000e-02
  1.794690000000e-02
  1.688360000000e-02
  1.588340000000e-02
  1.494240000000e-02
  1.405720000000e-02
  1.322440000000e-02
  1.244090000000e-02
  1.170390000000e-02
  1.101040000000e-02
  1.035820000000e-02
  9.744500000000e-03
  9.167300000000e-03
  8.624100000000e-03
  8.113200000000e-03
  7.632500000000e-03
  7.180400000000e-03
  6.754900000000e-03
  6.354800000000e-03
  5.978300000000e-03
  5.624120000000e-03
  5.290930000000e-03
  4.977470000000e-03
  4.682590000000e-03
  4.405170000000e-03
  4.144200000000e-03
  3.898670000000e-03
  3.667710000000e-03
  3.450420000000e-03
  3.246000000000e-03
  3.053690000000e-03
  2.872790000000e-03
  2.702590000000e-03
  2.542470000000e-03
  2.391860000000e-03
  2.250150000000e-03
  2.116840000000e-03
  1.991430000000e-03
  5.212400000000e-04
  4.316700000000e-04
  8.454400000000e-04
  1.149660000000e-03
  4.719500000000e-04
  7.774300000000e-04
  6.683900000000e-04
  7.554100000000e-04
  5.329000000000e-04
  6.207000000000e-04
  5.987700000000e-04
  6.716000000000e-04
  9.432200000000e-04
  4.404300000000e-04
  4.784700000000e-04
  3.358800000000e-04
  1.710870000000e-03
  1.974000000000e-05
  1.534000000000e-05
  2.471500000000e-04
  7.957600000000e-04
  4.723600000000e-04
  5.059900000000e-04
  3.318000000000e-05
  1.169860000000e-03
  4.976000000000e-05
  1.230000000000e-05
  4.068900000000e-04
  9.715200000000e-04
  2.097900000000e-04
  2.837000000000e-05
  2.763500000000e-04
  8.576700000000e-04
  2.887300000000e-04
  1.964700000000e-04
  4.630000000000e-06
  8.831100000000e-04
  3.287000000000e-05
  4.580000000000e-05
  2.601000000000e-04
  3.573700000000e-04
  3.749700000000e-04
  3.718200000000e-04
  3.810000000000e-06
  4.381200000000e-04
  2.899000000000e-05
  9.220000000001e-06
  5.283510000000e-04
  2.753550000000e-04
  2.445830000000e-04
  4.321700000000e-05
  3.478660000000e-04
  2.110510000000e-04
  5.408150000000e-04
  4.331500000000e-05
  3.091000000000e-05
  2.398980000000e-04
  2.576010000000e-04
  2.336590000000e-04
  1.792200000000e-05
  2.723980000000e-04
  3.779940000000e-04
  1.982400000000e-05
  9.031999999999e-06
  4.662540000000e-04
  1.933500000000e-05
  1.216700000000e-05
  1.181700000000e-04
  1.558560000000e-04
  2.223170000000e-04
  1.715200000000e-05
  1.631810000000e-04
  2.056620000000e-04
  2.872010000000e-04
  9.524000000000e-06
  4.053000000000e-06
  2.696750000000e-04
  1.837120000000e-04
  3.840000000000e-06
  2.001000000001e-06
  1.990860000000e-04
  1.037200000000e-05
  2.029380000000e-04
  4.021000000001e-06
  2.208970000000e-04
  6.637000000000e-06
  1.422860000000e-04
  7.777000000000e-06
  2.558590000000e-04
  9.649000000000e-06
  1.395800000000e-05
  6.292900000000e-05
  2.838910000000e-04
  9.918000000000e-06
  1.280200000000e-05
  3.865000000000e-06
  1.523660000000e-04
  2.278000000000e-06
  4.153000000000e-06
  1.227360000000e-04
  2.125830000000e-04
  3.439300000000e-05
  2.854000000000e-06
  5.456000000000e-06
  1.991980000000e-04
  2.181000000000e-05
  6.569000000000e-06
  3.911000000000e-06
  5.218400000000e-05
  6.876900000000e-05
  7.961800000000e-05
  9.337000000000e-06
  6.999000000000e-05
  8.466500000000e-05
  2.111900000000e-05
  1.456500000000e-05
  6.515900000000e-05
  5.341100000000e-05
  4.173800000000e-05
  1.228700000000e-05
  5.396200000000e-05
  4.660300000000e-05
  4.278300000000e-05
  1.315700000000e-05
  7.608900000000e-05
  4.573900000000e-05
  5.350000000000e-06
  1.473700000000e-05
  2.461500000000e-05
  4.670100000000e-05
  8.808000000000e-06
  4.856100000000e-05
  2.090800000000e-05
  3.803600000000e-05
  3.315700000000e-05
  2.458700000000e-05
  1.951900000000e-05
  5.011400000000e-05
  1.093900000000e-05
  2.523900000000e-05
  2.553400000000e-05
  3.044450000000e-05
  8.704100000000e-06
  3.126350000000e-05
  6.318600000000e-06
  2.090730000000e-05
  3.261650000000e-05
  2.715940000000e-05
  2.275300000000e-05
  2.478280000000e-05
  2.774270000000e-05
  3.612700000000e-06
  2.685300000000e-06
  1.572330000000e-05
  3.197690000000e-05
  2.115100000000e-05
  2.135860000000e-05
  2.719390000000e-05
  7.299900000000e-06
  9.015300000000e-06
  2.585290000000e-05
  1.659550000000e-05
  1.201410000000e-05
  4.357900000000e-06
  2.169480000000e-05
  1.860760000000e-05
  9.947400000000e-06
  3.087200000000e-06
  3.967900000000e-06
  1.406780000000e-05
  1.892410000000e-05
  1.140480000000e-05
  1.719140000000e-05
  3.087700000000e-06
  1.210850000000e-05
  1.146830000000e-05
  1.037970000000e-05
  9.007600000000e-06
  5.720600000000e-06
  1.465960000000e-05
  2.954400000000e-06
  1.019900000000e-05
  1.231110000000e-05
  1.059570000000e-05
  6.247500000000e-06
  5.175100000000e-06
  6.309100000000e-06
  1.496690000000e-05
  2.952900000000e-06
  1.105560000000e-05
  1.255900000000e-05
  3.082700000000e-06
  1.274450000000e-05
  8.459500000000e-06
  2.082200000000e-06
  3.599900000000e-06
  7.370400000000e-06
  5.057200000000e-06
  2.132000000000e-06
  9.820100000000e-06
  7.962200000000e-06
  5.237800000000e-06
  2.923600000000e-06
  5.983300000000e-06
  6.347600000000e-06
  3.527800000000e-06
  1.748300000000e-06
  8.422300000000e-06
  5.035000000000e-06
  6.323300000000e-06
  1.802200000000e-06
  5.016800000000e-06
  6.417200000000e-06
  4.323300000000e-06
  4.591900000000e-06
  1.150300000000e-06
  5.363300000000e-06
  4.818300000000e-06
  3.601000000000e-06
  1.163500000000e-06
  6.703300000000e-06
  1.315500000000e-06
  2.608800000000e-06
  2.925200000000e-06
  2.331700000000e-06
  1.521000000000e-06
  6.720700000000e-06
  1.715900000000e-06
  1.976100000000e-06
  1.985700000000e-06
  4.446000000000e-06
  2.735900000000e-06
  1.995500000000e-06
  1.140800000000e-06
  2.423100000000e-06
  4.545360000000e-06
  3.256720000000e-06
  3.997520000000e-06
  1.358430000000e-06
  5.501300000000e-07
  2.806810000000e-06
  1.907110000000e-06
  1.953380000000e-06
  1.641310000000e-06
  1.287570000000e-06
  2.895620000000e-06
  2.862990000000e-06
  4.878600000000e-07
  9.764200000000e-07
  8.451000000000e-07
  2.075130000000e-06
  2.935040000000e-06
  2.956500000000e-07
  6.716500000000e-07
  2.700920000000e-06
  2.526590000000e-06
  2.075750000000e-06
  9.979600000000e-07
  1.654970000000e-06
  8.886300000000e-07
  1.769940000000e-06
  1.204920000000e-06
  4.196400000000e-07
  1.699140000000e-06
  1.378170000000e-06
  5.564300000000e-07
  9.468600000000e-07
  1.737330000000e-06
  1.552000000000e-06
  1.083980000000e-06
  1.325740000000e-06
  2.264800000000e-07
  1.147000000000e-07
  3.747700000000e-07
  1.387850000000e-06
  1.920450000000e-06
  1.283690000000e-06
  7.886500000000e-07
  3.929000000000e-07
  9.784800000000e-07
  2.741000000000e-07
  4.500200000000e-07
  1.617540000000e-06
  7.810300000000e-07
  1.285090000000e-06
  1.086970000000e-06
  2.401700000000e-07
  2.193400000000e-07
  9.879700000000e-07
  3.446200000000e-07
  7.722100000000e-07
  4.628100000000e-07
  4.308900000000e-07
  5.610300000000e-07
  1.096240000000e-06
  2.400800000000e-07
  1.193250000000e-06
  1.708000000000e-07
  4.284700000000e-07
  3.186700000000e-07
  1.272510000000e-06
  2.275000000000e-07
  1.139700000000e-07
  3.004000000000e-07
  2.166700000000e-07
  2.372000000000e-07
  4.898100000000e-07
  7.922300000000e-07
  4.372000000000e-07
  1.572000000000e-07
  5.146100000000e-07
  4.650800000000e-07
  1.424900000000e-07
  5.146500000000e-07
  3.096700000000e-07
  4.605300000000e-07
  1.530000000000e-07
  6.124400000000e-07
  1.610000000000e-07
  3.678400000000e-07
  3.485000000000e-07
  2.493400000000e-07
  2.195900000000e-07
  3.561900000000e-07
  6.343000000000e-08
  8.064200000000e-07
  1.039200000000e-07
  9.044000000000e-08
  4.044660000000e-07
  3.540430000000e-07
  1.747510000000e-07
  3.174600000000e-08
  4.435370000000e-07
  1.196060000000e-07
  2.323330000000e-07
  7.956400000000e-08
  8.920600000000e-08
  9.953500000000e-08
  1.980670000000e-07
  4.066580000000e-07
  4.307700000000e-07
  9.282300000000e-08
  3.335900000000e-08
  1.625430000000e-07
  1.597540000000e-07
  2.002040000000e-07
  9.550400000000e-08
  1.969600000000e-07
  4.323500000000e-08
  2.834400000000e-08
  1.419350000000e-07
  3.780850000000e-07
  4.787860000000e-07
  2.186800000000e-08
  2.273000000000e-08
  1.306500000000e-08
  1.404810000000e-07
  9.603000000000e-08
  6.080800000000e-08
  1.891200000000e-07
  3.587000000000e-08
  4.275400000000e-08
  1.234940000000e-07
  2.389730000000e-07
  1.322950000000e-07
  2.150260000000e-07
  3.694000000000e-08
  1.570900000000e-08
  1.653710000000e-07
  3.582700000000e-08
  7.459100000000e-08
  8.689500000000e-08
  5.634700000000e-08
  3.919400000000e-08
  9.377200000000e-08
  1.395600000000e-07
  2.854000000000e-08
  9.094100000000e-08
  4.226700000000e-08
  1.364660000000e-07
  9.816800000000e-08
  3.183100000000e-08
  2.851900000000e-08
  1.118950000000e-07
  7.571600000000e-08
  3.990400000000e-08
  5.869000000000e-08
  7.089400000000e-08
  7.899100000000e-08
  6.336600000000e-08
  3.229000000000e-08
  4.769900000000e-08
  6.899400000000e-08
  6.986400000000e-08
  1.853300000000e-08
  4.422600000000e-08
  1.350100000000e-08
  1.585800000000e-08
  2.902300000000e-08
  1.244400000000e-07
  2.044060000000e-07
  1.809110000000e-07
  1.601160000000e-07
  1.417110000000e-07
  1.254218000000e-07
  1.110051000000e-07
  9.824550000000e-08
  8.695260000000e-08
  7.695770000000e-08
  6.811170000000e-08
  6.028260000000e-08
  5.335330000000e-08
  4.722050000000e-08
  4.179270000000e-08
  3.698880000000e-08
  3.273710000000e-08
  2.897410000000e-08
  2.564360000000e-08
  2.269600000000e-08
  2.008720000000e-08
  1.777820000000e-08
  1.573470000000e-08
  1.392610000000e-08
  1.232525000000e-08
  1.090856000000e-08
  9.654660000000e-09
  8.544890000000e-09
  7.562690000000e-09
  6.693390000000e-09
  5.924010000000e-09
  5.243070000000e-09
  4.640400000000e-09
  4.107000000000e-09
  3.634910000000e-09
  3.217100000000e-09
  2.847310000000e-09
  2.520010000000e-09
  2.230360000000e-09
  1.973980000000e-09
  1.747080000000e-09
  1.546260000000e-09
  1.368520000000e-09
  1.211215000000e-09
  1.071992000000e-09
  9.487700000000e-10
  8.397130000000e-10
  7.431910000000e-10
  6.577650000000e-10
  5.821560000000e-10
  5.152400000000e-10
  4.560160000000e-10
  4.035980000000e-10
  3.572060000000e-10
  3.161460000000e-10
  2.798070000000e-10
  2.476440000000e-10
  2.191780000000e-10
  1.939850000000e-10
  1.716870000000e-10
  1.519520000000e-10
  1.344850000000e-10
  1.190276000000e-10
  1.053455000000e-10
  9.323630000000e-11
  8.251930000000e-11
  7.303390000000e-11
  6.463900000000e-11
  5.720900000000e-11
  5.063300000000e-11
  4.481290000000e-11
  3.966190000000e-11
  3.510290000000e-11
  3.106800000000e-11
  2.749680000000e-11
  2.433610000000e-11
  2.153890000000e-11
  1.906300000000e-11
  1.687180000000e-11
  1.493240000000e-11
  1.321600000000e-11
  1.169689000000e-11
  1.035238000000e-11
  9.162400000000e-12
  8.109230000000e-12
  7.177100000000e-12
  6.352120000000e-12
  5.621970000000e-12
  4.975740000000e-12
  4.403800000000e-12
  3.897600000000e-12
  3.449590000000e-12
  3.053070000000e-12
  2.702130000000e-12
  2.391540000000e-12
  2.116630000000e-12
  1.873340000000e-12
  1.658000000000e-12
  1.467420000000e-12
  1.129875000000e-11
