111
  1.383306000000e+01
  1.311814500000e+01
  1.244018000000e+01
  1.179725500000e+01
  1.118755500000e+01
  1.060936500000e+01
  1.006105900000e+01
  9.541089000000e+00
  9.047991000000e+00
  8.580377500000e+00
  8.136931000000e+00
  7.716402500000e+00
  7.317607500000e+00
  6.939422500000e+00
  6.580783000000e+00
  6.240678500000e+00
  5.918151000000e+00
  5.612292000000e+00
  5.322240500000e+00
  5.047179500000e+00
  4.786333500000e+00
  4.538968500000e+00
  4.304388000000e+00
  4.081931000000e+00
  3.870971000000e+00
  3.670913500000e+00
  3.481195000000e+00
  3.301281500000e+00
  3.130666500000e+00
  2.968869000000e+00
  2.815433500000e+00
  2.669928000000e+00
  2.531942000000e+00
  2.401087500000e+00
  2.276996000000e+00
  2.159317500000e+00
  2.047720500000e+00
  1.941891000000e+00
  1.841531500000e+00
  1.746358500000e+00
  1.656104000000e+00
  1.570514000000e+00
  1.489347500000e+00
  1.412376000000e+00
  1.339382500000e+00
  1.270161500000e+00
  1.204517500000e+00
  1.142266000000e+00
  1.083232000000e+00
  1.027249000000e+00
  9.560054000000e-01
  8.718873000000e-01
  7.951707000000e-01
  7.252043000000e-01
  6.613941500000e-01
  6.031986000000e-01
  5.501237000000e-01
  5.017188000000e-01
  4.575729500000e-01
  4.173115000000e-01
  3.805926500000e-01
  3.471046000000e-01
  3.165631500000e-01
  2.887090500000e-01
  2.633057500000e-01
  2.401377000000e-01
  2.190082000000e-01
  1.997378500000e-01
  1.821631000000e-01
  1.661347000000e-01
  1.515166500000e-01
  1.381848500000e-01
  1.260260500000e-01
  1.149371000000e-01
  1.048239000000e-01
  9.560054000000e-02
  8.718873000000e-02
  7.951707000000e-02
  7.252043000000e-02
  6.613941500000e-02
  6.031986000000e-02
  5.501237000000e-02
  5.017188000000e-02
  4.575729500000e-02
  4.173115000000e-02
  3.805926500000e-02
  3.471046000000e-02
  3.165631500000e-02
  2.887090500000e-02
  2.633057500000e-02
  2.401377000000e-02
  2.190082000000e-02
  1.997378500000e-02
  1.821631000000e-02
  1.661347000000e-02
  1.515166500000e-02
  1.381848500000e-02
  1.260260500000e-02
  1.149371000000e-02
  1.048239000000e-02
  5.759955500000e-03
  8.754620000000e-04
  1.330624600000e-04
  2.022430950000e-05
  3.073914900000e-06
  4.672077500000e-07
  7.101143500000e-08
  1.079310300000e-08
  1.640456050000e-09
  2.493347100000e-10
  3.289666000000e-11
