111
  5.151775753923e+03
  5.016883628921e+03
  4.885521880067e+03
  4.757599953794e+03
  4.633029032918e+03
  4.511735856510e+03
  4.393603701241e+03
  4.278556818088e+03
  4.166515630475e+03
  4.057422359073e+03
  3.951188596554e+03
  3.847734117378e+03
  3.746985691717e+03
  3.648883329629e+03
  3.553346225036e+03
  3.460306361494e+03
  3.369704206289e+03
  3.281472174110e+03
  3.195553155873e+03
  3.111882824746e+03
  3.030402588551e+03
  2.951057597172e+03
  2.873788131050e+03
  2.798542263181e+03
  2.725266483645e+03
  2.653909639792e+03
  2.584421077123e+03
  2.516751687004e+03
  2.450854424511e+03
  2.386682525932e+03
  2.324190569773e+03
  2.263335309613e+03
  2.204073278515e+03
  2.146362965895e+03
  2.090163737875e+03
  2.035436031944e+03
  1.982140818520e+03
  1.930241459695e+03
  1.879701347429e+03
  1.830484001936e+03
  1.782555342996e+03
  1.735881769787e+03
  1.690430170527e+03
  1.646168862393e+03
  1.603066602288e+03
  1.561092821174e+03
  1.520217755991e+03
  1.480412939498e+03
  1.441650481601e+03
  1.403903035495e+03
  1.354105844244e+03
  1.293161017609e+03
  1.234959111939e+03
  1.179376817056e+03
  1.126296082532e+03
  1.075604437936e+03
  1.027194246462e+03
  9.809624973739e+02
  9.368120286664e+02
  8.946488199514e+02
  8.543831839407e+02
  8.159295028729e+02
  7.792063965745e+02
  7.441367163195e+02
  7.106446648290e+02
  6.786604057982e+02
  6.481158289150e+02
  6.189459045553e+02
  5.910884927154e+02
  5.644850823527e+02
  5.390786454280e+02
  5.148166815020e+02
  4.916459519839e+02
  4.695175670920e+02
  4.483862696114e+02
  4.282057262623e+02
  4.089333100816e+02
  3.905282743140e+02
  3.729516091894e+02
  3.561649906361e+02
  3.401357030327e+02
  3.248265094042e+02
  3.102072251245e+02
  2.962457323426e+02
  2.829114658057e+02
  2.701791916095e+02
  2.580189280764e+02
  2.464062286928e+02
  2.353164877847e+02
  2.247255356656e+02
  2.146111404296e+02
  2.049513666454e+02
  1.957270382748e+02
  1.869179774128e+02
  1.785049095339e+02
  1.704708666689e+02
  1.627984532301e+02
  1.554716150389e+02
  1.484739501506e+02
  1.417915840415e+02
  9.626679121385e+01
  3.753060396527e+01
  1.463168464974e+01
  5.704314572413e+00
  2.223885688717e+00
  8.670049141839e-01
  3.380108400076e-01
  1.317770290500e-01
  5.137465739525e-02
  2.002894182093e-02
  7.808492047441e-03
