111
 -1.557705912536e-02
 -5.575860799586e-03
  3.808432506199e-03
  1.018645595527e-02
  1.143909701362e-02
  1.079409716553e-02
  1.006131928007e-02
  9.419916147078e-03
  8.972565362744e-03
  8.321703049014e-03
  7.656807707348e-03
  6.963524225668e-03
  6.219290324216e-03
  5.572001280247e-03
  4.957755310186e-03
  4.240544687275e-03
  3.583614860281e-03
  2.962872386018e-03
  2.511638090672e-03
  2.251191890464e-03
  1.997185017908e-03
  1.756694123516e-03
  1.613092295297e-03
  1.549036206573e-03
  1.426288506183e-03
  1.241179675679e-03
  1.106684059627e-03
  1.081182279395e-03
  1.061922109921e-03
  9.448382718024e-04
  6.631606531811e-04
  6.248031644276e-04
  5.498436485145e-04
 -1.233310629881e-04
  2.986618159254e-04
  2.450885043439e-04
 -3.903550264428e-04
 -5.621579867697e-04
 -1.517501202500e-03
 -2.456480693557e-04
 -9.266488684798e-04
 -5.408114374814e-04
 -9.364027430537e-04
 -5.759607108877e-04
 -2.853806891808e-04
 -1.122147173763e-04
 -1.452364845756e-03
 -4.240668664003e-04
 -8.833471570946e-04
 -1.399666716862e-03
  6.850841311068e-04
  4.523446701926e-04
  3.692870803487e-04
  3.695839778672e-04
  2.831483294450e-04
  4.295312861130e-04
  3.170418254278e-04
  5.098449635504e-04
  3.812153431674e-04
  3.521589603673e-04
  4.087431044130e-04
  2.867474516366e-04
  1.148092735000e-03
  6.591520473740e-04
  9.197604395350e-04
  1.143996298746e-03
  8.428639787947e-05
  9.046944979125e-04
  9.341962885079e-05
  9.092361834602e-04
 -7.271673273412e-06
  6.129691259308e-04
 -1.460456234401e-04
  1.124932017998e-05
  1.448694036116e-03
  1.129749333395e-03
  1.943968296184e-03
  4.448749347594e-04
  6.765323423714e-04
  3.095055232389e-03
  1.187636812759e-03
  3.707331996925e-04
  1.335127638467e-03
  1.043353839860e-04
  2.073870362700e-04
  2.341533901600e-04
  5.590618836998e-05
  3.260056556113e-04
  2.546769129030e-04
  4.694013968320e-05
  4.754791023098e-05
  5.058947843500e-05
  1.707328131986e-03
  1.473607696898e-03
  6.461715400002e-05
  2.867875417000e-04
  7.656709310000e-05
  1.511178431200e-03
  1.208464979000e-04
  1.450570279999e-04
  7.627637398400e-04
  5.103540645710e-03
  3.009093519470e-03
  8.299468701430e-03
  2.153027933511e-02
  5.523431497430e-02
  1.411996409416e-01
  3.593502242361e-01
  9.079556190810e-01
  2.291480748751e+00
  5.835933914460e+00
