111
  2.217271951960e-01
  2.280213111930e-01
  2.338680221170e-01
  2.424238946590e-01
  2.505449103620e-01
  2.575456212250e-01
  2.639070375450e-01
  2.705970044160e-01
  2.760223317920e-01
  2.808955547670e-01
  2.888853685830e-01
  2.959921593510e-01
  3.009097926230e-01
  3.038659872480e-01
  3.087157988990e-01
  3.079269110890e-01
  3.113473242950e-01
  3.123127907200e-01
  3.127765786070e-01
  3.123180894890e-01
  3.139801126560e-01
  3.128930580900e-01
  3.103021712900e-01
  3.131084009650e-01
  3.081692217640e-01
  2.944399491850e-01
  2.877193675710e-01
  2.833438780490e-01
  2.986397482720e-01
  2.805027579390e-01
  2.819799919520e-01
  2.818946217400e-01
  3.165949283470e-01
  2.705318701410e-01
  2.536512930820e-01
  2.659618978920e-01
  2.783741580840e-01
  2.501386606330e-01
  2.363450746890e-01
  2.304379175810e-01
  2.455100764510e-01
  2.625651547760e-01
  2.313334426280e-01
  2.245335334030e-01
  2.214139515410e-01
  2.406939128320e-01
  2.059740099090e-01
  1.893916446770e-01
  2.009729430610e-01
  2.191155425890e-01
  2.221066666000e-01
  1.726034952130e-01
  2.362915120280e-01
  2.960627037210e-01
  2.808392037410e-01
  1.967683303740e-01
  2.134725114590e-01
  2.645532600910e-01
  3.424650810010e-01
  2.968409219040e-01
  1.808582479190e-01
  2.285692207790e-01
  3.270625431630e-01
  5.607693985260e-01
  1.949841863060e-01
  4.336845764910e-01
  1.865658458440e-01
  3.191989566400e-01
  3.467517187100e-01
  4.386313729790e-01
  3.762226346910e-01
  3.944306978810e-01
  4.621339256710e-01
  4.899173228210e-01
  5.262675544230e-01
  6.053181865650e-01
  7.746621100180e-01
  1.240880990450e+00
  2.411555143220e+00
  5.662708566060e+00
  8.140960408760e-01
  6.925624130380e-02
  6.025838641420e-02
  1.012732221630e-01
  1.400228332560e-01
  1.744805083300e-01
  1.970178389880e-01
  2.192105324640e-01
  2.423366871780e-01
  2.712121400300e-01
  2.918464167500e-01
  3.067421272530e-01
  3.235414115920e-01
  3.419032065030e-01
  3.463282753020e-01
  3.771071644940e-01
  4.123534137910e-01
  4.588570896360e-01
  4.811746470820e-01
  5.367422023070e-01
  6.971441058540e-01
  7.669320072520e-01
  9.203957308930e-01
  9.592587154570e-01
  9.780035154270e-01
  1.013048087430e+00
  1.102431254140e+00
  1.341833665920e+00
  2.023063312180e+00
  4.067847904360e+00
  9.815986255310e+00
