1266
  3.081794174735e-05
  2.995797570876e-05
  2.886287279864e-05
  2.785908971549e-05
  2.697751637912e-05
  2.617061798253e-05
  2.552335027524e-05
  2.527575855872e-05
  2.545745941061e-05
  2.573225312665e-05
  2.586512723325e-05
  2.596126055590e-05
  2.605098274560e-05
  2.613287663716e-05
  2.620962724487e-05
  2.628619675291e-05
  2.636397188129e-05
  2.644675380810e-05
  2.654023544541e-05
  2.662928335360e-05
  2.666117739605e-05
  2.649812581119e-05
  2.599886828610e-05
  2.550097963334e-05
  2.490391385847e-05
  2.407275609774e-05
  2.313132147255e-05
  2.297530922906e-05
  2.288460412546e-05
  2.256076677880e-05
  2.197829909881e-05
  2.136014037071e-05
  2.087390749678e-05
  2.073422185901e-05
  2.112351055290e-05
  2.182162266652e-05
  2.269855976247e-05
  2.357251707202e-05
  2.435488030476e-05
  2.515149944840e-05
  2.602706438936e-05
  2.689801821515e-05
  2.773662706636e-05
  2.852476238131e-05
  2.920233291159e-05
  2.985990117372e-05
  3.050427039473e-05
  3.112288845099e-05
  3.144652158212e-05
  3.164657484586e-05
  3.184139327690e-05
  3.203183097960e-05
  3.223100258730e-05
  3.244673279730e-05
  3.266457650002e-05
  3.287663063271e-05
  3.308320579631e-05
  3.328436113007e-05
  3.348686649967e-05
  3.374364881862e-05
  3.400784255863e-05
  3.423856092116e-05
  3.440973994992e-05
  3.457491269693e-05
  3.469217294899e-05
  3.476551571008e-05
  3.483913398867e-05
  3.492705162594e-05
  3.502871758700e-05
  3.512773858001e-05
  3.521824608187e-05
  3.529012860018e-05
  3.535920083980e-05
  3.542502197289e-05
  3.537653089114e-05
  3.525860939708e-05
  3.514377369903e-05
  3.503202379712e-05
  3.492785062672e-05
  3.482982149680e-05
  3.472928515755e-05
  3.462582833268e-05
  3.451151611797e-05
  3.436270911102e-05
  3.421505927761e-05
  3.406121030020e-05
  3.390771949561e-05
  3.376475345989e-05
  3.364570234396e-05
  3.353119726694e-05
  3.341900653706e-05
  3.330816584292e-05
  3.319498324995e-05
  3.308871614651e-05
  3.299357995042e-05
  3.290103361892e-05
  3.283697579797e-05
  3.288488829285e-05
  3.294390414341e-05
  3.300140464772e-05
  3.185266194309e-05
  3.073717420184e-05
  3.077533337690e-05
  3.071408583451e-05
  3.100461904844e-05
  3.133138281484e-05
  3.174038855790e-05
  3.278570198939e-05
  3.351662239069e-05
  3.389171192831e-05
  3.401693463640e-05
  3.398921757496e-05
  3.480290343615e-05
  3.560587166621e-05
  3.645297780130e-05
  3.714284609366e-05
  3.775937162493e-05
  3.858622722305e-05
  3.934122785471e-05
  4.007327787777e-05
  4.065605251412e-05
  4.107431564546e-05
  4.181881905998e-05
  4.265214931960e-05
  4.341530526953e-05
  4.336168956213e-05
  4.370660993244e-05
  4.438793718199e-05
  4.536960606881e-05
  4.622690635174e-05
  4.684806057719e-05
  4.748577340499e-05
  4.817329979848e-05
  4.870879563021e-05
  4.909226090008e-05
  4.948729790543e-05
  4.985015446556e-05
  5.006764798770e-05
  5.020477305224e-05
  5.032716236212e-05
  5.039188608387e-05
  5.048679587120e-05
  5.070711897932e-05
  5.114151135606e-05
  5.158366070179e-05
  5.192775193787e-05
  5.229833583538e-05
  5.268636052829e-05
  5.306349950047e-05
  5.337332953850e-05
  5.371170131627e-05
  5.412737925525e-05
  5.453932827639e-05
  5.493986753245e-05
  5.533189100332e-05
  5.571273870992e-05
  5.605217052981e-05
  5.632339797196e-05
  5.653824607754e-05
  5.671876443591e-05
  5.688959269269e-05
  5.712756467400e-05
  5.762933505684e-05
  5.971058815220e-05
  5.803621863329e-05
  5.872796446899e-05
  6.363246620887e-05
  6.602408086119e-05
  5.998466701272e-05
  5.783440614985e-05
  6.212195703437e-05
  6.351604036961e-05
  6.345752737428e-05
  6.731778295450e-05
  6.726807274624e-05
  6.596114587175e-05
  6.335518559302e-05
  6.170120908301e-05
  6.364044669492e-05
  6.522689117004e-05
  6.453887274356e-05
  6.492441410507e-05
  6.989778724963e-05
  7.336170856466e-05
  7.226136451369e-05
  7.045308291320e-05
  7.088165771686e-05
  7.317336165504e-05
  7.806721859757e-05
  7.058437321369e-05
  7.015921451741e-05
  7.222680657645e-05
  7.191689535887e-05
  7.452418465473e-05
  7.746769358826e-05
  7.901759025932e-05
  7.675611898795e-05
  7.812978965281e-05
  7.611185706703e-05
  7.443966541684e-05
  1.005915985367e-04
  2.062290221618e-04
  3.675195821438e-04
  4.795717961477e-04
  3.338161850206e-04
  2.383431632961e-03
  8.403902035950e-03
  2.469828062275e-02
  6.527733712891e-02
  1.685161218906e-01
  4.326732110303e-01
  1.590727300616e-04
  1.546338500533e-04
  1.489812658853e-04
  1.438000465575e-04
  1.392496363284e-04
  1.350846751548e-04
  1.317436784678e-04
  1.304656862316e-04
  1.314035701046e-04
  1.328219706900e-04
  1.335078259319e-04
  1.340040365552e-04
  1.344671548835e-04
  1.348898659461e-04
  1.352860289606e-04
  1.356812571943e-04
  1.360827084692e-04
  1.365100032965e-04
  1.369925267362e-04
  1.374521646309e-04
  1.376167918615e-04
  1.367751697650e-04
  1.341981560834e-04
  1.316282080996e-04
  1.285463383364e-04
  1.242561577917e-04
  1.193967620140e-04
  1.185914748311e-04
  1.181232830038e-04
  1.164517342919e-04
  1.134452154015e-04
  1.102544703058e-04
  1.077446858647e-04
  1.070236715954e-04
  1.090330600169e-04
  1.126364998804e-04
  1.171629792633e-04
  1.216740779060e-04
  1.257123961153e-04
  1.298242989490e-04
  1.343436956902e-04
  1.388392912742e-04
  1.431679320546e-04
  1.472360439757e-04
  1.507334545083e-04
  1.541276194891e-04
  1.574536550821e-04
  1.606467710884e-04
  1.623172657025e-04
  1.633498790770e-04
  1.643554718562e-04
  1.653384526640e-04
  1.663665152013e-04
  1.674800481473e-04
  1.686044902921e-04
  1.696990484584e-04
  1.707653258726e-04
  1.718036277933e-04
  1.728488981835e-04
  1.741743294806e-04
  1.755380162522e-04
  1.767289134284e-04
  1.776124868889e-04
  1.784650577716e-04
  1.790703191020e-04
  1.794488918611e-04
  1.798288867567e-04
  1.802826905408e-04
  1.808074589407e-04
  1.813185748296e-04
  1.817857466976e-04
  1.821567821329e-04
  1.825133117745e-04
  1.828530602049e-04
  1.826027641657e-04
  1.819940897076e-04
  1.814013431787e-04
  1.808245245797e-04
  1.802868147369e-04
  1.797808185400e-04
  1.792618809001e-04
  1.787278686124e-04
  1.781378241434e-04
  1.773697281738e-04
  1.766076051778e-04
  1.758134841085e-04
  1.750212118171e-04
  1.742832651432e-04
  1.736687599247e-04
  1.730777199598e-04
  1.724986259426e-04
  1.719265003943e-04
  1.713422866851e-04
  1.707937686044e-04
  1.703027048414e-04
  1.698250091624e-04
  1.694943624066e-04
  1.697416719585e-04
  1.700462936150e-04
  1.703430935206e-04
  1.644136372427e-04
  1.586558328506e-04
  1.588527987675e-04
  1.585366578046e-04
  1.600363008337e-04
  1.617229548235e-04
  1.638341165842e-04
  1.692297027879e-04
  1.730024889346e-04
  1.749385856816e-04
  1.755849467593e-04
  1.754418798190e-04
  1.796418757957e-04
  1.837865506594e-04
  1.881590518038e-04
  1.917199395993e-04
  1.949022546357e-04
  1.991702287411e-04
  2.030673096253e-04
  2.068459265318e-04
  2.098540298365e-04
  2.120129753862e-04
  2.158558728665e-04
  2.201572671818e-04
  2.240964433089e-04
  2.238196955293e-04
  2.256000683203e-04
  2.291168698815e-04
  2.341839425343e-04
  2.386090627323e-04
  2.418152696633e-04
  2.451069470033e-04
  2.486557466376e-04
  2.514198113045e-04
  2.533991410034e-04
  2.554382004394e-04
  2.573111543217e-04
  2.584337889422e-04
  2.591415863206e-04
  2.597733222688e-04
  2.601074061997e-04
  2.605973013102e-04
  2.617345413826e-04
  2.639767411328e-04
  2.662589799694e-04
  2.680350730246e-04
  2.699479130441e-04
  2.719507770815e-04
  2.738974523790e-04
  2.754966996748e-04
  2.772432706466e-04
  2.793888722291e-04
  2.815152262853e-04
  2.835826866459e-04
  2.856061911443e-04
  2.875720097874e-04
  2.893240523703e-04
  2.907240449475e-04
  2.918330247419e-04
  2.927648049473e-04
  2.936465678308e-04
  2.948749059546e-04
  2.974648902345e-04
  3.082076781384e-04
  2.995650980242e-04
  3.031356771205e-04
  3.284512055795e-04
  3.407959843165e-04
  3.096223888596e-04
  2.985234040992e-04
  3.206544221298e-04
  3.278502512312e-04
  3.275482251586e-04
  3.474736763427e-04
  3.472170875476e-04
  3.404711332714e-04
  3.270199683828e-04
  3.184826507040e-04
  3.284923983923e-04
  3.366811364922e-04
  3.331297971351e-04
  3.351198429802e-04
  3.607908644327e-04
  3.786705601248e-04
  3.729909228010e-04
  3.636571297375e-04
  3.658693009660e-04
  3.776983713474e-04
  4.029589546388e-04
  3.643348098597e-04
  3.621402715262e-04
  3.728125453652e-04
  3.712128790455e-04
  3.846709039115e-04
  3.998643910644e-04
  4.078644806485e-04
  3.961914619881e-04
  4.032819271677e-04
  3.928659802452e-04
  3.842346416191e-04
  5.192228712634e-04
  1.064490738614e-03
  1.897022966751e-03
  2.475402007674e-03
  1.723056404133e-03
  1.230254050963e-02
  4.337835573149e-02
  1.274849228640e-01
  3.369415230055e-01
  8.698283548038e-01
  2.233325945884e+00
  1.518646544622e-04
  1.476269137860e-04
  1.422304656258e-04
  1.372840233121e-04
  1.329398061932e-04
  1.289635722451e-04
  1.257739664136e-04
  1.245538839439e-04
  1.254492694085e-04
  1.268033978924e-04
  1.274581749197e-04
  1.279319007106e-04
  1.283740337202e-04
  1.287775904420e-04
  1.291558020895e-04
  1.295331213140e-04
  1.299163815945e-04
  1.303243143764e-04
  1.307849731921e-04
  1.312237834773e-04
  1.313809509409e-04
  1.305774653351e-04
  1.281172240848e-04
  1.256637283637e-04
  1.227215076165e-04
  1.186257283730e-04
  1.139865267928e-04
  1.132177296537e-04
  1.127707530409e-04
  1.111749473522e-04
  1.083046630976e-04
  1.052585004948e-04
  1.028624421210e-04
  1.021740992301e-04
  1.040924360700e-04
  1.075325929689e-04
  1.118539636222e-04
  1.161606504839e-04
  1.200159800506e-04
  1.239415598956e-04
  1.282561688435e-04
  1.325480551378e-04
  1.366805518653e-04
  1.405643250989e-04
  1.439032571827e-04
  1.471436220887e-04
  1.503189447594e-04
  1.533673708395e-04
  1.549621701949e-04
  1.559479926752e-04
  1.569080189467e-04
  1.578464578650e-04
  1.588279357207e-04
  1.598910110574e-04
  1.609645012636e-04
  1.620094616263e-04
  1.630274227250e-04
  1.640186759860e-04
  1.650165819537e-04
  1.662819538743e-04
  1.675838477959e-04
  1.687207817512e-04
  1.695643177753e-04
  1.703782560440e-04
  1.709560911184e-04
  1.713175095792e-04
  1.716802857351e-04
  1.721135262712e-04
  1.726145157979e-04
  1.731024714508e-04
  1.735484743217e-04
  1.739026969981e-04
  1.742430711830e-04
  1.745674245650e-04
  1.743284702106e-04
  1.737473766679e-04
  1.731814893109e-04
  1.726308081402e-04
  1.721174635873e-04
  1.716343956373e-04
  1.711389726611e-04
  1.706291581158e-04
  1.700658503800e-04
  1.693325592057e-04
  1.686049703512e-04
  1.678468333548e-04
  1.670904613623e-04
  1.663859533263e-04
  1.657992932329e-04
  1.652350351102e-04
  1.646821816275e-04
  1.641359808508e-04
  1.635782396651e-04
  1.630545766289e-04
  1.625857644784e-04
  1.621297146626e-04
  1.618140505302e-04
  1.620501537242e-04
  1.623409720348e-04
  1.626243230220e-04
  1.569635486804e-04
  1.514666481485e-04
  1.516546889328e-04
  1.513528732912e-04
  1.527845628733e-04
  1.543947893732e-04
  1.564102878888e-04
  1.615613834544e-04
  1.651632130345e-04
  1.670115792717e-04
  1.676286517371e-04
  1.674920676007e-04
  1.715017488171e-04
  1.754586156904e-04
  1.796329853336e-04
  1.830325183298e-04
  1.860706328652e-04
  1.901452119116e-04
  1.938657040517e-04
  1.974731001820e-04
  2.003448970561e-04
  2.024060141300e-04
  2.060747780831e-04
  2.101812629667e-04
  2.139419428845e-04
  2.136777353996e-04
  2.153774340130e-04
  2.187348784581e-04
  2.235723464342e-04
  2.277969507996e-04
  2.308578746143e-04
  2.340003959103e-04
  2.373883884971e-04
  2.400272048762e-04
  2.419168450470e-04
  2.438635084163e-04
  2.456515929865e-04
  2.467233575728e-04
  2.473990824708e-04
  2.480021925165e-04
  2.483211380749e-04
  2.487888345283e-04
  2.498745427485e-04
  2.520151415184e-04
  2.541939650803e-04
  2.558895778860e-04
  2.577157412296e-04
  2.596278493254e-04
  2.614863147663e-04
  2.630130952389e-04
  2.646805236977e-04
  2.667289014605e-04
  2.687589038619e-04
  2.707326812224e-04
  2.726644944964e-04
  2.745412358388e-04
  2.762138879732e-04
  2.775504425725e-04
  2.786091710750e-04
  2.794987294479e-04
  2.803405369379e-04
  2.815132152760e-04
  2.839858393868e-04
  2.942418384658e-04
  2.859908802896e-04
  2.893996654439e-04
  3.135680692959e-04
  3.253534680665e-04
  2.955924442846e-04
  2.849963887264e-04
  3.061245821309e-04
  3.129943460409e-04
  3.127060057004e-04
  3.317285732889e-04
  3.314836113228e-04
  3.250433370232e-04
  3.122016858670e-04
  3.040512203609e-04
  3.136073955353e-04
  3.214250766775e-04
  3.180346594505e-04
  3.199345301857e-04
  3.444423185482e-04
  3.615118301302e-04
  3.560895546759e-04
  3.471787045393e-04
  3.492906354723e-04
  3.605836942222e-04
  3.846996426414e-04
  3.478256768868e-04
  3.457305798478e-04
  3.559192600715e-04
  3.543920795622e-04
  3.672402798491e-04
  3.817453032787e-04
  3.893828841507e-04
  3.782388059374e-04
  3.850079802897e-04
  3.750640120201e-04
  3.668237859456e-04
  4.956952829235e-04
  1.016255382901e-03
  1.811063010241e-03
  2.363233914480e-03
  1.644979408672e-03
  1.174507448750e-02
  4.141274875807e-02
  1.217081881501e-01
  3.216736642754e-01
  8.304137515749e-01
  2.132127065034e+00
  3.404930611269e-04
  3.309916975593e-04
  3.188924163947e-04
  3.078020853956e-04
  2.980619928752e-04
  2.891469489269e-04
  2.819955899935e-04
  2.792600646246e-04
  2.812675925697e-04
  2.843036601411e-04
  2.857717241562e-04
  2.868338563899e-04
  2.878251550065e-04
  2.887299624090e-04
  2.895779440678e-04
  2.904239248408e-04
  2.912832259505e-04
  2.921978448402e-04
  2.932306798396e-04
  2.942145286345e-04
  2.945669110302e-04
  2.927654301362e-04
  2.872493666560e-04
  2.817484272076e-04
  2.751517260051e-04
  2.659686516600e-04
  2.555671796860e-04
  2.538434731908e-04
  2.528413148170e-04
  2.492633870509e-04
  2.428279733886e-04
  2.359982259863e-04
  2.306260658004e-04
  2.290827443551e-04
  2.333838135222e-04
  2.410969285812e-04
  2.507857974441e-04
  2.604417440372e-04
  2.690857104063e-04
  2.778871836842e-04
  2.875608922468e-04
  2.971836547491e-04
  3.064490527168e-04
  3.151567921294e-04
  3.226429528172e-04
  3.299081177755e-04
  3.370274526863e-04
  3.438622749911e-04
  3.474379464751e-04
  3.496482416570e-04
  3.518006996145e-04
  3.539047569482e-04
  3.561053111239e-04
  3.584888135713e-04
  3.608956670139e-04
  3.632385541981e-04
  3.655209068089e-04
  3.677433782482e-04
  3.699807656039e-04
  3.728178336514e-04
  3.757367870326e-04
  3.782858865851e-04
  3.801771638151e-04
  3.820020804401e-04
  3.832976342607e-04
  3.841079642120e-04
  3.849213382276e-04
  3.858926991863e-04
  3.870159589607e-04
  3.881099957170e-04
  3.891099708814e-04
  3.899041672914e-04
  3.906673142432e-04
  3.913945412357e-04
  3.908587858957e-04
  3.895559263207e-04
  3.882871602664e-04
  3.870524877339e-04
  3.859015269732e-04
  3.848184488495e-04
  3.837076697395e-04
  3.825646235464e-04
  3.813016412151e-04
  3.796575420170e-04
  3.780262278895e-04
  3.763264223120e-04
  3.746305740189e-04
  3.730510089870e-04
  3.717356687470e-04
  3.704705555701e-04
  3.692310125351e-04
  3.680063854151e-04
  3.667558837476e-04
  3.655817880976e-04
  3.645306726501e-04
  3.635081714082e-04
  3.628004264289e-04
  3.633297892326e-04
  3.639818278332e-04
  3.646171240801e-04
  3.519252018501e-04
  3.396006981963e-04
  3.400223011195e-04
  3.393456055970e-04
  3.425555715376e-04
  3.461658319501e-04
  3.506847455951e-04
  3.622339260382e-04
  3.703095245620e-04
  3.744537138757e-04
  3.758372411582e-04
  3.755310082770e-04
  3.845210437551e-04
  3.933926651270e-04
  4.027519456201e-04
  4.103739785439e-04
  4.171856815164e-04
  4.263212232739e-04
  4.346628730289e-04
  4.427509522164e-04
  4.491897572964e-04
  4.538109515057e-04
  4.620366224058e-04
  4.712436996776e-04
  4.796754537395e-04
  4.790830788014e-04
  4.828939430601e-04
  4.904216099864e-04
  5.012676115470e-04
  5.107395224239e-04
  5.176023656789e-04
  5.246481572064e-04
  5.322443155820e-04
  5.381607592064e-04
  5.423974880783e-04
  5.467620676570e-04
  5.507711005095e-04
  5.531740849702e-04
  5.546891158364e-04
  5.560413382240e-04
  5.567564404306e-04
  5.578050543933e-04
  5.602393016294e-04
  5.650387003465e-04
  5.699238021952e-04
  5.737255057367e-04
  5.778199143348e-04
  5.821070181448e-04
  5.862738507049e-04
  5.896970182526e-04
  5.934355301675e-04
  5.980281617925e-04
  6.025795943439e-04
  6.070049657238e-04
  6.113362501659e-04
  6.155440588024e-04
  6.192942826281e-04
  6.222909481029e-04
  6.246647045901e-04
  6.266591677160e-04
  6.285465694302e-04
  6.311758108325e-04
  6.367196377058e-04
  6.597144322066e-04
  6.412151045219e-04
  6.488578815460e-04
  7.030454332133e-04
  7.294692677666e-04
  6.627426016727e-04
  6.389853725423e-04
  6.863565220296e-04
  7.017590984305e-04
  7.011126156427e-04
  7.437627786555e-04
  7.432135537553e-04
  7.287739284288e-04
  6.999818890462e-04
  6.817078742031e-04
  7.031336058806e-04
  7.206614907754e-04
  7.130598961568e-04
  7.173195627967e-04
  7.722680424843e-04
  8.105392930994e-04
  7.983821050147e-04
  7.784032452135e-04
  7.831383682798e-04
  8.084583359630e-04
  8.625282782304e-04
  7.798538104939e-04
  7.751564304045e-04
  7.980002904881e-04
  7.945762260254e-04
  8.233829490983e-04
  8.559044060940e-04
  8.730284913520e-04
  8.480425503001e-04
  8.632195966290e-04
  8.409244008981e-04
  8.224491354689e-04
  1.111389644065e-03
  2.278528255544e-03
  4.060552407235e-03
  5.298565044971e-03
  3.688179295787e-03
  2.633342418992e-02
  9.285079299226e-02
  2.728797803161e-01
  7.212188446409e-01
  1.861856014336e+00
  4.780404457217e+00
  1.395973508845e-04
  1.357019258810e-04
  1.307413913180e-04
  1.261945120871e-04
  1.222012115813e-04
  1.185461693491e-04
  1.156142130883e-04
  1.144926862838e-04
  1.153157444162e-04
  1.165604892831e-04
  1.171623748157e-04
  1.175978340454e-04
  1.180042524915e-04
  1.183752107602e-04
  1.187228712757e-04
  1.190697114563e-04
  1.194220127870e-04
  1.197969936270e-04
  1.202204414040e-04
  1.206238055283e-04
  1.207682773386e-04
  1.200296955900e-04
  1.177681873918e-04
  1.155128798334e-04
  1.128083254163e-04
  1.090433945032e-04
  1.047789377531e-04
  1.040722424107e-04
  1.036613716173e-04
  1.021944717159e-04
  9.955604291465e-05
  9.675594284384e-05
  9.455343296598e-05
  9.392069294886e-05
  9.568407062157e-05
  9.884633896775e-05
  1.028186384967e-04
  1.067774403596e-04
  1.103213446091e-04
  1.139298244689e-04
  1.178959084886e-04
  1.218411053425e-04
  1.256397877794e-04
  1.292098380769e-04
  1.322790583331e-04
  1.352576734584e-04
  1.381765003217e-04
  1.409786810309e-04
  1.424446558886e-04
  1.433508457270e-04
  1.442333231196e-04
  1.450959569393e-04
  1.459981531026e-04
  1.469753554761e-04
  1.479621314281e-04
  1.489226821168e-04
  1.498584144844e-04
  1.507695964166e-04
  1.516868936641e-04
  1.528500515340e-04
  1.540467812354e-04
  1.550918760855e-04
  1.558672730649e-04
  1.566154631325e-04
  1.571466219194e-04
  1.574788457661e-04
  1.578123176362e-04
  1.582105619239e-04
  1.586710825828e-04
  1.591196222166e-04
  1.595295979248e-04
  1.598552072473e-04
  1.601680867299e-04
  1.604662395361e-04
  1.602465874059e-04
  1.597124333628e-04
  1.591922571821e-04
  1.586860588644e-04
  1.582141811920e-04
  1.577701344429e-04
  1.573147306803e-04
  1.568460978689e-04
  1.563282929331e-04
  1.556542354592e-04
  1.549854196839e-04
  1.542885233805e-04
  1.535932495079e-04
  1.529456501316e-04
  1.524063791920e-04
  1.518877006395e-04
  1.513795054845e-04
  1.508774256441e-04
  1.503647376044e-04
  1.498833749538e-04
  1.494524324510e-04
  1.490332213687e-04
  1.487430559131e-04
  1.489600871936e-04
  1.492274138200e-04
  1.494878763175e-04
  1.442843672795e-04
  1.392314946737e-04
  1.394043459236e-04
  1.391269103072e-04
  1.404429510519e-04
  1.419231068822e-04
  1.437757977171e-04
  1.485107987460e-04
  1.518216801983e-04
  1.535207393446e-04
  1.540879660096e-04
  1.539624148490e-04
  1.576482025504e-04
  1.612854421390e-04
  1.651226150867e-04
  1.682475410425e-04
  1.710402431517e-04
  1.747856863746e-04
  1.782056450779e-04
  1.815216434262e-04
  1.841614626609e-04
  1.860560870841e-04
  1.894284960932e-04
  1.932032678677e-04
  1.966601680655e-04
  1.964173026989e-04
  1.979797032757e-04
  2.010659405041e-04
  2.055126481126e-04
  2.093959979284e-04
  2.122096668319e-04
  2.150983419458e-04
  2.182126597020e-04
  2.206383181101e-04
  2.223753171695e-04
  2.241647332149e-04
  2.258083801191e-04
  2.267935698431e-04
  2.274147111220e-04
  2.279691032218e-04
  2.282622850368e-04
  2.286922019661e-04
  2.296902089869e-04
  2.316578947440e-04
  2.336607175757e-04
  2.352193623877e-04
  2.368980121430e-04
  2.386556642163e-04
  2.403640067741e-04
  2.417674571696e-04
  2.433001943062e-04
  2.451831084729e-04
  2.470491316006e-04
  2.488634714268e-04
  2.506392369359e-04
  2.523643791069e-04
  2.539019179617e-04
  2.551305085251e-04
  2.561037151923e-04
  2.569214169331e-04
  2.576952250057e-04
  2.587731768834e-04
  2.610460676810e-04
  2.704736089819e-04
  2.628891456469e-04
  2.660225763913e-04
  2.882387080171e-04
  2.990721073576e-04
  2.717151157372e-04
  2.619749869957e-04
  2.813964899035e-04
  2.877113289057e-04
  2.874462800842e-04
  3.049322451481e-04
  3.047070706883e-04
  2.987870280400e-04
  2.869826981336e-04
  2.794906098846e-04
  2.882748575666e-04
  2.954610430643e-04
  2.923444965251e-04
  2.940908997459e-04
  3.166190011237e-04
  3.323096738887e-04
  3.273253983055e-04
  3.191343476782e-04
  3.210756813253e-04
  3.314565108240e-04
  3.536244242553e-04
  3.197290589764e-04
  3.178031994173e-04
  3.271688597368e-04
  3.257650416188e-04
  3.375753916311e-04
  3.509087301387e-04
  3.579293634827e-04
  3.476854801898e-04
  3.539078550446e-04
  3.447671393683e-04
  3.371925412186e-04
  4.556540729446e-04
  9.341644359409e-04
  1.664769194713e-03
  2.172336908479e-03
  1.512101473008e-03
  1.079633236714e-02
  3.806751505110e-02
  1.118768597398e-01
  2.956895502852e-01
  7.633346960712e-01
  1.959898378473e+00
  5.847684306647e-05
  5.684506312823e-05
  5.476711251292e-05
  5.286244067249e-05
  5.118966102792e-05
  4.965857659357e-05
  4.843039034897e-05
  4.796058668490e-05
  4.830536286393e-05
  4.882678214431e-05
  4.907890989323e-05
  4.926132224471e-05
  4.943156951332e-05
  4.958696263737e-05
  4.973259641392e-05
  4.987788655503e-05
  5.002546435288e-05
  5.018254251800e-05
  5.035992331388e-05
  5.052889113774e-05
  5.058940987485e-05
  5.028002055814e-05
  4.933268266699e-05
  4.838794220215e-05
  4.725501379623e-05
  4.567789737696e-05
  4.389153132806e-05
  4.359549911560e-05
  4.342338677429e-05
  4.280890752532e-05
  4.170367890904e-05
  4.053072676222e-05
  3.960810306152e-05
  3.934305047672e-05
  4.008172322933e-05
  4.140638640268e-05
  4.307036881134e-05
  4.472869709478e-05
  4.621322621606e-05
  4.772480583512e-05
  4.938618458866e-05
  5.103881378131e-05
  5.263006859606e-05
  5.412555020561e-05
  5.541123585882e-05
  5.665896733891e-05
  5.788165372476e-05
  5.905547744375e-05
  5.966956919510e-05
  6.004916895567e-05
  6.041883565540e-05
  6.078018995173e-05
  6.115811677574e-05
  6.156746343939e-05
  6.198082044168e-05
  6.238319177265e-05
  6.277516679557e-05
  6.315685772681e-05
  6.354111034224e-05
  6.402835311433e-05
  6.452965900946e-05
  6.496744559460e-05
  6.529225668299e-05
  6.560567089101e-05
  6.582817145299e-05
  6.596733886285e-05
  6.610702906537e-05
  6.627385220754e-05
  6.646676270426e-05
  6.665465439137e-05
  6.682639178467e-05
  6.696278839340e-05
  6.709385251668e-05
  6.721874768657e-05
  6.712673617586e-05
  6.690298091151e-05
  6.668508092492e-05
  6.647303621634e-05
  6.627536830630e-05
  6.608935867292e-05
  6.589859162621e-05
  6.570228297712e-05
  6.548537629674e-05
  6.520301597352e-05
  6.492285137953e-05
  6.463092395032e-05
  6.433967615169e-05
  6.406839903322e-05
  6.384250031876e-05
  6.362522768342e-05
  6.341234650666e-05
  6.320202701388e-05
  6.298726378339e-05
  6.278562264908e-05
  6.260510233873e-05
  6.242949627951e-05
  6.230794698287e-05
  6.239886062880e-05
  6.251084281955e-05
  6.261994965071e-05
  6.044021787585e-05
  5.832358717669e-05
  5.839599396198e-05
  5.827977715057e-05
  5.883106202533e-05
  5.945109413662e-05
  6.022717986117e-05
  6.221065526617e-05
  6.359757195099e-05
  6.430930189737e-05
  6.454691116761e-05
  6.449431822466e-05
  6.603828182873e-05
  6.756190879778e-05
  6.916928715316e-05
  7.047830772954e-05
  7.164816089606e-05
  7.321711398989e-05
  7.464972275444e-05
  7.603878288915e-05
  7.714459395311e-05
  7.793824551144e-05
  7.935093587506e-05
  8.093217459678e-05
  8.238025802444e-05
  8.227852257004e-05
  8.293300671861e-05
  8.422582072207e-05
  8.608853101948e-05
  8.771525270378e-05
  8.889388878724e-05
  9.010394471046e-05
  9.140852154903e-05
  9.242462139021e-05
  9.315224423379e-05
  9.390182436982e-05
  9.459034232137e-05
  9.500303485828e-05
  9.526322877211e-05
  9.549546168778e-05
  9.561827452683e-05
  9.579836522803e-05
  9.621642688585e-05
  9.704068358190e-05
  9.787965907592e-05
  9.853256994771e-05
  9.923575047143e-05
  9.997202479043e-05
  1.006876435255e-04
  1.012755439979e-04
  1.019176022349e-04
  1.027063484076e-04
  1.034880189831e-04
  1.042480396039e-04
  1.049919015779e-04
  1.057145576123e-04
  1.063586272723e-04
  1.068732795713e-04
  1.072809524476e-04
  1.076234848529e-04
  1.079476303537e-04
  1.083991806331e-04
  1.093512866554e-04
  1.133004508026e-04
  1.101233455827e-04
  1.114359287853e-04
  1.207421887851e-04
  1.252802619584e-04
  1.138205136493e-04
  1.097404077142e-04
  1.178760074979e-04
  1.205212715160e-04
  1.204102434898e-04
  1.277350532260e-04
  1.276407284307e-04
  1.251608432272e-04
  1.202160506286e-04
  1.170776410098e-04
  1.207573317053e-04
  1.237675997292e-04
  1.224620892612e-04
  1.231936514752e-04
  1.326305945153e-04
  1.392033625734e-04
  1.371154669276e-04
  1.336842644080e-04
  1.344974822972e-04
  1.388459755433e-04
  1.481320371098e-04
  1.339333868952e-04
  1.331266510475e-04
  1.370498934675e-04
  1.364618389575e-04
  1.414091533574e-04
  1.469944423226e-04
  1.499353611272e-04
  1.456442341687e-04
  1.482507652782e-04
  1.444217513841e-04
  1.412487786559e-04
  1.908719008445e-04
  3.913182218193e-04
  6.973660053312e-04
  9.099843491283e-04
  6.334140295458e-04
  4.522545947517e-03
  1.594634919266e-02
  4.686482607529e-02
  1.238633206065e-01
  3.197582400134e-01
  8.209945903560e-01
