211
  7.011212801948e-02
  6.676703332949e-02
  6.226813115381e-02
  5.754313724602e-02
  5.263318378178e-02
  4.801798853168e-02
  4.410768014880e-02
  4.167861485783e-02
  4.119595303642e-02
  4.186495461341e-02
  4.258767981641e-02
  4.362555287718e-02
  4.492757499651e-02
  4.631528041861e-02
  4.782209141818e-02
  4.946020644844e-02
  5.116335512864e-02
  5.289467841772e-02
  5.465307316981e-02
  5.636824616269e-02
  5.787127253218e-02
  5.870731079275e-02
  5.835861437992e-02
  5.791685548956e-02
  5.709587891752e-02
  5.548821770288e-02
  5.331162069373e-02
  5.136718965162e-02
  4.963860297351e-02
  4.809068321660e-02
  4.672644094894e-02
  4.571754678459e-02
  4.526805389103e-02
  4.543608227120e-02
  4.668717528335e-02
  4.836601201356e-02
  4.949595794023e-02
  5.013919839976e-02
  5.049904773296e-02
  5.090384553940e-02
  5.148157066301e-02
  5.205790747488e-02
  5.258134775512e-02
  5.302288495743e-02
  5.327927279599e-02
  5.352120451486e-02
  5.376081986039e-02
  5.400245060634e-02
  5.435520720966e-02
  5.474746098502e-02
  5.513593425592e-02
  5.551797116608e-02
  5.592209940210e-02
  5.636678479899e-02
  5.682204556929e-02
  5.726772862010e-02
  5.770351788712e-02
  5.813073210095e-02
  5.855880431071e-02
  5.908219170432e-02
  5.961688348464e-02
  6.009904776368e-02
  6.049072773341e-02
  6.087001180599e-02
  6.117433268538e-02
  6.140714674667e-02
  6.162307857407e-02
  6.186650993687e-02
  6.213870202112e-02
  6.240397767267e-02
  6.265860637766e-02
  6.289607574967e-02
  6.312686648861e-02
  6.334928032295e-02
  6.338135786081e-02
  6.329662086221e-02
  6.321406711354e-02
  6.313399144649e-02
  6.307571581574e-02
  6.301282998914e-02
  6.293365455155e-02
  6.285119081370e-02
  6.275068944246e-02
  6.259717144396e-02
  6.244272586318e-02
  6.226405090717e-02
  6.207973219254e-02
  6.191356095309e-02
  6.179331114228e-02
  6.167918648299e-02
  6.157001369191e-02
  6.146463072315e-02
  6.134186430426e-02
  6.122893332800e-02
  6.113740951075e-02
  6.104852261091e-02
  6.100840546241e-02
  6.116548112516e-02
  6.134041070008e-02
  6.151075142630e-02
  5.979472166278e-02
  5.830689322329e-02
  5.871959393066e-02
  5.911914461943e-02
  6.022005164646e-02
  6.127160262810e-02
  6.235198119040e-02
  6.474132049350e-02
  6.679259997070e-02
  6.794712490308e-02
  6.849674410296e-02
  6.891303261449e-02
  7.109936873899e-02
  7.331204463793e-02
  7.550145596816e-02
  7.743882233334e-02
  7.919916558205e-02
  8.134686941476e-02
  8.334564199818e-02
  8.539878357213e-02
  8.709735674622e-02
  8.830470223351e-02
  9.021721057071e-02
  9.233572868168e-02
  9.453557886081e-02
  9.465887315534e-02
  9.525350270774e-02
  9.761745102111e-02
  9.995875746315e-02
  1.033764035028e-01
  1.037209951072e-01
  1.054462259198e-01
  1.068900350591e-01
  1.084711634756e-01
  1.090839637446e-01
  1.107566688124e-01
  1.120931751280e-01
  1.122635633773e-01
  1.113069900797e-01
  1.119262980422e-01
  1.130709209536e-01
  1.134745255229e-01
  1.148529039940e-01
  1.166789768151e-01
  1.189041920515e-01
  1.182176622374e-01
  1.191031380671e-01
  1.202517782268e-01
  1.207172124063e-01
  1.225965850768e-01
  1.227166144627e-01
  1.243997797817e-01
  1.262148541058e-01
  1.283975401813e-01
  1.294579766165e-01
  1.292030773386e-01
  1.301997215150e-01
  1.322732965285e-01
  1.321395565623e-01
  1.320597398025e-01
  1.325662603200e-01
  1.335396088757e-01
  1.351518610121e-01
  1.397449434206e-01
  1.359899355070e-01
  1.378455579797e-01
  1.495050827966e-01
  1.552523966442e-01
  1.412104508875e-01
  1.363695549549e-01
  1.466330907991e-01
  1.499935157517e-01
  1.499404781275e-01
  1.591501200373e-01
  1.591190932496e-01
  1.561317809465e-01
  1.500648033071e-01
  1.462609912004e-01
  1.509968128735e-01
  1.548844447281e-01
  1.533623833606e-01
  1.543624032768e-01
  1.662463135690e-01
  1.745276574717e-01
  1.719855491065e-01
  1.678107182776e-01
  1.689458014462e-01
  1.745060406205e-01
  1.862555338877e-01
  1.686621267192e-01
  1.678804955318e-01
  1.728977234539e-01
  1.722621484526e-01
  1.786084273102e-01
  1.857284327387e-01
  1.895133439290e-01
  1.842370688760e-01
  1.876765848809e-01
  1.829893551000e-01
  1.791317998960e-01
  2.489693574476e-01
  5.420626341655e-01
  9.814549385793e-01
  1.386303366173e+00
  9.015254425245e-01
  4.975984034556e+00
  1.764466665829e+01
  5.262854798801e+01
  1.399651619957e+02
  3.613592614833e+02
  9.277913827788e+02
