211
  2.748136635080e-01
  2.736418473990e-01
  2.725927503390e-01
  2.716791909070e-01
  2.708944770510e-01
  2.702269683690e-01
  2.697138481680e-01
  2.695128509550e-01
  2.696976364350e-01
  2.702125945940e-01
  2.710233697540e-01
  2.720958889980e-01
  2.733909425540e-01
  2.748676712000e-01
  2.764859226190e-01
  2.782574785950e-01
  2.802087303220e-01
  2.823572562180e-01
  2.847309084180e-01
  2.873323260420e-01
  2.901412444220e-01
  2.932395233870e-01
  2.965997820710e-01
  3.001374272770e-01
  3.038201769180e-01
  3.076345526360e-01
  3.115363491820e-01
  3.155332954040e-01
  3.195556431510e-01
  3.235786035500e-01
  3.276054755000e-01
  3.315542106680e-01
  3.354461576440e-01
  3.393115249170e-01
  3.431606804570e-01
  3.469446120490e-01
  3.506288226310e-01
  3.541506802470e-01
  3.574405309990e-01
  3.605226924840e-01
  3.631654877290e-01
  3.654797126170e-01
  3.673894924680e-01
  3.689185793560e-01
  3.701534044390e-01
  3.712239914710e-01
  3.721457038960e-01
  3.729530859020e-01
  3.736052782660e-01
  3.740865876540e-01
  3.744108223140e-01
  3.745414115940e-01
  3.742953137160e-01
  3.736325177480e-01
  3.727673107520e-01
  3.718415453940e-01
  3.708014024880e-01
  3.695467368830e-01
  3.682948517790e-01
  3.667731638510e-01
  3.650888401940e-01
  3.633540905070e-01
  3.614827663940e-01
  3.596552233870e-01
  3.577105694590e-01
  3.556249111550e-01
  3.534269960260e-01
  3.511792675190e-01
  3.488887947050e-01
  3.465840423700e-01
  3.443098755430e-01
  3.420367926400e-01
  3.398158323440e-01
  3.376533096900e-01
  3.355628915470e-01
  3.335397709460e-01
  3.315715063250e-01
  3.296656851530e-01
  3.278252293120e-01
  3.260524480300e-01
  3.243500275550e-01
  3.227093436210e-01
  3.211244110830e-01
  3.196246843970e-01
  3.181757136320e-01
  3.169039408780e-01
  3.158137018330e-01
  3.149819551000e-01
  3.144538484720e-01
  3.139593906150e-01
  3.136325168350e-01
  3.135813838980e-01
  3.137541519600e-01
  3.140666990920e-01
  3.146802943360e-01
  3.153900289260e-01
  3.161462308680e-01
  3.171913692490e-01
  3.184873182210e-01
  3.198002329600e-01
  3.261653646360e-01
  3.385901499250e-01
  3.478505368850e-01
  3.602322008500e-01
  3.756103491760e-01
  3.860622042590e-01
  3.942275452060e-01
  4.050456252230e-01
  4.216118956450e-01
  4.335340229570e-01
  4.418784470020e-01
  4.538795593850e-01
  4.673781834780e-01
  4.786113592630e-01
  4.897394886740e-01
  4.999396848780e-01
  5.091261764970e-01
  5.183744046580e-01
  5.270910387820e-01
  5.355555427560e-01
  5.422226179600e-01
  5.468792497600e-01
  5.518742543600e-01
  5.570177094230e-01
  5.622290275540e-01
  5.684842116330e-01
  5.737775309720e-01
  5.787107990300e-01
  5.841973396050e-01
  5.889901688140e-01
  5.925487384660e-01
  5.962175856030e-01
  6.003247150580e-01
  6.038931814070e-01
  6.068848116740e-01
  6.103010573910e-01
  6.136367157130e-01
  6.160510386270e-01
  6.182056910500e-01
  6.211803555500e-01
  6.234641363120e-01
  6.251060455510e-01
  6.283827949600e-01
  6.320078138660e-01
  6.350027430320e-01
  6.368308044390e-01
  6.389119385380e-01
  6.408761973520e-01
  6.425690038930e-01
  6.439710360360e-01
  6.455775999270e-01
  6.474405354100e-01
  6.494170472780e-01
  6.515142046020e-01
  6.534030600070e-01
  6.552890877840e-01
  6.570431595950e-01
  6.589555785650e-01
  6.608199278620e-01
  6.624528829460e-01
  6.640867805730e-01
  6.662993993670e-01
  6.688494484180e-01
  6.748199846270e-01
  6.817217529420e-01
  6.832218095180e-01
  6.899345980380e-01
  6.933117282360e-01
  6.857728011110e-01
  6.916297609350e-01
  6.921929301490e-01
  6.860470810130e-01
  6.870259115210e-01
  6.920195023070e-01
  6.958768579680e-01
  7.008798741810e-01
  7.004213271980e-01
  6.994825547510e-01
  7.027107632150e-01
  7.048597603820e-01
  7.014981821380e-01
  7.007611138110e-01
  7.097925571700e-01
  7.158992907870e-01
  7.174332788960e-01
  7.191972474050e-01
  7.206539470200e-01
  7.258025860660e-01
  7.371404312100e-01
  7.263850774040e-01
  7.291825438920e-01
  7.336134367360e-01
  7.314630257540e-01
  7.383695067820e-01
  7.466902730080e-01
  7.515019530690e-01
  7.474028352260e-01
  7.486281406290e-01
  7.430902314810e-01
  7.364570878120e-01
  8.099259284710e-01
  1.089542506390e+00
  1.509513576720e+00
  1.888521744910e+00
  1.460005111940e+00
  5.628831521300e+00
  1.834513581670e+01
  5.334640406890e+01
  1.407079458890e+02
  3.622460845330e+02
  9.293545609620e+02
