1602
 -1.904485577852e-02
 -1.695617586873e-02
 -1.504494457766e-02
 -1.320135961535e-02
 -1.136838924571e-02
 -9.435090931082e-03
 -7.507917257194e-03
 -5.613366680263e-03
 -3.755912101006e-03
 -2.024731209702e-03
 -2.136405025163e-04
  1.675871552621e-03
  3.332886604805e-03
  4.872495092741e-03
  6.281554630780e-03
  7.581629009126e-03
  8.793918885088e-03
  9.774129438080e-03
  1.063160721027e-02
  1.123478056576e-02
  1.158825532003e-02
  1.170060313676e-02
  1.160258938393e-02
  1.146125504863e-02
  1.132240599338e-02
  1.118727986996e-02
  1.107350151863e-02
  1.096224999292e-02
  1.085377147897e-02
  1.074696685909e-02
  1.061563870125e-02
  1.046340531647e-02
  1.031417471602e-02
  1.016732026641e-02
  1.002217065282e-02
  9.891275358514e-03
  9.770181752485e-03
  9.650620260164e-03
  9.532484903266e-03
  9.415833109290e-03
  9.319629714144e-03
  9.248007822204e-03
  9.176928269194e-03
  9.106532362316e-03
  9.036697025085e-03
  8.958534766037e-03
  8.830820477964e-03
  8.696203127191e-03
  8.562382391936e-03
  8.439883168230e-03
  8.313023453839e-03
  8.176300982903e-03
  8.051935884638e-03
  7.923662572659e-03
  7.802926678758e-03
  7.694086329784e-03
  7.564772296384e-03
  7.443266280702e-03
  7.321681366675e-03
  7.170385762473e-03
  7.036547707944e-03
  6.901002463099e-03
  6.766314051291e-03
  6.625581161511e-03
  6.489383901671e-03
  6.346439757403e-03
  6.183065767894e-03
  6.063875799946e-03
  5.901044853953e-03
  5.774833905476e-03
  5.635013259871e-03
  5.553770130668e-03
  5.514767450050e-03
  5.471110847497e-03
  5.351368596266e-03
  5.201253098409e-03
  5.047644089490e-03
  4.894277221387e-03
  4.714618432667e-03
  4.578771200959e-03
  4.441811404938e-03
  4.319639334614e-03
  4.235836743208e-03
  4.132318818895e-03
  4.004584762027e-03
  3.871443798838e-03
  3.750000569845e-03
  3.565377815943e-03
  3.477925584464e-03
  3.364729487256e-03
  3.250968297377e-03
  3.133965655757e-03
  3.013858486890e-03
  2.908067631653e-03
  2.819657808641e-03
  2.736196581381e-03
  2.611460833414e-03
  2.564220263283e-03
  2.512446579750e-03
  2.450739564010e-03
  2.399553456052e-03
  2.349747844203e-03
  2.280056805021e-03
  2.262176689549e-03
  2.226731514041e-03
  2.179982397897e-03
  2.121803907892e-03
  2.073306283297e-03
  2.030791457745e-03
  1.948900142149e-03
  1.935328713203e-03
  1.847438601244e-03
  1.845581440544e-03
  1.804695488774e-03
  1.739306322000e-03
  1.714867465746e-03
  1.698610416298e-03
  1.670096761327e-03
  1.608120260823e-03
  1.624878929380e-03
  1.594099431083e-03
  1.563153759206e-03
  1.483707446286e-03
  1.573901372907e-03
  1.565417001870e-03
  1.561922209961e-03
  1.549990894405e-03
  1.547325061263e-03
  1.507938381716e-03
  1.468614953424e-03
  1.431370667132e-03
  1.395220913774e-03
  1.149829912153e-03
  1.286149728081e-03
  1.299257718496e-03
  1.268779857020e-03
  1.140381960072e-03
  1.202995809118e-03
  1.118221815027e-03
  1.144850298514e-03
  1.094515168308e-03
  1.072684000981e-03
  1.104473701470e-03
  1.113683907058e-03
  1.050255307108e-03
  1.091341047730e-03
  1.059004551742e-03
  1.023708879874e-03
  1.064425617211e-03
  1.094117372416e-03
  9.141956083815e-04
  1.061468189237e-03
  1.029622731816e-03
  9.920339243423e-04
  9.907323759267e-04
  1.004274072861e-03
  9.875734201674e-04
  8.488380500642e-04
  8.714286818657e-04
  8.790757891474e-04
  6.701390375402e-04
  6.521040859175e-04
  7.316204795745e-04
  6.394425299903e-04
  6.623684680480e-04
  6.372157947174e-04
  6.337914151440e-04
  6.179275125451e-04
  5.618262070102e-04
  5.741261105584e-04
  5.442079280604e-04
  5.175450284825e-04
  5.204889434719e-04
  5.061171519298e-04
  4.857451997993e-04
  1.887967007216e-04
  2.548146331999e-04
  5.300156079624e-05
  6.507398724537e-05
  3.736936816122e-04
 -1.294785750166e-04
  3.298992878126e-04
  3.788912738344e-04
  2.124868631562e-04
  1.555756737061e-04
  2.160743682515e-04
  3.197260389513e-04
  2.924682106968e-04
  1.942887444948e-04
  3.092031330010e-04
  1.824094553833e-04
  1.052020579187e-04
  6.235066658555e-05
  3.110055349178e-04
 -1.943379010311e-03
 -4.730516529844e-05
  3.213679410006e-04
  1.324274535919e-04
  1.263823984149e-05
  4.006347616126e-04
 -4.185518235211e-05
 -2.951188310579e-05
 -1.691299127339e-04
 -1.554338267319e-03
  1.643389013609e-04
 -3.624735232113e-04
  1.601906090509e-05
 -3.607760627304e-04
 -1.506824902852e-04
  8.303445798885e-06
 -2.950985088168e-04
 -1.060658754858e-04
 -6.688085160936e-05
  1.691061844644e-04
 -7.483575290329e-04
 -5.698393988591e-04
 -1.351441056804e-03
 -6.792696737097e-04
 -4.655587849517e-04
 -5.609493010066e-04
  1.157562298920e-05
 -2.065884853722e-03
 -1.834606003295e-04
 -3.786228218857e-04
 -3.776789257105e-04
 -2.296184748629e-03
 -6.249527827769e-04
  1.414700039561e-04
 -6.399403097260e-04
 -7.376634837536e-05
 -7.382800753369e-05
 -1.867165784187e-04
 -2.063383384935e-03
 -8.597008705252e-04
 -8.773728600282e-04
  2.473713389023e-04
 -2.729952324741e-04
 -9.387670141014e-05
 -5.255407816904e-04
 -3.192401683380e-04
  2.707146422496e-04
 -4.161771711808e-04
 -2.640537037248e-04
  3.515278502017e-04
  2.385743138991e-04
  1.458454510266e-04
 -3.672097868889e-03
 -9.122133385422e-04
 -4.022375443528e-04
 -1.015790701528e-03
 -2.318972081097e-05
  1.511663678483e-04
  2.519386721768e-04
  3.374397119073e-04
 -4.007389978528e-04
 -1.481516459378e-03
  2.124795295833e-04
 -1.948320794748e-04
 -2.568476558230e-04
 -1.517313321088e-03
 -5.300701056121e-04
  2.182707870374e-04
 -7.346924928352e-04
  1.658001696839e-04
  1.686799153634e-04
 -9.433539847004e-05
 -1.105010797089e-03
  7.973966553807e-04
  5.017365653595e-04
  3.976739127601e-04
  1.358986781482e-04
  1.070845282019e-04
  3.743742819753e-04
 -2.966100084481e-03
  1.788407677203e-04
 -1.347600011483e-04
  2.989098824501e-04
 -3.506579007266e-04
 -3.851888128597e-04
  5.478246470417e-05
 -8.045619431303e-04
  2.651579178372e-04
  4.547479062693e-04
  5.278475677106e-04
  6.223775228356e-04
  5.741597436074e-04
  6.251763476101e-04
  6.007062791440e-04
  5.382488077648e-04
  6.141387388561e-04
  6.129223248466e-04
  8.826228538989e-04
  6.056852578819e-04
  6.754751165576e-04
  5.124125116049e-04
  5.370210301853e-04
  3.021256812163e-04
  1.017157949875e-03
  3.935158501043e-04
  3.542715997489e-04
  3.719384441081e-04
  2.693933440218e-04
  3.539105090860e-04
  5.605331491020e-04
  6.190273902460e-04
  7.278223204115e-04
  4.970379893713e-04
  6.219450673937e-04
  5.279054251481e-04
  7.620030078358e-04
  4.133379324032e-04
  3.282539618305e-04
  4.611713052534e-04
  3.543685052456e-04
  4.365801844529e-04
  3.794000432093e-04
  5.588515849750e-04
  3.215204576946e-04
  2.233591713439e-04
  4.347017739550e-04
  2.763147295023e-04
  3.432695810943e-04
  3.306228339020e-04
  3.189368288456e-04
  3.961802860891e-04
  5.954430206254e-04
  3.226566777165e-04
  3.210455799773e-04
  3.163995441964e-04
  3.332776274245e-04
  3.957326259411e-04
  3.207120257641e-04
  2.969498675129e-04
  3.013581644938e-04
  4.953768708109e-04
  2.238263611948e-04
  6.011358474121e-04
  2.201559623020e-04
  5.528069321761e-04
  4.110071124309e-04
  3.770177363761e-04
  1.992211321047e-04
  2.365590061481e-04
  3.039071245266e-04
  3.778558899415e-04
  5.322689730554e-04
  3.754314934825e-04
  5.681927906886e-04
  2.121458538715e-04
  4.934850885860e-04
  3.939836385250e-04
  3.906088030793e-04
  2.510149820392e-04
  1.716074801830e-04
  5.609569539134e-04
  2.086994556115e-04
  1.957783136056e-04
  2.740663082575e-04
  5.873967267772e-04
  1.067896172047e-04
  1.209790581705e-04
  8.353739386435e-05
  5.504110011073e-04
  8.357880133453e-05
  3.015155544046e-04
  2.241139517655e-04
  3.459832804180e-04
  4.099678924452e-04
  1.158934614468e-04
  9.670616162999e-05
  5.317577578300e-04
  2.987462431810e-04
  4.313940094671e-04
  1.693424499983e-04
  3.439133888679e-04
  6.942612565325e-04
  5.898699357657e-05
  6.145876896352e-04
  1.635957020347e-03
  7.211606993590e-05
  1.725182073089e-04
  4.588588390372e-04
  1.148590634114e-04
  6.192932860161e-04
  4.591657937000e-04
  2.856289681970e-04
  3.044068810833e-04
  1.271646793909e-04
  3.608147937175e-04
  1.710079718309e-04
  2.364021768935e-04
  4.978038254571e-04
  3.667530209184e-04
  9.646371641922e-04
  8.677221954274e-04
  1.273754428044e-04
  2.374422856440e-04
  1.686639328650e-04
  1.507110672309e-04
  5.334212436012e-04
  2.251051812538e-04
  3.480409299035e-04
  3.503157962604e-04
  7.504288344498e-05
  5.457726646506e-04
  6.399392950202e-04
  1.195372027145e-04
  1.522976670415e-04
  5.016474205397e-04
  3.466341434094e-04
  1.283899126449e-03
  1.712933890544e-04
  8.191144982369e-04
  9.464652254419e-04
  1.501061458787e-04
  4.827392074358e-04
  5.353454220099e-04
  7.232198325032e-04
  4.972514265781e-04
  5.724277950489e-04
  1.108592933368e-04
  2.890858902476e-04
  6.099932196077e-05
  5.890663739768e-04
  3.308683945498e-04
  4.346603087310e-04
  7.682634325177e-04
  1.591977270939e-04
  8.447032502573e-04
  5.632219158891e-05
  6.787308460876e-05
  4.496166815027e-04
  6.829384984357e-04
  1.270196049983e-04
  8.443764142267e-04
  9.231790305591e-04
  2.167758627679e-04
  1.334101708229e-04
  2.825827017240e-04
  1.659708783913e-03
  1.117072114698e-04
  1.139090253104e-04
  3.220782789762e-04
  6.293705771778e-04
  1.234765038489e-04
  1.733905905543e-03
  5.055133087533e-04
  1.203828505286e-04
  3.475533324931e-04
  7.372579963963e-05
  9.598160429306e-04
  7.868341841832e-05
  7.351763756286e-05
  8.793609177857e-05
  5.994026529715e-05
  7.512184376563e-04
  9.776291637487e-05
  1.221184383000e-04
  4.328381505767e-04
  1.291127651564e-04
  1.107475200698e-04
  9.089478110402e-05
  1.708634869690e-04
  1.347713316884e-03
  1.836455503269e-03
  5.100283819810e-04
  2.357283808154e-04
  1.395082775359e-04
  1.250454449374e-04
  1.053288381120e-04
  1.142598484600e-04
  2.630031250379e-04
  1.910197878562e-03
  1.980243298478e-04
  8.985875466100e-05
  3.362045245643e-04
  1.285708752025e-03
  9.225333649360e-04
  8.773759724480e-04
  3.212964969325e-04
  9.596285505636e-05
  4.308740478642e-05
  2.672926458192e-05
  3.004908609749e-05
  8.775662089469e-05
  3.334787160097e-05
  1.448634160001e-03
  5.087449311197e-05
  4.137396277604e-05
  1.184198923400e-04
  3.808972713673e-05
  3.023979110744e-05
  4.521760842799e-05
  2.529731937274e-03
  9.301340956502e-05
  2.063281313436e-03
  9.103314437449e-04
  6.182210645361e-05
  2.627328161525e-05
  1.479045323166e-04
  2.162252508582e-04
  3.881700405112e-05
  6.058780577876e-03
  3.112665187122e-05
  2.027727898690e-05
  9.144259573068e-05
  4.906372662539e-03
  2.512193437199e-05
  1.727231415426e-04
  1.568940254915e-03
  2.839421941764e-05
  8.583331412793e-05
  2.587093965412e-05
  4.531690822451e-05
  7.054985516575e-05
  2.126409470147e-04
  7.861797587485e-04
  8.132706235238e-04
  2.373015601326e-04
  1.571389124730e-04
  3.453755944941e-03
  6.771281433621e-05
 -4.127002197984e-06
  1.302184284169e-05
  1.302489520006e-04
  1.355706142341e-03
  2.772121424885e-04
  1.842260664764e-04
  8.499514657401e-04
  1.467571761920e-03
  4.574916114762e-03
  2.807193059769e-04
  2.366501421144e-04
  1.226391931253e-04
  7.191259474237e-05
  3.706975934650e-05
  2.967410353211e-05
  2.815700946263e-05
  1.797475571674e-05
  7.803018754915e-05
  1.691999667161e-05
  1.608379220394e-05
  1.532469294124e-05
  9.086121427715e-05
  3.992267684026e-03
  2.794888357893e-05
  2.283106672180e-05
  2.900461453109e-05
  3.237452013943e-05
  3.470151106966e-05
  3.884262359666e-05
  3.452727453045e-03
  7.317465923229e-05
  2.955715299946e-05
  2.914200292525e-05
  3.027980551101e-05
  5.287324087322e-05
  5.934505286448e-05
  4.342109240891e-04
  7.480392085601e-05
  1.119541527477e-04
  4.524056192740e-03
  2.836474060912e-04
  3.897460091291e-04
  3.658138739467e-03
  4.380592814001e-04
  1.285701085232e-04
  5.955017226106e-05
  4.548545661343e-05
  3.699941760782e-05
  3.221317932495e-05
  2.901210443335e-05
  2.759438132321e-05
  2.977212037458e-05
  6.190789985283e-05
  3.177984927677e-05
  2.814335219233e-04
  3.102797682944e-03
  2.996297885621e-05
  2.271874884230e-05
  2.136445853151e-05
  2.121938721183e-05
  2.108900257164e-05
  1.620424836835e-05
  2.052154822829e-05
  2.617486858197e-05
  1.116785675120e-04
  9.053075448107e-05
  6.866084137802e-05
  3.365667307120e-05
  3.261178597591e-05
  2.962056309097e-05
  2.093044774353e-04
  7.761180074456e-04
  3.848696994746e-05
  7.037307151152e-03
  3.440675809674e-05
  2.770474680669e-05
  4.078273079178e-05
  5.733393457233e-03
  6.115622577141e-05
  4.008069682526e-05
  3.544991146920e-05
  3.811668695242e-05
  2.433786744852e-04
  6.991104719289e-05
  1.400454648666e-02
  5.288352647298e-04
  8.322836096686e-05
  8.606796331145e-05
  8.874037858353e-05
  2.257318023291e-05
  9.478505617011e-05
  1.091050971211e-04
  1.536643306126e-04
  1.525151461381e-04
  2.176208669269e-04
  2.584348343568e-04
  1.998188800479e-03
  4.077927989086e-04
  2.354299020744e-04
  6.612410196665e-04
  7.774477869078e-04
  9.663889805900e-04
  1.510179837497e-03
  2.142258743973e-03
  3.284961836324e-03
  4.452199922948e-03
  4.127544189109e-03
  3.466652949080e-03
  2.515132981002e-03
  1.716349690790e-03
  1.226265835948e-03
  9.228566062329e-04
  7.095676855619e-04
  6.208994705766e-04
  4.603765342852e-04
  3.837478209762e-04
  3.259279648938e-04
  3.793529019144e-04
  2.452549322540e-04
  2.166917579866e-04
  1.936309660390e-04
  1.743150170254e-04
  1.585295822859e-04
  1.434235822345e-04
  1.429178252969e-04
  9.280825491976e-03
  2.773578494314e-04
  1.110976492732e-04
  9.855835306773e-05
  9.073412928670e-05
  8.510123471443e-05
  7.577403890568e-05
  9.698914382873e-04
  8.063603358116e-05
  7.412633784384e-05
  7.062170585620e-05
  6.813341532555e-05
  6.720498625695e-05
  7.372648440950e-04
  5.999907033438e-05
  6.002607577729e-05
  5.833689138374e-05
  5.525282288954e-05
  5.412028250201e-05
  5.320376111984e-05
  4.984480240458e-05
  4.974165248489e-05
  5.644964418183e-05
  1.043720878676e-03
  5.738917741871e-05
  5.542170730524e-05
  1.533667606131e-03
  4.927045034456e-05
  4.523935595666e-05
  4.602569836409e-05
  4.515031668301e-05
  4.497596443687e-05
  4.659253620554e-05
  4.657723807638e-05
  4.652174055247e-05
  4.643951074584e-05
  4.641477175832e-05
  4.640133359390e-05
  4.651967162772e-05
  4.643183669878e-05
  4.684311333791e-05
  4.699391996477e-05
  4.779584149334e-05
  4.950238096718e-05
  5.022996724996e-05
  5.411266405275e-05
  4.101424681030e-03
  9.150544344982e-05
  6.968052078332e-05
  1.582867007500e-04
  4.839800658570e-03
  1.187762138899e-04
  6.762561086998e-05
  6.042657892003e-05
  5.869558261007e-05
  5.863816613000e-05
  5.921911434997e-05
  5.861182228001e-05
  6.141947950994e-05
  1.397132390160e-03
  6.660333459996e-05
  6.538330444800e-04
  6.892463431002e-05
  6.779522105999e-05
  7.079863185000e-05
  7.235901321001e-05
  7.489390204002e-05
  7.792558801001e-05
  8.167039559004e-05
  8.862260650000e-05
  9.922481789010e-05
  1.430621482399e-04
  7.007061170800e-03
  2.718755165200e-04
  1.223266022801e-04
  1.128889097000e-04
  1.144373934601e-04
  1.145075470100e-04
  1.161973011401e-04
  1.291187639301e-04
  1.316491728199e-04
  1.411985729300e-04
  1.498544904900e-04
  1.642157131201e-04
  1.715484653200e-04
  1.874972030800e-04
  2.008919286400e-04
  2.254514241400e-04
  2.959149568300e-04
  8.397073101800e-03
  3.034460791802e-04
  3.104768807199e-04
  3.375131691601e-04
  3.722478593999e-04
  4.176511331000e-04
  4.602187691001e-04
  5.101614804000e-04
  5.622998929999e-04
  6.061909755000e-04
  7.543953271001e-04
  8.441750396002e-04
  8.180614769002e-04
  1.001634464900e-03
  1.088049054700e-03
  1.278862817900e-03
  1.352730271600e-03
  1.826681770900e-03
  2.079743094900e-03
  4.653737291300e-03
  2.136865412700e-03
  2.117863777800e-03
  2.039089373800e-03
  1.882778230200e-03
  1.726176632100e-03
  1.102107123300e-03
  1.460610336200e-03
  1.383787844300e-03
  6.801623457400e-03
  1.169278962200e-03
  1.056462068900e-03
  9.809981907599e-04
  9.293478203899e-04
  8.970545913699e-04
  8.840246455900e-04
  8.975571276599e-04
  9.344756233099e-04
  1.004618941180e-03
  1.152477138670e-03
  1.371523091120e-03
  1.651405851310e-03
  2.004457971160e-03
  2.207158788760e-03
  2.121333621100e-03
  1.700551878650e-03
  1.459477514410e-03
  1.169332021640e-03
  9.534559843098e-04
  7.991468967099e-04
  6.835974462299e-04
  5.987536903200e-04
  5.350549060200e-04
  4.849592510600e-04
  4.450499257800e-04
  4.132763095099e-04
  3.870413011500e-04
  3.648765203800e-04
  3.466774274501e-04
  3.308978617600e-04
  3.181133333100e-04
  3.067844741100e-04
  2.977491258100e-04
  2.887445340100e-04
  2.817457679700e-04
  2.758793421800e-04
  2.707561273900e-04
  2.667114673900e-04
  2.634348592700e-04
  2.622076376800e-04
  1.656892218820e-03
  6.179525839900e-04
  2.589882599900e-04
  2.589433728999e-04
  2.606683539500e-04
  2.642186798399e-04
  2.691533828499e-04
  2.761797317899e-04
  2.858138489900e-04
  2.999343040300e-04
  3.189428837699e-04
  3.458595815999e-04
  3.830549630099e-04
  4.388036641899e-04
  5.210402120500e-04
  6.509004387700e-04
  8.577904239500e-04
  1.174394020070e-03
  1.604118469960e-03
  1.906387894950e-03
  1.787301792600e-03
  1.392448183950e-03
  1.028663455450e-03
  7.790166745500e-04
  6.181027692100e-04
  5.136468357300e-04
  4.434048645899e-04
  3.947061340099e-04
  3.598133847299e-04
  3.344328485601e-04
  3.151503356200e-04
  3.003694943500e-04
  2.885513727899e-04
  2.795982187001e-04
  2.723845596901e-04
  2.664784443500e-04
  2.620346702500e-04
  2.584353219700e-04
  2.554879267901e-04
  2.531262260099e-04
  2.512359261300e-04
  2.498134126501e-04
  2.480812782800e-04
  2.473229603601e-04
  2.474814496000e-04
  2.473156597199e-04
  2.475507092100e-04
  2.476123000800e-04
  2.479126236500e-04
  2.483829628001e-04
  2.491073381401e-04
  2.499334829200e-04
  2.510211209300e-04
  2.519445289800e-04
  2.529793076499e-04
  2.542297097701e-04
  2.554644088799e-04
  2.566063839400e-04
  2.583846299000e-04
  2.597319376800e-04
  2.611932063500e-04
  2.628734776301e-04
  2.640617537800e-04
  2.662198488500e-04
  2.679093696799e-04
  2.697855546000e-04
  2.730238564600e-04
  2.754154351500e-04
  2.780560706499e-04
  2.814487495600e-04
  2.894218703999e-04
  2.549873384760e-03
  5.099167524399e-04
  2.940264894299e-04
  2.923753578701e-04
  2.934418213000e-04
  2.953663430100e-04
  2.979718090000e-04
  3.004870954800e-04
  3.034559232898e-04
  3.059876538800e-04
  3.074509582199e-04
  3.103627304500e-04
  3.131163222699e-04
  3.168179828900e-04
  3.199475462300e-04
  3.224827273600e-04
  3.254754259799e-04
  3.281410501600e-04
  3.312838033299e-04
  3.344874268699e-04
  3.381975434501e-04
  3.417612430301e-04
  3.452774939600e-04
  3.485183830400e-04
  3.518835617701e-04
  3.553598994700e-04
  3.589800377901e-04
  3.626231141201e-04
  3.664817591900e-04
  3.705131027499e-04
  3.747133479599e-04
  3.790905034000e-04
  3.839541220900e-04
  3.894499041101e-04
  3.970207369700e-04
  4.102273620400e-04
  4.657822515600e-04
  1.392966530050e-02
  6.971688120201e-04
  4.407118628001e-04
  4.262383005099e-04
  4.252693685900e-04
  4.266941766801e-04
  4.303541319901e-04
  4.344578572399e-04
  4.396898092098e-04
  4.447961667799e-04
  4.502673797001e-04
  4.556217811700e-04
  4.615320894201e-04
  4.675848146000e-04
  4.739677092099e-04
  4.808130885101e-04
  4.883720371901e-04
  4.963320012100e-04
  5.046697107800e-04
  5.139447436001e-04
  5.240757418200e-04
  5.359684572700e-04
  5.501159500400e-04
  5.660243089700e-04
  5.848077300000e-04
  6.085176746099e-04
  6.392261557300e-04
  6.786477614801e-04
  7.344621804399e-04
  8.152463645200e-04
  9.435644692301e-04
  1.167761254160e-03
  1.618436084370e-03
  2.778457850290e-03
  7.845125841510e-03
  4.139124369299e-01
  1.561057856974e-01
  6.112001328500e-03
  2.524537644870e-03
  1.574958061840e-03
  1.188549046350e-03
  9.939418073300e-04
  8.842089470700e-04
  8.169830180500e-04
  7.730174256001e-04
  7.439895459199e-04
  7.243187702201e-04
  7.112111449599e-04
  7.016215972301e-04
  6.960776710800e-04
  6.926023014800e-04
  6.905951093200e-04
  6.899462120901e-04
  6.910155872600e-04
  6.926824905199e-04
  6.944454786699e-04
  6.969274338401e-04
  7.002554621499e-04
  7.046155302800e-04
  7.084887869099e-04
  7.123251596899e-04
  7.163326403199e-04
  7.211861697701e-04
  7.259455521899e-04
  7.304905695499e-04
  7.360199761701e-04
  7.412234356100e-04
  7.469435316900e-04
  7.527826002600e-04
  7.586283012601e-04
  7.643783574800e-04
  7.704596673200e-04
  7.765641117700e-04
  7.826631158399e-04
  7.886254778999e-04
  7.947264195399e-04
  8.010701450100e-04
  8.076094500798e-04
  8.138122251700e-04
  8.206445291801e-04
  8.272989733099e-04
  8.339178468502e-04
  8.409218854800e-04
  8.476485480801e-04
  8.546019585001e-04
  8.616222224100e-04
  8.686699844500e-04
  8.753619552099e-04
  8.823356379402e-04
  8.897195847101e-04
  8.967679850200e-04
  9.040586940401e-04
  9.109521367400e-04
  9.183428530400e-04
  9.259298371400e-04
  9.329865346800e-04
  9.409252691399e-04
  9.480509329499e-04
  9.558617224201e-04
  9.632721278701e-04
  9.716699371398e-04
  9.790736172699e-04
  9.867000792702e-04
  9.949793116899e-04
  1.002668424540e-03
  1.010459020800e-03
  1.018690928230e-03
  1.026989007520e-03
  1.035092478550e-03
  1.042882632710e-03
  1.051911450630e-03
  1.059699559410e-03
  1.067211883530e-03
  1.076187401340e-03
  1.084082901740e-03
  1.092845245760e-03
  1.101641938670e-03
  1.109419905330e-03
  1.117516675200e-03
  1.126756223430e-03
  1.135128534070e-03
  1.144175361350e-03
  1.153139123520e-03
  1.161662258840e-03
  1.170624289130e-03
  1.179919007780e-03
  1.187580174790e-03
  1.196897450910e-03
  1.205646754120e-03
  1.214773058930e-03
  1.223426891510e-03
  1.233403628000e-03
  1.242012353100e-03
  1.251291934460e-03
  1.261268367650e-03
  1.270328122100e-03
  1.279673545010e-03
  1.289230419060e-03
  1.299037507060e-03
  1.308743101530e-03
  1.317447274290e-03
  1.327269108390e-03
  1.336604975420e-03
  1.346177814010e-03
  1.355870801250e-03
  1.365395145200e-03
  1.375822887620e-03
  1.386030902410e-03
  1.395297687700e-03
  1.405389113890e-03
  1.414963036890e-03
  1.425473347490e-03
  1.436431182940e-03
  1.446386430210e-03
  1.456915579430e-03
  1.466601125480e-03
  1.476594416650e-03
  1.487650007990e-03
  1.497667059100e-03
  1.508451099080e-03
  1.518807925750e-03
  1.529188961010e-03
  1.539906144160e-03
  1.550825927180e-03
  1.561127867420e-03
  1.571857950830e-03
  1.582455412030e-03
  1.592768736680e-03
  1.604202056160e-03
  1.615663730810e-03
  1.626717965670e-03
  1.636975556810e-03
  1.648093152650e-03
  1.658959803280e-03
  1.669862466420e-03
  1.682023485740e-03
  1.693566655800e-03
  1.704641480510e-03
  1.716447077350e-03
  1.727899198130e-03
  1.739539894300e-03
  1.751450917320e-03
  1.763309999480e-03
  1.774604278630e-03
  1.786924242280e-03
  1.797802244390e-03
  1.809639915470e-03
  1.821208298140e-03
  1.834283585720e-03
  1.845862078530e-03
  1.858193577040e-03
  1.870348165340e-03
  1.882372644660e-03
  1.894410401520e-03
  1.905818888000e-03
  1.917958678750e-03
  1.931456460640e-03
  1.943978873230e-03
  1.956564910580e-03
  1.969584001580e-03
  1.982129015850e-03
  1.994033317850e-03
  2.006168819810e-03
  2.018976767410e-03
  2.032606386360e-03
  2.046442499190e-03
  2.059532380240e-03
  2.072905232770e-03
  2.086054256630e-03
  2.098741824430e-03
  2.111523656260e-03
  2.123874272370e-03
  2.137457120190e-03
  2.151301205860e-03
  2.164554481310e-03
  2.177875130890e-03
  2.191693248500e-03
  2.204348532630e-03
  2.217531560160e-03
  2.231916373040e-03
  2.245667684730e-03
  2.260276473480e-03
  2.274036919780e-03
  2.288033538020e-03
  2.301346897430e-03
  2.314837461100e-03
  2.329393277760e-03
  2.344679120420e-03
  2.358965595990e-03
  2.373748861400e-03
  2.388789220090e-03
  2.403125756230e-03
  2.416701717650e-03
  2.431007427620e-03
  2.446856841960e-03
  2.461460635680e-03
  2.477050922790e-03
  2.491400251940e-03
  2.506133056190e-03
  2.520389160740e-03
  2.534849978610e-03
  2.550144725850e-03
  2.566068951720e-03
  2.582079897060e-03
  2.597576552600e-03
  2.613451855390e-03
  2.628631326590e-03
  2.643880710240e-03
  2.658629983410e-03
  2.673719243110e-03
  2.689891029380e-03
  2.707161286690e-03
  2.723127294160e-03
  2.740108370730e-03
  2.756292713050e-03
  2.772426611020e-03
  2.788379247560e-03
  2.803846890520e-03
  2.819246828410e-03
  2.834843459720e-03
  2.852211437110e-03
  2.869280869460e-03
  2.886242674010e-03
  2.902048278560e-03
  2.918314548480e-03
  2.935431393630e-03
  2.953244280450e-03
  2.969786919070e-03
  2.986653082700e-03
  3.004076948690e-03
  3.021246034250e-03
  3.039060890710e-03
  3.055962819790e-03
  3.074335193410e-03
  3.091267923370e-03
  3.108905525730e-03
  3.126598951040e-03
  3.144786078690e-03
  3.163329711010e-03
  3.181326503570e-03
  3.198256358800e-03
  3.216754272410e-03
  3.234476354580e-03
  3.253517817290e-03
  3.272372404630e-03
  3.291006970500e-03
  3.309126248540e-03
  3.326866587770e-03
  3.345283821700e-03
  3.364826431310e-03
  3.384084873650e-03
  3.403207267030e-03
  3.422384296440e-03
  3.441344043030e-03
  3.459787641010e-03
  3.478624828520e-03
  3.498532983860e-03
  3.518413005610e-03
  3.538357750890e-03
  3.557658585580e-03
  3.576834015370e-03
  3.597428844740e-03
  3.617551410470e-03
  3.637573089650e-03
  3.657924812080e-03
  3.677846890790e-03
  3.698213399810e-03
  3.718409245790e-03
  3.738845674240e-03
  3.759378273290e-03
  3.779616755580e-03
  3.801086908190e-03
  3.823076883680e-03
  3.845128465050e-03
  3.866249385700e-03
  3.887194667760e-03
  3.908648809900e-03
  3.928867928900e-03
  3.949518632000e-03
  3.970542394390e-03
  3.992243357310e-03
  4.015667136330e-03
  4.038009977030e-03
  4.060596199730e-03
  4.082894826920e-03
  4.104729262440e-03
  4.126800588540e-03
  4.148573258340e-03
  4.169526169700e-03
  4.191622633240e-03
  4.214995216970e-03
  4.237740163780e-03
  4.260711106760e-03
  4.283225471140e-03
  4.305710305870e-03
  4.329965679740e-03
  4.354136593040e-03
  4.377536886760e-03
  4.400325561110e-03
  4.424233351140e-03
  4.447575297250e-03
  4.471959852940e-03
  4.496578299140e-03
  4.520102923580e-03
  4.543658318610e-03
  4.567175659270e-03
  4.592155288660e-03
  4.617793994520e-03
  4.642591208800e-03
  4.667455212290e-03
  4.692341237600e-03
  4.717119128700e-03
  4.742176574870e-03
  4.768750705060e-03
  4.794254508560e-03
  4.820636221880e-03
  4.846055440580e-03
  4.871308306130e-03
  4.896093644430e-03
  4.921111164610e-03
  4.947809701330e-03
  4.975096707760e-03
  5.002932996010e-03
  5.029621540530e-03
  5.056199412520e-03
  5.082397309450e-03
  5.108135853960e-03
  5.134406010020e-03
  5.160575964430e-03
  5.189160468080e-03
  5.217927918970e-03
  5.246289856590e-03
  5.274066982510e-03
  5.301363810190e-03
  5.329042199870e-03
  5.355927516870e-03
  5.382516409040e-03
  5.409968922440e-03
  5.438279582660e-03
  5.467984833210e-03
  5.496494664370e-03
  5.525422088980e-03
  5.553493920370e-03
  5.583674665440e-03
  5.613329862110e-03
  5.643145600600e-03
  5.672514556070e-03
  5.701183309840e-03
  5.731728773680e-03
  5.762040274270e-03
  5.792160467740e-03
  5.822081951590e-03
  5.851004676240e-03
  5.881415755300e-03
  5.913029934460e-03
  5.944518341640e-03
  5.975536542970e-03
  6.006289012510e-03
  6.037485244490e-03
  6.068676461740e-03
  6.101186466960e-03
  6.132645249310e-03
  6.165344957340e-03
  6.196603286260e-03
  6.227789198580e-03
  6.259421183480e-03
  6.292606348330e-03
  6.327012467660e-03
  6.359811988540e-03
  6.392947900770e-03
  6.425462778820e-03
  6.458243062730e-03
  6.490445397200e-03
  6.525335542420e-03
  6.560132973730e-03
  6.594288349660e-03
  6.628278953100e-03
  6.661625346030e-03
  6.695072077850e-03
  6.728931445790e-03
  6.765017300710e-03
  6.800573825440e-03
  6.836680564880e-03
  6.871427935380e-03
  6.906916834450e-03
  6.941096736800e-03
  6.975313507020e-03
  7.012173825410e-03
  7.049282369760e-03
  7.086828293810e-03
  7.123718031810e-03
  7.160954297390e-03
  7.196205200380e-03
  7.232782414160e-03
  7.268215337150e-03
  7.305362612530e-03
  7.344694023520e-03
  7.383492412780e-03
  7.422510393210e-03
  7.461153644710e-03
  7.498965439280e-03
  7.536596599380e-03
  7.574075751770e-03
  7.610648059400e-03
  7.649251434220e-03
  7.689948015920e-03
  7.730288816410e-03
  7.770024047360e-03
  7.809376936280e-03
  7.848108496330e-03
  7.887185527830e-03
  7.928805513030e-03
  7.970840357620e-03
  8.011708040000e-03
  8.052445097150e-03
  8.093356194650e-03
  8.133468519090e-03
  8.173234816410e-03
  8.216513506850e-03
  8.259820950900e-03
  8.302837996190e-03
  8.345185241600e-03
  8.387248032910e-03
  8.428696504700e-03
  8.470412543170e-03
  8.513375465420e-03
  8.558445297550e-03
  8.603463030430e-03
  8.647771275500e-03
  8.691372156230e-03
  8.735207213040e-03
  8.778078211170e-03
  8.820946569850e-03
  8.865081703010e-03
  8.912897231980e-03
  8.959840052560e-03
  9.006217578820e-03
  9.053031234040e-03
  9.098405834880e-03
  9.143178680970e-03
  9.187916438830e-03
  9.232501256480e-03
  9.279969017110e-03
  9.329487336130e-03
  9.378656331180e-03
  9.427448804770e-03
  9.475810742690e-03
  9.523845073890e-03
  9.570829292330e-03
  9.617829177900e-03
  9.664348000680e-03
  9.710792531690e-03
  9.760661856440e-03
  9.811261811480e-03
  9.861182712400e-03
  9.910654759150e-03
  9.959623039820e-03
  1.001112690332e-02
  1.006264075461e-02
  1.011397992504e-02
  1.016474964999e-02
  1.021507290050e-02
  1.026653929375e-02
  1.032019887316e-02
  1.037317356888e-02
  1.042570186566e-02
  1.047768226652e-02
  1.052919694177e-02
  1.058281120555e-02
  1.063743513128e-02
  1.069236899725e-02
  1.074614283433e-02
  1.079925583859e-02
  1.085280792312e-02
  1.090733511949e-02
  1.096409800734e-02
  1.102040069820e-02
  1.107609900146e-02
  1.113163334595e-02
  1.118653593579e-02
  1.124076717872e-02
  1.129936410404e-02
  1.135784208700e-02
  1.141639424443e-02
  1.147410278383e-02
  1.153063030414e-02
  1.158714666562e-02
  1.164405373177e-02
  1.170495698787e-02
  1.176504557450e-02
  1.182556004497e-02
  1.188518008461e-02
  1.194389974193e-02
  1.200257696564e-02
  1.206023771124e-02
  1.212193777122e-02
  1.218531001498e-02
  1.224858768926e-02
  1.231099971157e-02
  1.237359916455e-02
  1.243456607537e-02
  1.249558620775e-02
  1.255544688002e-02
  1.261920183857e-02
  1.268520951465e-02
  1.275140430160e-02
  1.281723974495e-02
  1.288131907643e-02
  1.294630275107e-02
  1.300925837800e-02
  1.307197844469e-02
  1.313474112846e-02
  1.320244875527e-02
  1.327241656729e-02
  1.334164074953e-02
  1.340996941779e-02
  1.347762522167e-02
  1.354530927654e-02
  1.361156485519e-02
  1.367736119504e-02
  1.374259261911e-02
  1.380928497929e-02
  1.387992930806e-02
  1.395071017797e-02
  1.402036031676e-02
  1.408988585130e-02
  1.415965941841e-02
  1.423257982083e-02
  1.430562920320e-02
  1.437751771696e-02
  1.444814228367e-02
  1.451891988799e-02
  1.459222477870e-02
  1.466820605417e-02
  1.474213018618e-02
  1.481629109282e-02
  1.488920381842e-02
  1.496119202119e-02
  1.503731605744e-02
  1.511463293831e-02
  1.519126600183e-02
  1.526708743287e-02
  1.534219488877e-02
  1.541622200692e-02
  1.549518491819e-02
  1.557589395048e-02
  1.565643396750e-02
  1.573477121411e-02
  1.581306988522e-02
  1.589122417910e-02
  1.596856456063e-02
  1.604468991751e-02
  1.612746002095e-02
  1.621237248546e-02
  1.629598143616e-02
  1.637863568377e-02
  1.646024653561e-02
  1.654185813002e-02
  1.662203871104e-02
  1.670194178510e-02
  1.678382747952e-02
  1.687263470815e-02
  1.696078035497e-02
  1.704810286189e-02
  1.713385420509e-02
  1.721984583893e-02
  1.730428658798e-02
  1.738812418316e-02
  1.747115508180e-02
  1.755500540296e-02
  1.764744921029e-02
  1.774053616124e-02
  1.783270355771e-02
  1.792366837599e-02
  1.801494994515e-02
  1.810403327141e-02
  1.819278539177e-02
  1.828055648088e-02
  1.836778577701e-02
  1.845393664825e-02
  1.854639083336e-02
  1.864175378029e-02
  1.873574700318e-02
  1.882862258352e-02
  1.892015645861e-02
  1.901364943363e-02
  1.911132585756e-02
  1.920903795276e-02
  1.930587856338e-02
  1.940152591795e-02
  1.949560922773e-02
  1.959266070125e-02
  1.969369815199e-02
  1.979366046487e-02
  1.989378179843e-02
  1.999153171772e-02
  2.008933080396e-02
  2.018736668684e-02
  2.029099717037e-02
  2.039479248277e-02
  2.049796492503e-02
  2.059955151050e-02
  2.070037507886e-02
  2.080049017311e-02
  2.090312268380e-02
  2.101179708178e-02
  2.111889232137e-02
  2.122507651507e-02
  2.132958852854e-02
  2.143436075149e-02
  2.153699891382e-02
  2.164345165042e-02
  2.175592634198e-02
  2.186777716355e-02
  2.197860403689e-02
  2.208820852417e-02
  2.219681976821e-02
  2.230472713124e-02
  2.241107497556e-02
  2.252500701112e-02
  2.264249196427e-02
  2.275892810439e-02
  2.287475377583e-02
  2.298909259622e-02
  2.310162872538e-02
  2.321365122224e-02
  2.332475644602e-02
  2.343990758823e-02
  2.356362349193e-02
  2.368558072877e-02
  2.380682122410e-02
  2.392712672074e-02
  2.404540240962e-02
  2.416368471387e-02
  2.427950855066e-02
  2.439502626410e-02
  2.451431997716e-02
  2.464134632907e-02
  2.476667640647e-02
  2.489155550856e-02
  2.501464788263e-02
  2.513669906880e-02
  2.525873433090e-02
  2.538750377100e-02
  2.551788112760e-02
  2.564694689410e-02
  2.577509083470e-02
  2.590160766270e-02
  5.723511597500e-02
