3594
  0.000000000000e+00
  0.000000000000e+00
  0.000000000000e+00
  0.000000000000e+00
  0.000000000000e+00
  0.000000000000e+00
  0.000000000000e+00
  0.000000000000e+00
  0.000000000000e+00
  0.000000000000e+00
  0.000000000000e+00
  0.000000000000e+00
  0.000000000000e+00
  0.000000000000e+00
  0.000000000000e+00
  0.000000000000e+00
  0.000000000000e+00
  0.000000000000e+00
  0.000000000000e+00
  0.000000000000e+00
  0.000000000000e+00
  0.000000000000e+00
  0.000000000000e+00
  0.000000000000e+00
  0.000000000000e+00
  0.000000000000e+00
  0.000000000000e+00
  0.000000000000e+00
  0.000000000000e+00
  0.000000000000e+00
  0.000000000000e+00
  0.000000000000e+00
  0.000000000000e+00
  2.519643313269e-07
  1.683348578043e-04
  9.366516574044e-04
  1.301755182056e-03
  3.975473829231e-03
  6.624788026710e-03
  5.447859059681e-03
  1.337874533155e-02
  1.785262592892e-02
  1.290857532925e-02
  1.460860288069e-02
  1.923614747213e-02
  1.889727771683e-02
  2.258596769752e-02
  1.832821476225e-02
  2.110030533124e-02
  1.413414808843e-02
  1.324566546845e-02
  2.044226728489e-02
  2.991560367263e-02
  2.075153771114e-02
  3.072965663448e-02
  3.178959940950e-02
  2.688827673531e-02
  2.638946719692e-02
  2.948232571189e-02
  3.548494509726e-02
  1.930375288811e-02
  1.830321158458e-02
  1.855473732480e-02
  1.629800986608e-02
  2.623950240485e-02
  4.120619660859e-02
  3.503818433077e-02
  1.952315698627e-02
  1.767948327969e-02
  1.649411613297e-02
  1.922638957712e-02
  2.129304660975e-02
  1.636183038427e-02
  1.482446774234e-02
  1.697069903758e-02
  1.765555129950e-02
  1.591029350524e-02
  1.344788470234e-02
  9.229309029947e-03
  6.872568860511e-03
  4.856440927621e-03
  5.516184320382e-03
  5.852260392624e-03
  8.875656749290e-03
  8.694947160994e-03
  9.537491119551e-03
  8.951503244633e-03
  6.647417430751e-03
  6.253579533323e-03
  7.241309314881e-03
  8.198845609855e-03
  7.713107537367e-03
  6.009515040680e-03
  4.453105079115e-03
  4.189279135177e-03
  3.941078391959e-03
  2.235005573191e-03
  1.846566796764e-03
  1.737167253855e-03
  1.634250598155e-03
  4.213091141248e-04
  7.157390275253e-04
  1.641323929421e-03
  1.693724339757e-03
  1.214403740018e-03
  1.871002096948e-03
  1.818513134286e-03
  1.430734215514e-03
  1.201915291200e-03
  1.890457328587e-03
  9.229534695552e-04
  1.728772207713e-03
  1.805266563299e-03
  9.185458489498e-04
  9.029532126330e-04
  1.581850473472e-03
  2.021217977709e-03
  1.374067868294e-03
  4.493070743335e-04
  7.243483131654e-04
  5.951427571456e-04
  8.564138236571e-04
  1.397599077796e-03
  9.795395483764e-04
  1.073896336347e-03
  1.204394185019e-03
  5.363762915401e-04
  6.571079612825e-04
  1.129400362877e-03
  5.954392646109e-04
  5.571372415066e-04
  8.661377259921e-04
  8.532996383142e-04
  1.076205552483e-03
  4.751312177692e-04
  4.500060664023e-04
  4.711272243780e-04
  1.320867916152e-03
  3.001663901989e-04
  4.963583528832e-04
  3.834858448853e-04
  6.849659516859e-04
  4.391595490977e-04
  8.395931665378e-04
  5.120561093804e-04
  5.209113419642e-04
  5.087299697608e-04
  1.819059016527e-04
  3.401697605699e-05
  5.883082315069e-05
  5.777910717240e-05
  1.592470468214e-04
  2.670024586924e-05
  3.790308059377e-05
  3.855885341450e-05
  1.672734582007e-04
  4.831449176049e-05
  5.536771307876e-05
  5.412038215616e-05
  7.584272472852e-05
  3.840108744817e-05
  2.928513967793e-05
  4.461100497180e-05
  8.755048481498e-05
  5.573186309482e-05
  8.643301159344e-05
  1.355548720434e-05
  2.044864305235e-05
  1.903002336632e-05
  2.400509013224e-05
  6.498106783281e-05
  3.953732804974e-05
  2.608369887233e-05
  2.346085039417e-05
  4.574798827030e-05
  3.592773529171e-05
  1.711709317135e-05
  3.511328241613e-05
  2.716587970723e-05
  3.105575771570e-05
  1.421958680023e-05
  1.843464323181e-05
  1.353868511465e-05
  5.088528004063e-05
  3.526856320428e-05
  9.696051200280e-06
  9.586657656077e-06
  2.872974520333e-05
  1.602620849977e-05
  1.867217484802e-05
  1.707055749586e-05
  1.999206726033e-05
  1.292886809450e-05
  1.036190470352e-05
  3.139254220655e-05
  8.110653206374e-06
  1.387963156481e-05
  1.331823552774e-05
  1.024489565930e-05
  1.555809519665e-05
  1.401150311714e-05
  1.627621456782e-05
  7.935856628223e-06
  8.862111099963e-06
  5.360175117942e-06
  1.493610651649e-05
  1.386277805764e-05
  5.210681652767e-06
  7.302336692757e-06
  1.332102949644e-05
  1.228326919331e-05
  1.937810570568e-06
  1.384418201208e-05
  1.092497160873e-05
  3.070957068176e-06
  1.844664092935e-06
  1.039700178943e-05
  6.324243775167e-06
  6.871434219565e-06
  2.172331750490e-06
  4.544838604411e-06
  1.133556743395e-05
  5.250039990858e-06
  1.251943698945e-06
  1.032910903543e-05
  4.723256458514e-06
  3.559264472116e-07
  3.627080842596e-06
  1.596029786103e-06
  2.917705185206e-06
  5.701249054889e-06
  6.661358594756e-06
  5.927402611325e-06
  3.295495830102e-06
  2.832252704947e-06
  1.995601189543e-06
  3.436790406819e-06
  3.411166848684e-06
  1.548320592338e-06
  4.109236545026e-06
  4.041997164362e-06
  1.094788686539e-06
  4.002307526312e-06
  1.441794201054e-06
  1.691702204549e-06
  1.120279559011e-06
  1.518210630593e-06
  4.919426997249e-06
  2.592471431174e-06
  3.061538957018e-06
  1.977589046596e-06
  3.464307527899e-07
  2.832787475299e-07
  1.907806300308e-06
  2.003776625917e-06
  2.640940261069e-06
  2.417483322911e-06
  1.475574713836e-06
  1.165657541386e-06
  9.567276979783e-07
  1.615866935355e-06
  1.837931488166e-06
  1.398496512770e-06
  1.951784384672e-07
  1.720491251245e-06
  1.613967516531e-06
  8.973173712682e-07
  2.558990539471e-07
  1.010426371107e-06
  7.404984292212e-07
  3.012057088515e-07
  1.719342927536e-06
  1.360672186616e-06
  5.763979722470e-07
  5.422480820054e-07
  8.409263360859e-07
  6.888309179255e-07
  3.947536427387e-07
  1.298874232114e-06
  4.612419397139e-07
  2.366632606843e-07
  1.037483677093e-06
  6.818510436418e-07
  4.985333122669e-07
  1.585040642424e-07
  7.495960095252e-07
  7.180420735635e-07
  5.180168806505e-07
  3.245411891480e-07
  4.573339427570e-07
  8.579508349463e-07
  1.731551036828e-07
  7.750735134531e-07
  3.377878458312e-07
  3.107800720170e-07
  1.866325962838e-07
  5.528131171748e-07
  8.159722620995e-08
  5.380960348385e-07
  1.718073658488e-07
  2.656574916892e-07
  2.740103183676e-07
  3.046852153864e-07
  3.473572957708e-07
  1.027366659562e-07
  1.743560160475e-07
  2.368283107936e-07
  4.996922051247e-07
  4.004757512080e-07
  2.901911135195e-07
  1.502789814353e-07
  4.030576228115e-08
  2.059334612235e-07
  3.559796643029e-07
  1.544697631035e-07
  4.788404176111e-08
  1.786405203548e-07
  1.763792938666e-07
  1.334549621842e-07
  1.626455136955e-07
  2.218968746981e-07
  1.196161103937e-07
  1.315981256029e-07
  1.031482114622e-07
  1.336429130675e-07
  7.166096968452e-08
  2.129476909531e-07
  6.240462362992e-08
  1.006831660852e-07
  1.399500953232e-07
  5.193813006000e-08
  1.351175663801e-07
  2.128477982165e-08
  6.969884438775e-08
  8.389455919485e-08
  1.864147289970e-07
  1.714432158328e-07
  8.586199191811e-08
  2.689764328616e-08
  3.215689160486e-08
  1.003524088656e-07
  6.852184686409e-08
  4.310347303758e-08
  6.043909620993e-08
  5.834704179895e-08
  9.974556834621e-08
  6.016445545613e-08
  1.556101456687e-08
  4.116174905408e-08
  2.989055193400e-08
  5.347021384070e-08
  8.088000950119e-08
  3.445925207665e-08
  5.354561757442e-08
  5.579396969703e-08
  2.886280221422e-08
  4.408133637612e-08
  5.258799844017e-08
  3.995575207196e-08
  1.685042212687e-08
  4.025625867448e-08
  3.420334442456e-08
  1.035650872470e-08
  4.396441017117e-08
  3.948108304020e-08
  1.828231894873e-08
  1.408533861773e-08
  4.170903099302e-08
  2.669279319123e-08
  2.469175914511e-08
  3.949519428180e-08
  6.220829455396e-09
  1.659284055017e-08
  6.478859506782e-09
  4.870097981487e-09
  4.222161755940e-08
  1.593624790629e-08
  9.761488512548e-09
  1.234451415282e-08
  1.284842830432e-08
  6.486292189099e-09
  2.204834367514e-08
  1.151250792104e-08
  6.099398507932e-09
  2.227299521274e-08
  1.314664111595e-08
  3.783726621998e-09
  2.641090257282e-09
  1.471931042715e-08
  4.890425025057e-09
  1.007536937280e-08
  8.258587008003e-09
  9.655976988049e-09
  4.406746508276e-09
  1.726909181038e-08
  3.074536753100e-09
  1.855428313707e-08
  1.912544563872e-09
  3.939464454408e-09
  6.792488992687e-09
  1.375918611904e-08
  4.995493787927e-09
  2.788724123614e-09
  6.746956529352e-09
  3.490521301568e-09
  4.337007266888e-09
  7.540964672464e-09
  1.028446712284e-08
  3.978190386065e-09
  9.039158621107e-09
  6.605980655312e-09
  3.638297994232e-09
  1.009916423971e-09
  8.559153597584e-09
  4.755059940643e-09
  6.768845521688e-09
  3.568690153070e-09
  5.096729092047e-09
  4.492616555599e-09
  5.968623861829e-09
  4.302563268664e-09
  1.539256519092e-09
  3.451803939490e-09
  8.049934876115e-09
  9.373577907898e-10
  1.777476558229e-09
  1.147823817094e-08
  1.533643444244e-09
  5.497799714927e-09
  4.699629041195e-09
  3.505683744973e-09
  5.575682913765e-10
  7.248222109350e-09
  2.009974974507e-09
  1.586326365064e-09
  2.086672714790e-09
  1.130844622746e-09
  1.162734886154e-09
  1.742452685097e-09
  7.689655453653e-09
  6.985378810576e-09
  8.913534292535e-10
  4.191581495649e-10
  2.336670213264e-09
  5.492015248481e-09
  2.081590953897e-09
  6.582779945943e-10
  1.409493083419e-09
  8.032038736716e-10
  8.218084316775e-10
  1.564556775541e-09
  5.552973526978e-09
  5.352616748452e-09
  9.365436806974e-10
  8.651390842788e-10
  7.732503353252e-10
  3.781555661752e-09
  1.324374302602e-09
  1.247633714420e-09
  8.349455976946e-10
  6.615001566441e-10
  4.955730937099e-10
  1.524139780113e-09
  3.837143670165e-09
  4.266165406218e-09
  8.818526216491e-10
  5.047796790704e-10
  2.579026502976e-10
  2.331111412423e-09
  5.026087188241e-10
  3.646270560084e-10
  2.161330895051e-09
  4.249508999380e-10
  4.999484355643e-10
  1.306389610877e-09
  2.628738636091e-09
  1.646219159124e-09
  6.090229057418e-10
  6.009103700843e-10
  1.550799743244e-09
  1.418862490798e-09
  5.397749869363e-10
  4.443384318960e-10
  1.593139181101e-09
  1.169102084035e-09
  6.403532899286e-10
  6.294899191169e-10
  1.184635875903e-09
  8.977520489270e-10
  1.108175227332e-09
  5.445025385254e-10
  7.353585094464e-10
  7.078587274837e-10
  8.129589121470e-10
  7.760725836455e-10
  6.825727536669e-10
  1.148089474071e-10
  1.240303867062e-10
  2.580503327249e-10
  2.204821513144e-09
  3.020662660671e-09
  2.673468986746e-09
  2.366166707348e-09
  2.094179666799e-09
  1.853460166852e-09
  1.640414696992e-09
  1.451855373489e-09
  1.284971374131e-09
  1.137266094633e-09
  1.006542866009e-09
  8.908449675116e-10
  7.884442005230e-10
  6.978151798177e-10
  6.176039117682e-10
  5.466135117124e-10
  4.837842082669e-10
  4.281733476405e-10
  3.789553936344e-10
  3.353962189019e-10
  2.968445353693e-10
  2.627230390025e-10
  2.325246963231e-10
  2.057973191638e-10
  1.821404224898e-10
  1.612046530930e-10
  1.426749360851e-10
  1.262747596872e-10
  1.117601765243e-10
  9.891380491920e-11
  8.754397193424e-11
  7.748128553973e-11
  6.857492112906e-11
  6.069262151881e-11
  5.371612650608e-11
  4.754174417385e-11
  4.207692305898e-11
  3.724025215223e-11
  3.295974698228e-11
  2.917113569973e-11
  2.581803046870e-11
  2.285035637720e-11
  2.022375156651e-11
  1.789911018693e-11
  1.584169687451e-11
  1.402074683735e-11
  1.240912307236e-11
  1.098274505997e-11
  9.720331676720e-12
  8.603001281507e-12
  7.614128889293e-12
  6.738917692082e-12
  5.964313363129e-12
  5.278718404277e-12
  4.671963580688e-12
  4.134936572379e-12
  3.659639104759e-12
  3.238986991762e-12
  2.866667309512e-12
  2.537158392015e-12
  2.245518448183e-12
  1.987394131419e-12
  1.758969122129e-12
  1.556775596974e-12
  1.377828485615e-12
  1.219454079117e-12
  1.079281460369e-12
  9.552225083959e-13
  8.454233374099e-13
  7.482443011192e-13
  6.622371405172e-13
  5.861164186161e-13
  5.187452378131e-13
  4.591181007310e-13
  4.063437710581e-13
  3.596338474418e-13
  3.182970504352e-13
  2.817095146202e-13
  2.493284999352e-13
  2.206683968514e-13
  1.953035828993e-13
  1.728544256887e-13
  1.529855689919e-13
  1.354002196911e-13
  1.198367199461e-13
  1.060619771830e-13
  9.387060713638e-14
  8.308036340667e-14
  7.353070919669e-14
  6.507853252177e-14
  5.759814620976e-14
  5.097757441637e-14
  4.511769566720e-14
  3.993167155239e-14
  3.534180454733e-14
  3.127925236001e-14
  2.768388510465e-14
  2.450162873195e-14
  2.168526485657e-14
  1.669708377684e-13
  0.000000000000e+00
  0.000000000000e+00
  0.000000000000e+00
  0.000000000000e+00
  0.000000000000e+00
  0.000000000000e+00
  0.000000000000e+00
  0.000000000000e+00
  0.000000000000e+00
  0.000000000000e+00
  0.000000000000e+00
  0.000000000000e+00
  0.000000000000e+00
  0.000000000000e+00
  0.000000000000e+00
  0.000000000000e+00
  0.000000000000e+00
  0.000000000000e+00
  0.000000000000e+00
  0.000000000000e+00
  0.000000000000e+00
  0.000000000000e+00
  0.000000000000e+00
  0.000000000000e+00
  0.000000000000e+00
  0.000000000000e+00
  0.000000000000e+00
  0.000000000000e+00
  0.000000000000e+00
  0.000000000000e+00
  5.307169517211e-11
  1.184653169097e-07
  9.203472770239e-07
  1.704671065944e-04
  5.043252118208e-04
  1.312838173094e-03
  1.817038535860e-03
  4.960252953472e-03
  7.839015379054e-03
  7.036705246450e-03
  1.657274358001e-02
  2.220261691339e-02
  1.641685935218e-02
  1.833889284416e-02
  2.345639251827e-02
  2.320674974924e-02
  2.769538871807e-02
  2.373919001638e-02
  2.785679043295e-02
  1.884559406189e-02
  1.712487967102e-02
  2.394499726393e-02
  3.851500926156e-02
  3.219984964824e-02
  4.131225344470e-02
  4.202716370475e-02
  3.091548159763e-02
  2.999451505601e-02
  3.809166249710e-02
  4.703051725263e-02
  2.611333093500e-02
  2.244452302555e-02
  1.934657856536e-02
  1.511741644227e-02
  2.070514768551e-02
  2.397810218622e-02
  1.793373109720e-02
  1.494755863891e-02
  1.360265871937e-02
  1.115229125451e-02
  1.062632033779e-02
  9.831420350780e-03
  9.717290826826e-03
  1.072814204711e-02
  1.082125309984e-02
  1.025544780822e-02
  1.022190015879e-02
  1.015248607651e-02
  9.444714791680e-03
  9.174546085386e-03
  9.059232266319e-03
  9.649636584944e-03
  9.211856915552e-03
  8.287215738628e-03
  7.594535915363e-03
  6.351153330224e-03
  5.960203124619e-03
  4.363502694630e-03
  4.104979925892e-03
  3.870326791189e-03
  3.649740204709e-03
  3.433511713565e-03
  3.234462695882e-03
  3.047061829392e-03
  2.866537068875e-03
  2.696703615507e-03
  2.555889266283e-03
  2.407752763486e-03
  2.265105523881e-03
  2.130911605705e-03
  5.493483488561e-04
  9.332577539880e-04
  9.132022143086e-04
  7.719634004340e-04
  5.534991372063e-04
  8.527627646672e-04
  8.288394499652e-04
  6.520983463138e-04
  5.478074370271e-04
  8.616300359774e-04
  4.206625651167e-04
  7.879375492432e-04
  8.228017585220e-04
  4.186536353543e-04
  4.115468131962e-04
  7.209739617078e-04
  9.212283040429e-04
  6.328552109459e-04
  2.282749860845e-04
  3.680125675505e-04
  3.023683069078e-04
  4.351098586838e-04
  7.100646114401e-04
  4.976651566932e-04
  5.456040393661e-04
  6.119048090242e-04
  2.725114523235e-04
  3.338504681832e-04
  5.738037109048e-04
  3.025190001599e-04
  2.830592605362e-04
  4.400501402157e-04
  4.335277178894e-04
  5.467772663010e-04
  2.413952603746e-04
  2.286301639368e-04
  2.393610398240e-04
  6.710802726660e-04
  1.525026225629e-04
  2.521798722691e-04
  1.948339785550e-04
  3.480039569485e-04
  2.231194838191e-04
  4.265639519401e-04
  2.601553804270e-04
  2.646543736770e-04
  2.584655462545e-04
  3.974287426026e-04
  1.512935900701e-04
  2.616553953360e-04
  2.569778170238e-04
  7.082654790037e-04
  1.187517613726e-04
  1.685773257749e-04
  1.714940122078e-04
  7.439636755422e-04
  2.148829880090e-04
  2.462528072713e-04
  2.407052147779e-04
  3.373171877531e-04
  1.707921790008e-04
  1.302482231758e-04
  1.984114352522e-04
  3.893887069632e-04
  2.478724691913e-04
  3.844185413490e-04
  6.028925445739e-05
  9.094716847010e-05
  8.463775324150e-05
  1.067647578926e-04
  2.890090153002e-04
  1.758457986819e-04
  1.160095647759e-04
  1.043442025669e-04
  2.034682093642e-04
  1.597919036457e-04
  7.612981035052e-05
  1.561695101433e-04
  1.208227282763e-04
  1.381232876126e-04
  6.324290860686e-05
  8.198974684492e-05
  6.021454425163e-05
  2.263169146029e-04
  1.568601091490e-04
  4.312406447980e-05
  4.263751841536e-05
  1.277781930916e-04
  7.127801890672e-05
  8.304614915436e-05
  7.592283541012e-05
  8.891648973667e-05
  5.750228707811e-05
  4.608549402476e-05
  1.396210888859e-04
  3.607285438525e-05
  6.173088472408e-05
  5.923406964761e-05
  4.556510700415e-05
  6.919603916534e-05
  6.231744285063e-05
  7.238992813200e-05
  3.529545318866e-05
  3.941504587738e-05
  2.383986063512e-05
  6.642965859830e-05
  6.165595315475e-05
  2.317497300839e-05
  3.247779695980e-05
  5.924648404880e-05
  5.463094985084e-05
  8.618588761047e-06
  6.157327457981e-05
  4.858981697884e-05
  1.365836447503e-05
  8.204313309773e-06
  4.624161826605e-05
  2.812765577041e-05
  3.056133286461e-05
  9.661645890804e-06
  2.021358458172e-05
  5.041597359094e-05
  2.335003329844e-05
  5.568133428087e-06
  4.593965433505e-05
  2.100711549037e-05
  1.583015346544e-06
  1.613177229063e-05
  7.098488151614e-06
  1.297675991403e-05
  2.535682590625e-05
  2.962700265946e-05
  2.636266401638e-05
  1.465701823041e-05
  1.259670134961e-05
  8.875617768397e-06
  1.528543836684e-05
  1.517147541898e-05
  6.886297553397e-06
  1.827620478335e-05
  1.797715344356e-05
  4.869173077541e-06
  1.780063071507e-05
  6.412511826078e-06
  7.524000405220e-06
  4.982545704098e-06
  6.752380284346e-06
  2.187960257947e-05
  1.153025206704e-05
  1.361647213834e-05
  8.795506623511e-06
  1.540781999274e-06
  1.259908095267e-06
  8.485144213905e-06
  8.911979690404e-06
  1.174582381674e-05
  1.075198096695e-05
  6.562755045996e-06
  5.184369425618e-06
  4.255134821744e-06
  7.186718026889e-06
  8.174370842827e-06
  6.219943393007e-06
  8.680742062809e-07
  7.652045131121e-06
  7.178270975583e-06
  3.990902245287e-06
  1.138135003367e-06
  4.493964865698e-06
  3.293435960503e-06
  1.339640487080e-06
  7.646937598342e-06
  6.051715987699e-06
  2.563583581829e-06
  2.411698513827e-06
  3.740098335781e-06
  3.063640024050e-06
  1.755703615226e-06
  5.776864667072e-06
  2.051416460300e-06
  1.052581740196e-06
  4.614305093330e-06
  3.032595338069e-06
  2.217272607950e-06
  7.049613509778e-07
  3.333896943727e-06
  3.193557806752e-06
  2.303927658497e-06
  1.443426316638e-06
  2.034034251010e-06
  3.815814295864e-06
  7.701230390322e-07
  3.447209636098e-06
  1.502341976922e-06
  1.382222664603e-06
  8.300654721122e-07
  2.458686529274e-06
  3.629110226559e-07
  2.393231102827e-06
  7.641290613605e-07
  1.181535755710e-06
  1.218685920194e-06
  1.355114780340e-06
  1.544903180246e-06
  4.569304352754e-07
  7.754639222215e-07
  1.053314907417e-06
  2.222425409580e-06
  1.781151682216e-06
  1.290650636574e-06
  6.683792995006e-07
  1.792634862205e-07
  9.159070447343e-07
  1.583251170692e-06
  6.870180182357e-07
  2.129685804921e-07
  7.945196843933e-07
  7.844627665052e-07
  5.935526952407e-07
  7.233802390831e-07
  9.869062672895e-07
  5.320030796121e-07
  5.852941958915e-07
  4.587609847369e-07
  5.943886637045e-07
  3.187186741769e-07
  9.471038130236e-07
  2.775500746226e-07
  4.477971236895e-07
  6.224403149564e-07
  2.309994459250e-07
  6.009474283954e-07
  9.466591046744e-08
  3.099914928036e-07
  3.731280970888e-07
  8.290955786869e-07
  7.625086302021e-07
  3.818786046485e-07
  1.196294513358e-07
  1.430205692706e-07
  4.463259137154e-07
  3.047567091746e-07
  1.917064488534e-07
  2.688081282990e-07
  2.595035366488e-07
  4.436272537993e-07
  2.675868101280e-07
  6.920904427523e-08
  1.830704969424e-07
  1.329408398663e-07
  2.378135092242e-07
  3.597209964836e-07
  1.532605492992e-07
  2.381489248435e-07
  2.481484984981e-07
  1.283698204439e-07
  1.960557062487e-07
  2.338897845586e-07
  1.777067247597e-07
  7.494376646478e-08
  1.790430911135e-07
  1.521222590701e-07
  4.606149821348e-08
  1.955356236030e-07
  1.755954696858e-07
  8.131224702865e-08
  6.264568629020e-08
  1.855044226279e-07
  1.187184738254e-07
  1.098186842063e-07
  1.756581321792e-07
  2.766760205561e-08
  7.379808822650e-08
  2.881526149786e-08
  2.166017101277e-08
  1.877842349942e-07
  7.087784890832e-08
  4.341505796418e-08
  5.490324630379e-08
  5.714449160159e-08
  2.884829447699e-08
  9.806197631906e-08
  5.120289408525e-08
  2.712759668838e-08
  9.906100119048e-08
  5.847083018557e-08
  1.682839083594e-08
  1.174648089023e-08
  6.546535460326e-08
  2.175058142992e-08
  4.481107626674e-08
  3.673076352535e-08
  4.294578379250e-08
  1.959938129938e-08
  7.680565547409e-08
  1.367421449422e-08
  8.252179419171e-08
  8.506210721021e-09
  1.752113706828e-08
  3.021012870984e-08
  6.119516274198e-08
  2.221789099990e-08
  1.240308398525e-08
  3.000769172267e-08
  1.552439337053e-08
  1.928915685462e-08
  3.353913246713e-08
  4.574109657847e-08
  1.769334685960e-08
  4.020239736657e-08
  2.938066833505e-08
  1.618164948809e-08
  4.491688252036e-09
  3.806762794720e-08
  2.114853338738e-08
  3.010496994466e-08
  1.587208359996e-08
  2.266811130208e-08
  1.998125006442e-08
  2.654591962861e-08
  1.913601753508e-08
  6.845978392280e-09
  1.535219464739e-08
  3.580271888349e-08
  4.168978901781e-09
  7.905479791734e-09
  5.105040778825e-08
  6.821008581289e-09
  2.445197518612e-08
  2.090200077655e-08
  1.559182624884e-08
  2.479830956367e-09
  3.223703872844e-08
  8.939540982604e-09
  7.055321922907e-09
  9.280656713922e-09
  5.029524256252e-09
  5.171357431319e-09
  7.749706245681e-09
  3.420046167442e-08
  3.106811178095e-08
  3.964372551608e-09
  1.864240997267e-09
  1.039253826875e-08
  2.442620846627e-08
  9.258049959068e-09
  2.927749077385e-09
  6.268844819834e-09
  3.572321062230e-09
  3.655066765675e-09
  6.958503030333e-09
  2.469732350184e-08
  2.380621890617e-08
  4.165359607369e-09
  3.847774823820e-09
  3.439093396048e-09
  1.681879472507e-08
  5.890263303850e-09
  5.548953879406e-09
  3.713495680668e-09
  2.942076834623e-09
  2.204111558490e-09
  6.778744741186e-09
  1.706605230160e-08
  1.897406794535e-08
  3.922114245595e-09
  2.245058285335e-09
  1.147045158335e-09
  1.036782302586e-08
  2.235395765390e-09
  1.621715067105e-09
  9.612702072852e-09
  1.890007717120e-09
  2.223563882434e-09
  5.810279110973e-09
  1.169153845151e-08
  7.321705312109e-09
  2.708682151831e-09
  2.672599889494e-09
  6.897312604771e-09
  6.310516512380e-09
  2.400693479155e-09
  1.976239896835e-09
  7.085615527820e-09
  5.199686434526e-09
  2.848024986706e-09
  2.799712386982e-09
  5.268762937362e-09
  3.992834372958e-09
  4.928698683013e-09
  2.421728552643e-09
  3.270574842302e-09
  3.148260400251e-09
  3.615702788374e-09
  3.451650244705e-09
  3.035802171270e-09
  5.106226734165e-10
  5.516352559248e-10
  1.147703714964e-09
  9.806129562608e-09
  1.343471017682e-08
  1.189048896240e-08
  1.052372385597e-08
  9.314043874762e-09
  8.243424489874e-09
  7.295877717274e-09
  6.457247356491e-09
  5.715015297496e-09
  5.058091225299e-09
  4.476685335902e-09
  3.962114643167e-09
  3.506681228859e-09
  3.103594765385e-09
  2.746850765840e-09
  2.431114368122e-09
  2.151664994047e-09
  1.904341008447e-09
  1.685440105573e-09
  1.491708240905e-09
  1.320245551643e-09
  1.168484220344e-09
  1.034171872656e-09
  9.152996341592e-10
  8.100855280928e-10
  7.169744753595e-10
  6.345608172730e-10
  5.616159860053e-10
  4.970624943668e-10
  4.399274494556e-10
  3.893591549263e-10
  3.446038678139e-10
  3.049930701293e-10
  2.699351677245e-10
  2.389066357503e-10
  2.114459311579e-10
  1.871413177020e-10
  1.656292057148e-10
  1.465919384695e-10
  1.297411899127e-10
  1.148279260253e-10
  1.016291230078e-10
  8.994666046275e-11
  7.960787480353e-11
  7.045725812034e-11
  6.235867181603e-11
  5.519064263013e-11
  4.884669468419e-11
  4.323202902825e-11
  3.826258284561e-11
  3.386447604390e-11
  2.997196364205e-11
  2.652671633869e-11
  2.347759914852e-11
  2.077890049382e-11
  1.839049822703e-11
  1.627658679030e-11
  1.440562187451e-11
  1.274976701042e-11
  1.128422947789e-11
  9.987149624118e-12
  8.839102795616e-12
  7.823154679076e-12
  6.923920506200e-12
  6.128007780844e-12
  5.423634426856e-12
  4.800197129107e-12
  4.248437356173e-12
  3.760098246794e-12
  3.327885871253e-12
  2.945358549587e-12
  2.606805101622e-12
  2.307161835634e-12
  2.041962741545e-12
  1.807245411407e-12
  1.599506766682e-12
  1.415658785531e-12
  1.252928889209e-12
  1.108909748862e-12
  9.814430696581e-13
  8.686306589615e-13
  7.687846195312e-13
  6.804162813412e-13
  6.022029970452e-13
  5.329842681137e-13
  4.717196857553e-13
  4.174972320510e-13
  3.695072697337e-13
  3.270336876461e-13
  2.894422791527e-13
  2.561724410058e-13
  2.267266585758e-13
  2.006649717623e-13
  1.775994409042e-13
  1.571852922372e-13
  1.391170440310e-13
  1.231262929539e-13
  1.089728595295e-13
  9.644700177274e-14
  7.426194452475e-13
  0.000000000000e+00
  0.000000000000e+00
  0.000000000000e+00
  0.000000000000e+00
  0.000000000000e+00
  0.000000000000e+00
  0.000000000000e+00
  0.000000000000e+00
  0.000000000000e+00
  0.000000000000e+00
  0.000000000000e+00
  0.000000000000e+00
  0.000000000000e+00
  0.000000000000e+00
  0.000000000000e+00
  0.000000000000e+00
  0.000000000000e+00
  0.000000000000e+00
  0.000000000000e+00
  0.000000000000e+00
  0.000000000000e+00
  0.000000000000e+00
  0.000000000000e+00
  0.000000000000e+00
  0.000000000000e+00
  4.369806668465e-06
  2.172523196343e-05
  5.243646618028e-05
  1.030254473455e-04
  1.737826568421e-04
  2.041689189607e-04
  5.349549924275e-04
  8.522145609737e-04
  1.073969571017e-03
  2.558843552907e-03
  2.623561467157e-03
  3.109762297516e-03
  3.144759069758e-03
  4.426219566302e-03
  5.264072077533e-03
  7.300014940086e-03
  7.829763341677e-03
  8.598204882689e-03
  1.220889583579e-02
  1.364582540486e-02
  1.786206317835e-02
  2.142262376086e-02
  3.339789862123e-02
  3.397375444276e-02
  3.380146897280e-02
  3.631540735355e-02
  4.048983310542e-02
  3.042781908285e-02
  2.830391562173e-02
  2.841203676792e-02
  2.774801224418e-02
  2.747003446999e-02
  2.646221577202e-02
  3.186036050546e-02
  3.218466017967e-02
  2.759195769902e-02
  2.594479127975e-02
  2.481469575046e-02
  2.530310746465e-02
  2.442520572616e-02
  2.008973441975e-02
  2.075644284283e-02
  1.975297751076e-02
  1.813090526058e-02
  1.575804839687e-02
  1.568793659851e-02
  1.544191055913e-02
  1.463641613551e-02
  1.325314136642e-02
  1.289823480545e-02
  1.302734021869e-02
  1.277858970266e-02
  1.242413528888e-02
  1.154433221348e-02
  1.053966115556e-02
  9.509693041994e-03
  8.356474241627e-03
  7.632412686418e-03
  6.313331224898e-03
  5.813360773552e-03
  4.973524031764e-03
  4.680849155170e-03
  4.571401130883e-03
  4.300560905872e-03
  4.161723893860e-03
  4.033516978237e-03
  3.794551391150e-03
  3.458293003420e-03
  3.146107395868e-03
  2.959714353875e-03
  2.784360659448e-03
  2.651156937692e-03
  2.499601836748e-03
  2.351513197601e-03
  2.212200271686e-03
  5.703044394787e-04
  9.688586817055e-04
  9.407641102331e-04
  7.928951682465e-04
  5.685075601685e-04
  8.758856257629e-04
  8.513137446474e-04
  6.697801256035e-04
  5.626612969917e-04
  8.849934932777e-04
  4.320688991649e-04
  8.093028941890e-04
  8.451123720231e-04
  4.300054848824e-04
  4.227059742604e-04
  7.405231910085e-04
  9.462072667991e-04
  6.489448352467e-04
  2.306461947123e-04
  3.718352995985e-04
  3.055091325716e-04
  4.396295537734e-04
  7.174404972432e-04
  5.028345719295e-04
  5.512714773855e-04
  6.182608515932e-04
  2.753421038729e-04
  3.373182671190e-04
  5.797639963534e-04
  3.056614134267e-04
  2.859995029976e-04
  4.446211428245e-04
  4.380309236161e-04
  5.524567986364e-04
  2.439026866053e-04
  2.310050720530e-04
  2.418473298177e-04
  6.780515208154e-04
  1.540867194385e-04
  2.547993759356e-04
  1.968578148210e-04
  3.516188132496e-04
  2.254371112689e-04
  4.309948177164e-04
  2.628576822919e-04
  2.674034426194e-04
  2.611503629060e-04
  2.947269292287e-04
  1.059276526344e-04
  1.831969989977e-04
  1.799220041467e-04
  4.958894751439e-04
  8.314360788536e-05
  1.180287925198e-04
  1.200708747297e-04
  5.208833023365e-04
  1.504495430942e-04
  1.724129986596e-04
  1.685288803880e-04
  2.361713754160e-04
  1.195794834815e-04
  9.119281333030e-05
  1.389170072850e-04
  2.726289888578e-04
  1.735469606270e-04
  2.691491945165e-04
  4.221128498942e-05
  6.367629465104e-05
  5.925881659709e-05
  7.475094447820e-05
  2.023486207447e-04
  1.231178250873e-04
  8.122366338461e-05
  7.305620405900e-05
  1.424574936916e-04
  1.118776777948e-04
  5.330200343213e-05
  1.093414798600e-04
  8.459355117806e-05
  9.670651645154e-05
  4.427927871137e-05
  5.740480443157e-05
  4.215896924074e-05
  1.584548670746e-04
  1.098249875162e-04
  3.019314889407e-05
  2.985249076637e-05
  8.946340829315e-05
  4.990502158778e-05
  5.814444767458e-05
  5.315706127369e-05
  6.225452360638e-05
  4.026000321029e-05
  3.226657417906e-05
  9.775515012863e-05
  2.525626385633e-05
  4.322065142201e-05
  4.147249386996e-05
  3.190223049468e-05
  4.844733382525e-05
  4.363130541290e-05
  5.068353789568e-05
  2.471197138677e-05
  2.759628787788e-05
  1.669137874355e-05
  4.651046858539e-05
  4.316816756733e-05
  1.622586422684e-05
  2.273920009508e-05
  4.148118819670e-05
  3.824964225611e-05
  6.034270905992e-06
  4.311028414771e-05
  3.401996800136e-05
  9.562850016317e-06
  5.744217729526e-06
  3.237588499407e-05
  1.969346537580e-05
  2.139739429542e-05
  6.764562179976e-06
  1.415246050579e-05
  3.529853904548e-05
  1.634843118594e-05
  3.898506174875e-06
  3.216446456165e-05
  1.470804639486e-05
  1.108341452655e-06
  1.129459503112e-05
  4.969977168923e-06
  9.085623785986e-06
  1.775347910300e-05
  2.074322354874e-05
  1.845771098958e-05
  1.026205095385e-05
  8.819529210939e-06
  6.214227574757e-06
  1.070203747204e-05
  1.062224659354e-05
  4.821413079614e-06
  1.279601047018e-05
  1.258663090265e-05
  3.409131850913e-06
  1.246303954033e-05
  4.489694075777e-06
  5.267897706508e-06
  3.488508840828e-06
  4.727650992043e-06
  1.531891278492e-05
  8.072856974649e-06
  9.533515576093e-06
  6.158136628907e-06
  1.078771895892e-06
  8.821191703989e-07
  5.940836891785e-06
  6.239685160048e-06
  8.223788599396e-06
  7.527952773126e-06
  4.594884554588e-06
  3.629814083778e-06
  2.979214302862e-06
  5.031747663164e-06
  5.723248244202e-06
  4.354865000805e-06
  6.077781667805e-07
  5.357544008340e-06
  5.025833085185e-06
  2.794211775790e-06
  7.968600411657e-07
  3.146429655084e-06
  2.305884323290e-06
  9.379431755033e-07
  5.353968793551e-06
  4.237081585087e-06
  1.794881492082e-06
  1.688539974052e-06
  2.618612716154e-06
  2.144993524818e-06
  1.229247988141e-06
  4.044645190116e-06
  1.436289902523e-06
  7.369602131776e-07
  3.230683835014e-06
  2.123257238436e-06
  1.552413149691e-06
  4.935753510409e-07
  2.334211959249e-06
  2.235954154769e-06
  1.613083958201e-06
  1.010608359194e-06
  1.424119850768e-06
  2.671625583051e-06
  5.391981039750e-07
  2.413548719658e-06
  1.051858176369e-06
  9.677571178233e-07
  5.811665801262e-07
  1.721437566010e-06
  2.540904323275e-07
  1.675609300584e-06
  5.350012447664e-07
  8.272467438380e-07
  8.532570848669e-07
  9.487774511310e-07
  1.081656537001e-06
  3.199178694095e-07
  5.429377786094e-07
  7.374738929636e-07
  1.556021603095e-06
  1.247065485838e-06
  9.036433070008e-07
  4.679627720112e-07
  1.255105648339e-07
  6.412681932902e-07
  1.108506167558e-06
  4.810124993126e-07
  1.491089904379e-07
  5.562793437355e-07
  5.492379743788e-07
  4.155731900165e-07
  5.064713656877e-07
  6.909777887467e-07
  3.724795455811e-07
  4.097910042121e-07
  3.211993878736e-07
  4.161584365874e-07
  2.231493798090e-07
  6.631102357413e-07
  1.943253268119e-07
  3.135231053162e-07
  4.357986613416e-07
  1.617331718749e-07
  4.207505072213e-07
  6.627993207833e-08
  2.170391786079e-07
  2.612439805615e-07
  5.804876985096e-07
  5.338671842540e-07
  2.673707315091e-07
  8.375807012088e-08
  1.001352761279e-07
  3.124933111054e-07
  2.133742531790e-07
  1.342225253124e-07
  1.882049407055e-07
  1.816903344196e-07
  3.106036894502e-07
  1.873497564650e-07
  4.845641154962e-08
  1.281759841170e-07
  9.307795409089e-08
  1.665040609260e-07
  2.518570802624e-07
  1.073046669040e-07
  1.667388934240e-07
  1.737400448678e-07
  8.987755772963e-08
  1.372675047719e-07
  1.637568783592e-07
  1.244205712823e-07
  5.247155396163e-08
  1.253562551131e-07
  1.065077690737e-07
  3.224976937514e-08
  1.369034393320e-07
  1.229424499448e-07
  5.693044406085e-08
  4.386112371452e-08
  1.298801790499e-07
  8.312026433745e-08
  7.688910796610e-08
  1.229863314094e-07
  1.937135948498e-08
  5.166943325167e-08
  2.017488880735e-08
  1.516527763300e-08
  1.314763745686e-07
  4.962484684198e-08
  3.039687598407e-08
  3.844028467015e-08
  4.000947888604e-08
  2.019801787518e-08
  6.865769879679e-08
  3.584949865724e-08
  1.899327748210e-08
  6.935716470418e-08
  4.093811385804e-08
  1.178232974184e-08
  8.224255968876e-09
  4.583530269113e-08
  1.522857823971e-08
  3.137429647861e-08
  2.571689170532e-08
  3.006831569210e-08
  1.372242957314e-08
  5.377516387376e-08
  9.573950113915e-09
  5.777730995242e-08
  5.955590048847e-09
  1.226735614885e-08
  2.115149775564e-08
  4.284554315643e-08
  1.555576469983e-08
  8.683967929966e-09
  2.100976410323e-08
  1.086934022199e-08
  1.350522501880e-08
  2.348228754033e-08
  3.202544060416e-08
  1.238792293630e-08
  2.814754805159e-08
  2.057076106315e-08
  1.132951592379e-08
  3.144834427624e-09
  2.665289435783e-08
  1.480706112272e-08
  2.107786732465e-08
  1.111276931340e-08
  1.587098664967e-08
  1.398978768511e-08
  1.858602039190e-08
  1.339800237024e-08
  4.793183385693e-09
  1.074877343454e-08
  2.506712720837e-08
  2.918894157686e-09
  5.534988819760e-09
  3.574273974939e-08
  4.775700360982e-09
  1.711994471931e-08
  1.463445103426e-08
  1.091655482287e-08
  1.736239415847e-09
  2.257063127502e-08
  6.258980813863e-09
  4.939754433371e-09
  6.497813075496e-09
  3.521397679680e-09
  3.620707752405e-09
  5.425928598640e-09
  2.394531524749e-08
  2.175221007915e-08
  2.775638856073e-09
  1.305238801371e-09
  7.276294602847e-09
  1.710191100250e-08
  6.481982127060e-09
  2.049849866725e-09
  4.389108716104e-09
  2.501144933956e-09
  2.559083538724e-09
  4.871967135307e-09
  1.729173166801e-08
  1.666782651232e-08
  2.916360974066e-09
  2.694003101101e-09
  2.407869287201e-09
  1.177561129833e-08
  4.124046120646e-09
  3.885074736800e-09
  2.599991265972e-09
  2.059884056305e-09
  1.543195752418e-09
  4.746107907021e-09
  1.194872570481e-08
  1.328461776701e-08
  2.746052198871e-09
  1.571866521720e-09
  8.031003622128e-10
  7.258991277661e-09
  1.565101704135e-09
  1.135434344197e-09
  6.730292089424e-09
  1.323281213311e-09
  1.556818135730e-09
  4.068043633337e-09
  8.185782880347e-09
  5.126259352810e-09
  1.896473424149e-09
  1.871211149054e-09
  4.829123290601e-09
  4.418283803428e-09
  1.680833994699e-09
  1.383657355178e-09
  4.960964774026e-09
  3.640538464452e-09
  1.994032875699e-09
  1.960208787773e-09
  3.688900823589e-09
  2.795568113021e-09
  3.450810547089e-09
  1.695563558953e-09
  2.289876260683e-09
  2.204240742101e-09
  2.531514153603e-09
  2.416657173627e-09
  2.125503366557e-09
  3.575104650483e-10
  3.862252897183e-10
  8.035583061625e-10
  6.865721766581e-09
  9.406261473723e-09
  8.325078995662e-09
  7.368144246923e-09
  6.521191403963e-09
  5.771600922752e-09
  5.108179261938e-09
  4.521013963877e-09
  4.001346125937e-09
  3.541402294493e-09
  3.134330700576e-09
  2.774056340905e-09
  2.455188229744e-09
  2.172973024831e-09
  1.923196482476e-09
  1.702131286737e-09
  1.506479081823e-09
  1.333318301271e-09
  1.180057793872e-09
  1.044413636637e-09
  9.243627607254e-10
  8.181081708915e-10
  7.240731487264e-10
  6.408432850693e-10
  5.671774938490e-10
  5.019848250487e-10
  4.442838873942e-10
  3.932150215471e-10
  3.480165333936e-10
  3.080131005271e-10
  2.726082364611e-10
  2.412732767881e-10
  2.135398433925e-10
  1.889940476918e-10
  1.672695345265e-10
  1.480428447523e-10
  1.310264591300e-10
  1.159647405939e-10
  1.026356732800e-10
  9.083752998001e-11
  8.039640792824e-11
  7.115521495971e-11
  6.297598821362e-11
  5.573711168919e-11
  4.933041786616e-11
  4.366002835304e-11
  3.864154234088e-11
  3.419983383491e-11
  3.026870384900e-11
  2.678937324834e-11
  2.371007697635e-11
  2.098473080011e-11
  1.857258350487e-11
  1.643775315331e-11
  1.454824163655e-11
  1.287605060931e-11
  1.139596417056e-11
  1.008601260424e-11
  8.926718800586e-12
  7.900634515453e-12
  6.992456305454e-12
  6.188677722455e-12
  5.477357443212e-12
  4.847742480047e-12
  4.290505847961e-12
  3.797334994753e-12
  3.360839052882e-12
  2.974525652429e-12
  2.632615424814e-12
  2.330007222245e-12
  2.062179572812e-12
  1.825144306424e-12
  1.615348009901e-12
  1.429672026978e-12
  1.265333913405e-12
  1.119887436945e-12
  9.911646097841e-13
  8.772351112246e-13
  7.764004909212e-13
  6.871535915714e-13
  6.081669553969e-13
  5.382621013225e-13
  4.763909753469e-13
  4.216313131360e-13
  3.731669310430e-13
  3.302726545348e-13
  2.923091011098e-13
  2.587093477517e-13
  2.289713951435e-13
  2.026517912329e-13
  1.793580954452e-13
  1.587419225732e-13
  1.404948850457e-13
  1.243451148723e-13
  1.100526262365e-13
  9.740235938464e-14
  8.620649932980e-14
  7.629694006514e-14
  6.752702359162e-14
  5.199408652817e-13
  0.000000000000e+00
  0.000000000000e+00
  0.000000000000e+00
  0.000000000000e+00
  0.000000000000e+00
  0.000000000000e+00
  0.000000000000e+00
  0.000000000000e+00
  0.000000000000e+00
  0.000000000000e+00
  0.000000000000e+00
  0.000000000000e+00
  0.000000000000e+00
  0.000000000000e+00
  0.000000000000e+00
  0.000000000000e+00
  0.000000000000e+00
  0.000000000000e+00
  0.000000000000e+00
  0.000000000000e+00
  0.000000000000e+00
  0.000000000000e+00
  0.000000000000e+00
  0.000000000000e+00
  0.000000000000e+00
  1.996097040433e-04
  4.928658830382e-04
  4.813436330958e-04
  9.304280171662e-04
  1.779226868431e-03
  1.992598688237e-03
  2.777801783228e-03
  4.634588859844e-03
  4.134397663616e-03
  5.489636190591e-03
  6.832674049461e-03
  9.669431508638e-03
  1.435106494505e-02
  1.279817249225e-02
  1.362032016170e-02
  1.720049879239e-02
  1.815843609727e-02
  1.956928991808e-02
  2.453178692269e-02
  2.551943863285e-02
  2.292583875677e-02
  2.157162147665e-02
  2.514829942824e-02
  2.488893375268e-02
  2.766058737130e-02
  2.944151261203e-02
  3.228970545054e-02
  2.829727661217e-02
  3.132037413330e-02
  3.403846787897e-02
  3.303412977085e-02
  2.563144743648e-02
  2.524802224441e-02
  2.601304472595e-02
  2.501903543094e-02
  2.434131016462e-02
  2.475135241075e-02
  2.293972771397e-02
  2.242190902142e-02
  2.024031373670e-02
  1.773130153987e-02
  1.769109026820e-02
  1.668434253459e-02
  1.564245356749e-02
  1.459602199096e-02
  1.374228806123e-02
  1.426921524154e-02
  1.420117951762e-02
  1.309350415510e-02
  1.154167173068e-02
  1.047795134983e-02
  9.738607409428e-03
  8.953175503433e-03
  7.943811309536e-03
  7.138536189363e-03
  6.378211443353e-03
  6.117426363933e-03
  5.752967923557e-03
  5.265882297709e-03
  4.917810344820e-03
  4.484475914121e-03
  4.217271199418e-03
  3.838541157443e-03
  3.611118532194e-03
  3.155929418831e-03
  2.722662209445e-03
  2.561357690926e-03
  2.488660686111e-03
  2.417353352648e-03
  2.274136020807e-03
  2.139400467263e-03
  2.016026349599e-03
  1.897167177203e-03
  1.784769524138e-03
  1.679032727450e-03
  4.328540568617e-04
  7.353520286480e-04
  7.628918244927e-04
  6.590072334903e-04
  4.725094599979e-04
  7.279837972359e-04
  7.075611870577e-04
  5.566811427494e-04
  4.676503933233e-04
  7.355536925836e-04
  3.591099508430e-04
  6.726441107782e-04
  7.024068636980e-04
  3.573947732162e-04
  3.513280498195e-04
  6.154785900726e-04
  7.864309181068e-04
  5.401397877014e-04
  1.944661619478e-04
  3.135077884974e-04
  2.575858362071e-04
  3.706676212459e-04
  6.049000239315e-04
  4.239580918655e-04
  4.647971071777e-04
  5.212782632198e-04
  2.321509206177e-04
  2.844053556951e-04
  4.888199356939e-04
  2.577142030585e-04
  2.411365743565e-04
  3.748761924563e-04
  3.693198339428e-04
  4.657963778331e-04
  2.056432304537e-04
  1.947687612686e-04
  2.039102908879e-04
  5.716895933430e-04
  1.299161215891e-04
  2.148305998368e-04
  1.659779509555e-04
  2.964625321540e-04
  1.900742058277e-04
  3.633872946264e-04
  2.216248646629e-04
  2.254575136138e-04
  2.201853202691e-04
  1.988242747227e-04
  6.748779266805e-05
  1.167170618763e-04
  1.146305123557e-04
  3.159373218347e-04
  5.297178989257e-05
  7.519758590747e-05
  7.649862854446e-05
  3.318612749874e-04
  9.585327305742e-05
  1.098464750070e-04
  1.073718516820e-04
  1.504677191231e-04
  7.618560992028e-05
  5.810007792118e-05
  8.850577683466e-05
  1.736953712284e-04
  1.105689489835e-04
  1.714783347997e-04
  2.689333365930e-05
  4.056899247329e-05
  3.775451370813e-05
  4.762477405686e-05
  1.289188417187e-04
  7.843990246837e-05
  5.174862055995e-05
  4.654504466204e-05
  9.076146551768e-05
  7.127868684255e-05
  3.395937942011e-05
  6.966281577683e-05
  5.389561755254e-05
  6.161290855367e-05
  2.821087137205e-05
  3.657330598673e-05
  2.686000740122e-05
  1.009536125329e-04
  6.997087036567e-05
  1.923643583602e-05
  1.901940148889e-05
  5.699824305649e-05
  3.179511172124e-05
  3.704455323732e-05
  3.386702767934e-05
  3.966313358707e-05
  2.565015564466e-05
  2.055744061721e-05
  6.228103668501e-05
  1.609108343207e-05
  2.753643477914e-05
  2.642265520442e-05
  2.032531767100e-05
  3.086642344333e-05
  2.779805495409e-05
  3.229112743983e-05
  1.574431195302e-05
  1.758194612663e-05
  1.063429002320e-05
  2.963239528341e-05
  2.750297924931e-05
  1.033770183890e-05
  1.448743089981e-05
  2.642819067262e-05
  2.436933126505e-05
  3.844510797753e-06
  2.746611422868e-05
  2.167455682516e-05
  6.092613995255e-06
  3.659714395664e-06
  2.062709045410e-05
  1.254695884859e-05
  1.363255379411e-05
  4.309789183669e-06
  9.016713009854e-06
  2.248914858647e-05
  1.041579490526e-05
  2.483788226883e-06
  2.049239319085e-05
  9.370685649500e-06
  7.061388358072e-07
  7.195931994770e-06
  3.166436859653e-06
  5.788569080102e-06
  1.131097041180e-05
  1.321577602423e-05
  1.175964459074e-05
  6.538084639162e-06
  5.619035742253e-06
  3.959164217063e-06
  6.818405576239e-06
  6.767569821094e-06
  3.071784417770e-06
  8.152502819649e-06
  8.019105280463e-06
  2.172001924474e-06
  7.940363450887e-06
  2.860442164495e-06
  3.356246316930e-06
  2.222574223785e-06
  3.012047811156e-06
  9.759878869649e-06
  5.143323496996e-06
  6.073928125232e-06
  3.923429833049e-06
  6.872998304650e-07
  5.620100605396e-07
  3.784985860709e-06
  3.975385487493e-06
  5.239484180869e-06
  4.796158850836e-06
  2.927461553891e-06
  2.312602878757e-06
  1.898097003072e-06
  3.205794472378e-06
  3.646358374188e-06
  2.774542919883e-06
  3.872236357107e-07
  3.413363267652e-06
  3.202025983584e-06
  1.780230037922e-06
  5.076902506547e-07
  2.004632983595e-06
  1.469110074524e-06
  5.975762878570e-07
  3.411086135371e-06
  2.699502011341e-06
  1.143543222200e-06
  1.075791570370e-06
  1.668353598227e-06
  1.366604096967e-06
  7.831703225200e-07
  2.576897448427e-06
  9.150795792751e-07
  4.695273933313e-07
  2.058312890544e-06
  1.352756330911e-06
  9.890637015732e-07
  3.144637014067e-07
  1.487158877832e-06
  1.424557531596e-06
  1.027718171619e-06
  6.438722827294e-07
  9.073258801773e-07
  1.702128010451e-06
  3.435304034963e-07
  1.537703823240e-06
  6.701527338340e-07
  6.165708536566e-07
  3.702689730122e-07
  1.096751614937e-06
  1.618845091689e-07
  1.067553867485e-06
  3.408566990854e-07
  5.270502651163e-07
  5.436219033653e-07
  6.044791874939e-07
  6.891382816361e-07
  2.038240795554e-07
  3.459130706520e-07
  4.698547249241e-07
  9.913626885374e-07
  7.945225542521e-07
  5.757235675376e-07
  2.981455133578e-07
  7.996448182170e-08
  4.085607763244e-07
  7.062444947823e-07
  3.064596959978e-07
  9.499936590354e-08
  3.544131538299e-07
  3.499270258228e-07
  2.647673733526e-07
  3.226798262506e-07
  4.402314148595e-07
  2.373117851282e-07
  2.610834567251e-07
  2.046404979008e-07
  2.651403197763e-07
  1.421715621365e-07
  4.224767564992e-07
  1.238073848725e-07
  1.997499044310e-07
  2.776533136092e-07
  1.030424475781e-07
  2.680660032748e-07
  4.222784639709e-08
  1.382786285960e-07
  1.664421244558e-07
  3.698366701701e-07
  3.401340467138e-07
  1.703455290083e-07
  5.336339540121e-08
  6.379752879743e-08
  1.990936822281e-07
  1.359435722271e-07
  8.551495847040e-08
  1.199078946686e-07
  1.157573613047e-07
  1.978898390227e-07
  1.193630555941e-07
  3.087224067224e-08
  8.166267314012e-08
  5.930122710329e-08
  1.060820246624e-07
  1.604615503411e-07
  6.836527123348e-08
  1.062316282774e-07
  1.106921475501e-07
  5.726221339192e-08
  8.745501465439e-08
  1.043317445836e-07
  7.927002620502e-08
  3.343033993935e-08
  7.986619392199e-08
  6.785754866489e-08
  2.054676535580e-08
  8.722305717602e-08
  7.832830991978e-08
  3.627115911703e-08
  2.794451985092e-08
  8.274842918409e-08
  5.295705032723e-08
  4.898709667594e-08
  7.835626622922e-08
  1.234175788266e-08
  3.291929767212e-08
  1.285369729586e-08
  9.662006139111e-09
  8.376538938623e-08
  3.161666499256e-08
  1.936626345817e-08
  2.449082328940e-08
  2.549058000657e-08
  1.286842910490e-08
  4.374274588151e-08
  2.284019880544e-08
  1.210087031156e-08
  4.418839473946e-08
  2.608222579761e-08
  7.506681460152e-09
  5.239782330656e-09
  2.920229006112e-08
  9.702333755366e-09
  1.998898617877e-08
  1.638458202146e-08
  1.915692853669e-08
  8.742746942913e-09
  3.426088510192e-08
  6.099690279339e-09
  3.681070063505e-08
  3.794387097281e-09
  7.815695245407e-09
  1.347590551488e-08
  2.729747335717e-08
  9.910789628926e-09
  5.532675928236e-09
  1.338560660955e-08
  6.925002521321e-09
  8.604361530678e-09
  1.496088375921e-08
  2.040383991957e-08
  7.892513692270e-09
  1.793318265204e-08
  1.310590648715e-08
  7.218188273065e-09
  2.003619105232e-09
  1.698091779172e-08
  9.433779443555e-09
  1.342899538093e-08
  7.080097600427e-09
  1.011162105446e-08
  8.913083161769e-09
  1.184140380403e-08
  8.536049165202e-09
  3.053804733482e-09
  6.848189245328e-09
  1.597060732858e-08
  1.859664665851e-09
  3.526417093796e-09
  2.277218117956e-08
  3.042664093756e-09
  1.090735074835e-08
  9.323805377327e-09
  6.955084058385e-09
  1.106183566477e-09
  1.438005542852e-08
  3.987681979578e-09
  3.147182891982e-09
  4.139845175313e-09
  2.243531967314e-09
  2.306800148964e-09
  3.456930940798e-09
  1.525588190094e-08
  1.385862746861e-08
  1.768396222370e-09
  8.315870929025e-10
  4.635824697808e-09
  1.089585848945e-08
  4.129759393096e-09
  1.305988574286e-09
  2.796357450741e-09
  1.593512223222e-09
  1.630424479746e-09
  3.103995784537e-09
  1.101679480038e-08
  1.061929708522e-08
  1.858053939801e-09
  1.716387610459e-09
  1.534085998089e-09
  7.502399979673e-09
  2.627487173570e-09
  2.475233487608e-09
  1.656488250708e-09
  1.312379769784e-09
  9.831918346616e-10
  3.023811101211e-09
  7.612694639850e-09
  8.463809523852e-09
  1.749545815259e-09
  1.001457933446e-09
  5.116653570781e-10
  4.624800402661e-09
  9.971480131809e-10
  7.234021477446e-10
  4.287962165160e-09
  8.430819372331e-10
  9.918685547636e-10
  2.591805584140e-09
  5.215272406172e-09
  3.266009487897e-09
  1.208269470300e-09
  1.192172551541e-09
  3.076701346481e-09
  2.814946728909e-09
  1.070884621438e-09
  8.815454548011e-10
  3.160699546539e-09
  2.319437755597e-09
  1.270423329434e-09
  1.248876313543e-09
  2.350250970786e-09
  1.781093294009e-09
  2.198555738800e-09
  1.080264579879e-09
  1.458911887932e-09
  1.404351451605e-09
  1.612861619301e-09
  1.539686050455e-09
  1.354186254901e-09
  2.277745029624e-10
  2.460693000762e-10
  5.119575112413e-10
  4.374245889822e-09
  5.992854931288e-09
  5.304020050458e-09
  4.694343435231e-09
  4.154737281328e-09
  3.677166056546e-09
  3.254491374650e-09
  2.880399603195e-09
  2.549311373294e-09
  2.256275576785e-09
  1.996925413830e-09
  1.767387902692e-09
  1.564232171030e-09
  1.384428088939e-09
  1.225294560250e-09
  1.084452984696e-09
  9.597988181290e-10
  8.494731327314e-10
  7.518290063626e-10
  6.654108390769e-10
  5.889233279033e-10
  5.212288814099e-10
  4.613165944836e-10
  4.082919065895e-10
  3.613559182902e-10
  3.198209038565e-10
  2.830586025660e-10
  2.505224534444e-10
  2.217258776111e-10
  1.962394343007e-10
  1.736825474705e-10
  1.537183349305e-10
  1.360489545606e-10
  1.204106919834e-10
  1.065698238683e-10
  9.432029104011e-11
  8.347852760867e-11
  7.388268533849e-11
  6.539056530060e-11
  5.787392991542e-11
  5.122160547485e-11
  4.533379418511e-11
  4.012284979724e-11
  3.551095071559e-11
  3.142906582373e-11
  2.781643739745e-11
  2.461902984376e-11
  2.178916773992e-11
  1.928460507685e-11
  1.706787890037e-11
  1.510599905894e-11
  1.336964671885e-11
  1.183283825763e-11
  1.047271842924e-11
  9.268888150960e-12
  8.203482066440e-12
  7.260522186936e-12
  6.425943745655e-12
  5.687336654251e-12
  5.033583541914e-12
  4.454989027124e-12
  3.942891902389e-12
  3.489690988596e-12
  3.088560737157e-12
  2.733528793053e-12
  2.419333795913e-12
  2.141236643251e-12
  1.895110980690e-12
  1.677275148688e-12
  1.484479255360e-12
  1.313843126035e-12
  1.162822692602e-12
  1.029160870244e-12
  9.108642885190e-13
  8.061619244032e-13
  7.134947605483e-13
  6.314847600606e-13
  5.588960849757e-13
  4.946531943036e-13
  4.377943061975e-13
  3.874713979537e-13
  3.429346934013e-13
  3.035145648567e-13
  2.686267039935e-13
  2.377496285576e-13
  2.104210627583e-13
  1.862340591151e-13
  1.648271738049e-13
  1.458805885094e-13
  1.291122322621e-13
  1.142713178611e-13
  1.011365320642e-13
  8.951112326245e-14
  7.922212584944e-14
  7.011622352542e-14
  6.205612968808e-14
  5.492343141111e-14
  4.860979896499e-14
  4.302241523063e-14
  3.312614540507e-13
  0.000000000000e+00
  0.000000000000e+00
  0.000000000000e+00
  0.000000000000e+00
  0.000000000000e+00
  0.000000000000e+00
  0.000000000000e+00
  0.000000000000e+00
  0.000000000000e+00
  0.000000000000e+00
  0.000000000000e+00
  0.000000000000e+00
  0.000000000000e+00
  0.000000000000e+00
  0.000000000000e+00
  0.000000000000e+00
  0.000000000000e+00
  0.000000000000e+00
  0.000000000000e+00
  0.000000000000e+00
  0.000000000000e+00
  0.000000000000e+00
  0.000000000000e+00
  0.000000000000e+00
  0.000000000000e+00
  5.525629116797e-04
  1.258436293091e-03
  1.495903422385e-03
  1.894350315978e-03
  2.591055681808e-03
  3.011498447204e-03
  3.861764384909e-03
  4.517432441175e-03
  4.714550262514e-03
  5.738603767164e-03
  7.092729039371e-03
  7.904116895294e-03
  9.973141423738e-03
  1.052904167925e-02
  1.139794167704e-02
  1.306169478997e-02
  1.296761324999e-02
  1.505476797667e-02
  1.758805170298e-02
  1.828472427680e-02
  1.750143665160e-02
  1.860021495067e-02
  2.122618655651e-02
  2.328022765851e-02
  2.489714495152e-02
  2.519000283184e-02
  2.752869750533e-02
  2.923094970007e-02
  3.011818169309e-02
  3.084583641088e-02
  2.978914539633e-02
  2.736574643670e-02
  2.682071168782e-02
  2.561276752384e-02
  2.584541422756e-02
  2.624157324779e-02
  2.469746683088e-02
  2.389491389939e-02
  2.242799483078e-02
  2.223863358121e-02
  2.183642695746e-02
  2.043627116145e-02
  1.985009505143e-02
  1.912245925211e-02
  1.781692101931e-02
  1.684142806823e-02
  1.679235356296e-02
  1.541936468659e-02
  1.379732048883e-02
  1.262760424196e-02
  1.189494874253e-02
  1.118899350722e-02
  1.060248317094e-02
  9.978066531501e-03
  9.193757309043e-03
  8.381360468175e-03
  7.700289324070e-03
  7.215579262594e-03
  6.805899844100e-03
  6.414792054751e-03
  6.082365568579e-03
  5.714266419673e-03
  4.719219970963e-03
  4.439622044670e-03
  3.974199361036e-03
  3.532111976720e-03
  3.322852282798e-03
  3.013903615067e-03
  2.727431348220e-03
  2.565843039876e-03
  2.413824953737e-03
  2.017220718900e-03
  1.853614440666e-03
  1.743797149855e-03
  1.640487811941e-03
  4.229171748512e-04
  7.184710629430e-04
  7.849089378850e-04
  6.901614678455e-04
  4.948471440342e-04
  7.623991143752e-04
  7.410105253856e-04
  5.829978705025e-04
  4.897583915251e-04
  7.703265829658e-04
  3.760865259782e-04
  7.044430191280e-04
  7.356130865448e-04
  3.742904697144e-04
  3.679367653919e-04
  6.445748974098e-04
  8.236091860703e-04
  5.998539729955e-04
  3.255952166628e-04
  5.249070127036e-04
  4.312766781831e-04
  6.206098023014e-04
  1.012785665276e-03
  7.098341518128e-04
  7.782111696962e-04
  8.727776530611e-04
  3.886909550972e-04
  4.761805441803e-04
  8.184324626863e-04
  4.314915919764e-04
  4.037356773675e-04
  6.276562378502e-04
  6.183530813485e-04
  7.798841928583e-04
  3.443090496244e-04
  3.261018532284e-04
  3.414075242301e-04
  9.571817661820e-04
  2.175189293753e-04
  3.596914665436e-04
  2.778973452295e-04
  4.963681257774e-04
  3.182417343828e-04
  6.084205074257e-04
  3.710671411841e-04
  3.774841593119e-04
  3.686569283965e-04
  1.783728990289e-04
  4.510449634739e-05
  7.800613958393e-05
  7.661165932823e-05
  2.111521082485e-04
  3.540294214010e-05
  5.025721850202e-05
  5.112675542156e-05
  2.217946292033e-04
  6.406215682718e-05
  7.341431216029e-05
  7.176039665058e-05
  1.005629439553e-04
  5.091753608703e-05
  3.883034418168e-05
  5.915155322244e-05
  1.160868079514e-04
  7.389717451809e-05
  1.146050504979e-04
  1.797377403519e-05
  2.711368938510e-05
  2.523268920117e-05
  3.182933817997e-05
  8.616107121811e-05
  5.242417763170e-05
  3.458544361910e-05
  3.110770584107e-05
  6.065912177202e-05
  4.763808276919e-05
  2.269626500922e-05
  4.655814726397e-05
  3.602037155879e-05
  4.117811971967e-05
  1.885434042141e-05
  2.444325938012e-05
  1.795150699868e-05
  6.747088634112e-05
  4.676401802970e-05
  1.285639157826e-05
  1.271133738009e-05
  3.809395543795e-05
  2.124980311038e-05
  2.475819511227e-05
  2.263453404905e-05
  2.650828580572e-05
  1.714290646367e-05
  1.373926601755e-05
  4.162461447635e-05
  1.075424081284e-05
  1.840356378487e-05
  1.765919144777e-05
  1.358412827608e-05
  2.062911340908e-05
  1.857842087586e-05
  2.158129880794e-05
  1.052247697095e-05
  1.175063867076e-05
  7.107277341049e-06
  1.980439433957e-05
  1.838122738065e-05
  6.909055942426e-06
  9.682466974229e-06
  1.766289984581e-05
  1.628689124777e-05
  2.569422981523e-06
  1.835657631451e-05
  1.448587380494e-05
  4.071909582938e-06
  2.445916728901e-06
  1.378581389839e-05
  8.385575376660e-06
  9.111117841224e-06
  2.880384403953e-06
  6.026187336336e-06
  1.503029328110e-05
  6.961243544618e-06
  1.660003409565e-06
  1.369578898239e-05
  6.262759218513e-06
  4.719374471783e-07
  4.809294705599e-06
  2.116241240182e-06
  3.868704498669e-06
  7.559519566058e-06
  8.832568256595e-06
  7.859380899167e-06
  4.369630222056e-06
  3.755397557752e-06
  2.646047505410e-06
  4.556978679093e-06
  4.523003337140e-06
  2.052980759730e-06
  5.448602758350e-06
  5.359449422461e-06
  1.451624994624e-06
  5.306823227124e-06
  1.911733714003e-06
  2.243096944452e-06
  1.485424211949e-06
  2.013057237116e-06
  6.522868909593e-06
  3.437463513329e-06
  4.059418797054e-06
  2.622165556967e-06
  4.593465762945e-07
  3.756107265151e-07
  2.529637519580e-06
  2.656888342355e-06
  3.501729239175e-06
  3.205438911890e-06
  1.956523842172e-06
  1.545592323810e-06
  1.268563903803e-06
  2.142543831794e-06
  2.436988031937e-06
  1.854323479611e-06
  2.587949773901e-07
  2.281269392613e-06
  2.140025279248e-06
  1.189789586144e-06
  3.393069878406e-07
  1.339765234508e-06
  9.818568587718e-07
  3.993807659152e-07
  2.279746449655e-06
  1.804170375743e-06
  7.642695832787e-07
  7.189888992414e-07
  1.115018567602e-06
  9.133493286857e-07
  5.234200968146e-07
  1.722230720963e-06
  6.115796897381e-07
  3.138015637026e-07
  1.375642298674e-06
  9.040942124797e-07
  6.610257284874e-07
  2.101670551651e-07
  9.939200368354e-07
  9.520814040399e-07
  6.868597790220e-07
  4.303223549973e-07
  6.063977007139e-07
  1.137592013918e-06
  2.295934143765e-07
  1.027701502332e-06
  4.478866451049e-07
  4.120759721485e-07
  2.474637863733e-07
  7.329973498300e-07
  1.081930520703e-07
  7.134833855008e-07
  2.278064011402e-07
  3.522460594289e-07
  3.633214664560e-07
  4.039944441690e-07
  4.605750659144e-07
  1.362226916824e-07
  2.311856682938e-07
  3.140201981279e-07
  6.625620152709e-07
  5.310069573124e-07
  3.847760998164e-07
  1.992610125673e-07
  5.344305693542e-08
  2.730554156625e-07
  4.720078427967e-07
  2.048176755385e-07
  6.349139296220e-08
  2.368666697410e-07
  2.338684142212e-07
  1.769532509050e-07
  2.156581530334e-07
  2.942219901273e-07
  1.586037308763e-07
  1.744912015158e-07
  1.367683759653e-07
  1.772025017172e-07
  9.501821853716e-08
  2.823559614157e-07
  8.274478692940e-08
  1.334998070726e-07
  1.855654166794e-07
  6.886686115577e-08
  1.791578451731e-07
  2.822233681816e-08
  9.241641842691e-08
  1.112390578026e-07
  2.471747311050e-07
  2.273233811285e-07
  1.138478072966e-07
  3.566460977330e-08
  4.263810201678e-08
  1.330611823984e-07
  9.085580880000e-08
  5.715262161690e-08
  8.013860404080e-08
  7.736465848661e-08
  1.322566367217e-07
  7.977447398642e-08
  2.063299169496e-08
  5.457799473246e-08
  3.963306737938e-08
  7.089829468885e-08
  1.072420270041e-07
  4.569088686671e-08
  7.099829770922e-08
  7.397940679111e-08
  3.827033231252e-08
  5.844922402677e-08
  6.972852799274e-08
  5.297891124836e-08
  2.234265992905e-08
  5.337735309703e-08
  4.535155892351e-08
  1.373212114290e-08
  5.829420610227e-08
  5.234953797038e-08
  2.424127951258e-08
  1.867629872169e-08
  5.530365039883e-08
  3.539302886301e-08
  3.273978313288e-08
  5.236821049802e-08
  8.248426701657e-09
  2.200111221897e-08
  8.590573496544e-09
  6.457453199462e-09
  5.598331527017e-08
  2.113050955908e-08
  1.294314536507e-08
  1.636806908738e-08
  1.703624414266e-08
  8.600417405915e-09
  2.923479014902e-08
  1.526490170380e-08
  8.087430541353e-09
  2.953262989251e-08
  1.743165903649e-08
  5.016975842574e-09
  3.501934498243e-09
  1.951690299793e-08
  6.484405709808e-09
  1.335933273647e-08
  1.095038748617e-08
  1.280324329628e-08
  5.843088572540e-09
  2.289773407813e-08
  4.076633404511e-09
  2.460187181349e-08
  2.535919699482e-09
  5.223502448527e-09
  9.006420335516e-09
  1.824385408037e-08
  6.623721306104e-09
  3.697677577595e-09
  8.946062225484e-09
  4.628220249379e-09
  5.750596183853e-09
  9.998876845994e-09
  1.363659549323e-08
  5.274847169921e-09
  1.198536640593e-08
  8.759130737781e-09
  4.824165125720e-09
  1.339089504678e-09
  1.134893653949e-08
  6.304926206541e-09
  8.975066128346e-09
  4.731874534021e-09
  6.757941528428e-09
  5.956927298972e-09
  7.914023866224e-09
  5.704939615086e-09
  2.040963395889e-09
  4.576881834141e-09
  1.067371183252e-08
  1.242880267699e-09
  2.356824871725e-09
  1.521944062587e-08
  2.033514564532e-09
  7.289764880684e-09
  6.231424806367e-09
  4.648324274410e-09
  7.393021877504e-10
  9.610688806831e-09
  2.665107609392e-09
  2.103367853513e-09
  2.766800679547e-09
  1.499427302306e-09
  1.541716383817e-09
  2.310386339626e-09
  1.019603881042e-08
  9.262204325257e-09
  1.181880821611e-09
  5.557785466998e-10
  3.098283764796e-09
  7.282077676633e-09
  2.760065705039e-09
  8.728350390799e-10
  1.868904976893e-09
  1.065002528032e-09
  1.089672209940e-09
  2.074510884083e-09
  7.362909983048e-09
  7.097244247001e-09
  1.241801915039e-09
  1.147121290252e-09
  1.025280051974e-09
  5.014112847793e-09
  1.756043704627e-09
  1.654287572912e-09
  1.107089812555e-09
  8.771106127848e-10
  6.571014455034e-10
  2.020921171186e-09
  5.087831810345e-09
  5.656659685463e-09
  1.169284275187e-09
  6.693101633392e-10
  3.419632857502e-10
  3.090911868541e-09
  6.664282500898e-10
  4.834746855331e-10
  2.865794714975e-09
  5.634594445944e-10
  6.629012170910e-10
  1.732193822987e-09
  3.485551105197e-09
  2.182787581005e-09
  8.075284885076e-10
  7.967701865304e-10
  2.056267175044e-09
  1.881328104030e-09
  7.157108585025e-10
  5.891671197647e-10
  2.112404574928e-09
  1.550160326577e-09
  8.490671374666e-10
  8.346701835311e-10
  1.570756231769e-09
  1.190368907462e-09
  1.469372163253e-09
  7.219791774740e-10
  9.750452140196e-10
  9.385767144098e-10
  1.077933300719e-09
  1.029024647352e-09
  9.050531896085e-10
  1.522299729780e-10
  1.644563480504e-10
  3.421594071989e-10
  2.923458204588e-09
  4.005235107332e-09
  3.544860501502e-09
  3.137394543731e-09
  2.776758099724e-09
  2.457578324650e-09
  2.175087764643e-09
  1.925073907556e-09
  1.703790896782e-09
  1.507946918936e-09
  1.334615917678e-09
  1.181206062929e-09
  1.045434526253e-09
  9.252644192902e-10
  8.189047937637e-10
  7.247791106967e-10
  6.414684850101e-10
  5.677331264526e-10
  5.024732414340e-10
  4.447170513291e-10
  3.935987209318e-10
  3.483552053775e-10
  3.083136378307e-10
  2.728749334805e-10
  2.415068527682e-10
  2.137477850814e-10
  1.891783710524e-10
  1.674328536385e-10
  1.481870964261e-10
  1.311535387058e-10
  1.160780423947e-10
  1.027354777268e-10
  9.092657017543e-11
  8.047474737526e-11
  7.122424727537e-11
  6.303746955386e-11
  5.579163335522e-11
  4.937833585942e-11
  4.370279554317e-11
  3.867912256303e-11
  3.423315652551e-11
  3.029817830114e-11
  2.681547757841e-11
  2.373315469422e-11
  2.100517471043e-11
  1.859067373678e-11
  1.645376974616e-11
  1.456242746655e-11
  1.288858450417e-11
  1.140707929695e-11
  1.009590336078e-11
  8.935381489224e-12
  7.908297876660e-12
  6.999265502674e-12
  6.194719825911e-12
  5.482679150146e-12
  4.852460847274e-12
  4.294681357305e-12
  3.801041779065e-12
  3.364119767053e-12
  2.977426286839e-12
  2.635165981146e-12
  2.332287619091e-12
  2.064194013019e-12
  1.826918590865e-12
  1.616923599164e-12
  1.431062266118e-12
  1.266566189286e-12
  1.120982274018e-12
  9.921285903715e-13
  8.780880669504e-13
  7.771580416598e-13
  6.878250370820e-13
  6.087616073987e-13
  5.387859789929e-13
  4.768538524464e-13
  4.220438983813e-13
  3.735300103736e-13
  3.305945478811e-13
  2.925930217703e-13
  2.589610310874e-13
  2.291947139755e-13
  2.028494864430e-13
  1.795324749771e-13
  1.588962103872e-13
  1.406316910340e-13
  1.244664909821e-13
  1.101597150760e-13
  9.749695401487e-14
  8.629028435265e-14
  7.637133172662e-14
  6.759316270415e-14
  5.982334801121e-14
  5.294686336404e-14
  4.686104454449e-14
  4.147432616878e-14
  3.670718761093e-14
  3.248767563203e-14
  2.875335928862e-14
  2.213933685030e-13
  0.000000000000e+00
  0.000000000000e+00
  0.000000000000e+00
  0.000000000000e+00
  0.000000000000e+00
  0.000000000000e+00
  0.000000000000e+00
  0.000000000000e+00
  0.000000000000e+00
  0.000000000000e+00
  0.000000000000e+00
  0.000000000000e+00
  0.000000000000e+00
  0.000000000000e+00
  0.000000000000e+00
  0.000000000000e+00
  0.000000000000e+00
  0.000000000000e+00
  0.000000000000e+00
  0.000000000000e+00
  0.000000000000e+00
  0.000000000000e+00
  0.000000000000e+00
  0.000000000000e+00
  0.000000000000e+00
  1.076670659575e-03
  2.468211572350e-03
  3.042010331557e-03
  3.577863447851e-03
  3.830859992764e-03
  4.296700492420e-03
  5.023800793116e-03
  5.724318368963e-03
  6.417439811205e-03
  6.743145181851e-03
  8.066676741776e-03
  8.938831887466e-03
  9.673353913924e-03
  1.028473550957e-02
  1.175355676017e-02
  1.229594792008e-02
  1.270485640657e-02
  1.479799684130e-02
  1.656065520440e-02
  1.772166602435e-02
  1.694158694616e-02
  2.124350823877e-02
  2.293107017836e-02
  2.452287228514e-02
  2.558190588335e-02
  2.544199205124e-02
  2.666770586779e-02
  3.007111660844e-02
  2.925159549882e-02
  2.684224438399e-02
  2.543696394494e-02
  2.665924540150e-02
  2.527922592763e-02
  2.162621637737e-02
  2.391255953844e-02
  2.539186153037e-02
  2.458704838438e-02
  2.423009799990e-02
  2.098415430078e-02
  2.055492865183e-02
  2.183706564922e-02
  1.963996384782e-02
  1.852012629352e-02
  1.812286073340e-02
  1.676810222469e-02
  1.574376858162e-02
  1.514650783539e-02
  1.387998054883e-02
  1.325990514664e-02
  1.217918294740e-02
  1.088693704767e-02
  1.012731363068e-02
  9.556554316564e-03
  8.809319009363e-03
  8.468943310613e-03
  8.265797278255e-03
  8.329731004704e-03
  7.942937153389e-03
  7.560533109847e-03
  7.098913810806e-03
  6.624474346129e-03
  6.213964091637e-03
  4.317290136081e-03
  4.061505551390e-03
  3.653717098152e-03
  3.266586032522e-03
  3.073056629812e-03
  3.162882092850e-03
  3.237320647366e-03
  3.045523984281e-03
  2.865087228418e-03
  2.045674509114e-03
  1.811522824869e-03
  1.704199853000e-03
  1.603235779634e-03
  4.133136495653e-04
  7.021557750301e-04
  9.132406452807e-04
  8.456082498608e-04
  6.063027566613e-04
  9.341158673145e-04
  9.079102504371e-04
  7.143078348065e-04
  6.000677543105e-04
  9.438291449946e-04
  4.607934250540e-04
  8.631062103176e-04
  9.012966346930e-04
  4.585928005673e-04
  4.508081177906e-04
  7.897541181713e-04
  1.009112481413e-03
  7.925517926453e-04
  6.043886137999e-04
  9.743625462982e-04
  8.005606326158e-04
  1.152011714008e-03
  1.879990879512e-03
  1.317635126768e-03
  1.444559885007e-03
  1.620099506204e-03
  7.215105218063e-04
  8.839136884042e-04
  1.519221241838e-03
  8.009595691933e-04
  7.494372865669e-04
  1.165091715318e-03
  1.147822578861e-03
  1.447666020254e-03
  6.391262044617e-04
  6.053290503280e-04
  6.337404101236e-04
  1.776776201681e-03
  4.037712371740e-04
  6.676799770884e-04
  5.158490814200e-04
  9.213870807350e-04
  5.907386600817e-04
  1.129385235671e-03
  6.887962170318e-04
  7.007078610670e-04
  6.843221056799e-04
  2.184200343026e-04
  3.421514934163e-05
  5.917353993570e-05
  5.811569562011e-05
  1.601746918219e-04
  2.685579317341e-05
  3.812388476516e-05
  3.878348499694e-05
  1.682479638133e-04
  4.859595486983e-05
  5.569025155429e-05
  5.443566376205e-05
  7.628453191229e-05
  3.862478351016e-05
  2.945573059280e-05
  4.487089586826e-05
  8.806055256532e-05
  5.605655060347e-05
  8.693654499472e-05
  1.363445992484e-05
  2.056776989336e-05
  1.914088666229e-05
  2.414493633127e-05
  6.535961610243e-05
  3.976766906070e-05
  2.623565002727e-05
  2.359753513012e-05
  4.601448896669e-05
  3.613706017562e-05
  1.721682307620e-05
  3.531785520442e-05
  2.732415976958e-05
  3.123668885415e-05
  1.430243481391e-05
  1.854204522396e-05
  1.361756458443e-05
  5.118175638559e-05
  3.547404263805e-05
  9.752543577265e-06
  9.642510847511e-06
  2.889714411328e-05
  1.611958189181e-05
  1.878095554414e-05
  1.717000448164e-05
  2.010852614873e-05
  1.300418680047e-05
  1.042226776559e-05
  3.157540858975e-05
  8.157902246388e-06
  1.396049197185e-05
  1.339583262382e-05
  1.030458749692e-05
  1.564874640512e-05
  1.409313913658e-05
  1.637104742352e-05
  7.982096165666e-06
  8.913744045716e-06
  5.391402031502e-06
  1.502312202095e-05
  1.394354093086e-05
  5.241037566476e-06
  7.344879000688e-06
  1.339863845768e-05
  1.235483193744e-05
  1.949100890852e-06
  1.392484694349e-05
  1.098862762218e-05
  3.088850393426e-06
  1.855412171160e-06
  1.045758152605e-05
  6.361093286400e-06
  6.911471442612e-06
  2.184989334196e-06
  4.571320634277e-06
  1.140161745568e-05
  5.280630877671e-06
  1.259238384093e-06
  1.038929233048e-05
  4.750776593274e-06
  3.580001446822e-07
  3.648213880972e-06
  1.605328917058e-06
  2.934704732248e-06
  5.734466954193e-06
  6.700170755201e-06
  5.961938678788e-06
  3.314696910622e-06
  2.848754960641e-06
  2.007228479299e-06
  3.456814920019e-06
  3.431042036422e-06
  1.557342130815e-06
  4.133178933472e-06
  4.065546432673e-06
  1.101167096666e-06
  4.025625526804e-06
  1.450194194252e-06
  1.701558381014e-06
  1.126806509634e-06
  1.527055859431e-06
  4.948088802937e-06
  2.607576076328e-06
  3.079376808885e-06
  1.989111113352e-06
  3.484491212826e-07
  2.849292952960e-07
  1.918921925880e-06
  2.015451375088e-06
  2.656327119674e-06
  2.431568585323e-06
  1.484171818260e-06
  1.172449054222e-06
  9.623020462299e-07
  1.625281707400e-06
  1.848640004472e-06
  1.406644862358e-06
  1.963156510380e-07
  1.730515711861e-06
  1.623371343145e-06
  9.025454868310e-07
  2.573901011841e-07
  1.016313738262e-06
  7.448130997907e-07
  3.029607318093e-07
  1.729360933484e-06
  1.368600268119e-06
  5.797564479468e-07
  5.454075419451e-07
  8.458261896658e-07
  6.928445350948e-07
  3.970537323235e-07
  1.306442291175e-06
  4.639294278540e-07
  2.380421890194e-07
  1.043528724898e-06
  6.858238083370e-07
  5.014379868204e-07
  1.594275814646e-07
  7.539634854871e-07
  7.222256720748e-07
  5.210351063852e-07
  3.264320674930e-07
  4.599985025242e-07
  8.629495411492e-07
  1.741639523899e-07
  7.795893496650e-07
  3.397558717414e-07
  3.125907747596e-07
  1.877199828891e-07
  5.560339327613e-07
  8.207260486259e-08
  5.412311727678e-07
  1.728083809539e-07
  2.672052507064e-07
  2.756068098656e-07
  3.064603239006e-07
  3.493810672360e-07
  1.033352168945e-07
  1.753718420213e-07
  2.382080713646e-07
  5.026033934698e-07
  4.028089569865e-07
  2.918817512094e-07
  1.511545401003e-07
  4.054059738891e-08
  2.071331701104e-07
  3.580536172378e-07
  1.553697039780e-07
  4.816302588511e-08
  1.796813054734e-07
  1.774069003012e-07
  1.342324483567e-07
  1.635930513935e-07
  2.231896598061e-07
  1.203129490000e-07
  1.323647928972e-07
  1.037491655306e-07
  1.344215292402e-07
  7.207853604880e-08
  2.141883559560e-07
  6.276819936617e-08
  1.012697190010e-07
  1.407654488037e-07
  5.224072976696e-08
  1.359047904895e-07
  2.140878841553e-08
  7.010486883921e-08
  8.438324551937e-08
  1.875007032594e-07
  1.724420216879e-07
  8.636218170262e-08
  2.705431154147e-08
  3.234424217271e-08
  1.009370209496e-07
  6.892100572777e-08
  4.335459062699e-08
  6.079122023028e-08
  5.868695774485e-08
  1.003266931487e-07
  6.051499052234e-08
  1.565168197616e-08
  4.140156273995e-08
  3.006470351478e-08
  5.378175402183e-08
  8.135120709682e-08
  3.466001631526e-08
  5.385759713418e-08
  5.611902557692e-08
  2.903096099015e-08
  4.433817553316e-08
  5.289438358561e-08
  4.018855467704e-08
  1.694860220824e-08
  4.049076795225e-08
  3.440258931620e-08
  1.041685126067e-08
  4.422058107349e-08
  3.971109533775e-08
  1.838885056737e-08
  1.416737897551e-08
  4.195201994583e-08
  2.684829015491e-08
  2.483560845347e-08
  3.972526134980e-08
  6.257056769111e-09
  1.668951924603e-08
  6.516606411841e-09
  4.898459436735e-09
  4.246761160025e-08
  1.602910608688e-08
  9.818371123391e-09
  1.241642676647e-08
  1.292328697882e-08
  6.524073300235e-09
  2.217683165245e-08
  1.157958729313e-08
  6.134929486665e-09
  2.240275771609e-08
  1.322324061704e-08
  3.805764623909e-09
  2.656479528501e-09
  1.480506328770e-08
  4.918921119607e-09
  1.013407297118e-08
  8.306705589789e-09
  9.712225390781e-09
  4.432423232342e-09
  1.736968352932e-08
  3.092435914951e-09
  1.866238858247e-08
  1.923687230825e-09
  3.962418738070e-09
  6.832058359734e-09
  1.383935074019e-08
  5.024598666271e-09
  2.804974260586e-09
  6.786284527376e-09
  3.510860167887e-09
  4.362258568179e-09
  7.584902865757e-09
  1.034439534567e-08
  4.001368496821e-09
  9.091812774272e-09
  6.644478381003e-09
  3.659503936657e-09
  1.015800916583e-09
  8.609036287835e-09
  4.782761807581e-09
  6.808266685506e-09
  3.589491320019e-09
  5.126411797108e-09
  4.518781710709e-09
  6.003393322674e-09
  4.327633884096e-09
  1.548226189152e-09
  3.471914925399e-09
  8.096821292823e-09
  9.428181042194e-10
  1.787832013851e-09
  1.154510411862e-08
  1.542577849384e-09
  5.529839045573e-09
  4.727008539102e-09
  3.526102555989e-09
  5.608160080969e-10
  7.290439498102e-09
  2.021685624728e-09
  1.595567164821e-09
  2.098827915445e-09
  1.137431410083e-09
  1.169508921755e-09
  1.752611183033e-09
  7.734476984734e-09
  7.026086056811e-09
  8.965474829157e-10
  4.216006913454e-10
  2.350278392942e-09
  5.524007044436e-09
  2.093717010990e-09
  6.621127795141e-10
  1.417706184369e-09
  8.078842049258e-10
  8.265980939623e-10
  1.573676837375e-09
  5.585322843684e-09
  5.383807182320e-09
  9.420006605908e-10
  8.701785278547e-10
  7.777547080891e-10
  3.803581763390e-09
  1.332089878578e-09
  1.254900919809e-09
  8.398126799137e-10
  6.653539510285e-10
  4.984614683260e-10
  1.533015414892e-09
  3.859508155290e-09
  4.291006990020e-09
  8.869895646877e-10
  5.077213131868e-10
  2.594051223098e-10
  2.344693280857e-09
  5.055369472474e-10
  3.667521809153e-10
  2.173918317274e-09
  4.274266707976e-10
  5.028618140467e-10
  1.314000739276e-09
  2.644061310283e-09
  1.655812609704e-09
  6.125723836962e-10
  6.044114961998e-10
  1.559842017952e-09
  1.427130120124e-09
  5.429195626890e-10
  4.469278950418e-10
  1.602415325164e-09
  1.175914488310e-09
  6.440838570540e-10
  6.331590165152e-10
  1.191536242516e-09
  9.029831578921e-10
  1.114630302904e-09
  5.476766931978e-10
  7.396434688608e-10
  7.119813571203e-10
  8.176950338897e-10
  7.805939321839e-10
  6.865502793717e-10
  1.154778376809e-10
  1.247528872942e-10
  2.595541589935e-10
  2.217665852903e-09
  3.038270865676e-09
  2.689043291170e-09
  2.379950241780e-09
  2.106385129101e-09
  1.864253207886e-09
  1.649971576042e-09
  1.460312610844e-09
  1.292456658671e-09
  1.143892677217e-09
  1.012407697543e-09
  8.960356397597e-10
  7.930392479803e-10
  7.018814873153e-10
  6.212029625592e-10
  5.497993368742e-10
  4.866017613170e-10
  4.306693477331e-10
  3.811650820203e-10
  3.373513078655e-10
  2.985746725343e-10
  2.642540835026e-10
  2.338792030352e-10
  2.069968993972e-10
  1.832022143267e-10
  1.621443847199e-10
  1.435060678200e-10
  1.270105672385e-10
  1.124112950079e-10
  9.948996507648e-11
  8.805403409219e-11
  7.793263676623e-11
  6.897447828336e-11
  6.104617833881e-11
  5.402895921197e-11
  4.781879630848e-11
  4.232220298131e-11
  3.745728432550e-11
  3.315193067290e-11
  2.934110783428e-11
  2.596851306246e-11
  2.298356421027e-11
  2.034155027261e-11
  1.800348084436e-11
  1.593397853092e-11
  1.410243812238e-11
  1.248143084729e-11
  1.104673448098e-11
  9.776972044596e-12
  8.653115016095e-12
  7.658483330276e-12
  6.778188372985e-12
  5.999042655848e-12
  5.309484545224e-12
  4.699171798520e-12
  4.159026726821e-12
  3.680965219104e-12
  3.257851579606e-12
  2.883378094140e-12
  2.551944596411e-12
  2.258598251173e-12
  1.998973337391e-12
  1.769215977182e-12
  1.565848647930e-12
  1.385857496696e-12
  1.226559863177e-12
  1.085569655011e-12
  9.607883152586e-13
  8.503506272434e-13
  7.526051440763e-13
  6.660961236047e-13
  5.895319145703e-13
  5.217668915562e-13
  4.617924224608e-13
  4.087097709190e-13
  3.617300963022e-13
  3.201518724024e-13
  2.833503494850e-13
  2.507805651310e-13
  2.219547629212e-13
  1.964423924360e-13
  1.738610767295e-13
  1.538766123292e-13
  1.361891193627e-13
  1.205349986044e-13
  1.066798559974e-13
  9.441744885828e-14
  8.356456744553e-14
  7.395907791241e-14
  6.545781471734e-14
  5.793356978183e-14
  5.127449032209e-14
  4.538061638059e-14
  4.016418191029e-14
  3.554765772726e-14
  3.146149337912e-14
  2.784517093977e-14
  2.464434470943e-14
  2.181159392511e-14
  1.679432665933e-13
