599
  1.440169728148e+00
  1.225924688927e+00
  9.997566197917e-01
  8.805489958896e-01
  9.022128082726e-01
  9.579352725075e-01
  1.030552413238e+00
  1.113346802307e+00
  1.197277635601e+00
  1.241307385239e+00
  1.216396250975e+00
  1.134287373606e+00
  1.044979393208e+00
  9.800902466716e-01
  9.666105695699e-01
  1.028596556443e+00
  1.067379274238e+00
  1.089517262480e+00
  1.116244745815e+00
  1.132452650320e+00
  1.144403763155e+00
  1.161505149859e+00
  1.180500623693e+00
  1.201678764566e+00
  1.223339001942e+00
  1.244928942228e+00
  1.269919365423e+00
  1.289781209414e+00
  1.303374403619e+00
  1.315038551685e+00
  1.327874565912e+00
  1.339441227724e+00
  1.344271291253e+00
  1.340319168233e+00
  1.337132025250e+00
  1.333161327957e+00
  1.326566161194e+00
  1.318036685545e+00
  1.310943766060e+00
  1.305548554501e+00
  1.299974728065e+00
  1.295490507027e+00
  1.299068079685e+00
  1.307098069590e+00
  1.281773901203e+00
  1.245545171439e+00
  1.231870574490e+00
  1.236733399504e+00
  1.244044002916e+00
  1.247236549254e+00
  1.249456832561e+00
  1.256921130208e+00
  1.268609894721e+00
  1.280741804111e+00
  1.296544130127e+00
  1.312207297473e+00
  1.345156063306e+00
  1.379994259352e+00
  1.399515394692e+00
  1.415986095777e+00
  1.431759190128e+00
  1.448100807378e+00
  1.454025935874e+00
  1.459203090973e+00
  1.477988472812e+00
  1.513581460778e+00
  1.546622761576e+00
  1.568150068120e+00
  1.605409773030e+00
  1.629659944075e+00
  1.659169357462e+00
  1.679790973398e+00
  1.712462303388e+00
  1.741666408665e+00
  1.769824106650e+00
  1.798284396576e+00
  1.828144593636e+00
  1.857036671250e+00
  1.891173309007e+00
  1.936438195220e+00
  1.983785319783e+00
  2.021183610600e+00
  2.009570930390e+00
  2.034157619966e+00
  2.090412731538e+00
  2.155220566750e+00
  2.199302174620e+00
  2.240501256100e+00
  2.279313454737e+00
  2.315397713800e+00
  2.359266901790e+00
  2.377470205933e+00
  2.368550854830e+00
  2.401370249797e+00
  2.445143179440e+00
  2.498630176410e+00
  2.520877521030e+00
  2.568219038220e+00
  2.624865138110e+00
  2.714091425560e+00
  2.743908719940e+00
  2.741461790573e+00
  2.761921181920e+00
  2.806080141115e+00
  2.806689538800e+00
  2.801563107140e+00
  2.806632250790e+00
  2.818377171199e+00
  2.831228911360e+00
  2.856548652141e+00
  2.965275864110e+00
  2.950861182840e+00
  2.817253307214e+00
  3.061063655653e+00
  3.278899117100e+00
  3.176765653350e+00
  2.879614960500e+00
  3.004781486357e+00
  3.194643008699e+00
  3.154594943739e+00
  3.206529944120e+00
  3.377038195940e+00
  3.363846137140e+00
  3.272581262010e+00
  3.115912788032e+00
  3.146537809725e+00
  3.230235577086e+00
  3.285708112390e+00
  3.265858189840e+00
  3.275446667731e+00
  3.527608732387e+00
  3.666533871372e+00
  3.560807160532e+00
  3.617843075704e+00
  3.856905666856e+00
  3.962781971689e+00
  3.754465911835e+00
  3.460990181720e+00
  3.523539578307e+00
  3.649350186220e+00
  3.656863710220e+00
  3.745763431740e+00
  3.982170190930e+00
  3.933719054416e+00
  3.990563967112e+00
  3.882887664685e+00
  3.806936359980e+00
  3.864319278819e+00
  4.055190280219e+00
  4.188667494370e+00
  4.322088763320e+00
  4.219187663848e+00
  4.280874193495e+00
  4.520465141724e+00
  4.522584018080e+00
  4.117177517113e+00
  4.104554048805e+00
  4.150982309552e+00
  4.245552584940e+00
  4.395633281025e+00
  4.334956699169e+00
  4.626400369557e+00
  4.861777545660e+00
  4.453454729750e+00
  4.501911915660e+00
  4.481009500125e+00
  4.536474229847e+00
  4.726080673964e+00
  4.949206345918e+00
  5.201325385300e+00
  5.175288511202e+00
  5.348007659099e+00
  5.261870168941e+00
  5.133666822050e+00
  4.957042919977e+00
  5.027808331037e+00
  4.992758078485e+00
  5.012525120564e+00
  5.289015170726e+00
  5.567199717614e+00
  5.669848254088e+00
  5.709857280382e+00
  6.100314306140e+00
  5.832129360510e+00
  5.906809134956e+00
  6.016525174453e+00
  6.540637491391e+00
  6.179404525040e+00
  5.887977564357e+00
  6.088736595185e+00
  6.282393628283e+00
  6.446235663789e+00
  6.591004545325e+00
  6.594776717640e+00
  6.158963657637e+00
  6.228900795471e+00
  6.328345811535e+00
  6.437584818873e+00
  6.479301824670e+00
  6.501545831014e+00
  6.527173838294e+00
  6.753005770753e+00
  7.180689851703e+00
  7.454078256404e+00
  7.404551859588e+00
  7.163928865353e+00
  6.830049411987e+00
  6.705282609113e+00
  5.055125308469e+00
  7.873643521809e+00
  1.197831874512e+01
  1.810942449128e+01
  5.725268692937e+00
  9.772774035034e+00
  1.450532272850e+01
  2.175870307409e+01
  5.440267339725e+00
  1.350935562172e+01
  9.132225179293e+00
  1.879040888409e+01
  1.547270807687e+01
  5.802396026648e+00
  1.042610455780e+01
  2.288355006822e+01
  5.711363317805e+00
  1.140041820440e+01
  3.243656554137e+01
  1.678921086987e+01
  2.199786567087e+01
  4.015924319878e+00
  7.801712337704e+00
  1.293881410341e+01
  6.621543783575e+00
  1.593874306030e+01
  1.127880321119e+01
  2.654508792467e+01
  1.577936464977e+01
  1.008348208414e+01
  2.844725379866e+01
  5.693105882579e+00
  5.288137794344e+00
  2.516572644748e+01
  1.164887646994e+01
  1.777435893373e+01
  1.443974955343e+01
  3.290106906427e+01
  2.153103525684e+01
  6.344471969437e+00
  5.779725560847e+00
  1.144700702567e+01
  1.990395004463e+01
  3.925399472523e+01
  4.973060607725e+01
  2.290279039750e+01
  6.543950204309e+00
  1.353491529002e+01
  1.234931709865e+01
  5.137456098793e+00
  2.125295780768e+01
  3.644994564568e+01
  6.359359378946e+00
  1.454913575878e+01
  3.043071056146e+01
  5.750374435331e+01
  1.565670662391e+01
  5.835853935663e+00
  3.124766211072e+01
  5.236584513048e+01
  3.027468785885e+01
  1.875111105542e+01
  5.487406002422e+01
  8.642104392292e+00
  6.102594015911e+00
  1.467635790478e+01
  4.401038873966e+01
  2.408883968934e+01
  2.324383493714e+01
  3.974224100853e+01
  5.443992544507e+00
  1.420768614641e+01
  4.291721542381e+01
  6.345237216961e+00
  1.580359979307e+01
  2.580183929999e+01
  7.211918132175e+01
  7.797068775140e+00
  1.858647408107e+01
  4.232948461179e+01
  2.860424311823e+01
  1.425098367651e+01
  6.844094016888e+00
  5.708676430336e+01
  7.889813705525e+00
  2.315505178518e+01
  4.181209087889e+01
  9.032378391286e+01
  8.123846738626e+00
  8.754634861187e+01
  2.574543113579e+01
  5.209573660204e+01
  6.387819064440e+00
  3.400059904352e+01
  1.496777635982e+01
  7.384908173368e+01
  9.359299931744e+01
  4.683496384848e+01
  2.664235062753e+01
  9.141551579693e+00
  7.462185145272e+00
  2.477081993345e+01
  6.407482322634e+01
  1.448370169620e+02
  2.709391490435e+01
  1.028356722492e+01
  5.107489638323e+01
  9.289821773014e+01
  1.964147661574e+01
  6.241099205508e+00
  3.318181638040e+01
  6.286112835388e+01
  6.959778014650e+00
  1.902770923027e+01
  4.848185675034e+01
  9.651961825043e+01
  4.600341774020e+01
  2.229243880494e+01
  1.114052822819e+01
  1.065242823584e+02
  5.987515717386e+01
  1.812643125253e+01
  3.397759029102e+01
  6.351177489362e+00
  1.205366677162e+02
  5.843392849230e+01
  2.745503445997e+01
  1.017711361172e+01
  1.594058874520e+01
  4.477914460461e+01
  8.166808963760e+01
  1.483880677301e+02
  1.990394549214e+01
  7.824403524624e+01
  7.435575563922e+00
  4.474554874378e+01
  2.487978083575e+01
  7.512976770310e+00
  5.118863387757e+01
  1.183576672000e+02
  1.093727521921e+02
  3.488052514812e+01
  1.902637159049e+01
  5.290461377840e+00
  6.429661884721e+00
  1.431929572793e+01
  2.716697516266e+01
  5.641492260944e+01
  1.770109358853e+01
  5.588482484836e+01
  1.362766643770e+02
  2.850332821901e+02
  1.655854518259e+01
  3.959469585558e+01
  2.258454023430e+02
  9.276115231689e+01
  1.003059229794e+02
  5.240290716784e+01
  3.428142813219e+01
  1.537174689054e+01
  5.281761384524e+01
  8.161896249404e+01
  2.692842640726e+01
  1.782020990000e+02
  4.484709685060e+01
  3.057485090000e+02
  1.145988695933e+02
  1.631790992420e+01
  1.651971106000e+01
  4.337541675846e+02
  1.913822765070e+02
  4.741107573585e+01
  2.567737790479e+02
  8.718826010420e+00
  3.672041322655e+01
  1.045694195514e+02
  7.098873135280e+00
  3.122364268322e+01
  1.175982894000e+02
  5.378159620071e+01
  2.097606788208e+01
  3.707316988284e+01
  8.381965712083e+01
  5.609269942025e+01
  1.446599072137e+02
  8.332733483751e+01
  3.986131655053e+01
  2.709885289000e+02
  8.140004300000e+00
  3.457508560000e+01
  3.524551110000e+02
  6.974516853002e+01
  2.948151742032e+01
  6.078400840000e+02
  1.728871408723e+02
  6.330841004720e+01
  3.771368276868e+01
  8.912279060000e+01
  2.132873633265e+01
  9.984716800000e+00
  4.045782267836e+01
  1.622556333592e+01
  8.571791953385e+01
  1.536181561065e+02
  3.765478236516e+01
  1.496710010000e+01
  5.538227978708e+01
  8.495525969509e+01
  7.422803971490e+01
  3.340578945225e+01
  2.482990872348e+01
  4.507191698979e+01
  6.070166822460e+02
  3.302601758760e+02
  1.562545942016e+02
  4.567168169628e+01
  2.534114100000e+01
  1.854256529333e+01
  1.627278260000e+01
  2.102559531906e+01
  2.595445212600e+01
  3.931253003914e+01
  5.535730522103e+01
  7.767212100000e+01
  1.243766582138e+02
  2.470796025438e+02
  4.775149223831e+02
  8.181465946000e+02
  5.806648700000e+01
  3.568952980000e+01
  2.195443200000e+01
  8.614605000000e+00
  8.990509170000e+00
  3.427544500000e+01
  7.442828600000e+01
  1.494740000000e+02
  1.717568160000e+01
  5.067537566238e+01
  1.970442584000e+02
  4.949593230000e+02
  2.561450970000e+02
  1.133320602940e+02
  7.332190800000e+01
  2.661224800000e+01
  1.967665420000e+01
  1.576593200000e+01
  1.354682600000e+01
  1.189905900000e+01
  1.189781324000e+01
  3.587577579454e+01
  1.682412389500e+02
  8.752350941706e+01
  1.576537700000e+01
  1.126052300000e+01
  8.376714000000e+00
  6.170621600000e+00
  5.190773000000e+00
  5.265225222448e+00
  5.486349000000e+00
  5.989620000000e+00
  1.068567434300e+01
  3.364357200000e+01
  6.098538600000e+01
  1.127974534000e+02
  5.707652872147e+01
  4.796652951644e+01
  3.662028438693e+01
  2.643569770000e+01
  6.534979090000e+01
  4.491079630000e+01
  3.452753400000e+01
  2.650448200000e+01
  2.097346830000e+01
  1.623366500000e+01
  1.356846900000e+01
  1.118020900000e+01
  1.125612154040e+01
  1.180886314102e+01
  1.217633600000e+01
  1.267520200000e+01
  1.327544500000e+01
  1.401244227000e+01
  1.492973600000e+01
  1.627889400000e+01
  2.014486024000e+01
  3.189677166246e+01
  5.455904767151e+01
  8.142908670000e+01
  2.580192400000e+01
  2.377669800000e+01
  2.160851000000e+01
  1.779935500000e+01
  1.753852640000e+01
  2.027004830000e+01
  3.296234100000e+01
  1.053043221000e+02
  8.843594800000e+01
  6.467634300000e+01
  6.153489980000e+01
  6.459513140000e+01
  7.107951500000e+01
  8.072750980000e+01
  9.440734100000e+01
  1.144294696000e+02
  1.447897336000e+02
  1.880497760000e+02
  2.293884366000e+02
  2.381512508000e+02
  2.238800695000e+02
  2.133849015000e+02
  2.130179780000e+02
  2.204729950000e+02
  2.332599152000e+02
  2.498599104000e+02
  2.694000324000e+02
  2.914047559000e+02
  3.156206193000e+02
  3.418168542000e+02
  3.700030108000e+02
  4.001116828000e+02
  4.321373298000e+02
  4.661101353000e+02
  5.020601915000e+02
  5.400717650000e+02
  5.802698047000e+02
  6.227779157000e+02
  6.677043137000e+02
  7.152905422000e+02
  7.657169634000e+02
  8.191748786000e+02
  8.758896606000e+02
  9.359914649000e+02
  9.998709311000e+02
  1.067724199200e+03
  1.139792155600e+03
  1.216322581900e+03
  1.297562254900e+03
  1.383727943700e+03
  1.475164354200e+03
  1.572301197700e+03
  1.675457144900e+03
  1.784882890000e+03
  1.900902076800e+03
  2.024192218600e+03
  2.155104871300e+03
  2.294094541000e+03
  2.441696629000e+03
  2.598375545000e+03
  2.764664579000e+03
  2.941410823000e+03
  3.129091452000e+03
  3.328250523000e+03
  3.540048668000e+03
  3.765068710000e+03
  4.004147179000e+03
  4.258215407000e+03
  4.527901745000e+03
  4.814504940000e+03
  5.119227593000e+03
  5.443245078000e+03
  5.787329945000e+03
  6.152628336000e+03
  6.541292254000e+03
  6.954356604000e+03
  7.393439662000e+03
  7.860103701000e+03
  8.355770178000e+03
  8.882615728000e+03
  9.442899854000e+03
  1.003800926500e+04
  1.067027755000e+04
  1.134289731000e+04
  1.205781480800e+04
  1.281783531100e+04
  1.362566434700e+04
  1.448332843300e+04
  1.539548053600e+04
  1.636542557200e+04
  1.739658833100e+04
  1.849293289300e+04
  1.965600687900e+04
  2.089398835500e+04
  2.221091138200e+04
  2.360958184500e+04
  2.509490259500e+04
  2.667552096500e+04
  2.835580057000e+04
  3.014188243200e+04
  3.203858950800e+04
  3.405501838400e+04
  3.619950672000e+04
