599
  5.815513000000e+00
  5.766315000000e+00
  5.731601000000e+00
  5.721410000000e+00
  5.748879000000e+00
  5.806256000000e+00
  5.883910000000e+00
  5.980420000000e+00
  6.100739000000e+00
  6.247915000000e+00
  6.420055000000e+00
  6.607368000000e+00
  6.802746000000e+00
  6.998407000000e+00
  7.188599000000e+00
  7.374499000000e+00
  7.547161000000e+00
  7.692581000000e+00
  7.796836000000e+00
  7.862672000000e+00
  7.907991000000e+00
  7.937056000000e+00
  7.945303000000e+00
  7.917361000000e+00
  7.869938000000e+00
  7.808171000000e+00
  7.728746000000e+00
  7.639509000000e+00
  7.541309000000e+00
  7.432559000000e+00
  7.320621000000e+00
  7.210943000000e+00
  7.107617000000e+00
  7.011451000000e+00
  6.922426000000e+00
  6.840865000000e+00
  6.766760000000e+00
  6.706234000000e+00
  6.671358000000e+00
  6.654888000000e+00
  6.662880000000e+00
  6.692562000000e+00
  6.739603000000e+00
  6.804782000000e+00
  6.882921000000e+00
  6.971674000000e+00
  7.071568000000e+00
  7.183896000000e+00
  7.312606000000e+00
  7.446555000000e+00
  7.582962000000e+00
  7.722256000000e+00
  7.862546000000e+00
  8.006619000000e+00
  8.153724000000e+00
  8.303573000000e+00
  8.456773000000e+00
  8.612643000000e+00
  8.771927000000e+00
  8.933281000000e+00
  9.097468000000e+00
  9.264721000000e+00
  9.436233000000e+00
  9.605780000000e+00
  9.774041000000e+00
  9.937316000000e+00
  1.009523000000e+01
  1.024817000000e+01
  1.039626000000e+01
  1.053946000000e+01
  1.067799000000e+01
  1.081199000000e+01
  1.094209000000e+01
  1.106829000000e+01
  1.119076000000e+01
  1.130986000000e+01
  1.142652000000e+01
  1.154087000000e+01
  1.165235000000e+01
  1.176468000000e+01
  1.187754000000e+01
  1.199072000000e+01
  1.210436000000e+01
  1.221768000000e+01
  1.233034000000e+01
  1.244196000000e+01
  1.255220000000e+01
  1.266059000000e+01
  1.276682000000e+01
  1.287043000000e+01
  1.297101000000e+01
  1.306817000000e+01
  1.316110000000e+01
  1.324189000000e+01
  1.334807000000e+01
  1.344457000000e+01
  1.353892000000e+01
  1.363094000000e+01
  1.372128000000e+01
  1.381537000000e+01
  1.387371000000e+01
  1.390396000000e+01
  1.394105000000e+01
  1.397988000000e+01
  1.400983000000e+01
  1.404072000000e+01
  1.407277000000e+01
  1.410653000000e+01
  1.413361000000e+01
  1.417645000000e+01
  1.431914000000e+01
  1.449385000000e+01
  1.443848000000e+01
  1.457577000000e+01
  1.470123000000e+01
  1.464714000000e+01
  1.455625000000e+01
  1.471219000000e+01
  1.457224000000e+01
  1.454443000000e+01
  1.459249000000e+01
  1.468410000000e+01
  1.479232000000e+01
  1.488788000000e+01
  1.483859000000e+01
  1.487329000000e+01
  1.492813000000e+01
  1.496367000000e+01
  1.490575000000e+01
  1.486959000000e+01
  1.506123000000e+01
  1.521300000000e+01
  1.526079000000e+01
  1.532146000000e+01
  1.554882000000e+01
  1.566483000000e+01
  1.552527000000e+01
  1.533687000000e+01
  1.543435000000e+01
  1.555422000000e+01
  1.553296000000e+01
  1.561665000000e+01
  1.589264000000e+01
  1.587840000000e+01
  1.588953000000e+01
  1.576778000000e+01
  1.563936000000e+01
  1.568253000000e+01
  1.592897000000e+01
  1.610760000000e+01
  1.627518000000e+01
  1.609301000000e+01
  1.610676000000e+01
  1.638147000000e+01
  1.652086000000e+01
  1.632335000000e+01
  1.609046000000e+01
  1.619518000000e+01
  1.636163000000e+01
  1.655556000000e+01
  1.610463000000e+01
  1.631488000000e+01
  1.652939000000e+01
  1.641048000000e+01
  1.665330000000e+01
  1.662012000000e+01
  1.685936000000e+01
  1.723978000000e+01
  1.752685000000e+01
  1.773113000000e+01
  1.744039000000e+01
  1.723992000000e+01
  1.703892000000e+01
  1.695145000000e+01
  1.689074000000e+01
  1.689103000000e+01
  1.697890000000e+01
  1.711171000000e+01
  1.735050000000e+01
  1.757454000000e+01
  1.764394000000e+01
  1.766224000000e+01
  1.799614000000e+01
  1.771247000000e+01
  1.782920000000e+01
  1.793794000000e+01
  1.839797000000e+01
  1.796459000000e+01
  1.765244000000e+01
  1.785724000000e+01
  1.805231000000e+01
  1.821184000000e+01
  1.835268000000e+01
  1.838491000000e+01
  1.805690000000e+01
  1.788800000000e+01
  1.786013000000e+01
  1.793879000000e+01
  1.796643000000e+01
  1.797575000000e+01
  1.798657000000e+01
  1.827800000000e+01
  1.885800000000e+01
  1.923672000000e+01
  1.924785000000e+01
  1.907827000000e+01
  1.880646000000e+01
  1.813169000000e+01
  1.478355719970e+01
  1.825053643340e+01
  2.322762746020e+01
  3.253559718060e+01
  1.682888305340e+01
  2.168674145170e+01
  2.780788995300e+01
  3.728144265890e+01
  1.664341341080e+01
  2.570915155190e+01
  2.075703140860e+01
  3.198299920450e+01
  2.827495467710e+01
  1.687176287040e+01
  2.219078427670e+01
  3.709533656080e+01
  1.722837718000e+01
  2.352892764960e+01
  5.061209773620e+01
  2.973339738640e+01
  3.578641595290e+01
  1.530237120950e+01
  1.904764107960e+01
  2.475892913390e+01
  1.802998990050e+01
  2.878715127000e+01
  2.320306842610e+01
  4.003643690310e+01
  2.759307526800e+01
  2.149190844100e+01
  4.269126618070e+01
  1.656071767830e+01
  1.656033418280e+01
  3.928493943680e+01
  2.344969737530e+01
  3.042001479240e+01
  2.656998982550e+01
  4.720637543790e+01
  3.434940819940e+01
  1.747174909020e+01
  1.717280307440e+01
  2.313919036150e+01
  3.225648076290e+01
  5.345817553680e+01
  6.849550048190e+01
  3.519383655460e+01
  1.769193744380e+01
  2.502576485500e+01
  2.373888646220e+01
  1.645904602480e+01
  3.325255049100e+01
  5.148093741810e+01
  1.771703723750e+01
  2.621891573160e+01
  4.311527100210e+01
  7.589298479410e+01
  2.680751889920e+01
  1.691172876400e+01
  4.394574480280e+01
  6.978459409650e+01
  4.175910968760e+01
  2.988742375400e+01
  6.854259425560e+01
  1.950279755260e+01
  1.702459090970e+01
  2.586664475580e+01
  5.755640860720e+01
  3.546153614210e+01
  3.470281584810e+01
  5.247485135710e+01
  1.622333478140e+01
  2.527801083300e+01
  5.614957219660e+01
  1.737501749260e+01
  2.742175866930e+01
  3.786718562040e+01
  8.894059243300e+01
  1.897910039370e+01
  3.003036026580e+01
  5.550984403240e+01
  4.071100550080e+01
  2.556591305380e+01
  1.803778652340e+01
  7.156117957550e+01
  1.989860806950e+01
  3.511735097380e+01
  5.474027920110e+01
  1.099103438000e+02
  1.889650360820e+01
  1.029003770290e+02
  3.668272058430e+01
  6.419288381450e+01
  1.785382680710e+01
  4.640205580470e+01
  2.560230680430e+01
  8.857995901250e+01
  1.117846838500e+02
  5.898795736040e+01
  3.769825847340e+01
  1.998818492130e+01
  1.837520068440e+01
  3.697555706880e+01
  7.916462592820e+01
  1.665018505180e+02
  3.821572282340e+01
  2.099952765320e+01
  6.264744125310e+01
  1.114528289620e+02
  3.091629933110e+01
  1.693839146650e+01
  4.439394895210e+01
  7.554943362040e+01
  1.819339786080e+01
  3.060733985730e+01
  6.023836749500e+01
  1.110565723560e+02
  5.683854271480e+01
  3.333930333770e+01
  2.172764875420e+01
  1.196175100810e+02
  7.137062922280e+01
  2.894069433680e+01
  4.537240357530e+01
  1.728872417830e+01
  1.386975599710e+02
  7.069666785770e+01
  3.897681847320e+01
  2.100379068110e+01
  2.751450508870e+01
  5.656528061620e+01
  9.586315555240e+01
  1.690339922920e+02
  3.047245841970e+01
  8.912800799510e+01
  1.815875611670e+01
  5.599423635870e+01
  3.591753871370e+01
  1.864636313880e+01
  6.297932585910e+01
  1.308645000000e+02
  1.217082130400e+02
  4.572129856420e+01
  3.004235140920e+01
  1.613799200250e+01
  1.825002637990e+01
  2.623066250550e+01
  3.900177015280e+01
  6.953359820790e+01
  3.086117590810e+01
  6.911927737420e+01
  1.492651774180e+02
  3.042510004060e+02
  2.711686791910e+01
  5.105494631490e+01
  2.389070000000e+02
  1.046227409640e+02
  1.113473389610e+02
  6.325495092810e+01
  4.515222887080e+01
  2.585835704640e+01
  6.409912013640e+01
  9.345443707890e+01
  3.810086351910e+01
  1.938387000000e+02
  5.706042267230e+01
  3.236224000000e+02
  1.279958558060e+02
  2.739510733010e+01
  3.006180000000e+01
  4.539129031350e+02
  2.056835587260e+02
  6.011191431740e+01
  2.685498717760e+02
  1.801202033190e+01
  4.619459147340e+01
  1.147567689570e+02
  1.745426914320e+01
  4.221412741990e+01
  1.289275000000e+02
  6.486016225560e+01
  3.201722087190e+01
  4.871361256540e+01
  9.515278166260e+01
  6.744260090710e+01
  1.567621667650e+02
  9.494937762570e+01
  5.097214205930e+01
  2.844507000000e+02
  1.961626000000e+01
  4.994740000000e+01
  3.696513000000e+02
  8.075897302210e+01
  4.107152688680e+01
  6.316775000000e+02
  1.865621011160e+02
  7.480040872220e+01
  4.728235852340e+01
  9.874558000000e+01
  3.101290559960e+01
  2.017945000000e+01
  5.136695744670e+01
  2.700412551870e+01
  9.668908825440e+01
  1.649608312020e+02
  4.860533853220e+01
  2.605440000000e+01
  6.683392855140e+01
  9.649687536810e+01
  8.616488861460e+01
  4.511241412030e+01
  3.677257121960e+01
  5.819024549450e+01
  6.269654666900e+02
  3.464786385570e+02
  1.689477724750e+02
  5.581376591320e+01
  3.415768000000e+01
  2.880423331770e+01
  2.661448000000e+01
  3.115393749150e+01
  3.734094881950e+01
  5.115375607820e+01
  6.720707112410e+01
  9.079500000000e+01
  1.365253141750e+02
  2.596999037070e+02
  4.912208602750e+02
  8.338624000000e+02
  6.612531000000e+01
  4.425564000000e+01
  3.100103000000e+01
  1.858809000000e+01
  1.985224000000e+01
  4.607604000000e+01
  8.661813000000e+01
  1.605811000000e+02
  2.847117000000e+01
  6.250299219560e+01
  2.118782000000e+02
  5.086478000000e+02
  2.652078000000e+02
  1.224778000000e+02
  8.294381000000e+01
  3.690214000000e+01
  3.045852000000e+01
  2.671107000000e+01
  2.455021000000e+01
  2.296482000000e+01
  2.321735000000e+01
  4.723541400490e+01
  1.795169000000e+02
  9.875598139900e+01
  2.652756000000e+01
  2.215442000000e+01
  1.941624000000e+01
  1.743590000000e+01
  1.672537000000e+01
  1.685953069560e+01
  1.723209000000e+01
  1.777270000000e+01
  2.262702000000e+01
  4.592162000000e+01
  7.339587000000e+01
  1.245439000000e+02
  6.864022508820e+01
  5.965289197130e+01
  4.829284321350e+01
  3.813837000000e+01
  7.711218000000e+01
  5.652510000000e+01
  4.617999000000e+01
  3.823779000000e+01
  3.278651000000e+01
  2.809256000000e+01
  2.545948000000e+01
  2.314818000000e+01
  2.331472000000e+01
  2.391929000000e+01
  2.432156000000e+01
  2.486986000000e+01
  2.552868000000e+01
  2.632672000000e+01
  2.730118000000e+01
  2.870434000000e+01
  3.265330000000e+01
  4.438345001680e+01
  6.699646665530e+01
  9.384933000000e+01
  3.810015000000e+01
  3.609618000000e+01
  3.395850000000e+01
  3.028075000000e+01
  3.021695000000e+01
  3.316710000000e+01
  4.611652000000e+01
  1.186034000000e+02
  1.015068000000e+02
  7.790897000000e+01
  7.493351000000e+01
  7.814625000000e+01
  8.477470000000e+01
  9.456132000000e+01
  1.083756000000e+02
  1.285269000000e+02
  1.590025000000e+02
  2.023364000000e+02
  2.436716000000e+02
  2.524002000000e+02
  2.381520000000e+02
  2.277277000000e+02
  2.274448000000e+02
  2.349814000000e+02
  2.478432000000e+02
  2.645108000000e+02
  2.841117000000e+02
  3.061710000000e+02
  3.304359000000e+02
  3.566762000000e+02
  3.849020000000e+02
  4.150464000000e+02
  4.471043000000e+02
  4.811063000000e+02
  5.170829000000e+02
  5.551187000000e+02
  5.953390000000e+02
  6.378677000000e+02
  6.828133000000e+02
  7.304176000000e+02
  7.808612000000e+02
  8.343356000000e+02
  8.910664000000e+02
  9.511839000000e+02
  1.015079000000e+03
  1.082948000000e+03
  1.155032000000e+03
  1.231579000000e+03
  1.312836000000e+03
  1.399020000000e+03
  1.490476000000e+03
  1.587634000000e+03
  1.690813000000e+03
  1.800264000000e+03
  1.916311000000e+03
  2.039632000000e+03
  2.170579000000e+03
  2.309607000000e+03
  2.457252000000e+03
  2.613979000000e+03
  2.780322000000e+03
  2.957129000000e+03
  3.144878000000e+03
  3.344114000000e+03
  3.555999000000e+03
  3.781117000000e+03
  4.020306000000e+03
  4.274499000000e+03
  4.544326000000e+03
  4.831088000000e+03
  5.135990000000e+03
  5.460210000000e+03
  5.804523000000e+03
  6.170078000000e+03
  6.559031000000e+03
  6.972420000000e+03
  7.411867000000e+03
  7.878938000000e+03
  8.375058000000e+03
  8.902408000000e+03
  9.463252000000e+03
  1.005898000000e+04
  1.069193000000e+04
  1.136530000000e+04
  1.208104000000e+04
  1.284196000000e+04
  1.365077000000e+04
  1.450950000000e+04
  1.542281000000e+04
  1.639401000000e+04
  1.742653000000e+04
  1.852434000000e+04
  1.968899000000e+04
  2.092867000000e+04
  2.224742000000e+04
  2.364805000000e+04
  2.513547000000e+04
  2.671834000000e+04
  2.840103000000e+04
  3.018969000000e+04
  3.208915000000e+04
  3.410852000000e+04
  3.625615000000e+04
