411
  1.871400000000e-01
  1.846700000000e-01
  1.822300000000e-01
  1.798400000000e-01
  1.774600000000e-01
  1.751300000000e-01
  1.728200000000e-01
  1.705400000000e-01
  1.682900000000e-01
  1.660700000000e-01
  1.638900000000e-01
  1.617300000000e-01
  1.595900000000e-01
  1.575000000000e-01
  1.554100000000e-01
  1.533700000000e-01
  1.513500000000e-01
  1.493500000000e-01
  1.473800000000e-01
  1.454500000000e-01
  1.435200000000e-01
  1.416400000000e-01
  1.397600000000e-01
  1.379300000000e-01
  1.361100000000e-01
  1.343100000000e-01
  1.325450000000e-01
  1.307970000000e-01
  1.290740000000e-01
  1.273720000000e-01
  1.256940000000e-01
  1.240380000000e-01
  1.224030000000e-01
  1.207900000000e-01
  1.191970000000e-01
  1.176280000000e-01
  1.160760000000e-01
  1.145480000000e-01
  1.130370000000e-01
  1.115480000000e-01
  1.100780000000e-01
  1.086270000000e-01
  1.071960000000e-01
  1.057830000000e-01
  1.043890000000e-01
  1.030130000000e-01
  1.016550000000e-01
  1.003160000000e-01
  9.899400000000e-02
  9.769000000000e-02
  9.640100000000e-02
  9.513200000000e-02
  9.387800000000e-02
  9.264000000000e-02
  9.142000000000e-02
  9.021500000000e-02
  8.902600000000e-02
  8.785300000000e-02
  8.669500000000e-02
  8.555200000000e-02
  8.442500000000e-02
  8.331300000000e-02
  8.221400000000e-02
  8.113100000000e-02
  8.006200000000e-02
  7.900700000000e-02
  7.796500000000e-02
  7.693800000000e-02
  7.592400000000e-02
  7.492400000000e-02
  7.393600000000e-02
  7.296200000000e-02
  7.200000000000e-02
  7.105100000000e-02
  7.011500000000e-02
  6.919100000000e-02
  6.827900000000e-02
  6.738000000000e-02
  6.649100000000e-02
  6.561500000000e-02
  6.475100000000e-02
  6.389700000000e-02
  6.305500000000e-02
  6.222400000000e-02
  6.140400000000e-02
  6.059400000000e-02
  5.979700000000e-02
  5.900800000000e-02
  5.823000000000e-02
  5.746300000000e-02
  5.670600000000e-02
  5.595900000000e-02
  5.522100000000e-02
  5.449300000000e-02
  5.377500000000e-02
  5.306700000000e-02
  5.236700000000e-02
  5.167700000000e-02
  5.099600000000e-02
  5.032400000000e-02
  4.966100000000e-02
  4.900600000000e-02
  4.836100000000e-02
  4.772300000000e-02
  4.709400000000e-02
  4.647400000000e-02
  4.586100000000e-02
  4.525700000000e-02
  4.466000000000e-02
  4.407200000000e-02
  4.349100000000e-02
  4.291800000000e-02
  4.235200000000e-02
  4.179400000000e-02
  4.124300000000e-02
  4.070000000000e-02
  4.016300000000e-02
  3.963400000000e-02
  3.911200000000e-02
  3.859700000000e-02
  3.808700000000e-02
  3.758600000000e-02
  3.709000000000e-02
  3.660200000000e-02
  3.611900000000e-02
  3.564400000000e-02
  3.517300000000e-02
  3.471000000000e-02
  3.425300000000e-02
  3.380100000000e-02
  3.335600000000e-02
  3.291600000000e-02
  3.248200000000e-02
  3.205400000000e-02
  3.163200000000e-02
  3.121500000000e-02
  3.080400000000e-02
  3.039700000000e-02
  2.999700000000e-02
  2.960200000000e-02
  2.921200000000e-02
  2.882700000000e-02
  2.844600000000e-02
  2.807200000000e-02
  2.770200000000e-02
  2.733700000000e-02
  2.697700000000e-02
  2.662100000000e-02
  2.627000000000e-02
  2.592400000000e-02
  2.558200000000e-02
  2.524600000000e-02
  2.491200000000e-02
  2.458400000000e-02
  2.426100000000e-02
  2.394000000000e-02
  2.362500000000e-02
  2.331400000000e-02
  2.300600000000e-02
  2.270400000000e-02
  2.240400000000e-02
  2.210900000000e-02
  2.181700000000e-02
  2.153000000000e-02
  2.124600000000e-02
  2.096600000000e-02
  2.069000000000e-02
  2.041800000000e-02
  2.014800000000e-02
  1.988200000000e-02
  1.962100000000e-02
  1.936200000000e-02
  1.910700000000e-02
  1.885500000000e-02
  1.860700000000e-02
  1.836100000000e-02
  1.811900000000e-02
  1.788100000000e-02
  1.764500000000e-02
  1.741200000000e-02
  1.718300000000e-02
  1.695700000000e-02
  1.673300000000e-02
  1.651200000000e-02
  1.629500000000e-02
  1.608100000000e-02
  1.586800000000e-02
  1.565900000000e-02
  1.545300000000e-02
  1.524900000000e-02
  1.504800000000e-02
  1.485000000000e-02
  1.465400000000e-02
  1.446100000000e-02
  1.427100000000e-02
  1.408200000000e-02
  1.389700000000e-02
  1.371300000000e-02
  1.353300000000e-02
  1.335500000000e-02
  2.276280000000e-02
  2.224460000000e-02
  2.173830000000e-02
  2.124350000000e-02
  2.075990000000e-02
  2.028730000000e-02
  1.982560000000e-02
  1.937420000000e-02
  1.893330000000e-02
  1.850230000000e-02
  1.808110000000e-02
  1.766950000000e-02
  1.726740000000e-02
  1.687420000000e-02
  1.649020000000e-02
  1.611480000000e-02
  1.574800000000e-02
  1.538960000000e-02
  1.503920000000e-02
  1.469690000000e-02
  1.436230000000e-02
  1.403540000000e-02
  1.371590000000e-02
  1.340380000000e-02
  1.309860000000e-02
  1.280040000000e-02
  1.250910000000e-02
  1.222430000000e-02
  1.194610000000e-02
  1.167420000000e-02
  1.140840000000e-02
  1.114870000000e-02
  1.089500000000e-02
  1.064690000000e-02
  1.040460000000e-02
  1.016780000000e-02
  9.936300000000e-03
  9.710100000000e-03
  9.489100000000e-03
  9.273100000000e-03
  9.062100000000e-03
  8.855700000000e-03
  8.654200000000e-03
  8.457100000000e-03
  8.264700000000e-03
  8.076600000000e-03
  7.892600000000e-03
  7.713100000000e-03
  7.537400000000e-03
  7.365900000000e-03
  7.198300000000e-03
  7.034300000000e-03
  6.874300000000e-03
  6.717700000000e-03
  6.564900000000e-03
  6.415400000000e-03
  6.269400000000e-03
  6.126700000000e-03
  5.987200000000e-03
  5.851000000000e-03
  5.717700000000e-03
  5.587600000000e-03
  5.460400000000e-03
  5.336100000000e-03
  5.214700000000e-03
  5.095900000000e-03
  4.980000000000e-03
  4.866600000000e-03
  4.755800000000e-03
  4.647600000000e-03
  4.541700000000e-03
  4.438400000000e-03
  4.337400000000e-03
  4.238600000000e-03
  4.142200000000e-03
  4.047800000000e-03
  3.955700000000e-03
  3.865700000000e-03
  3.777700000000e-03
  3.691700000000e-03
  3.607600000000e-03
  3.525600000000e-03
  3.445300000000e-03
  3.366800000000e-03
  3.290200000000e-03
  3.215400000000e-03
  3.142100000000e-03
  3.070600000000e-03
  3.000700000000e-03
  2.932500000000e-03
  2.865600000000e-03
  2.800500000000e-03
  2.736600000000e-03
  2.674400000000e-03
  2.613600000000e-03
  2.554000000000e-03
  2.495900000000e-03
  2.439000000000e-03
  2.383600000000e-03
  2.329300000000e-03
  2.276280000000e-03
  2.224460000000e-03
  2.173830000000e-03
  2.124350000000e-03
  2.075990000000e-03
  2.028730000000e-03
  1.982560000000e-03
  1.937420000000e-03
  1.893330000000e-03
  1.850230000000e-03
  1.808110000000e-03
  1.766950000000e-03
  1.726740000000e-03
  1.687420000000e-03
  1.649020000000e-03
  1.611480000000e-03
  1.574800000000e-03
  1.538960000000e-03
  1.503920000000e-03
  1.469690000000e-03
  1.436230000000e-03
  1.403540000000e-03
  1.371590000000e-03
  1.340380000000e-03
  1.309860000000e-03
  1.280040000000e-03
  1.250910000000e-03
  1.222430000000e-03
  1.194610000000e-03
  1.167420000000e-03
  1.140840000000e-03
  1.114870000000e-03
  1.089500000000e-03
  1.064690000000e-03
  1.040460000000e-03
  1.016780000000e-03
  9.936300000000e-04
  9.710100000000e-04
  9.489100000000e-04
  9.273100000000e-04
  9.062100000000e-04
  8.855700000000e-04
  8.654200000000e-04
  8.457100000000e-04
  8.264700000000e-04
  8.076600000000e-04
  7.892600000000e-04
  7.713100000000e-04
  7.537400000000e-04
  7.365900000000e-04
  7.198300000000e-04
  7.034300000000e-04
  6.874300000000e-04
  6.717800000000e-04
  6.564800000000e-04
  6.415400000000e-04
  6.269400000000e-04
  6.126700000000e-04
  5.987200000000e-04
  5.851000000000e-04
  5.717700000000e-04
  5.587600000000e-04
  5.460400000000e-04
  5.336100000000e-04
  5.214700000000e-04
  5.095900000000e-04
  4.980000000000e-04
  4.866600000000e-04
  4.755800000000e-04
  4.647600000000e-04
  4.541700000000e-04
  4.438400000000e-04
  4.337400000000e-04
  4.238600000000e-04
  4.142200000000e-04
  4.047800000000e-04
  3.955700000000e-04
  3.865700000000e-04
  3.777700000000e-04
  3.691700000000e-04
  3.607600000000e-04
  3.525600000000e-04
  3.445300000000e-04
  3.366800000000e-04
  3.290200000000e-04
  3.215400000000e-04
  3.142100000000e-04
  3.070600000000e-04
  3.000700000000e-04
  2.932500000000e-04
  2.865600000000e-04
  2.800500000000e-04
  2.736600000000e-04
  2.674400000000e-04
  2.613600000000e-04
  2.554000000000e-04
  2.495900000000e-04
  2.439000000000e-04
  2.383600000000e-04
  2.329300000000e-04
  8.480089000000e-03
  1.288898000000e-03
  1.959010800000e-04
  2.977522100000e-05
  4.525568200000e-06
  6.878461000000e-07
  1.045465300000e-07
  1.589013400000e-08
  2.415159900000e-09
  3.670827800000e-10
  6.579332000000e-11
