411
  1.410643000000e+01
  1.392052500000e+01
  1.373707500000e+01
  1.355604000000e+01
  1.337739000000e+01
  1.320109500000e+01
  1.302712000000e+01
  1.285544000000e+01
  1.268602500000e+01
  1.251884500000e+01
  1.235386500000e+01
  1.219105500000e+01
  1.203039500000e+01
  1.187185000000e+01
  1.171539500000e+01
  1.156100500000e+01
  1.140864500000e+01
  1.125829500000e+01
  1.110993000000e+01
  1.096351500000e+01
  1.081903000000e+01
  1.067645000000e+01
  1.053575000000e+01
  1.039690500000e+01
  1.025988500000e+01
  1.012467500000e+01
  9.991247500000e+00
  9.859576500000e+00
  9.729641000000e+00
  9.601418000000e+00
  9.474885000000e+00
  9.350019000000e+00
  9.226798500000e+00
  9.105202000000e+00
  8.985208500000e+00
  8.866796000000e+00
  8.749944000000e+00
  8.634632000000e+00
  8.520839500000e+00
  8.408547000000e+00
  8.297734000000e+00
  8.188381500000e+00
  8.080470000000e+00
  7.973980500000e+00
  7.868894500000e+00
  7.765193500000e+00
  7.662859500000e+00
  7.561874000000e+00
  7.462219000000e+00
  7.363877000000e+00
  7.266831500000e+00
  7.171065000000e+00
  7.076560000000e+00
  6.983301000000e+00
  6.891271000000e+00
  6.800453500000e+00
  6.710833000000e+00
  6.622393500000e+00
  6.535119500000e+00
  6.448996000000e+00
  6.364007500000e+00
  6.280138500000e+00
  6.197375000000e+00
  6.115702500000e+00
  6.035106000000e+00
  5.955571500000e+00
  5.877085500000e+00
  5.799634000000e+00
  5.723203000000e+00
  5.647779000000e+00
  5.573349000000e+00
  5.499900000000e+00
  5.427419000000e+00
  5.355893500000e+00
  5.285310500000e+00
  5.215657500000e+00
  5.146922500000e+00
  5.079093000000e+00
  5.012157500000e+00
  4.946104500000e+00
  4.880921500000e+00
  4.816597500000e+00
  4.753121500000e+00
  4.690482000000e+00
  4.628668000000e+00
  4.567669000000e+00
  4.507473500000e+00
  4.448071000000e+00
  4.389452000000e+00
  4.331605500000e+00
  4.274521000000e+00
  4.218188500000e+00
  4.162598500000e+00
  4.107741500000e+00
  4.053607500000e+00
  4.000186500000e+00
  3.947469500000e+00
  3.895447500000e+00
  3.844111000000e+00
  3.793451000000e+00
  3.743458500000e+00
  3.694125000000e+00
  3.645441500000e+00
  3.597399500000e+00
  3.549991000000e+00
  3.503207000000e+00
  3.457039500000e+00
  3.411480500000e+00
  3.366522000000e+00
  3.322156000000e+00
  3.278374500000e+00
  3.235170000000e+00
  3.192535000000e+00
  3.150462000000e+00
  3.108943500000e+00
  3.067972000000e+00
  3.027540500000e+00
  2.987642000000e+00
  2.948269000000e+00
  2.909414500000e+00
  2.871072500000e+00
  2.833236000000e+00
  2.795898000000e+00
  2.759052000000e+00
  2.722691500000e+00
  2.686810000000e+00
  2.651401500000e+00
  2.616460000000e+00
  2.581978500000e+00
  2.547951500000e+00
  2.514373000000e+00
  2.481237000000e+00
  2.448538000000e+00
  2.416270000000e+00
  2.384427000000e+00
  2.353003500000e+00
  2.321994000000e+00
  2.291393500000e+00
  2.261196500000e+00
  2.231397000000e+00
  2.201990000000e+00
  2.172970500000e+00
  2.144334000000e+00
  2.116075000000e+00
  2.088188000000e+00
  2.060668500000e+00
  2.033511500000e+00
  2.006712500000e+00
  1.980267000000e+00
  1.954170000000e+00
  1.928417000000e+00
  1.903003000000e+00
  1.877924000000e+00
  1.853176000000e+00
  1.828753500000e+00
  1.804653000000e+00
  1.780870500000e+00
  1.757401000000e+00
  1.734241000000e+00
  1.711386000000e+00
  1.688832000000e+00
  1.666575500000e+00
  1.644612500000e+00
  1.622939000000e+00
  1.601551000000e+00
  1.580445000000e+00
  1.559617000000e+00
  1.539063000000e+00
  1.518780000000e+00
  1.498765000000e+00
  1.479013500000e+00
  1.459522000000e+00
  1.440287500000e+00
  1.421306500000e+00
  1.402575500000e+00
  1.384091500000e+00
  1.365851500000e+00
  1.347851500000e+00
  1.330088500000e+00
  1.312560000000e+00
  1.295262500000e+00
  1.278192500000e+00
  1.261347500000e+00
  1.244725000000e+00
  1.228321500000e+00
  1.212133500000e+00
  1.196159000000e+00
  1.180395500000e+00
  1.164839500000e+00
  1.149488500000e+00
  1.134340000000e+00
  1.119391000000e+00
  1.104639000000e+00
  1.090081500000e+00
  1.075715500000e+00
  1.061539000000e+00
  1.047549500000e+00
  1.033744500000e+00
  1.020121500000e+00
  1.006677500000e+00
  9.886186000000e-01
  9.661149000000e-01
  9.441234500000e-01
  9.226325500000e-01
  9.016308500000e-01
  8.811072500000e-01
  8.610508000000e-01
  8.414509000000e-01
  8.222971500000e-01
  8.035793500000e-01
  7.852876500000e-01
  7.674123500000e-01
  7.499439000000e-01
  7.328731000000e-01
  7.161909000000e-01
  6.998884000000e-01
  6.839570000000e-01
  6.683882000000e-01
  6.531738000000e-01
  6.383057500000e-01
  6.237761500000e-01
  6.095773000000e-01
  5.957016500000e-01
  5.821418000000e-01
  5.688906000000e-01
  5.559411000000e-01
  5.432863500000e-01
  5.309196500000e-01
  5.188344500000e-01
  5.070243000000e-01
  4.954830000000e-01
  4.842044500000e-01
  4.731826000000e-01
  4.624116500000e-01
  4.518859000000e-01
  4.415997000000e-01
  4.315476500000e-01
  4.217244500000e-01
  4.121248500000e-01
  4.027437500000e-01
  3.935761500000e-01
  3.846172500000e-01
  3.758623000000e-01
  3.673066500000e-01
  3.589457500000e-01
  3.507751000000e-01
  3.427905000000e-01
  3.349876500000e-01
  3.273624000000e-01
  3.199107500000e-01
  3.126286500000e-01
  3.055123500000e-01
  2.985580500000e-01
  2.917620500000e-01
  2.851207500000e-01
  2.786306000000e-01
  2.722882000000e-01
  2.660901500000e-01
  2.600332000000e-01
  2.541141000000e-01
  2.483297500000e-01
  2.426771000000e-01
  2.371531000000e-01
  2.317548500000e-01
  2.264794500000e-01
  2.213241500000e-01
  2.162862000000e-01
  2.113629000000e-01
  2.065517000000e-01
  2.018500000000e-01
  1.972553500000e-01
  1.927653000000e-01
  1.883774000000e-01
  1.840894000000e-01
  1.798990000000e-01
  1.758040000000e-01
  1.718022500000e-01
  1.678915500000e-01
  1.640698500000e-01
  1.603351500000e-01
  1.566855000000e-01
  1.531189000000e-01
  1.496334500000e-01
  1.462274000000e-01
  1.428989000000e-01
  1.396461000000e-01
  1.364673500000e-01
  1.333610000000e-01
  1.303253500000e-01
  1.273587500000e-01
  1.244597000000e-01
  1.216266500000e-01
  1.188581000000e-01
  1.161526000000e-01
  1.135086000000e-01
  1.109248000000e-01
  1.083998500000e-01
  1.059324000000e-01
  1.035211000000e-01
  1.011646500000e-01
  9.886186000000e-02
  9.661149000000e-02
  9.441234500000e-02
  9.226325500000e-02
  9.016308500000e-02
  8.811072500000e-02
  8.610508000000e-02
  8.414509000000e-02
  8.222971500000e-02
  8.035793500000e-02
  7.852876500000e-02
  7.674123500000e-02
  7.499439000000e-02
  7.328731000000e-02
  7.161909000000e-02
  6.998884000000e-02
  6.839570000000e-02
  6.683882000000e-02
  6.531738000000e-02
  6.383057500000e-02
  6.237761500000e-02
  6.095773000000e-02
  5.957016500000e-02
  5.821418000000e-02
  5.688906000000e-02
  5.559411000000e-02
  5.432863500000e-02
  5.309196500000e-02
  5.188344500000e-02
  5.070243000000e-02
  4.954830000000e-02
  4.842044500000e-02
  4.731826000000e-02
  4.624116500000e-02
  4.518859000000e-02
  4.415997000000e-02
  4.315476500000e-02
  4.217244500000e-02
  4.121248500000e-02
  4.027437500000e-02
  3.935761500000e-02
  3.846172500000e-02
  3.758623000000e-02
  3.673066500000e-02
  3.589457500000e-02
  3.507751000000e-02
  3.427905000000e-02
  3.349876500000e-02
  3.273624000000e-02
  3.199107500000e-02
  3.126286500000e-02
  3.055123500000e-02
  2.985580500000e-02
  2.917620000000e-02
  2.851207000000e-02
  2.786306000000e-02
  2.722882000000e-02
  2.660901500000e-02
  2.600332000000e-02
  2.541141000000e-02
  2.483297500000e-02
  2.426771000000e-02
  2.371531000000e-02
  2.317548500000e-02
  2.264794500000e-02
  2.213241500000e-02
  2.162862000000e-02
  2.113629000000e-02
  2.065517000000e-02
  2.018500000000e-02
  1.972553500000e-02
  1.927653000000e-02
  1.883774000000e-02
  1.840894000000e-02
  1.798990000000e-02
  1.758040000000e-02
  1.718022500000e-02
  1.678915500000e-02
  1.640698500000e-02
  1.603351500000e-02
  1.566855000000e-02
  1.531189000000e-02
  1.496334500000e-02
  1.462274000000e-02
  1.428989000000e-02
  1.396461000000e-02
  1.364673500000e-02
  1.333610000000e-02
  1.303253500000e-02
  1.273587500000e-02
  1.244597000000e-02
  1.216266500000e-02
  1.188581000000e-02
  1.161526000000e-02
  1.135086000000e-02
  1.109248000000e-02
  1.083998500000e-02
  1.059324000000e-02
  1.035211000000e-02
  1.011646500000e-02
  5.759955500000e-03
  8.754620000000e-04
  1.330624600000e-04
  2.022430950000e-05
  3.073914900000e-06
  4.672077500000e-07
  7.101143500000e-08
  1.079310300000e-08
  1.640456050000e-09
  2.493347100000e-10
  3.289666000000e-11
