411
  5.202876715410e+03
  5.168468825605e+03
  5.134287815637e+03
  5.100344598991e+03
  5.066633793626e+03
  5.033135257941e+03
  4.999864207113e+03
  4.966808510839e+03
  4.933968593735e+03
  4.901352780007e+03
  4.868949643550e+03
  4.836763229449e+03
  4.804787541160e+03
  4.773014255033e+03
  4.741459643487e+03
  4.710113308329e+03
  4.678975025954e+03
  4.648038554142e+03
  4.617312690783e+03
  4.586797808246e+03
  4.556473965296e+03
  4.526349903630e+03
  4.496425732379e+03
  4.466701268405e+03
  4.437170089328e+03
  4.407834505128e+03
  4.378695282094e+03
  4.349747925530e+03
  4.320989367764e+03
  4.292422930173e+03
  4.264044622112e+03
  4.235842862688e+03
  4.207833198967e+03
  4.180018546227e+03
  4.152386020224e+03
  4.124927655430e+03
  4.097663717032e+03
  4.070569012631e+03
  4.043658764074e+03
  4.016928568014e+03
  3.990378027241e+03
  3.963996747054e+03
  3.937790327961e+03
  3.911757109885e+03
  3.885893941251e+03
  3.860200679884e+03
  3.834673939685e+03
  3.809329182653e+03
  3.784139798516e+03
  3.759134813241e+03
  3.734279812305e+03
  3.709588209742e+03
  3.685066660686e+03
  3.660708958562e+03
  3.636501943455e+03
  3.612461661991e+03
  3.588581240475e+03
  3.564853739304e+03
  3.541290481041e+03
  3.517878120161e+03
  3.494618620639e+03
  3.471515371982e+03
  3.448566928431e+03
  3.425767876497e+03
  3.403117325613e+03
  3.380619454950e+03
  3.358271398627e+03
  3.336069176922e+03
  3.314011091922e+03
  3.292104522952e+03
  3.270336084558e+03
  3.248717918386e+03
  3.227239544560e+03
  3.205904414441e+03
  3.184710214484e+03
  3.163656687600e+03
  3.142741355139e+03
  3.121963372287e+03
  3.101324747303e+03
  3.080819910864e+03
  3.060452911658e+03
  3.040218317518e+03
  3.020120468476e+03
  3.000153734325e+03
  2.980320406044e+03
  2.960615799494e+03
  2.941044004132e+03
  2.921600386336e+03
  2.902285133043e+03
  2.883097765439e+03
  2.864037566466e+03
  2.845102733088e+03
  2.826292993269e+03
  2.807608187893e+03
  2.789046668145e+03
  2.770607741736e+03
  2.752290905833e+03
  2.734094983318e+03
  2.716019433175e+03
  2.698063066325e+03
  2.680225949220e+03
  2.662506475987e+03
  2.644903902541e+03
  2.627418285252e+03
  2.610047922832e+03
  2.592792681663e+03
  2.575651155969e+03
  2.558623714002e+03
  2.541708019360e+03
  2.524904472941e+03
  2.508211963126e+03
  2.491629737884e+03
  2.475156420886e+03
  2.458793907003e+03
  2.442537896222e+03
  2.426390382193e+03
  2.410348062391e+03
  2.394414052151e+03
  2.378583858588e+03
  2.362858938364e+03
  2.347237504036e+03
  2.331719112409e+03
  2.316304170343e+03
  2.300990709917e+03
  2.285778887949e+03
  2.270666552319e+03
  2.255654950730e+03
  2.240743092293e+03
  2.225928145259e+03
  2.211212264484e+03
  2.196593745186e+03
  2.182071984316e+03
  2.167646079974e+03
  2.153315998374e+03
  2.139079878974e+03
  2.124938244306e+03
  2.110889600633e+03
  2.096934472395e+03
  2.083071571353e+03
  2.069299905123e+03
  2.055619203779e+03
  2.042028968601e+03
  2.028529162992e+03
  2.015118486585e+03
  2.001795894243e+03
  1.988561653857e+03
  1.975415099626e+03
  1.962355307306e+03
  1.949381958197e+03
  1.936494221211e+03
  1.923692134619e+03
  1.910974187570e+03
  1.898340099060e+03
  1.885790137582e+03
  1.873322879712e+03
  1.860938054211e+03
  1.848635226558e+03
  1.836413403635e+03
  1.824272873040e+03
  1.812212081355e+03
  1.800231221698e+03
  1.788329398114e+03
  1.776506904216e+03
  1.764762122313e+03
  1.753095115318e+03
  1.741505242192e+03
  1.729991308342e+03
  1.718554111684e+03
  1.707192573029e+03
  1.695906336594e+03
  1.684694316176e+03
  1.673556419520e+03
  1.662492425269e+03
  1.651501479085e+03
  1.640583021227e+03
  1.629736830097e+03
  1.618962584965e+03
  1.608259491060e+03
  1.597626821215e+03
  1.587064781821e+03
  1.576572629878e+03
  1.566149603693e+03
  1.555795251744e+03
  1.545510001250e+03
  1.535292458628e+03
  1.525142101839e+03
  1.515058991312e+03
  1.505042858657e+03
  1.495092793323e+03
  1.485208364337e+03
  1.475389505234e+03
  1.465635465095e+03
  1.455946098385e+03
  1.446320651446e+03
  1.436758488944e+03
  1.427259952408e+03
  1.417824119202e+03
  1.408450720028e+03
  1.399139517745e+03
  1.389889404935e+03
  1.377351086654e+03
  1.361584754009e+03
  1.345998805057e+03
  1.330591240533e+03
  1.315360077848e+03
  1.300303204701e+03
  1.285418749581e+03
  1.270704852209e+03
  1.256159250336e+03
  1.241779993659e+03
  1.227565456119e+03
  1.213513722670e+03
  1.199622711299e+03
  1.185890737316e+03
  1.172315862719e+03
  1.158896472300e+03
  1.145630744848e+03
  1.132516808645e+03
  1.119553027975e+03
  1.106737650224e+03
  1.094068911555e+03
  1.081545249982e+03
  1.069164910494e+03
  1.056926142718e+03
  1.044827703508e+03
  1.032867707423e+03
  1.021044536068e+03
  1.009356732633e+03
  9.978027537425e+02
  9.863810370218e+02
  9.750903219727e+02
  9.639278904824e+02
  9.528937337847e+02
  9.419867820782e+02
  9.312036086002e+02
  9.205441520592e+02
  9.100067067494e+02
  8.995896202260e+02
  8.892927919285e+02
  8.791131342771e+02
  8.690498330555e+02
  8.591020852089e+02
  8.492676883353e+02
  8.395460147423e+02
  8.299361281156e+02
  8.204360103006e+02
  8.110444408467e+02
  8.017606664235e+02
  7.925826941154e+02
  7.835105014589e+02
  7.745416691585e+02
  7.656750794773e+02
  7.569105937207e+02
  7.482464843639e+02
  7.396815942493e+02
  7.312143715797e+02
  7.228441146458e+02
  7.145699513630e+02
  7.063902785379e+02
  6.983040290048e+02
  6.903107295687e+02
  6.824089308222e+02
  6.745972317228e+02
  6.668756116042e+02
  6.592418362988e+02
  6.516954835548e+02
  6.442356118133e+02
  6.368607351156e+02
  6.295710479452e+02
  6.223642563882e+02
  6.152399565087e+02
  6.081974062813e+02
  6.012353551373e+02
  5.943532458538e+02
  5.875499069002e+02
  5.808239801312e+02
  5.741754266698e+02
  5.676029276959e+02
  5.611055376051e+02
  5.546825648447e+02
  5.483322631136e+02
  5.420562455041e+02
  5.358514291350e+02
  5.297177027111e+02
  5.236542478571e+02
  5.176599698722e+02
  5.117343336745e+02
  5.058765349169e+02
  5.000860147945e+02
  4.943615592361e+02
  4.887026605950e+02
  4.831083578229e+02
  4.775773556211e+02
  4.721106258997e+02
  4.667072125816e+02
  4.613646504966e+02
  4.560829225512e+02
  4.508631204970e+02
  4.457021083523e+02
  4.406000538074e+02
  4.355562196026e+02
  4.305708688438e+02
  4.256420316986e+02
  4.207698431711e+02
  4.159532662855e+02
  4.111917533166e+02
  4.064849590876e+02
  4.018321203211e+02
  3.972323713869e+02
  3.926853407433e+02
  3.881900206539e+02
  3.837466412575e+02
  3.793540359476e+02
  3.750116193989e+02
  3.707188344342e+02
  3.664748903164e+02
  3.622795056335e+02
  3.581315633245e+02
  3.540321365263e+02
  3.499810755527e+02
  3.459745470347e+02
  3.420138883263e+02
  3.380996208218e+02
  3.342292841213e+02
  3.304022069229e+02
  3.266201880112e+02
  3.228822847310e+02
  3.191866569984e+02
  3.155329540621e+02
  3.119207280166e+02
  3.083496803426e+02
  3.048198612934e+02
  3.013312802670e+02
  2.978822604217e+02
  2.944722825594e+02
  2.911009043983e+02
  2.877683974470e+02
  2.844738735591e+02
  2.812180193706e+02
  2.779988870289e+02
  2.748167735076e+02
  2.716717811222e+02
  2.685612508653e+02
  2.654877624797e+02
  2.624479509742e+02
  2.594438001813e+02
  2.564746987264e+02
  2.535384274750e+02
  2.506361067469e+02
  2.477669326045e+02
  2.449312758865e+02
  2.421275997250e+02
  2.393560634512e+02
  2.366161707115e+02
  2.339076129095e+02
  2.312301551441e+02
  2.285833280228e+02
  2.259667333109e+02
  2.233801189267e+02
  2.208231092629e+02
  2.182953536156e+02
  2.157965437666e+02
  2.133262639253e+02
  2.108841065422e+02
  2.084704119835e+02
  2.060833385467e+02
  2.037243359011e+02
  2.013922338747e+02
  1.990868460015e+02
  1.968086389059e+02
  1.945550636074e+02
  1.923282133745e+02
  1.901266146339e+02
  1.879501544254e+02
  1.857989413493e+02
  1.836724676828e+02
  1.815694953665e+02
  1.794911783409e+02
  1.774364042256e+02
  1.754051938503e+02
  1.733973808285e+02
  1.714126160957e+02
  1.694505725169e+02
  1.675107287850e+02
  1.655932215628e+02
  1.636978593576e+02
  1.618237973613e+02
  1.599714815894e+02
  1.581405255304e+02
  1.563302523845e+02
  1.545412439783e+02
  1.527718016454e+02
  1.510228754650e+02
  1.492942854157e+02
  1.475852205148e+02
  1.458957352472e+02
  1.442256545833e+02
  1.425748907270e+02
  1.409427785539e+02
  1.393295698007e+02
  9.626679121385e+01
  3.753060396527e+01
  1.463168464974e+01
  5.704314572413e+00
  2.223885688717e+00
  8.670049141839e-01
  3.380108400076e-01
  1.317770290500e-01
  5.137465739525e-02
  2.002894182093e-02
  7.808492047441e-03
