1602
  1.410000000000e+01
  1.393087500000e+01
  1.379330500000e+01
  1.365709000000e+01
  1.352222000000e+01
  1.338868500000e+01
  1.325647000000e+01
  1.312556000000e+01
  1.299594500000e+01
  1.286760500000e+01
  1.274053000000e+01
  1.261471500000e+01
  1.249014500000e+01
  1.236680500000e+01
  1.224468000000e+01
  1.212376000000e+01
  1.200403500000e+01
  1.188549000000e+01
  1.176811500000e+01
  1.165190500000e+01
  1.153684000000e+01
  1.142291000000e+01
  1.131010500000e+01
  1.119841500000e+01
  1.108783000000e+01
  1.097833500000e+01
  1.086992000000e+01
  1.076257500000e+01
  1.065629500000e+01
  1.055106000000e+01
  1.044686500000e+01
  1.034370000000e+01
  1.024155000000e+01
  1.014041500000e+01
  1.004027800000e+01
  9.941127000000e+00
  9.842956000000e+00
  9.745754500000e+00
  9.649513000000e+00
  9.554221500000e+00
  9.459871000000e+00
  9.366452500000e+00
  9.273956500000e+00
  9.182374000000e+00
  9.091696000000e+00
  9.001913500000e+00
  8.913017500000e+00
  8.824999000000e+00
  8.737850000000e+00
  8.651562000000e+00
  8.566125500000e+00
  8.481532500000e+00
  8.397775500000e+00
  8.314845500000e+00
  8.232734500000e+00
  8.151434500000e+00
  8.070937000000e+00
  7.991234500000e+00
  7.912319000000e+00
  7.834183000000e+00
  7.756818500000e+00
  7.680218000000e+00
  7.604374000000e+00
  7.529279000000e+00
  7.454925500000e+00
  7.381306000000e+00
  7.308414000000e+00
  7.236242000000e+00
  7.164782500000e+00
  7.094028500000e+00
  7.023973000000e+00
  6.954609500000e+00
  6.885931000000e+00
  6.817930500000e+00
  6.750602000000e+00
  6.683938500000e+00
  6.617933000000e+00
  6.552579000000e+00
  6.487870500000e+00
  6.423801500000e+00
  6.360365000000e+00
  6.297554500000e+00
  6.235364500000e+00
  6.173789000000e+00
  6.112821500000e+00
  6.052456000000e+00
  5.992686500000e+00
  5.933507000000e+00
  5.874912000000e+00
  5.816896000000e+00
  5.759453000000e+00
  5.702577000000e+00
  5.646262500000e+00
  5.590504500000e+00
  5.535297000000e+00
  5.480634500000e+00
  5.426512000000e+00
  5.372924000000e+00
  5.319865000000e+00
  5.267330000000e+00
  5.215314000000e+00
  5.163811500000e+00
  5.112817500000e+00
  5.062327000000e+00
  5.012335000000e+00
  4.962837000000e+00
  4.913828000000e+00
  4.865303000000e+00
  4.817257000000e+00
  4.769685000000e+00
  4.722583000000e+00
  4.675946500000e+00
  4.629770500000e+00
  4.584050500000e+00
  4.538782000000e+00
  4.493960500000e+00
  4.449581500000e+00
  4.405640500000e+00
  4.362133500000e+00
  4.319056500000e+00
  4.276405000000e+00
  4.234174500000e+00
  4.192361000000e+00
  4.150960500000e+00
  4.109968500000e+00
  4.069381500000e+00
  4.029195500000e+00
  3.989406000000e+00
  3.950010000000e+00
  3.911003000000e+00
  3.872380500000e+00
  3.834139500000e+00
  3.796276500000e+00
  3.758787500000e+00
  3.721668500000e+00
  3.684916000000e+00
  3.648526500000e+00
  3.612496500000e+00
  3.576822500000e+00
  3.541500500000e+00
  3.506527500000e+00
  3.471900000000e+00
  3.437614000000e+00
  3.403666500000e+00
  3.370054500000e+00
  3.336774500000e+00
  3.303823000000e+00
  3.271197000000e+00
  3.238893000000e+00
  3.206908000000e+00
  3.175239000000e+00
  3.143883000000e+00
  3.112836500000e+00
  3.082096000000e+00
  3.051659500000e+00
  3.021524000000e+00
  2.991686000000e+00
  2.962142000000e+00
  2.932890000000e+00
  2.903927000000e+00
  2.875250000000e+00
  2.846856500000e+00
  2.818743000000e+00
  2.790907000000e+00
  2.763346000000e+00
  2.736057500000e+00
  2.709038500000e+00
  2.682286000000e+00
  2.655797500000e+00
  2.629571000000e+00
  2.603603500000e+00
  2.577892000000e+00
  2.552434500000e+00
  2.527229000000e+00
  2.502272000000e+00
  2.477561000000e+00
  2.453094500000e+00
  2.428870000000e+00
  2.404884500000e+00
  2.381135500000e+00
  2.357621000000e+00
  2.334339000000e+00
  2.311287000000e+00
  2.288462500000e+00
  2.265863500000e+00
  2.243487500000e+00
  2.221332500000e+00
  2.199396500000e+00
  2.177677000000e+00
  2.156171500000e+00
  2.134878500000e+00
  2.113796000000e+00
  2.092922000000e+00
  2.072254000000e+00
  2.051790000000e+00
  2.031528000000e+00
  2.011466000000e+00
  1.991602500000e+00
  1.971935000000e+00
  1.952461500000e+00
  1.933180500000e+00
  1.914090000000e+00
  1.895188000000e+00
  1.876472500000e+00
  1.857942000000e+00
  1.839594500000e+00
  1.821428000000e+00
  1.803441000000e+00
  1.785631500000e+00
  1.767998000000e+00
  1.750538500000e+00
  1.733251500000e+00
  1.716135000000e+00
  1.699187500000e+00
  1.682408000000e+00
  1.665794000000e+00
  1.649343500000e+00
  1.633056000000e+00
  1.616929500000e+00
  1.600961500000e+00
  1.585151500000e+00
  1.569498000000e+00
  1.553999000000e+00
  1.538653000000e+00
  1.523458500000e+00
  1.508414000000e+00
  1.493518000000e+00
  1.478769000000e+00
  1.464165500000e+00
  1.449706500000e+00
  1.435390500000e+00
  1.421215500000e+00
  1.407180500000e+00
  1.393284500000e+00
  1.379525500000e+00
  1.365902500000e+00
  1.352414000000e+00
  1.339058500000e+00
  1.325835000000e+00
  1.312742000000e+00
  1.299778500000e+00
  1.286943000000e+00
  1.274234000000e+00
  1.261650500000e+00
  1.249191500000e+00
  1.236855500000e+00
  1.224641000000e+00
  1.212547000000e+00
  1.200573000000e+00
  1.188717500000e+00
  1.176978500000e+00
  1.165355500000e+00
  1.153847500000e+00
  1.142453000000e+00
  1.131171000000e+00
  1.120000000000e+00
  1.108939500000e+00
  1.097988500000e+00
  1.087145500000e+00
  1.076410000000e+00
  1.065780500000e+00
  1.055255500000e+00
  1.044834500000e+00
  1.034516500000e+00
  1.024300500000e+00
  1.014185500000e+00
  1.004170000000e+00
  9.942534000000e-01
  9.844349000000e-01
  9.747133500000e-01
  9.650878000000e-01
  9.555573500000e-01
  9.461210000000e-01
  9.367778000000e-01
  9.275269000000e-01
  9.183673500000e-01
  9.092982500000e-01
  9.003187000000e-01
  8.914278500000e-01
  8.826248000000e-01
  8.739086500000e-01
  8.652786000000e-01
  8.567337500000e-01
  8.482733000000e-01
  8.398964000000e-01
  8.316022000000e-01
  8.233899500000e-01
  8.152588000000e-01
  8.072079000000e-01
  7.992365000000e-01
  7.913438500000e-01
  7.835291500000e-01
  7.757916000000e-01
  7.681304500000e-01
  7.605450000000e-01
  7.530344500000e-01
  7.455980500000e-01
  7.382351000000e-01
  7.309448500000e-01
  7.237266000000e-01
  7.165796000000e-01
  7.095032000000e-01
  7.024967000000e-01
  6.955593500000e-01
  6.886905500000e-01
  6.818895500000e-01
  6.751557000000e-01
  6.684884000000e-01
  6.618869500000e-01
  6.553506500000e-01
  6.488789000000e-01
  6.424710500000e-01
  6.361265000000e-01
  6.298446000000e-01
  6.236247000000e-01
  6.174662500000e-01
  6.113686500000e-01
  6.053312500000e-01
  5.993534500000e-01
  5.934347000000e-01
  5.875744000000e-01
  5.817719500000e-01
  5.760268000000e-01
  5.703384000000e-01
  5.647061500000e-01
  5.591295500000e-01
  5.536080000000e-01
  5.481410000000e-01
  5.427280000000e-01
  5.373684000000e-01
  5.320617500000e-01
  5.268075000000e-01
  5.216051500000e-01
  5.164542000000e-01
  5.113541000000e-01
  5.063043500000e-01
  5.013044500000e-01
  4.963539500000e-01
  4.914523500000e-01
  4.865991500000e-01
  4.817938500000e-01
  4.770360000000e-01
  4.723251500000e-01
  4.676608500000e-01
  4.630426000000e-01
  4.584699000000e-01
  4.539424000000e-01
  4.494596500000e-01
  4.450211500000e-01
  4.406264500000e-01
  4.362751500000e-01
  4.319668000000e-01
  4.277010000000e-01
  4.234773500000e-01
  4.192954000000e-01
  4.151547500000e-01
  4.110550000000e-01
  4.069957500000e-01
  4.029766000000e-01
  3.989971000000e-01
  3.950569000000e-01
  3.911556500000e-01
  3.872929000000e-01
  3.834682500000e-01
  3.796814000000e-01
  3.759319500000e-01
  3.722195000000e-01
  3.685437500000e-01
  3.649043000000e-01
  3.613008000000e-01
  3.577329000000e-01
  3.542002000000e-01
  3.507023500000e-01
  3.472390500000e-01
  3.438100000000e-01
  3.404148000000e-01
  3.370531000000e-01
  3.337246500000e-01
  3.304290500000e-01
  3.271659500000e-01
  3.239351000000e-01
  3.207362000000e-01
  3.175688500000e-01
  3.144327500000e-01
  3.113276500000e-01
  3.082532000000e-01
  3.052091500000e-01
  3.021951500000e-01
  2.992109000000e-01
  2.962561500000e-01
  2.933305500000e-01
  2.904338000000e-01
  2.875657000000e-01
  2.847259500000e-01
  2.819142000000e-01
  2.791302000000e-01
  2.763737000000e-01
  2.736444500000e-01
  2.709421500000e-01
  2.682665500000e-01
  2.656173500000e-01
  2.629943000000e-01
  2.603972000000e-01
  2.578257000000e-01
  2.552796000000e-01
  2.527586500000e-01
  2.502626000000e-01
  2.477912000000e-01
  2.453442000000e-01
  2.429214000000e-01
  2.405225000000e-01
  2.381472500000e-01
  2.357954500000e-01
  2.334669500000e-01
  2.311614500000e-01
  2.288786500000e-01
  2.266184000000e-01
  2.243805000000e-01
  2.221647000000e-01
  2.199707500000e-01
  2.177984500000e-01
  2.156476500000e-01
  2.135181000000e-01
  2.114095500000e-01
  2.093218500000e-01
  2.072547500000e-01
  2.052080500000e-01
  2.031815500000e-01
  2.011750500000e-01
  1.991884000000e-01
  1.972214000000e-01
  1.952738000000e-01
  1.933454000000e-01
  1.914361000000e-01
  1.895456500000e-01
  1.876738000000e-01
  1.858204500000e-01
  1.839854500000e-01
  1.821685500000e-01
  1.803696000000e-01
  1.785884000000e-01
  1.768248000000e-01
  1.750786000000e-01
  1.733496500000e-01
  1.716378000000e-01
  1.699428500000e-01
  1.682646500000e-01
  1.666029500000e-01
  1.649577000000e-01
  1.633287500000e-01
  1.617158000000e-01
  1.601188000000e-01
  1.585376000000e-01
  1.569720000000e-01
  1.554218500000e-01
  1.538870000000e-01
  1.523673500000e-01
  1.508627000000e-01
  1.493729000000e-01
  1.478978000000e-01
  1.464372500000e-01
  1.449911500000e-01
  1.435593500000e-01
  1.421416500000e-01
  1.407379500000e-01
  1.393481500000e-01
  1.379720500000e-01
  1.366095500000e-01
  1.352605000000e-01
  1.339247500000e-01
  1.326022000000e-01
  1.312927500000e-01
  1.299962500000e-01
  1.287125000000e-01
  1.274414000000e-01
  1.261829000000e-01
  1.249368000000e-01
  1.237030000000e-01
  1.224814500000e-01
  1.212719000000e-01
  1.200743000000e-01
  1.188885500000e-01
  1.177145000000e-01
  1.165520500000e-01
  1.154010500000e-01
  1.142614500000e-01
  1.131331000000e-01
  1.120158500000e-01
  1.109096500000e-01
  1.098144000000e-01
  1.087299500000e-01
  1.076562000000e-01
  1.065931000000e-01
  1.055405000000e-01
  1.044982500000e-01
  1.034663000000e-01
  1.024445500000e-01
  1.014328500000e-01
  1.004311700000e-01
  9.943941000000e-02
  9.845742000000e-02
  9.748513000000e-02
  9.652244000000e-02
  9.556925500000e-02
  9.462549000000e-02
  9.369104000000e-02
  9.276581500000e-02
  9.184973000000e-02
  9.094269500000e-02
  9.004461500000e-02
  8.915540000000e-02
  8.827497000000e-02
  8.740323500000e-02
  8.654010500000e-02
  8.568550000000e-02
  8.483933500000e-02
  8.400152500000e-02
  8.317199000000e-02
  8.235064500000e-02
  8.153741500000e-02
  8.073221500000e-02
  7.993496500000e-02
  7.914559000000e-02
  7.836400500000e-02
  7.759014000000e-02
  7.682392000000e-02
  7.606526500000e-02
  7.531410000000e-02
  7.457035500000e-02
  7.383395500000e-02
  7.310482500000e-02
  7.238290000000e-02
  7.166810500000e-02
  7.096036500000e-02
  7.025961000000e-02
  6.956578000000e-02
  6.887880500000e-02
  6.819861000000e-02
  6.752513000000e-02
  6.685830000000e-02
  6.619806000000e-02
  6.554434000000e-02
  6.489707000000e-02
  6.425619500000e-02
  6.362165000000e-02
  6.299337000000e-02
  6.237129500000e-02
  6.175536500000e-02
  6.114552000000e-02
  6.054169000000e-02
  5.994382500000e-02
  5.935187000000e-02
  5.876575500000e-02
  5.818542500000e-02
  5.761083000000e-02
  5.704191000000e-02
  5.647860500000e-02
  5.592086500000e-02
  5.536863500000e-02
  5.482185500000e-02
  5.428047500000e-02
  5.374444500000e-02
  5.321370500000e-02
  5.268820500000e-02
  5.216789500000e-02
  5.165272500000e-02
  5.114264500000e-02
  5.063760000000e-02
  5.013754000000e-02
  4.964242000000e-02
  4.915219000000e-02
  4.866680000000e-02
  4.818620500000e-02
  4.771035500000e-02
  4.723920000000e-02
  4.677270000000e-02
  4.631081000000e-02
  4.585348000000e-02
  4.540066500000e-02
  4.495232000000e-02
  4.450840500000e-02
  4.406887500000e-02
  4.363368500000e-02
  4.320279500000e-02
  4.277615500000e-02
  4.235373000000e-02
  4.193548000000e-02
  4.152135500000e-02
  4.111132000000e-02
  4.070533500000e-02
  4.030336000000e-02
  3.990535500000e-02
  3.951128000000e-02
  3.912109500000e-02
  3.873476500000e-02
  3.835225000000e-02
  3.797351000000e-02
  3.759851500000e-02
  3.722722500000e-02
  3.685959500000e-02
  3.649559500000e-02
  3.613519500000e-02
  3.577835000000e-02
  3.542503000000e-02
  3.507520000000e-02
  3.472882000000e-02
  3.438586500000e-02
  3.404630000000e-02
  3.371008500000e-02
  3.337719000000e-02
  3.304758000000e-02
  3.272122500000e-02
  3.239809500000e-02
  3.207815500000e-02
  3.176137500000e-02
  3.144772500000e-02
  3.113717500000e-02
  3.082969000000e-02
  3.052524000000e-02
  3.022379500000e-02
  2.992532500000e-02
  2.962980500000e-02
  2.933720500000e-02
  2.904749000000e-02
  2.876064000000e-02
  2.847662500000e-02
  2.819541000000e-02
  2.791697000000e-02
  2.764128500000e-02
  2.736832500000e-02
  2.709805500000e-02
  2.683045500000e-02
  2.656549500000e-02
  2.630315000000e-02
  2.604340000000e-02
  2.578621500000e-02
  2.553157000000e-02
  2.527944000000e-02
  2.502980000000e-02
  2.478262500000e-02
  2.453789000000e-02
  2.429557500000e-02
  2.405565000000e-02
  2.381809500000e-02
  2.358288500000e-02
  2.334999500000e-02
  2.311941000000e-02
  2.289110000000e-02
  2.266504500000e-02
  2.244122500000e-02
  2.221961500000e-02
  2.200019000000e-02
  2.178293000000e-02
  2.156782000000e-02
  2.135483500000e-02
  2.114395000000e-02
  2.093514500000e-02
  2.072840500000e-02
  2.052371000000e-02
  2.032103500000e-02
  2.012036000000e-02
  1.992166500000e-02
  1.972493000000e-02
  1.953014000000e-02
  1.933727500000e-02
  1.914631500000e-02
  1.895724500000e-02
  1.877004000000e-02
  1.858468000000e-02
  1.840115000000e-02
  1.821943500000e-02
  1.803951500000e-02
  1.786137000000e-02
  1.768498500000e-02
  1.751034000000e-02
  1.733742000000e-02
  1.716621000000e-02
  1.699669000000e-02
  1.682884500000e-02
  1.666265500000e-02
  1.649810500000e-02
  1.633518500000e-02
  1.617387000000e-02
  1.601414500000e-02
  1.585600000000e-02
  1.569942000000e-02
  1.554438500000e-02
  1.539088000000e-02
  1.523889500000e-02
  1.508841000000e-02
  1.493940500000e-02
  1.479187000000e-02
  1.464580000000e-02
  1.450117000000e-02
  1.435796500000e-02
  1.421618000000e-02
  1.407579000000e-02
  1.393678500000e-02
  1.379916000000e-02
  1.366289000000e-02
  1.352796500000e-02
  1.339437500000e-02
  1.326210000000e-02
  1.313113500000e-02
  1.300146500000e-02
  1.287307000000e-02
  1.274594500000e-02
  1.262007500000e-02
  1.249544500000e-02
  1.237205000000e-02
  1.224987500000e-02
  1.212890500000e-02
  1.200913000000e-02
  1.189053500000e-02
  1.177311000000e-02
  1.165685000000e-02
  1.154174000000e-02
  1.142776000000e-02
  1.131490500000e-02
  1.120317000000e-02
  1.109253500000e-02
  1.098299500000e-02
  1.087453500000e-02
  1.076714500000e-02
  1.066082000000e-02
  1.055554000000e-02
  1.045130000000e-02
  1.034809000000e-02
  1.024590000000e-02
  1.014472000000e-02
  1.004453900000e-02
  9.945348000000e-03
  9.847135500000e-03
  9.749892500000e-03
  9.653610000000e-03
  9.558278500000e-03
  9.463888000000e-03
  9.370430000000e-03
  9.277895000000e-03
  9.186273500000e-03
  9.095556500000e-03
  9.005735500000e-03
  8.916802000000e-03
  8.828746500000e-03
  8.741560500000e-03
  8.655235500000e-03
  8.569762500000e-03
  8.485134000000e-03
  8.401341500000e-03
  8.318376000000e-03
  8.236230000000e-03
  8.154895500000e-03
  8.074364000000e-03
  7.994627500000e-03
  7.915678500000e-03
  7.837509500000e-03
  7.760112000000e-03
  7.683479000000e-03
  7.607603000000e-03
  7.532476000000e-03
  7.458091000000e-03
  7.384440500000e-03
  7.311517500000e-03
  7.239314500000e-03
  7.167824500000e-03
  7.097040500000e-03
  7.026955500000e-03
  6.957562500000e-03
  6.888855000000e-03
  6.820826000000e-03
  6.753468500000e-03
  6.686776500000e-03
  6.620743000000e-03
  6.555361500000e-03
  6.490625500000e-03
  6.426529000000e-03
  6.363065500000e-03
  6.300228500000e-03
  6.238012500000e-03
  6.176410500000e-03
  6.115417000000e-03
  6.055026000000e-03
  5.995231000000e-03
  5.936026500000e-03
  5.877406500000e-03
  5.819366000000e-03
  5.761898500000e-03
  5.704998000000e-03
  5.648660000000e-03
  5.592878500000e-03
  5.537647500000e-03
  5.482961500000e-03
  5.428815500000e-03
  5.375205000000e-03
  5.322124000000e-03
  5.269566500000e-03
  5.217528000000e-03
  5.166003500000e-03
  5.114988000000e-03
  5.064476500000e-03
  5.014463500000e-03
  4.964944500000e-03
  4.915914500000e-03
  4.867368500000e-03
  4.819302000000e-03
  4.771710500000e-03
  4.724589000000e-03
  4.677932500000e-03
  4.631736500000e-03
  4.585997000000e-03
  4.540709500000e-03
  4.495868500000e-03
  4.451470500000e-03
  4.407511500000e-03
  4.363986000000e-03
  4.320890500000e-03
  4.278221000000e-03
  4.235972500000e-03
  4.194141000000e-03
  4.152723000000e-03
  4.111714000000e-03
  4.071109500000e-03
  4.030906500000e-03
  3.991100500000e-03
  3.951687000000e-03
  3.912663000000e-03
  3.874024500000e-03
  3.835767500000e-03
  3.797888500000e-03
  3.760383500000e-03
  3.723249000000e-03
  3.686481000000e-03
  3.650076000000e-03
  3.614030500000e-03
  3.578341000000e-03
  3.543004000000e-03
  3.508016000000e-03
  3.473373500000e-03
  3.439073000000e-03
  3.405111500000e-03
  3.371485500000e-03
  3.338191500000e-03
  3.305226000000e-03
  3.272586000000e-03
  3.240268500000e-03
  3.208270000000e-03
  3.176587500000e-03
  3.145218000000e-03
  3.114158000000e-03
  3.083405000000e-03
  3.052955500000e-03
  3.022806500000e-03
  2.992956000000e-03
  2.963400000000e-03
  2.934135500000e-03
  2.905160000000e-03
  2.876471000000e-03
  2.848065500000e-03
  2.819940000000e-03
  2.792092500000e-03
  2.764520000000e-03
  2.737219500000e-03
  2.710188500000e-03
  2.683424500000e-03
  2.656925000000e-03
  2.630687500000e-03
  2.604709000000e-03
  2.578987000000e-03
  2.553519000000e-03
  2.528302000000e-03
  2.503334500000e-03
  2.478613500000e-03
  2.454136500000e-03
  2.429901500000e-03
  2.405905500000e-03
  2.382146500000e-03
  2.358622500000e-03
  2.335330500000e-03
  2.312268500000e-03
  2.289434500000e-03
  2.266825500000e-03
  2.244440000000e-03
  2.222275500000e-03
  2.200330000000e-03
  2.178601500000e-03
  2.157087000000e-03
  2.135785000000e-03
  2.114694000000e-03
  2.093811000000e-03
  2.073134000000e-03
  2.052661500000e-03
  2.032391000000e-03
  2.012320500000e-03
  1.992448000000e-03
  1.972772000000e-03
  1.953290500000e-03
  1.934001500000e-03
  1.914903000000e-03
  1.895992500000e-03
  1.877269000000e-03
  1.858730500000e-03
  1.840375000000e-03
  1.822201000000e-03
  1.804206500000e-03
  1.786389500000e-03
  1.768748500000e-03
  1.751282000000e-03
  1.733987500000e-03
  1.716864000000e-03
  1.699909500000e-03
  1.683122000000e-03
  1.666501000000e-03
  1.650044000000e-03
  1.633749500000e-03
  1.617616000000e-03
  1.601641500000e-03
  1.585825000000e-03
  1.570164500000e-03
  1.554658500000e-03
  1.539306000000e-03
  1.524105000000e-03
  1.509054000000e-03
  1.494152000000e-03
  1.479397000000e-03
  1.464787500000e-03
  1.450322000000e-03
  1.435999500000e-03
  1.421819000000e-03
  1.407778500000e-03
  1.393876000000e-03
  1.380111000000e-03
  1.366482500000e-03
  1.352988000000e-03
  1.339626500000e-03
  1.326397500000e-03
  1.313299000000e-03
  1.300330000000e-03
  1.287489000000e-03
  1.274774500000e-03
  1.262186000000e-03
  1.249721500000e-03
  1.237380000000e-03
  1.225160500000e-03
  1.213062000000e-03
  1.201083000000e-03
  1.189222000000e-03
  1.177478000000e-03
  1.165850000000e-03
  1.154337000000e-03
  1.142937500000e-03
  1.131651000000e-03
  1.120476000000e-03
  1.109411000000e-03
  1.098455000000e-03
  1.087607500000e-03
  1.076867500000e-03
  1.066233000000e-03
  1.055703500000e-03
  1.045278000000e-03
  1.034955500000e-03
  1.024735000000e-03
  1.014615500000e-03
  1.004596150000e-03
  9.946756000000e-04
  9.848529000000e-04
  9.751272000000e-04
  9.654976000000e-04
  9.559631000000e-04
  9.465227500000e-04
  9.371756000000e-04
  9.279207500000e-04
  9.187573000000e-04
  9.096843500000e-04
  9.007010000000e-04
  8.918063500000e-04
  8.829995500000e-04
  8.742797000000e-04
  8.656460000000e-04
  8.570975500000e-04
  8.486335000000e-04
  8.402530500000e-04
  8.319553500000e-04
  8.237396000000e-04
  8.156049500000e-04
  8.075506500000e-04
  7.995759000000e-04
  7.916799000000e-04
  7.838618500000e-04
  7.761210000000e-04
  7.684566500000e-04
  7.608679500000e-04
  7.533542000000e-04
  7.459146500000e-04
  7.385485500000e-04
  7.312552000000e-04
  7.240338500000e-04
  7.168838500000e-04
  7.098044500000e-04
  7.027949500000e-04
  6.958547000000e-04
  6.889830000000e-04
  6.821791000000e-04
  6.754424000000e-04
  6.687722500000e-04
  6.621679500000e-04
  6.556289000000e-04
  6.491544000000e-04
  6.427438500000e-04
  6.363966000000e-04
  6.301120000000e-04
  6.238895000000e-04
  6.177284500000e-04
  6.116282500000e-04
  6.055883000000e-04
  5.996079500000e-04
  5.936866500000e-04
  5.878238500000e-04
  5.820189500000e-04
  5.762714000000e-04
  5.705806000000e-04
  5.649459500000e-04
  5.593669500000e-04
  5.538430500000e-04
  5.483737000000e-04
  5.429584000000e-04
  5.375966000000e-04
  5.322877000000e-04
  5.270312000000e-04
  5.218266500000e-04
  5.166735000000e-04
  5.115712000000e-04
  5.065193000000e-04
  5.015173000000e-04
  4.965647000000e-04
  4.916610000000e-04
  4.868057500000e-04
  4.819984500000e-04
  4.772386000000e-04
  4.725257500000e-04
  4.678594000000e-04
  4.632391500000e-04
  4.586645500000e-04
  4.541351500000e-04
  4.496505000000e-04
  4.452101000000e-04
  4.408135000000e-04
  4.364603500000e-04
  4.321502000000e-04
  4.278826000000e-04
  4.236571500000e-04
  4.194734500000e-04
  4.153310500000e-04
  4.112295500000e-04
  4.071686000000e-04
  4.031477000000e-04
  3.991665000000e-04
  3.952246500000e-04
  3.913217000000e-04
  3.874573000000e-04
  3.836310500000e-04
  3.798426000000e-04
  3.760916000000e-04
  3.723776000000e-04
  3.687002500000e-04
  3.650592500000e-04
  3.614542000000e-04
  3.578847500000e-04
  3.543505500000e-04
  3.508512500000e-04
  3.473865500000e-04
  3.439560500000e-04
  3.405594000000e-04
  3.371962500000e-04
  3.338663500000e-04
  3.305693500000e-04
  3.273049000000e-04
  3.240727000000e-04
  3.208724000000e-04
  3.177037000000e-04
  3.145663000000e-04
  3.114599000000e-04
  3.083841500000e-04
  3.053387500000e-04
  3.023234500000e-04
  2.993379500000e-04
  2.963819000000e-04
  2.934550500000e-04
  2.905571000000e-04
  2.876878000000e-04
  2.848468500000e-04
  2.820339000000e-04
  2.792487500000e-04
  2.764911000000e-04
  2.737606500000e-04
  2.710572000000e-04
  2.683804500000e-04
  2.657301500000e-04
  2.631060000000e-04
  2.605077500000e-04
  2.579352000000e-04
  2.553880000000e-04
  2.528659500000e-04
  2.503688500000e-04
  2.478964000000e-04
  2.454483500000e-04
  2.430245000000e-04
  2.406246000000e-04
  2.382484000000e-04
  2.358956500000e-04
  2.335661000000e-04
  2.312595500000e-04
  2.289758000000e-04
  2.267146000000e-04
  2.244757500000e-04
  2.222590000000e-04
  2.200641500000e-04
  2.178910000000e-04
  2.157392500000e-04
  2.136087500000e-04
  2.114993000000e-04
  2.094107000000e-04
  2.073427500000e-04
  2.052952000000e-04
  2.032678500000e-04
  2.012605000000e-04
  1.992730000000e-04
  1.973051500000e-04
  1.953567000000e-04
  1.934275000000e-04
  1.915173500000e-04
  1.896260500000e-04
  1.877534500000e-04
  1.858993500000e-04
  1.840635500000e-04
  1.822459000000e-04
  1.804462000000e-04
  1.786642500000e-04
  1.768999000000e-04
  1.751529500000e-04
  1.734232500000e-04
  1.717106500000e-04
  1.700150000000e-04
  1.683360500000e-04
  1.666736500000e-04
  1.650277500000e-04
  1.633981000000e-04
  1.617845000000e-04
  1.601868000000e-04
  1.586049000000e-04
  1.570386500000e-04
  1.554878500000e-04
  1.539524000000e-04
  1.524321000000e-04
  1.509267500000e-04
  1.494363000000e-04
  1.479606000000e-04
  1.464994500000e-04
  1.450527500000e-04
  1.436203000000e-04
  1.422020000000e-04
  1.407977500000e-04
  1.394073500000e-04
  1.380306500000e-04
  1.366675500000e-04
  1.353179500000e-04
  1.339816500000e-04
  1.326585500000e-04
  1.313485000000e-04
  1.300514000000e-04
  1.287671500000e-04
  1.274955500000e-04
  1.262365000000e-04
  1.249898500000e-04
  1.237555500000e-04
  1.225334500000e-04
  1.213234000000e-04
  1.201253000000e-04
  1.189390000000e-04
  1.177644500000e-04
  1.166015000000e-04
  1.154500500000e-04
  1.143099500000e-04
  1.131811000000e-04
  1.120634000000e-04
  1.109567500000e-04
  1.098610500000e-04
  1.087761500000e-04
  1.077019500000e-04
  1.066383500000e-04
  1.055853000000e-04
  1.045426000000e-04
  1.035102000000e-04
  1.024880500000e-04
  1.014759500000e-04
  1.004738350000e-04
  9.948163000000e-05
  9.849922500000e-05
  9.752652500000e-05
  9.656343000000e-05
  9.560984000000e-05
  9.466567000000e-05
  9.373082500000e-05
  9.280521000000e-05
  9.188873500000e-05
  9.098131000000e-05
  9.008285000000e-05
  8.919326000000e-05
  8.831245500000e-05
  8.744035000000e-05
  8.657685500000e-05
  8.572188500000e-05
  8.487536000000e-05
  8.403719500000e-05
  8.320730500000e-05
  8.238561500000e-05
  8.157204000000e-05
  8.076649500000e-05
  7.996890500000e-05
  7.917919500000e-05
  7.839728000000e-05
  7.762308500000e-05
  7.685654000000e-05
  7.609756500000e-05
  7.534608000000e-05
  7.460202000000e-05
  7.386531000000e-05
  7.313587000000e-05
  7.241363500000e-05
  7.169853500000e-05
  7.099049500000e-05
  7.028944500000e-05
  6.959532000000e-05
  6.890805000000e-05
  6.822756500000e-05
  6.755380000000e-05
  6.688669000000e-05
  6.622617000000e-05
  6.557217000000e-05
  6.492462500000e-05
  6.428348000000e-05
  6.364866500000e-05
  6.302012000000e-05
  6.239778500000e-05
  6.178159000000e-05
  6.117148000000e-05
  6.056739500000e-05
  5.996927500000e-05
  5.937706500000e-05
  5.879070500000e-05
  5.821013500000e-05
  5.763529500000e-05
  5.706613000000e-05
  5.650259000000e-05
  5.594461500000e-05
  5.539214500000e-05
  5.484513500000e-05
  5.430352500000e-05
  5.376726500000e-05
  5.323630500000e-05
  5.271058000000e-05
  5.219005000000e-05
  5.167466000000e-05
  5.116436000000e-05
  5.065910000000e-05
  5.015882500000e-05
  4.966349500000e-05
  4.917306000000e-05
  4.868746500000e-05
  4.820666500000e-05
  4.773061500000e-05
  4.725926000000e-05
  4.679256000000e-05
  4.633047500000e-05
  4.587295000000e-05
  4.541994000000e-05
  4.497141000000e-05
  4.452731000000e-05
  4.408759000000e-05
  4.365221500000e-05
  4.322114000000e-05
  4.279432000000e-05
  4.237171500000e-05
  4.195328500000e-05
  4.153898500000e-05
  4.112877500000e-05
  4.072262000000e-05
  4.032047500000e-05
  3.992230000000e-05
  3.952805500000e-05
  3.913770500000e-05
  3.875121500000e-05
  3.836854000000e-05
  3.798964000000e-05
  3.761448000000e-05
  3.724302500000e-05
  3.687524500000e-05
  3.651109500000e-05
  3.615053500000e-05
  3.579354000000e-05
  3.544007000000e-05
  3.509009000000e-05
  3.474357000000e-05
  3.440047000000e-05
  3.406075500000e-05
  3.372439500000e-05
  3.339136000000e-05
  3.306161500000e-05
  3.273512500000e-05
  3.241185500000e-05
  3.209178000000e-05
  3.177486500000e-05
  3.146108000000e-05
  3.115039500000e-05
  3.084277500000e-05
  3.053819500000e-05
  3.023662500000e-05
  2.993803000000e-05
  2.964238500000e-05
  2.934966000000e-05
  2.905982500000e-05
  2.877285500000e-05
  2.848871500000e-05
  2.820738000000e-05
  2.792882500000e-05
  2.765302000000e-05
  2.737994000000e-05
  2.710956000000e-05
  2.684184500000e-05
  2.657677500000e-05
  2.631432500000e-05
  2.605446500000e-05
  2.579717000000e-05
  2.554241500000e-05
  2.529017500000e-05
  2.504043000000e-05
  2.479315000000e-05
  2.454831000000e-05
  2.430589000000e-05
  2.406586500000e-05
  2.382821000000e-05
  2.359290000000e-05
  2.335991500000e-05
  2.312923000000e-05
  2.290082500000e-05
  2.267467500000e-05
  2.245075500000e-05
  2.222904500000e-05
  2.200953000000e-05
  2.179218000000e-05
  2.157697500000e-05
  2.136390000000e-05
  2.115292500000e-05
  2.094403500000e-05
  2.073721000000e-05
  2.053242500000e-05
  2.032966000000e-05
  2.012890000000e-05
  1.993012500000e-05
  1.973331000000e-05
  1.953843500000e-05
  1.934548500000e-05
  1.915444500000e-05
  1.896529000000e-05
  1.877800500000e-05
  1.859257000000e-05
  1.840896500000e-05
  1.822717000000e-05
  1.804717000000e-05
  1.786895000000e-05
  1.769249000000e-05
  1.751777500000e-05
  1.734478000000e-05
  1.717349500000e-05
  1.700390500000e-05
  1.683599000000e-05
  1.666973000000e-05
  1.650511000000e-05
  1.634212000000e-05
  1.618074000000e-05
  1.602095000000e-05
  1.586273500000e-05
  1.570608500000e-05
  1.555098500000e-05
  1.539741500000e-05
  1.524536000000e-05
  1.509481000000e-05
  1.494574500000e-05
  1.479815000000e-05
  1.465201500000e-05
  1.450732500000e-05
  1.436406500000e-05
  1.422221500000e-05
  1.408176500000e-05
  1.394270500000e-05
  1.380502000000e-05
  1.366869500000e-05
  1.353371000000e-05
  1.340006000000e-05
  1.326773500000e-05
  1.313671000000e-05
  1.300698000000e-05
  1.287853500000e-05
  1.275135500000e-05
  1.262543000000e-05
  1.250075000000e-05
  1.237730500000e-05
  1.225508000000e-05
  1.213405500000e-05
  1.201422500000e-05
  1.189558500000e-05
  1.177811500000e-05
  1.166180000000e-05
  1.154663500000e-05
  1.143261000000e-05
  1.131971000000e-05
  1.120792500000e-05
  1.109724500000e-05
  1.098766000000e-05
  1.087915500000e-05
  1.077172000000e-05
  1.066534500000e-05
  1.056002000000e-05
  1.045574000000e-05
  1.035249000000e-05
  1.025025500000e-05
  1.014903000000e-05
  1.004880600000e-05
  9.949571000000e-06
  9.851316500000e-06
  9.754032500000e-06
  9.657709000000e-06
  9.562336500000e-06
  9.467906500000e-06
  9.374409000000e-06
  9.281834000000e-06
  9.190173500000e-06
  9.099418500000e-06
  9.009559500000e-06
  8.920588000000e-06
  8.832495000000e-06
  8.745272000000e-06
  8.658910500000e-06
  8.573401500000e-06
  8.488737000000e-06
  8.404909000000e-06
  8.321908500000e-06
  8.239727500000e-06
  8.158358000000e-06
  8.077792000000e-06
  7.998022000000e-06
  7.919039500000e-06
  7.840837000000e-06
  7.763407000000e-06
  7.686741500000e-06
  7.610833000000e-06
  7.535674000000e-06
  7.461257500000e-06
  7.387576000000e-06
  7.314622000000e-06
  7.242388500000e-06
  7.170868000000e-06
  7.100053500000e-06
  7.029939000000e-06
  6.960517000000e-06
  6.891780000000e-06
  6.823722000000e-06
  6.756336000000e-06
  6.689615500000e-06
  6.623554000000e-06
  6.558144500000e-06
  6.493381500000e-06
  6.429258000000e-06
  6.365767500000e-06
  6.302904000000e-06
  6.240661000000e-06
  6.179033000000e-06
  6.118013500000e-06
  6.057596500000e-06
  5.997776500000e-06
  5.938547000000e-06
  5.879902500000e-06
  5.821837000000e-06
  5.764345000000e-06
  5.707421000000e-06
  5.651058500000e-06
  5.595253000000e-06
  5.539998500000e-06
  5.485289500000e-06
  5.431121000000e-06
  5.377487500000e-06
  5.324383500000e-06
  5.271804000000e-06
  5.219744000000e-06
  5.168197500000e-06
  5.117160000000e-06
  5.066627000000e-06
  5.016593000000e-06
  4.967053000000e-06
  4.918002000000e-06
  4.869435500000e-06
  4.821348500000e-06
  4.773736500000e-06
  4.726595000000e-06
  4.679918500000e-06
  4.633703000000e-06
  4.587944000000e-06
  4.542637000000e-06
  4.497777500000e-06
  4.453361000000e-06
  4.409383000000e-06
  4.365839000000e-06
  4.322725000000e-06
  4.280037000000e-06
  4.237771000000e-06
  4.195922000000e-06
  4.154486000000e-06
  4.113459500000e-06
  4.072838000000e-06
  4.032618000000e-06
  3.992795000000e-06
  3.953365000000e-06
  3.914324500000e-06
  3.875669500000e-06
  3.837396500000e-06
  3.799501500000e-06
  3.761980500000e-06
  3.724830000000e-06
  3.688046500000e-06
  3.651626000000e-06
  3.615565000000e-06
  3.579860500000e-06
  3.544508500000e-06
  3.509505500000e-06
  3.474848500000e-06
  3.440533500000e-06
  3.406557500000e-06
  3.372917000000e-06
  3.339608500000e-06
  3.306629000000e-06
  3.273975000000e-06
  3.241644000000e-06
  3.209632000000e-06
  3.177936000000e-06
  3.146553500000e-06
  3.115480500000e-06
  3.084714000000e-06
  3.054251500000e-06
  3.024090000000e-06
  2.994226500000e-06
  2.964658000000e-06
  2.935381500000e-06
  2.906394000000e-06
  2.877692500000e-06
  2.849274500000e-06
  2.821137000000e-06
  2.793277500000e-06
  2.765693500000e-06
  2.738381500000e-06
  2.711339000000e-06
  2.684564000000e-06
  2.658053500000e-06
  2.631804500000e-06
  2.605815000000e-06
  2.580082000000e-06
  2.554603000000e-06
  2.529376000000e-06
  2.504397500000e-06
  2.479665500000e-06
  2.455178500000e-06
  2.430933500000e-06
  2.406927500000e-06
  2.383158500000e-06
  2.359624000000e-06
  2.336322000000e-06
  2.313250500000e-06
  2.290406500000e-06
  2.267788000000e-06
  2.245393000000e-06
  2.223219000000e-06
  2.201264000000e-06
  2.179526000000e-06
  2.158003000000e-06
  2.136692500000e-06
  2.115592000000e-06
  2.094700000000e-06
  2.074014500000e-06
  2.053533000000e-06
  2.033253500000e-06
  2.013174500000e-06
  1.993294000000e-06
  1.973610000000e-06
  1.954120500000e-06
  1.934823000000e-06
  1.915716000000e-06
  1.896798000000e-06
  1.878066500000e-06
  1.859520000000e-06
  1.841157000000e-06
  1.822975000000e-06
  1.804972500000e-06
  1.787148000000e-06
  8.891400000000e-07
