1002
  7.600000000000e+00
  9.956571000000e-01
  9.825910000000e-01
  9.697404000000e-01
  9.570157500000e-01
  9.400145500000e-01
  9.276224000000e-01
  9.166221500000e-01
  9.045538500000e-01
  8.938134000000e-01
  8.820604500000e-01
  8.715736500000e-01
  8.601278500000e-01
  8.498886500000e-01
  8.387419500000e-01
  8.238348000000e-01
  8.129794000000e-01
  8.016274000000e-01
  7.910556500000e-01
  7.846598000000e-01
  7.743643500000e-01
  7.618800000000e-01
  7.518535500000e-01
  7.397682000000e-01
  7.300038000000e-01
  7.241067000000e-01
  7.145974500000e-01
  7.030867500000e-01
  6.938260000000e-01
  6.882093000000e-01
  6.791905500000e-01
  6.682271000000e-01
  6.594440500000e-01
  6.488309500000e-01
  6.402774000000e-01
  6.350987500000e-01
  6.267687000000e-01
  6.151150000000e-01
  6.070027000000e-01
  6.005824500000e-01
  5.926821000000e-01
  5.863972000000e-01
  5.787033000000e-01
  5.673221000000e-01
  5.598292500000e-01
  5.546962500000e-01
  5.473992000000e-01
  5.423601000000e-01
  5.352538000000e-01
  5.269775000000e-01
  5.200568500000e-01
  5.135229000000e-01
  5.067831000000e-01
  5.004119500000e-01
  4.938483000000e-01
  4.845881500000e-01
  4.781960000000e-01
  4.722145000000e-01
  4.659894000000e-01
  4.601570000000e-01
  4.540946000000e-01
  4.484076000000e-01
  4.425036000000e-01
  4.369583000000e-01
  4.312085500000e-01
  4.258014500000e-01
  4.202020000000e-01
  4.149297000000e-01
  4.094765500000e-01
  4.043357000000e-01
  3.990251000000e-01
  3.940123000000e-01
  3.888404500000e-01
  3.839526500000e-01
  3.789159500000e-01
  3.718117000000e-01
  3.669066000000e-01
  3.623177000000e-01
  3.575408000000e-01
  3.526061500000e-01
  3.479541000000e-01
  3.453114500000e-01
  3.407809500000e-01
  3.356150000000e-01
  3.312028500000e-01
  3.261921500000e-01
  3.218953500000e-01
  3.194467500000e-01
  3.152622500000e-01
  3.095761000000e-01
  3.055009000000e-01
  3.022947000000e-01
  2.983260500000e-01
  2.951867500000e-01
  2.913217500000e-01
  2.852383000000e-01
  2.814743500000e-01
  2.785275000000e-01
  2.748619000000e-01
  2.719765500000e-01
  2.684067000000e-01
  2.655816000000e-01
  2.621051000000e-01
  2.566305000000e-01
  2.532448000000e-01
  2.505929000000e-01
  2.472957000000e-01
  2.446991500000e-01
  2.414881000000e-01
  2.389457000000e-01
  2.358185500000e-01
  2.308918500000e-01
  2.278464500000e-01
  2.254599500000e-01
  2.224941000000e-01
  2.200387000000e-01
  2.171504000000e-01
  2.147488500000e-01
  2.119360000000e-01
  2.072897000000e-01
  2.045503500000e-01
  2.023033500000e-01
  1.996356000000e-01
  1.974378500000e-01
  1.948398000000e-01
  1.926903000000e-01
  1.901601500000e-01
  1.880577500000e-01
  1.855937000000e-01
  1.815262000000e-01
  1.791266000000e-01
  1.771595000000e-01
  1.748225500000e-01
  1.728986000000e-01
  1.706227500000e-01
  1.687410000000e-01
  1.665246000000e-01
  1.646841000000e-01
  1.625256000000e-01
  1.589648000000e-01
  1.568627500000e-01
  1.559351000000e-01
  1.538879500000e-01
  1.511703000000e-01
  1.491767000000e-01
  1.474180000000e-01
  1.454764500000e-01
  1.437590500000e-01
  1.418682500000e-01
  1.402822000000e-01
  1.384408000000e-01
  1.368900000000e-01
  1.350967500000e-01
  1.320977000000e-01
  1.303512500000e-01
  1.290809000000e-01
  1.273801500000e-01
  1.261346000000e-01
  1.244782500000e-01
  1.220593500000e-01
  1.204463000000e-01
  1.192720000000e-01
  1.177011500000e-01
  1.165497500000e-01
  1.150199000000e-01
  1.127839000000e-01
  1.112940500000e-01
  1.102085500000e-01
  1.087576000000e-01
  1.076932500000e-01
  1.062802500000e-01
  1.042133000000e-01
  1.028372000000e-01
  1.018338000000e-01
  1.004936700000e-01
  9.950979000000e-02
  9.820468500000e-02
  9.629401000000e-02
  9.502300500000e-02
  9.422685500000e-02
  9.298907000000e-02
  9.143645000000e-02
  9.023100500000e-02
  8.947410000000e-02
  8.830016000000e-02
  8.682406000000e-02
  8.568080000000e-02
  8.496119500000e-02
  8.384780500000e-02
  8.221513000000e-02
  8.113084000000e-02
  8.022630000000e-02
  7.917034000000e-02
  7.828589000000e-02
  7.725753000000e-02
  7.639272500000e-02
  7.539123500000e-02
  7.375578500000e-02
  7.278046500000e-02
  7.198927500000e-02
  7.103944500000e-02
  7.026544500000e-02
  6.934043500000e-02
  6.858323500000e-02
  6.768240000000e-02
  6.694165000000e-02
  6.606435500000e-02
  6.463076000000e-02
  6.377639000000e-02
  6.308285500000e-02
  6.225081000000e-02
  6.157233500000e-02
  6.076203500000e-02
  6.009829500000e-02
  5.930917000000e-02
  5.865984000000e-02
  5.789133500000e-02
  5.663468000000e-02
  5.588625500000e-02
  5.527832000000e-02
  5.454946000000e-02
  5.395472500000e-02
  5.324490500000e-02
  5.271827500000e-02
  5.202701000000e-02
  5.100460500000e-02
  5.033140000000e-02
  4.983521500000e-02
  4.917960500000e-02
  4.851450000000e-02
  4.787602000000e-02
  4.722879000000e-02
  4.660700000000e-02
  4.597716000000e-02
  4.537161500000e-02
  4.475871000000e-02
  4.416899000000e-02
  4.357255500000e-02
  4.299824500000e-02
  4.241783500000e-02
  4.185853000000e-02
  4.129372500000e-02
  4.074904000000e-02
  4.019941500000e-02
  3.966896500000e-02
  3.939971500000e-02
  3.888312000000e-02
  3.835550000000e-02
  3.785241000000e-02
  3.733897500000e-02
  3.684903500000e-02
  3.634939500000e-02
  3.587225000000e-02
  3.538604000000e-02
  3.492137000000e-02
  3.444822500000e-02
  3.399569500000e-02
  3.353527000000e-02
  3.309457000000e-02
  3.264652000000e-02
  3.221733000000e-02
  3.177191500000e-02
  3.135394500000e-02
  3.091161500000e-02
  3.050456500000e-02
  3.007464000000e-02
  2.967823000000e-02
  2.926036000000e-02
  2.887431000000e-02
  2.866978500000e-02
  2.829382000000e-02
  2.789340000000e-02
  2.752726000000e-02
  2.713806000000e-02
  2.678149000000e-02
  2.640320500000e-02
  2.605595000000e-02
  2.568827000000e-02
  2.535009000000e-02
  2.495121000000e-02
  2.462187000000e-02
  2.442713000000e-02
  2.410639500000e-02
  2.370559000000e-02
  2.339323500000e-02
  2.304837000000e-02
  2.274418000000e-02
  2.255037000000e-02
  2.225413000000e-02
  2.192380500000e-02
  2.163530500000e-02
  2.134971500000e-02
  2.106875500000e-02
  2.073391500000e-02
  2.046029500000e-02
  2.016722000000e-02
  1.990075000000e-02
  1.968978500000e-02
  1.943028000000e-02
  1.922377500000e-02
  1.897105000000e-02
  1.876892000000e-02
  1.852280000000e-02
  1.819294000000e-02
  1.795325500000e-02
  1.778872500000e-02
  1.755530000000e-02
  1.723518000000e-02
  1.700785500000e-02
  1.685216500000e-02
  1.663078000000e-02
  1.637561500000e-02
  1.616001500000e-02
  1.591262000000e-02
  1.570265500000e-02
  1.552840000000e-02
  1.532392500000e-02
  1.511735500000e-02
  1.491822000000e-02
  1.478787000000e-02
  1.459394000000e-02
  1.438998000000e-02
  1.420111500000e-02
  1.392979000000e-02
  1.374586500000e-02
  1.362621500000e-02
  1.344709500000e-02
  1.327986000000e-02
  1.310542000000e-02
  1.294311000000e-02
  1.277322500000e-02
  1.256316500000e-02
  1.239772500000e-02
  1.222519000000e-02
  1.206407000000e-02
  1.192482500000e-02
  1.176792000000e-02
  1.159415500000e-02
  1.144134500000e-02
  1.132926500000e-02
  1.118045000000e-02
  1.101592000000e-02
  1.087099500000e-02
  1.073523500000e-02
  1.059409500000e-02
  1.046565000000e-02
  1.032820000000e-02
  1.014702000000e-02
  1.001316100000e-02
  9.912741500000e-03
  9.782381000000e-03
  9.650890000000e-03
  9.523936000000e-03
  9.395956500000e-03
  9.272320000000e-03
  9.130854500000e-03
  9.010449000000e-03
  8.906701000000e-03
  8.789442000000e-03
  8.705598500000e-03
  8.591403500000e-03
  8.478782500000e-03
  8.367572000000e-03
  8.275241000000e-03
  8.166936500000e-03
  8.021501500000e-03
  7.916027500000e-03
  7.826254500000e-03
  7.723536500000e-03
  7.592655000000e-03
  7.492621500000e-03
  7.407819000000e-03
  7.310399000000e-03
  7.212065500000e-03
  7.117192000000e-03
  7.046874500000e-03
  6.954480000000e-03
  6.848625000000e-03
  6.758645000000e-03
  6.658596500000e-03
  6.570967500000e-03
  6.471697000000e-03
  6.386358500000e-03
  6.336783000000e-03
  6.253674500000e-03
  6.152155500000e-03
  6.071218500000e-03
  6.000679500000e-03
  5.921857500000e-03
  5.852946500000e-03
  5.776184500000e-03
  5.652309500000e-03
  5.577553500000e-03
  5.542315000000e-03
  5.469512500000e-03
  5.379656000000e-03
  5.308756000000e-03
  5.264032000000e-03
  5.194985000000e-03
  5.107774500000e-03
  5.040531500000e-03
  4.968588000000e-03
  4.903102500000e-03
  4.833201500000e-03
  4.769427000000e-03
  4.731130500000e-03
  4.669022500000e-03
  4.584821500000e-03
  4.524337000000e-03
  4.477358000000e-03
  4.418453500000e-03
  4.360715500000e-03
  4.303350500000e-03
  4.253348500000e-03
  4.197483000000e-03
  4.130855500000e-03
  4.076449500000e-03
  4.032508000000e-03
  3.979524000000e-03
  3.908794500000e-03
  3.857194500000e-03
  3.824502000000e-03
  3.774251000000e-03
  3.742860000000e-03
  3.693922000000e-03
  3.623851000000e-03
  3.576192000000e-03
  3.532951500000e-03
  3.486537500000e-03
  3.444336000000e-03
  3.399135500000e-03
  3.337726000000e-03
  3.293706000000e-03
  3.273729000000e-03
  3.230860000000e-03
  3.175554000000e-03
  3.133805000000e-03
  3.085886500000e-03
  3.045228500000e-03
  3.008165500000e-03
  2.968570000000e-03
  2.932220500000e-03
  2.893659500000e-03
  2.848198000000e-03
  2.810645000000e-03
  2.783556000000e-03
  2.746984000000e-03
  2.694355500000e-03
  2.658739500000e-03
  2.636616000000e-03
  2.601930500000e-03
  2.569432500000e-03
  2.535653500000e-03
  2.503962500000e-03
  2.471066500000e-03
  2.432736000000e-03
  2.400699500000e-03
  2.375804000000e-03
  2.344604500000e-03
  2.303849000000e-03
  2.273465000000e-03
  2.246866000000e-03
  2.217275500000e-03
  2.190704500000e-03
  2.161888000000e-03
  2.140160500000e-03
  2.112096500000e-03
  2.068047000000e-03
  2.040716500000e-03
  2.018396000000e-03
  1.991780000000e-03
  1.963443000000e-03
  1.937522500000e-03
  1.915814500000e-03
  1.890571000000e-03
  1.860996500000e-03
  1.836413000000e-03
  1.827648500000e-03
  1.803707000000e-03
  1.774129000000e-03
  1.750813500000e-03
  1.719021000000e-03
  1.696315000000e-03
  1.684565500000e-03
  1.662452500000e-03
  1.641878500000e-03
  1.620343500000e-03
  1.599023000000e-03
  1.578050500000e-03
  1.546348000000e-03
  1.525923500000e-03
  1.520041500000e-03
  1.500151000000e-03
  1.469780500000e-03
  1.450410000000e-03
  1.433383500000e-03
  1.414519000000e-03
  1.396496500000e-03
  1.378125000000e-03
  1.363035500000e-03
  1.345144000000e-03
  1.326602000000e-03
  1.309178000000e-03
  1.290203500000e-03
  1.273235000000e-03
  1.258972500000e-03
  1.242447000000e-03
  1.223708000000e-03
  1.207615000000e-03
  1.190716500000e-03
  1.175043500000e-03
  1.161278500000e-03
  1.146015000000e-03
  1.133574500000e-03
  1.118710500000e-03
  1.102267500000e-03
  1.087791500000e-03
  1.075366500000e-03
  1.061269000000e-03
  1.045355500000e-03
  1.031626000000e-03
  1.014181500000e-03
  1.000811150000e-03
  9.918159500000e-04
  9.787948500000e-04
  9.616105000000e-04
  9.489297500000e-04
  9.373632000000e-04
  9.250137500000e-04
  9.153278500000e-04
  9.033011500000e-04
  8.928842000000e-04
  8.811718000000e-04
  8.688790500000e-04
  8.574727000000e-04
  8.450125000000e-04
  8.339042500000e-04
  8.230842000000e-04
  8.122662000000e-04
  8.008209000000e-04
  7.902856500000e-04
  7.814521000000e-04
  7.711921000000e-04
  7.606545500000e-04
  7.506627000000e-04
  7.361765500000e-04
  7.264458000000e-04
  7.192600000000e-04
  7.097835500000e-04
  7.017427500000e-04
  6.925139000000e-04
  6.834875500000e-04
  6.744999000000e-04
  6.676401000000e-04
  6.588873500000e-04
  6.447903500000e-04
  6.362662500000e-04
  6.310131000000e-04
  6.227118000000e-04
  6.127744500000e-04
  6.046901000000e-04
  5.988032000000e-04
  5.909301000000e-04
  5.824911500000e-04
  5.748237500000e-04
  5.671001000000e-04
  5.596331000000e-04
  5.522858500000e-04
  5.450140000000e-04
  5.383632500000e-04
  5.312814000000e-04
  5.236724500000e-04
  5.167756500000e-04
  5.096103000000e-04
  5.028937500000e-04
  4.971145500000e-04
  4.905735500000e-04
  4.830732000000e-04
  4.767031000000e-04
  4.695919500000e-04
  4.633883000000e-04
  4.615322500000e-04
  4.554907500000e-04
  4.480997500000e-04
  4.422161000000e-04
  4.376015000000e-04
  4.318716000000e-04
  4.237079000000e-04
  4.181277500000e-04
  4.125966000000e-04
  4.071622500000e-04
  4.006746500000e-04
  3.953823500000e-04
  3.930591000000e-04
  3.879050500000e-04
  3.821900000000e-04
  3.771707000000e-04
  3.714989500000e-04
  3.666107500000e-04
  3.607998500000e-04
  3.560394500000e-04
  3.524799000000e-04
  3.478438500000e-04
  3.432713000000e-04
  3.387564000000e-04
  3.348102000000e-04
  3.304133000000e-04
  3.246518000000e-04
  3.203698000000e-04
  3.171163500000e-04
  3.129463000000e-04
  3.100437500000e-04
  3.059826000000e-04
  3.022276000000e-04
  2.982726000000e-04
  2.922699500000e-04
  2.884183000000e-04
  2.839747000000e-04
  2.802237000000e-04
  2.770478500000e-04
  2.733949000000e-04
  2.707297000000e-04
  2.671722000000e-04
  2.625933500000e-04
  2.591288000000e-04
  2.559237000000e-04
  2.525497000000e-04
  2.502332000000e-04
  2.469473500000e-04
  2.422094000000e-04
  2.390094000000e-04
  2.362823000000e-04
  2.331659500000e-04
  2.314079000000e-04
  2.283730000000e-04
  2.243501000000e-04
  2.213945000000e-04
  2.198494500000e-04
  2.169711000000e-04
  2.127796500000e-04
  2.099765000000e-04
  2.069373000000e-04
  2.042074000000e-04
  2.018854000000e-04
  1.992268000000e-04
  1.971595500000e-04
  1.945705000000e-04
  1.919260000000e-04
  1.894045500000e-04
  1.866548500000e-04
  1.841993000000e-04
  1.819502500000e-04
  1.795589000000e-04
  1.779279000000e-04
  1.755990500000e-04
  1.722606500000e-04
  1.699926000000e-04
  1.678532000000e-04
  1.656444500000e-04
  1.630463000000e-04
  1.608953000000e-04
  1.587002000000e-04
  1.566053500000e-04
  1.549442000000e-04
  1.529041500000e-04
  1.510034500000e-04
  1.490167000000e-04
  1.470745000000e-04
  1.451396500000e-04
  1.438274000000e-04
  1.419431000000e-04
  1.393423500000e-04
  1.375073000000e-04
  1.359317000000e-04
  1.341446000000e-04
  1.318689500000e-04
  1.301286000000e-04
  1.287688000000e-04
  1.270738500000e-04
  1.253783000000e-04
  1.237277000000e-04
  1.227656500000e-04
  1.211581500000e-04
  1.193628500000e-04
  1.177974000000e-04
  1.164135000000e-04
  1.148889500000e-04
  1.132647000000e-04
  1.117799500000e-04
  1.099560000000e-04
  1.085101000000e-04
  1.070569500000e-04
  1.056488000000e-04
  1.041968500000e-04
  1.028255000000e-04
  1.012702500000e-04
  9.993473000000e-05
  9.862783000000e-05
  9.732722500000e-05
  9.683054500000e-05
  9.556392500000e-05
  9.398829500000e-05
  9.275477500000e-05
  9.127914500000e-05
  9.007786000000e-05
  8.913413500000e-05
  8.796424000000e-05
  8.673275000000e-05
  8.559343000000e-05
  8.425918500000e-05
  8.314963500000e-05
  8.242493000000e-05
  8.134437500000e-05
  8.014866000000e-05
  7.909634500000e-05
  7.782835500000e-05
  7.680354000000e-05
  7.606531000000e-05
  7.506727000000e-05
  7.366459500000e-05
  7.269264000000e-05
  7.184895500000e-05
  7.090240000000e-05
  7.033563500000e-05
  6.941381500000e-05
  6.850845500000e-05
  6.761072500000e-05
  6.652971000000e-05
  6.565544000000e-05
  6.449244500000e-05
  6.364102000000e-05
  6.327297500000e-05
  6.244379500000e-05
  6.154095000000e-05
  6.073344500000e-05
  5.963505000000e-05
  5.884864500000e-05
  5.815571000000e-05
  5.738985500000e-05
  5.683312000000e-05
  5.608728000000e-05
  5.534830000000e-05
  5.462195000000e-05
  5.397034500000e-05
  5.326297500000e-05
  5.262733000000e-05
  5.193844500000e-05
  5.102857000000e-05
  5.035769000000e-05
  4.965273500000e-05
  4.899938000000e-05
  4.822852000000e-05
  4.759224500000e-05
  4.716166000000e-05
  4.654201000000e-05
  4.607386000000e-05
  4.547040500000e-05
  4.481539000000e-05
  4.422770000000e-05
  4.350033000000e-05
  4.292800000000e-05
  4.245913500000e-05
  4.190176500000e-05
  4.127536500000e-05
  4.073255500000e-05
  4.004051500000e-05
  3.951189000000e-05
  3.925180000000e-05
  3.873699000000e-05
  3.818952500000e-05
  3.768817000000e-05
  3.707182500000e-05
  3.658357000000e-05
  3.601226500000e-05
  3.553677000000e-05
  3.519664000000e-05
  3.473357000000e-05
  3.431697500000e-05
  3.386601000000e-05
  3.347277500000e-05
  3.303359000000e-05
  3.251786500000e-05
  3.209015500000e-05
  3.182827000000e-05
  3.141174000000e-05
  3.092842000000e-05
  3.052277500000e-05
  2.995015500000e-05
  2.955511000000e-05
  2.919214000000e-05
  2.880742000000e-05
  2.834376500000e-05
  2.796910000000e-05
  2.778625500000e-05
  2.742137500000e-05
  2.691541000000e-05
  2.656007000000e-05
  2.628586000000e-05
  2.593980500000e-05
  2.556401500000e-05
  2.522700000000e-05
  2.488906500000e-05
  2.456086000000e-05
  2.434347500000e-05
  2.402384500000e-05
  2.356565000000e-05
  2.325437500000e-05
  2.305992000000e-05
  2.275677500000e-05
  2.252712000000e-05
  2.223190000000e-05
  2.175731500000e-05
  2.146981000000e-05
  2.134519500000e-05
  2.106520500000e-05
  2.068291500000e-05
  2.041024000000e-05
  2.029506000000e-05
  2.002951000000e-05
  1.965514500000e-05
  1.939653000000e-05
  1.920783000000e-05
  1.895598000000e-05
  1.871150500000e-05
  1.846623500000e-05
  1.813427000000e-05
  1.789540500000e-05
  1.774232000000e-05
  1.750970000000e-05
  1.716173000000e-05
  1.693519000000e-05
  1.675162000000e-05
  1.653100000000e-05
  1.633431500000e-05
  1.611946000000e-05
  1.597255000000e-05
  1.576331000000e-05
  1.547403000000e-05
  1.527025500000e-05
  1.512789000000e-05
  1.492944500000e-05
  1.473031500000e-05
  1.453705000000e-05
  1.429674500000e-05
  1.410853500000e-05
  1.388905500000e-05
  1.370576000000e-05
  1.360476500000e-05
  1.342626500000e-05
  1.324768500000e-05
  1.307384500000e-05
  1.280247000000e-05
  1.263317500000e-05
  1.255742500000e-05
  1.239255500000e-05
  1.225186000000e-05
  1.209129500000e-05
  1.187927500000e-05
  1.172290500000e-05
  1.157833500000e-05
  1.142605500000e-05
  1.130636500000e-05
  1.115806500000e-05
  1.097982500000e-05
  1.083540000000e-05
  1.065733000000e-05
  1.051667500000e-05
  1.038779500000e-05
  1.025082000000e-05
  1.015491500000e-05
  1.002151700000e-05
  9.880359000000e-06
  9.750447500000e-06
  9.599210500000e-06
  9.472694500000e-06
  9.406399000000e-06
  9.283189000000e-06
  9.096610500000e-06
  8.976620000000e-06
  8.893882500000e-06
  8.777027500000e-06
  8.659693000000e-06
  8.545892000000e-06
  8.433397500000e-06
  8.322570500000e-06
  8.223863000000e-06
  8.115932000000e-06
  7.983862000000e-06
  7.878751500000e-06
  7.770497500000e-06
  7.668133500000e-06
  7.552918500000e-06
  7.453230000000e-06
  7.353898500000e-06
  7.256814500000e-06
  7.210466500000e-06
  7.115920000000e-06
  7.020496000000e-06
  6.928420000000e-06
  6.846230500000e-06
  6.756560500000e-06
  6.615701500000e-06
  6.528375000000e-06
  6.489631500000e-06
  6.404587000000e-06
  6.315174000000e-06
  6.232352000000e-06
  6.117571500000e-06
  6.036913500000e-06
  5.985191000000e-06
  5.906641000000e-06
  5.837402500000e-06
  5.760905000000e-06
  5.660880000000e-06
  5.586382000000e-06
  5.518344000000e-06
  5.445792500000e-06
  5.360449000000e-06
  5.289793500000e-06
  5.226775000000e-06
  5.157965500000e-06
  5.083306500000e-06
  5.016295500000e-06
  4.954723500000e-06
  4.889464000000e-06
  4.828207000000e-06
  4.764652500000e-06
  4.711858000000e-06
  4.649964000000e-06
  4.581628000000e-06
  4.521352000000e-06
  4.473441000000e-06
  4.414739500000e-06
  4.354825000000e-06
  4.297658000000e-06
  4.226347000000e-06
  4.170674000000e-06
  4.106431500000e-06
  4.052213000000e-06
  4.010444000000e-06
  3.957642500000e-06
  3.907766000000e-06
  3.856344500000e-06
  3.804675500000e-06
  3.754597500000e-06
  3.703263500000e-06
  3.654494000000e-06
  3.597141500000e-06
  3.549647000000e-06
  3.516298500000e-06
  3.470044500000e-06
  3.426511000000e-06
  3.381466000000e-06
  3.329423000000e-06
  3.285555500000e-06
  3.250264000000e-06
  3.207542500000e-06
  3.176244000000e-06
  3.134638500000e-06
  3.078762500000e-06
  3.038245000000e-06
  2.997139000000e-06
  2.957680000000e-06
  2.927195500000e-06
  2.888767500000e-06
  2.834424000000e-06
  2.797000500000e-06
  2.767446500000e-06
  2.731000500000e-06
  2.710082000000e-06
  2.674589000000e-06
  2.615119000000e-06
  2.580553000000e-06
  2.563739500000e-06
  2.530077000000e-06
  2.497716000000e-06
  2.464933000000e-06
  2.423058500000e-06
  2.391132500000e-06
  2.361514500000e-06
  2.330422500000e-06
  2.301954000000e-06
  2.271675000000e-06
  2.243898500000e-06
  2.214410500000e-06
  2.179483500000e-06
  2.150766000000e-06
  2.119270000000e-06
  2.091303000000e-06
  2.074475500000e-06
  2.047239000000e-06
  2.017397000000e-06
  1.990872500000e-06
  1.970512500000e-06
  1.944681500000e-06
  1.913950000000e-06
  1.888793500000e-06
  1.859699500000e-06
  1.835200500000e-06
  1.815221000000e-06
  1.791362500000e-06
  8.891400000000e-07
