1002
  2.073409865971e+03
  1.382264008733e+03
  1.373151606749e+03
  1.364155807839e+03
  1.355163182338e+03
  1.343072398989e+03
  1.334202832421e+03
  1.326259950677e+03
  1.317506402689e+03
  1.309659238160e+03
  1.301018484799e+03
  1.293266054184e+03
  1.284738352099e+03
  1.277078515640e+03
  1.268662662091e+03
  1.257341617706e+03
  1.249038699464e+03
  1.240276772855e+03
  1.232083491628e+03
  1.227092014786e+03
  1.219005039015e+03
  1.209142892835e+03
  1.201163101828e+03
  1.191460117639e+03
  1.183585319606e+03
  1.178792515201e+03
  1.171020233579e+03
  1.161550860040e+03
  1.153881907936e+03
  1.149204428758e+03
  1.141636293031e+03
  1.132394203183e+03
  1.124925192475e+03
  1.115833172092e+03
  1.108461397700e+03
  1.103970263457e+03
  1.096696738457e+03
  1.086453446556e+03
  1.079274781000e+03
  1.073548246788e+03
  1.066464400906e+03
  1.060797595902e+03
  1.053808162333e+03
  1.043389890282e+03
  1.036489824997e+03
  1.031722578272e+03
  1.024914441831e+03
  1.020189852426e+03
  1.013473625109e+03
  1.005616354552e+03
  9.989869425461e+02
  9.926967301562e+02
  9.861553442258e+02
  9.799425361697e+02
  9.734871347939e+02
  9.643173448545e+02
  9.579433910058e+02
  9.519276342967e+02
  9.456372081764e+02
  9.396967646649e+02
  9.334897862215e+02
  9.276231326946e+02
  9.214984490936e+02
  9.157047950882e+02
  9.096606874670e+02
  9.039392596606e+02
  8.979756037988e+02
  8.923256972627e+02
  8.864407199107e+02
  8.808609182270e+02
  8.750544721409e+02
  8.695440458841e+02
  8.638137639202e+02
  8.583720459126e+02
  8.527184664711e+02
  8.446866103664e+02
  8.391021606881e+02
  8.338329382355e+02
  8.283226714400e+02
  8.225814536440e+02
  8.171429675282e+02
  8.140332825648e+02
  8.086715085000e+02
  8.025218446446e+02
  7.972281970047e+02
  7.911736665757e+02
  7.859484983668e+02
  7.829547128238e+02
  7.778027410690e+02
  7.707603818771e+02
  7.656715619435e+02
  7.616436269470e+02
  7.566248177480e+02
  7.526374297131e+02
  7.476870301722e+02
  7.398408430257e+02
  7.349477194940e+02
  7.310882101791e+02
  7.262622983442e+02
  7.224409973381e+02
  7.176813423257e+02
  7.138981695651e+02
  7.092037627515e+02
  7.017602850899e+02
  6.971196410670e+02
  6.934581646800e+02
  6.888817245190e+02
  6.852562995612e+02
  6.807426084968e+02
  6.771535077576e+02
  6.727012453045e+02
  6.656393632494e+02
  6.612387686863e+02
  6.577653474744e+02
  6.534243684163e+02
  6.498097446569e+02
  6.455290004416e+02
  6.419519447613e+02
  6.377294789814e+02
  6.306995530232e+02
  6.265236271458e+02
  6.230696296383e+02
  6.189508848178e+02
  6.155326918456e+02
  6.114700780175e+02
  6.080882825343e+02
  6.040810080934e+02
  6.007347766324e+02
  5.967825838648e+02
  5.902055390790e+02
  5.862967212528e+02
  5.830652205094e+02
  5.792095331744e+02
  5.760123058086e+02
  5.722093920161e+02
  5.690454092546e+02
  5.652946400458e+02
  5.621638093928e+02
  5.584645352682e+02
  5.523113401117e+02
  5.486520246926e+02
  5.470265531822e+02
  5.434230027686e+02
  5.386021951225e+02
  5.350414877997e+02
  5.318767003433e+02
  5.283636319335e+02
  5.252354572124e+02
  5.217698014248e+02
  5.188457756874e+02
  5.154275187783e+02
  5.125345392619e+02
  5.091631547138e+02
  5.034792936588e+02
  5.001440268605e+02
  4.976988891858e+02
  4.944104479193e+02
  4.919872689403e+02
  4.887454149571e+02
  4.839715869961e+02
  4.807662443926e+02
  4.784149322501e+02
  4.752551468271e+02
  4.729248664312e+02
  4.698093818343e+02
  4.652197093121e+02
  4.621398537740e+02
  4.598790147986e+02
  4.568421455465e+02
  4.546018665043e+02
  4.516081540562e+02
  4.471943918246e+02
  4.442345641089e+02
  4.420610477466e+02
  4.391429190871e+02
  4.369882705999e+02
  4.341117955976e+02
  4.298677175691e+02
  4.270232292302e+02
  4.252300958344e+02
  4.224273226874e+02
  4.188853628050e+02
  4.161165121496e+02
  4.143674389053e+02
  4.116388016281e+02
  4.081840423204e+02
  4.054883372955e+02
  4.037824692364e+02
  4.011261762896e+02
  3.972019380114e+02
  3.945755242954e+02
  3.923690407723e+02
  3.897784410474e+02
  3.875951116076e+02
  3.850405582472e+02
  3.828803507005e+02
  3.803607569635e+02
  3.762116837805e+02
  3.737187438088e+02
  3.716800607771e+02
  3.692214102387e+02
  3.672037086232e+02
  3.647789861997e+02
  3.627819126162e+02
  3.603907652539e+02
  3.584142239912e+02
  3.560556690670e+02
  3.521709828867e+02
  3.498383643418e+02
  3.479295318183e+02
  3.456283644052e+02
  3.437388966165e+02
  3.414699854864e+02
  3.396001955238e+02
  3.373625602708e+02
  3.355118115256e+02
  3.333050024081e+02
  3.296669204188e+02
  3.274836285245e+02
  3.256958222369e+02
  3.235429472370e+02
  3.217741250865e+02
  3.196507857421e+02
  3.180663600931e+02
  3.159730352732e+02
  3.128527471879e+02
  3.107824568017e+02
  3.092458194248e+02
  3.072054257833e+02
  3.051208633850e+02
  3.031066454283e+02
  3.010505906352e+02
  2.990627392763e+02
  2.970346974064e+02
  2.950726257119e+02
  2.930721488415e+02
  2.911355680056e+02
  2.891622768699e+02
  2.872511654203e+02
  2.853050039454e+02
  2.834187010145e+02
  2.814990441255e+02
  2.796373208685e+02
  2.777440709093e+02
  2.759066888974e+02
  2.749684826568e+02
  2.731593362993e+02
  2.713007599752e+02
  2.695144558087e+02
  2.676813448984e+02
  2.659186616353e+02
  2.641103972281e+02
  2.623704195346e+02
  2.605869307144e+02
  2.588698443948e+02
  2.571107661479e+02
  2.554160078131e+02
  2.536807501631e+02
  2.520081841866e+02
  2.502964741619e+02
  2.486455647667e+02
  2.469208396410e+02
  2.452914540553e+02
  2.435549346612e+02
  2.419464460863e+02
  2.402348728305e+02
  2.386470207780e+02
  2.369602295343e+02
  2.353926979976e+02
  2.345575292293e+02
  2.330136807339e+02
  2.313596803868e+02
  2.298356779559e+02
  2.282055389563e+02
  2.267010588584e+02
  2.250944600065e+02
  2.236093750677e+02
  2.220258875757e+02
  2.205598754856e+02
  2.188171114089e+02
  2.173690846069e+02
  2.165076310498e+02
  2.150810314219e+02
  2.132855305403e+02
  2.118760867897e+02
  2.103077744555e+02
  2.089163635049e+02
  2.080240416917e+02
  2.066525307739e+02
  2.051133082868e+02
  2.037594361621e+02
  2.024100532113e+02
  2.010738935113e+02
  1.994690572866e+02
  1.981495024851e+02
  1.967242205001e+02
  1.954211634314e+02
  1.943820315432e+02
  1.930973131661e+02
  1.920680592942e+02
  1.908013910435e+02
  1.897824743541e+02
  1.885334423414e+02
  1.868474356896e+02
  1.856128857478e+02
  1.847606048820e+02
  1.835438493840e+02
  1.818623321365e+02
  1.806596271649e+02
  1.798308091211e+02
  1.786455264276e+02
  1.772697294373e+02
  1.760991812287e+02
  1.747454366577e+02
  1.735894662930e+02
  1.726231425243e+02
  1.714831162960e+02
  1.703230737886e+02
  1.691979833990e+02
  1.684570221872e+02
  1.673481936252e+02
  1.661754132288e+02
  1.650808357347e+02
  1.634959919227e+02
  1.624139560093e+02
  1.617051994856e+02
  1.606386305412e+02
  1.596367467689e+02
  1.585846879349e+02
  1.575999007684e+02
  1.565617808267e+02
  1.552692975924e+02
  1.542438790283e+02
  1.531663149922e+02
  1.521541257570e+02
  1.512730990569e+02
  1.502746111927e+02
  1.491609233066e+02
  1.481750071674e+02
  1.474474056738e+02
  1.464756056389e+02
  1.453939862980e+02
  1.444344780948e+02
  1.435297720042e+02
  1.425829984391e+02
  1.417162666187e+02
  1.407822785506e+02
  1.395417959344e+02
  1.386189704245e+02
  1.379218135500e+02
  1.370119427869e+02
  1.360879290527e+02
  1.351899174565e+02
  1.342785044762e+02
  1.333922270401e+02
  1.323704594367e+02
  1.314952970048e+02
  1.307356796224e+02
  1.298723982332e+02
  1.292517306252e+02
  1.284006529489e+02
  1.275566644349e+02
  1.267169202226e+02
  1.260166330860e+02
  1.251883405939e+02
  1.240692219599e+02
  1.232507485659e+02
  1.225500963626e+02
  1.217428331244e+02
  1.207069923928e+02
  1.199095386352e+02
  1.192287964429e+02
  1.184421562473e+02
  1.176429714158e+02
  1.168665708135e+02
  1.162879787810e+02
  1.155227421130e+02
  1.146404212744e+02
  1.138847585015e+02
  1.130387440278e+02
  1.122925687616e+02
  1.114409039290e+02
  1.107040000798e+02
  1.102734258533e+02
  1.095475711119e+02
  1.086549836229e+02
  1.079378996518e+02
  1.073091418599e+02
  1.066019110633e+02
  1.059800902430e+02
  1.052823929603e+02
  1.041470981648e+02
  1.034567686950e+02
  1.031293253628e+02
  1.024495143624e+02
  1.016043923023e+02
  1.009329758358e+02
  1.005069785278e+02
  9.984524781955e+01
  9.900364310901e+01
  9.835007907346e+01
  9.764547466930e+01
  9.700016516507e+01
  9.630580756821e+01
  9.566870277168e+01
  9.528383340105e+01
  9.465609737250e+01
  9.379860640794e+01
  9.317823505514e+01
  9.269309594014e+01
  9.208129243009e+01
  9.147759094291e+01
  9.087398225742e+01
  9.034459664158e+01
  8.974913068946e+01
  8.903396287380e+01
  8.844587956821e+01
  8.796784763269e+01
  8.738792016006e+01
  8.660761800358e+01
  8.603446426479e+01
  8.566910138253e+01
  8.510422164439e+01
  8.474985808285e+01
  8.419331464776e+01
  8.339137090051e+01
  8.284126173789e+01
  8.233895864207e+01
  8.179618397587e+01
  8.129982681215e+01
  8.076435904091e+01
  8.003138760402e+01
  7.950213595681e+01
  7.926084139066e+01
  7.873967136018e+01
  7.806316063225e+01
  7.754818444599e+01
  7.695303287177e+01
  7.644458232768e+01
  7.597785519834e+01
  7.547614456725e+01
  7.501257356933e+01
  7.451770397472e+01
  7.392993923445e+01
  7.344122714695e+01
  7.308637394298e+01
  7.260450930875e+01
  7.190545870290e+01
  7.142912859312e+01
  7.113109211638e+01
  7.066173509462e+01
  7.021900582442e+01
  6.975587536299e+01
  6.931866659617e+01
  6.886174970820e+01
  6.832556759516e+01
  6.787432933852e+01
  6.752152970742e+01
  6.707658787764e+01
  6.649094971910e+01
  6.605124612254e+01
  6.558960871182e+01
  6.534120908319e+01
  6.465517350137e+01
  6.460155837896e+01
  6.385830764159e+01
  6.374914841514e+01
  6.294737134417e+01
  6.289364325291e+01
  6.216670369788e+01
  6.198506319441e+01
  6.129810160504e+01
  6.128533403539e+01
  6.047728428856e+01
  6.051035485145e+01
  5.970952379729e+01
  5.961388369090e+01
  5.891126562699e+01
  5.890779143821e+01
  5.813334109866e+01
  5.813391144479e+01
  5.738281538529e+01
  5.730325565829e+01
  5.665910054897e+01
  5.659009542955e+01
  5.592418030954e+01
  5.584753183944e+01
  5.517228587681e+01
  5.511989644651e+01
  5.442503134875e+01
  5.433983339207e+01
  5.378574557034e+01
  5.368244759613e+01
  5.304257058141e+01
  5.288328495588e+01
  5.232207869473e+01
  5.225301507990e+01
  5.163580680481e+01
  5.156816386432e+01
  5.098801231180e+01
  5.089038373161e+01
  5.030776595234e+01
  5.021992312678e+01
  4.962052871656e+01
  4.956725728440e+01
  4.900745165598e+01
  4.890626437975e+01
  4.830477683489e+01
  4.829107869640e+01
  4.774200175632e+01
  4.756177372298e+01
  4.712622301957e+01
  4.695202902027e+01
  4.642657064891e+01
  4.641370672435e+01
  4.580759530009e+01
  4.580677313065e+01
  4.527062407712e+01
  4.517930639076e+01
  4.462713038691e+01
  4.459784574805e+01
  4.403831019683e+01
  4.398855562120e+01
  4.349700278380e+01
  4.341316042683e+01
  4.289400430475e+01
  4.282111748159e+01
  4.232128882038e+01
  4.228647653550e+01
  4.183610825437e+01
  4.168959145808e+01
  4.115885825428e+01
  4.122168375339e+01
  4.071926002057e+01
  4.062827706686e+01
  4.020058893893e+01
  4.006189770235e+01
  3.964004335290e+01
  3.956442869347e+01
  3.910716549106e+01
  3.904544633424e+01
  3.857586509580e+01
  3.855642451060e+01
  3.809696303647e+01
  3.802862278562e+01
  3.756262074924e+01
  3.750643457499e+01
  3.710989532487e+01
  3.697865653162e+01
  3.660165152975e+01
  3.654769014513e+01
  3.614927069756e+01
  3.604044758488e+01
  3.565162571795e+01
  3.560733035431e+01
  3.516066921079e+01
  3.506510736112e+01
  3.474931037929e+01
  3.462132097343e+01
  3.426191255433e+01
  3.414698486030e+01
  3.381405615478e+01
  3.375162658222e+01
  3.337568459739e+01
  3.328719277429e+01
  3.292685890771e+01
  3.285862302803e+01
  3.251145333249e+01
  3.240152147356e+01
  3.209196290471e+01
  3.198289685269e+01
  3.161472688418e+01
  3.162175401394e+01
  3.121424745419e+01
  3.117719125872e+01
  3.081248461241e+01
  3.076696141226e+01
  3.040450135982e+01
  3.034394530189e+01
  2.999979429951e+01
  2.991866456953e+01
  2.966267072861e+01
  2.958070628094e+01
  2.923507558173e+01
  2.918386849328e+01
  2.886573536182e+01
  2.880985267599e+01
  2.846101562877e+01
  2.840782140850e+01
  2.806212512494e+01
  2.807158234683e+01
  2.770324778659e+01
  2.766565638100e+01
  2.733463363274e+01
  2.733156321068e+01
  2.703193982061e+01
  2.693512526709e+01
  2.661549329469e+01
  2.662119885095e+01
  2.629059484926e+01
  2.620303035084e+01
  2.592922826813e+01
  2.591581044249e+01
  2.559708983614e+01
  2.556593326123e+01
  2.527461235031e+01
  2.522655591730e+01
  2.493883948174e+01
  2.484816860762e+01
  2.459010781617e+01
  2.458098015138e+01
  2.426887054545e+01
  2.426045018384e+01
  2.393636947031e+01
  2.394382870836e+01
  2.366745893393e+01
  2.355420997543e+01
  2.334395094035e+01
  2.318941134375e+01
  2.303537757389e+01
  2.295486844185e+01
  2.270342015694e+01
  2.271140461774e+01
  2.241127737744e+01
  2.240358672462e+01
  2.212840317145e+01
  2.208473802934e+01
  2.186815611514e+01
  2.179651146884e+01
  2.154083850101e+01
  2.151404210771e+01
  2.128916256744e+01
  2.116414210198e+01
  2.099670768674e+01
  2.096470368018e+01
  2.070294792100e+01
  2.068958514492e+01
  2.047010677388e+01
  2.041766685790e+01
  2.015853847001e+01
  2.015466376654e+01
  1.990377930326e+01
  1.986008475644e+01
  1.966285494508e+01
  1.958236634326e+01
  1.940173615782e+01
  1.935371456134e+01
  1.914421422797e+01
  1.909823658129e+01
  1.887289148937e+01
  1.885835756911e+01
  1.864691705882e+01
  1.859417400593e+01
  1.845818418351e+01
  1.835980747222e+01
  1.816333701240e+01
  1.808660902322e+01
  1.789408466079e+01
  1.789125950257e+01
  1.766364844142e+01
  1.764027121195e+01
  1.745113290137e+01
  1.733564336560e+01
  1.722928577113e+01
  1.714939033234e+01
  1.698726692292e+01
  1.695026586589e+01
  1.673876185705e+01
  1.675521730141e+01
  1.650990239181e+01
  1.653059062297e+01
  1.630506514481e+01
  1.631495663870e+01
  1.609841642372e+01
  1.609104989269e+01
  1.590019449781e+01
  1.582656621050e+01
  1.568448948180e+01
  1.566049073434e+01
  1.551126125323e+01
  1.540883570375e+01
  1.529569796258e+01
  1.525823768994e+01
  1.507625494369e+01
  1.505845906419e+01
  1.491645443038e+01
  1.485458292030e+01
  1.469121654583e+01
  1.466292937885e+01
  1.448576644754e+01
  1.446858729319e+01
  1.429641964299e+01
  1.427642325483e+01
  1.411509313446e+01
  1.407837330763e+01
  1.391846140446e+01
  1.390074883021e+01
  1.373388248965e+01
  1.372162043007e+01
  1.363148852038e+01
  1.354194427652e+01
  1.338563574338e+01
  1.336415195387e+01
  1.319380884036e+01
  1.319769262619e+01
  1.305271117834e+01
  1.300589528453e+01
  1.287365005726e+01
  1.283499202606e+01
  1.268694253856e+01
  1.267405138714e+01
  1.254468217796e+01
  1.250480364315e+01
  1.239122229640e+01
  1.232630168816e+01
  1.222093805641e+01
  1.214021560537e+01
  1.208173924852e+01
  1.200218391739e+01
  1.187454824766e+01
  1.185434497049e+01
  1.172014863492e+01
  1.170162404258e+01
  1.161780758959e+01
  1.154137218375e+01
  1.146591624538e+01
  1.139048946999e+01
  1.125743045613e+01
  1.125690952859e+01
  1.110968271561e+01
  1.110684238136e+01
  1.101909068480e+01
  1.094660312674e+01
  1.086722994417e+01
  1.079566187123e+01
  1.067935773061e+01
  1.066969633887e+01
  1.055488179183e+01
  1.050802568315e+01
  1.042189065148e+01
  1.038523510355e+01
  1.028039679453e+01
  1.025087989204e+01
  1.012602137380e+01
  1.012568160776e+01
  1.004945739965e+01
  9.983407576608e+00
  9.879609566008e+00
  9.844658087020e+00
  9.746690076918e+00
  9.713805745530e+00
  9.620259496880e+00
  9.556638853662e+00
  9.487999104333e+00
  9.469158639599e+00
  9.402950269677e+00
  9.341115104957e+00
  9.252491233265e+00
  9.220697178308e+00
  9.109192729408e+00
  9.106883467500e+00
  9.026566086650e+00
  8.967089883419e+00
  8.878411154526e+00
  8.861972125553e+00
  8.765655460653e+00
  8.707653592125e+00
  8.678928256507e+00
  8.621797544711e+00
  8.560677218842e+00
  8.504290839943e+00
  8.434469237314e+00
  8.378739117065e+00
  8.313035671236e+00
  8.258013369724e+00
  8.210382850152e+00
  8.173060320071e+00
  8.104367725928e+00
  8.069846132244e+00
  8.014612241038e+00
  7.961840490895e+00
  7.899455727500e+00
  7.847328651617e+00
  7.815271979280e+00
  7.763908848605e+00
  7.694722651417e+00
  7.657036974750e+00
  7.576875526062e+00
  7.541944524473e+00
  7.480315549631e+00
  7.443282594946e+00
  7.375017423479e+00
  7.326157606163e+00
  7.302164288473e+00
  7.254040863463e+00
  7.186788957068e+00
  7.139226336320e+00
  7.086353808102e+00
  7.076955522042e+00
  6.997489300839e+00
  6.971679989156e+00
  6.893352257883e+00
  6.906450918521e+00
  6.824452559477e+00
  6.795953192636e+00
  6.719856571381e+00
  6.703546713758e+00
  6.635563568367e+00
  6.622742584794e+00
  6.574915906826e+00
  6.531653043816e+00
  6.461555360991e+00
  6.418757148891e+00
  6.400094209387e+00
  6.357966213768e+00
  6.300010269017e+00
  6.258366653920e+00
  6.240685776479e+00
  6.199685675936e+00
  6.141495134708e+00
  6.100961145419e+00
  6.071214127472e+00
  6.031261233224e+00
  5.975752100099e+00
  5.958193737819e+00
  5.886282900642e+00
  5.880546031747e+00
  5.835013817313e+00
  5.796617557723e+00
  5.738726129051e+00
  5.700747253950e+00
  5.654941146200e+00
  5.654938484802e+00
  5.598690354352e+00
  5.561744541287e+00
  5.536353635696e+00
  5.499945000550e+00
  5.433833308035e+00
  5.436052990645e+00
  5.387986191669e+00
  5.352508158561e+00
  5.316708340799e+00
  5.281696649978e+00
  5.237867266158e+00
  5.203281813906e+00
  5.162633273378e+00
  5.128473386813e+00
  5.109538281683e+00
  5.075899931678e+00
  5.037958871914e+00
  5.010825889334e+00
  4.956568072267e+00
  4.923719279069e+00
  4.908922309923e+00
  4.876588182856e+00
  4.848839842335e+00
  4.816939441919e+00
  4.774532262947e+00
  4.743007265813e+00
  4.713672667486e+00
  4.682566477226e+00
  4.657982944330e+00
  4.627320254058e+00
  4.590221726070e+00
  4.559934409903e+00
  4.522300367573e+00
  4.492377109901e+00
  4.464746141232e+00
  4.435225089891e+00
  4.414428294013e+00
  4.385330193437e+00
  4.354338663044e+00
  4.325618736504e+00
  4.291937595227e+00
  4.263570518604e+00
  4.248626206716e+00
  4.220687955254e+00
  4.178058840438e+00
  4.150428116660e+00
  4.131254926522e+00
  4.104020503686e+00
  4.076494605982e+00
  4.049622453699e+00
  4.022885390409e+00
  3.996360115207e+00
  3.972595447565e+00
  3.946431143656e+00
  3.914194591836e+00
  3.888348408460e+00
  3.861534635649e+00
  3.836022321047e+00
  3.807081476112e+00
  3.781892224392e+00
  3.756586705214e+00
  3.731726203248e+00
  3.719792495095e+00
  3.695308510222e+00
  3.670461556870e+00
  3.646297476616e+00
  3.624621181779e+00
  3.600785259249e+00
  3.563056660796e+00
  3.539478457849e+00
  3.528965039249e+00
  3.505747146585e+00
  3.481204454967e+00
  3.458287006697e+00
  3.426293237251e+00
  3.403645849288e+00
  3.389033224048e+00
  3.366710905248e+00
  3.346934158107e+00
  3.324913543936e+00
  3.295927848184e+00
  3.274173385816e+00
  3.254173396026e+00
  3.232707761279e+00
  3.207272554663e+00
  3.186076082860e+00
  3.167034464936e+00
  3.146121288639e+00
  3.123262685131e+00
  3.102613672784e+00
  3.083509453115e+00
  3.063141766489e+00
  3.043888921188e+00
  3.023792712962e+00
  3.006995172871e+00
  2.987173673680e+00
  2.965144430703e+00
  2.945574907001e+00
  2.929930707139e+00
  2.910634497946e+00
  2.890820920871e+00
  2.871779909085e+00
  2.847857215274e+00
  2.829039982256e+00
  2.807157803253e+00
  2.788578873280e+00
  2.774163659011e+00
  2.755843559580e+00
  2.738421338436e+00
  2.720346724512e+00
  2.702058590358e+00
  2.684220034106e+00
  2.665802235862e+00
  2.648192171891e+00
  2.627322104313e+00
  2.609932987361e+00
  2.597638746380e+00
  2.580497989663e+00
  2.564260364740e+00
  2.547348197789e+00
  2.527667852311e+00
  2.510966646830e+00
  2.497443242481e+00
  2.480973414881e+00
  2.456875981609e+00
  2.455440507255e+00
  2.430657001726e+00
  2.414610324149e+00
  2.398220136943e+00
  2.382385215489e+00
  2.370077112829e+00
  2.354462436200e+00
  2.332206445570e+00
  2.316770662640e+00
  2.304492608340e+00
  2.289268276602e+00
  2.280489748857e+00
  2.265495707452e+00
  2.240164445992e+00
  2.225324819537e+00
  2.218061631504e+00
  2.203445925013e+00
  2.189314873614e+00
  2.174892690795e+00
  2.156341206494e+00
  2.142094098338e+00
  2.128781940776e+00
  2.114721528182e+00
  2.101764936087e+00
  2.087898000337e+00
  2.075093482961e+00
  2.061411935245e+00
  2.045089311095e+00
  2.031574734524e+00
  2.016638070739e+00
  2.003295822287e+00
  1.995220250368e+00
  1.982074121644e+00
  1.967577858532e+00
  1.954600494318e+00
  1.944583644224e+00
  1.931786680524e+00
  1.916468056694e+00
  1.903828847310e+00
  1.889108214353e+00
  1.876629266071e+00
  1.866384071233e+00
  1.854076400185e+00
  8.043829216636e-01
