# upper_energy mg_flux
1.420000000000000000e+07 2.800331077049256906e-02
1.400000000000000000e+07 2.346349803831257463e-02
1.383242340000000037e+07 3.781110632481762823e-02
1.356237600000000000e+07 4.440678211721333507e-02
1.324522219999999925e+07 1.495245179583676656e-02
1.313843159999999963e+07 2.483825057231298095e-02
1.296103650000000000e+07 3.266548396908428020e-02
1.272773919999999925e+07 4.437301012442396858e-02
1.241082659999999963e+07 1.133321990192604628e-02
1.232988459999999963e+07 2.595082210922464855e-02
1.214454350000000000e+07 2.801409204513920573e-02
1.194446650000000000e+07 8.469993388886369601e-03
1.188397369999999925e+07 4.380804332962928010e-02
1.157109609999999963e+07 2.682854388035947960e-02
1.137948630000000075e+07 2.381533163483314300e-02
1.120939690000000037e+07 1.037041007101491968e-02
1.113533130000000075e+07 3.869041028301108825e-02
1.085900390000000037e+07 2.749636683561439490e-02
1.066262450000000000e+07 2.003086620572092774e-02
1.051956380000000075e+07 1.200129488697774041e-02
1.043385040000000037e+07 3.404027850805068506e-02
1.019073430000000075e+07 3.548896654683006413e-02
9.937716820000000298e+06 9.414679865000370393e-03
9.872183560000000522e+06 2.435965102379513206e-02
9.708966220000000671e+06 2.310545273419591789e-02
9.563590380000000820e+06 2.741150076297603141e-02
9.401923390000000596e+06 2.505202923755274480e-02
9.264643460000000894e+06 3.589270499153604521e-02
9.088596570000000298e+06 2.557360924476237418e-02
8.975041279999999329e+06 3.220506079222035245e-02
8.844652490000000224e+06 4.130224624800560990e-02
8.694491730000000447e+06 3.045697072473941419e-02
8.593618089999999851e+06 5.680788708464178799e-02
8.422711849999999627e+06 3.138406255099038256e-02
8.336478839999999851e+06 7.170267170942597190e-02
8.159427490000000224e+06 3.233859629159262922e-02
8.087033740000000224e+06 8.960569498027080859e-02
7.904373099999999627e+06 9.955712305889603819e-02
7.726790889999999665e+06 4.282656516912522471e-02
7.657291419999999925e+06 9.566611736688211687e-02
7.513496459999999963e+06 6.956862690968447505e-02
7.417933230000000447e+06 8.743185421687713066e-02
7.306089929999999702e+06 1.026707544936390215e-01
7.186057110000000335e+06 7.511557685935911499e-02
7.104408750000000000e+06 1.436351316046630133e-01
6.961429169999999925e+06 1.663599662589004824e-01
6.812277509999999776e+06 8.295558036206161778e-02
6.743822839999999851e+06 1.543536169384892853e-01
6.624227799999999814e+06 1.266065140241668940e-01
6.533018629999999888e+06 1.366539448996436645e-01
6.441369099999999627e+06 1.797957244327972881e-01
6.328803929999999702e+06 1.124246294857633305e-01
6.263558139999999665e+06 2.455206143159909260e-01
6.130972740000000224e+06 1.486263726316135181e-01
6.055945769999999553e+06 2.467256748808581979e-01
5.939325530000000261e+06 2.719950155636116085e-01
5.821846889999999665e+06 1.671222449205952143e-01
5.753669000000000000e+06 1.161525702759970968e-01
5.708213139999999665e+06 3.658860821065231805e-01
5.573815870000000112e+06 3.589118327593970315e-01
5.453870870000000112e+06 1.728828021673123327e-01
5.399584750000000000e+06 2.290570052319021443e-01
5.330981639999999665e+06 3.534790203045872770e-01
5.230799900000000373e+06 3.525680758946669879e-01
5.137341490000000224e+06 2.837913540229363152e-01
5.067291059999999590e+06 3.103712187563494318e-01
4.993398919999999925e+06 3.759140437948561009e-01
4.908893330000000075e+06 2.578189464880525361e-01
4.853489459999999963e+06 4.786767288541535770e-01
4.755446929999999702e+06 5.551962998680143313e-01
4.650941009999999776e+06 2.446078187438349705e-01
4.606797080000000075e+06 4.969246367992839475e-01
4.520626839999999851e+06 3.510636888782719400e-01
4.462793870000000112e+06 4.518174041957018772e-01
4.393963919999999925e+06 4.665682261240952644e-01
4.323292019999999553e+06 3.636004093549060623e-01
4.270849959999999963e+06 6.106362993705481967e-01
4.188150850000000093e+06 2.768017750723401615e-01
4.151185509999999776e+06 7.384510589107217138e-01
4.057234040000000037e+06 7.818001781296912700e-01
3.965348339999999851e+06 3.066255081090165091e-01
3.930409529999999795e+06 5.001678217798118942e-01
3.875573220000000205e+06 6.418863157257527208e-01
3.807549419999999925e+06 1.845934615726994299e-01
3.787830600000000093e+06 1.013969384994212186e+00
3.688529770000000019e+06 7.551800604438514419e-01
3.618259839999999851e+06 5.026437260129688056e-01
3.573230540000000037e+06 4.324033221462536547e-01
3.536342770000000019e+06 8.801967837894286717e-01
3.461535430000000168e+06 1.034019725949949731e+00
3.378030430000000168e+06 3.155707541547064787e-01
3.353331779999999795e+06 6.953810996019753610e-01
3.301552129999999888e+06 7.162623397114039614e-01
3.248510459999999963e+06 3.022444611351468025e-01
3.226805290000000037e+06 1.139241450804813427e+00
3.146965729999999981e+06 9.629608983033745018e-01
3.082350089999999851e+06 5.267147876373325932e-01
3.048595180000000168e+06 5.743893273139500932e-01
3.012565970000000205e+06 1.002760755929527292e+00
2.953299569999999832e+06 1.296316827638868352e+00
2.877701669999999925e+06 2.994297630295317814e-01
2.860982799999999814e+06 8.631659671876747986e-01
2.812550770000000019e+06 7.724858495974447070e-01
2.771551740000000224e+06 4.289013525928012660e-01
2.748874879999999888e+06 1.228320456647795433e+00
2.684916200000000186e+06 1.224373204784733105e+00
2.625815310000000056e+06 5.153032869738926047e-01
2.600988779999999795e+06 6.968584263390247280e-01
2.566367089999999851e+06 9.549783808699392473e-01
2.519684839999999851e+06 1.513308464853214019e+00
2.451477890000000130e+06 2.406895491976435708e-01
2.440922370000000112e+06 1.075957949591836993e+00
2.395976660000000149e+06 7.607893335212304597e-01
2.364621919999999925e+06 5.889083218092014960e-01
2.341731970000000205e+06 1.252109477679733018e+00
2.290706540000000037e+06 1.404861581844393026e+00
2.236899069999999832e+06 4.602845622491826827e-01
2.219101669999999925e+06 8.339579704206033783e-01
2.186255879999999888e+06 9.594284494894272930e-01
2.149735080000000075e+06 3.416318234598436643e-01
2.136759240000000224e+06 1.452680314218065538e+00
2.082536820000000065e+06 1.133141365344311424e+00
2.041102409999999916e+06 6.302842535590359452e-01
2.017439100000000093e+06 6.372681315519985734e-01
1.994892040000000037e+06 1.219250465104705139e+00
1.954376250000000000e+06 6.098836851587237096e-01
1.932038989999999991e+06 1.211714536947689158e+00
1.893284679999999935e+06 6.530509435929664486e-01
1.871166250000000000e+06 1.179098006161738876e+00
1.834102760000000009e+06 7.519929171470260965e-01
1.812211429999999935e+06 1.155178005812441011e+00
1.776770810000000056e+06 7.086433518837176315e-01
1.755114100000000093e+06 1.157721319474026789e+00
1.721230979999999981e+06 7.217135464488979579e-01
1.699815739999999991e+06 1.068226290268714296e+00
1.667427260000000009e+06 7.279160295968594152e-01
1.646259659999999916e+06 1.063679974735116440e+00
1.615305389999999898e+06 7.081210260170024418e-01
1.594390969999999972e+06 1.072330571816532796e+00
1.564812790000000037e+06 6.560366054238497835e-01
1.544156500000000000e+06 9.955012717586162463e-01
1.515898530000000028e+06 6.298848350518230221e-01
1.500279139999999898e+06 1.214422062449002304e+00
1.468513270000000019e+06 1.092502514038934169e+00
1.436789699999999953e+06 5.595575847132203684e-01
1.422609219999999972e+06 1.073513655863023386e+00
1.395963169999999925e+06 6.686933453119235926e-01
1.378140080000000075e+06 8.944390015416773254e-01
1.356546879999999888e+06 8.137623592011399287e-01
1.335060989999999991e+06 5.968517146426688402e-01
1.318486659999999916e+06 1.041688130038488147e+00
1.293328510000000009e+06 5.024469576983181529e-01
1.281494280000000028e+06 1.103199234483864810e+00
1.252900540000000037e+06 1.063935064160960176e+00
1.227942620000000112e+06 6.452200015600615401e-01
1.213736300000000047e+06 9.298350560197247150e-01
1.193490610000000102e+06 7.695577802447174376e-01
1.175796290000000037e+06 7.380820718163215721e-01
1.160005209999999963e+06 9.133751752452504702e-01
1.139042239999999991e+06 4.989150049164896017e-01
1.127459300000000047e+06 1.041136998648736878e+00
1.103437080000000075e+06 1.040838858041742032e+00
1.080247239999999991e+06 4.648156320072033276e-01
1.068944889999999898e+06 7.616820332116919223e-01
1.049749989999999991e+06 5.556834935807852816e-01
1.035530900000000023e+06 7.642783253781911812e-01
1.020113729999999981e+06 7.661731948497716438e-01
1.003161380000000005e+06 5.493288726040728154e-01
9.913141500000000233e+05 8.833652967922760446e-01
9.718037040000000270e+05 8.108149878364899754e-01
9.541431400000000140e+05 6.473857263435550680e-01
9.414262290000000503e+05 4.775125492470201904e-01
9.316105579999999609e+05 9.287183239619881681e-01
9.119983199999999488e+05 5.944053698092286453e-01
8.988054690000000410e+05 6.985347857201352761e-01
8.834902939999999944e+05 7.288903898943221993e-01
8.671555559999999823e+05 4.749500883082244385e-01
8.558733959999999497e+05 4.714829193849739419e-01
8.466772310000000289e+05 8.154448475379186823e-01
8.291197700000000186e+05 5.696643822609206431e-01
8.168629250000000466e+05 6.324974308851559757e-01
8.032024329999999609e+05 4.144531208823633572e-01
7.941588619999999646e+05 6.515639223025382343e-01
7.780952419999999693e+05 4.235082639696635121e-01
7.687814910000000382e+05 6.928263550233151324e-01
7.537728730000000214e+05 4.694725656510953526e-01
7.442150550000000512e+05 7.821700936044569952e-01
7.302107929999999469e+05 4.206651605979013775e-01
7.204336400000000140e+05 7.206219458128640953e-01
7.073852369999999646e+05 6.501626935151098019e-01
6.974121609999999637e+05 6.138846863368548901e-01
6.852731820000000298e+05 4.412586996574757725e-01
6.751263340000000317e+05 5.244019920712983396e-01
6.638523249999999534e+05 5.575769431246571095e-01
6.535526509999999544e+05 6.030975414157048187e-01
6.431010590000000084e+05 6.024355870679057867e-01
6.326683560000000289e+05 5.064911643898376559e-01
6.229984540000000270e+05 6.380928282817976971e-01
6.093609819999999600e+05 2.965652522199599961e-01
6.035242330000000075e+05 3.439660168689334108e-01
5.965205439999999944e+05 5.529884955081759701e-01
5.846587550000000047e+05 5.348046304744313861e-01
5.716456879999999655e+05 2.385639230206191841e-01
5.663829899999999907e+05 2.011805792709935037e-01
5.611883449999999721e+05 6.386065074808815467e-01
5.486785039999999572e+05 3.642031032530100854e-01
5.408440620000000345e+05 4.334989662765882934e-01
5.315274399999999441e+05 3.494632014188667202e-01
5.242914840000000549e+05 4.401545809096295003e-01
5.149124990000000107e+05 4.344220580278412291e-01
5.048122469999999739e+05 2.605386935351288180e-01
4.988169220000000205e+05 3.512946062772138722e-01
4.922298360000000102e+05 4.044587152193544477e-01
4.832244749999999767e+05 4.163111783158075507e-01
4.739417999999999884e+05 2.772882119305670190e-01
4.681194290000000037e+05 3.306634983911289627e-01
4.621288339999999735e+05 4.027518283199842952e-01
4.534865499999999884e+05 3.475204296014872130e-01
4.449591529999999912e+05 2.213665992527043824e-01
4.393110779999999795e+05 2.822491394230534079e-01
4.338685769999999902e+05 3.906151789901249893e-01
4.255787160000000149e+05 3.105139398271112849e-01
4.177488630000000121e+05 2.233293644459945215e-01
4.122756109999999753e+05 1.926666119399875754e-01
4.073365019999999786e+05 3.584297102677283520e-01
3.993883460000000196e+05 3.126258070437573089e-01
3.922025459999999730e+05 2.087416519044441310e-01
3.869039220000000205e+05 1.813560066044629104e-01
3.824269249999999884e+05 4.939922260132664222e-01
3.748097469999999739e+05 3.817947301473161303e-01
3.682184450000000070e+05 1.860896883528615209e-01
3.630936219999999739e+05 1.783757593950026643e-01
3.590406259999999893e+05 4.094227837663872438e-01
3.517437299999999814e+05 4.163561110621356587e-01
3.438859859999999753e+05 1.498704621335098242e-01
3.407486230000000214e+05 3.003009607464235953e-01
3.335541410000000033e+05 1.317969868860955907e-01
3.300972100000000210e+05 2.279859360601553531e-01
3.235327100000000210e+05 1.036246264029469510e-01
3.197787480000000214e+05 2.612947527138618220e-01
3.138123670000000275e+05 2.466164189431594711e-01
3.097828290000000270e+05 1.440575132774719047e-01
3.072632440000000061e+05 3.759505765145569334e-01
3.000993719999999739e+05 2.350860842454871036e-01
2.945721759999999776e+05 1.358871859851090713e-01
2.907186080000000075e+05 8.081685151600100092e-02
2.884245860000000102e+05 2.290759450703170330e-01
2.816310760000000009e+05 1.325681197948059276e-01
2.765116219999999739e+05 1.921001903319163040e-01
2.728276099999999860e+05 1.158531266212269595e-01
2.707409479999999749e+05 2.985478510713722167e-01
2.642993300000000163e+05 1.987548596029182491e-01
2.595583820000000123e+05 1.368093909579974898e-01
2.560376350000000093e+05 7.033052526693692186e-02
2.541415139999999956e+05 2.211276868065340795e-01
2.480341909999999916e+05 1.568973280574603169e-01
2.436445629999999946e+05 1.427440214446727418e-01
2.402809249999999884e+05 7.109870218367642103e-02
2.385598099999999977e+05 2.273215964918010035e-01
2.327700180000000109e+05 1.491990923901373722e-01
2.287064390000000130e+05 1.082226227682407810e-01
2.254938930000000109e+05 4.920540183340830348e-02
2.239334379999999946e+05 1.973442033681291063e-01
2.184452110000000102e+05 1.912089314795354933e-01
2.142194830000000075e+05 1.023238898954731274e-01
2.116168630000000121e+05 7.752999849839224689e-02
2.095216840000000084e+05 1.550158979994515906e-01
2.050019619999999995e+05 1.455049585509457788e-01
2.004328930000000109e+05 5.838634610447106243e-02
1.985938340000000026e+05 7.893381229145593481e-02
1.960374320000000007e+05 1.012896438855964698e-01
1.923860180000000109e+05 1.121276131428991102e-01
1.875335709999999963e+05 4.231216736435124831e-02
1.863722500000000000e+05 1.811261864959777257e-01
1.834209899999999907e+05 1.574383774529285740e-01
1.805464670000000042e+05 5.577610357023370102e-02
1.793985970000000088e+05 1.893637451587422693e-01
1.749027900000000081e+05 9.448650784310093365e-02
1.716165080000000016e+05 4.745922679364431018e-02
1.694355290000000095e+05 6.147919898752602502e-02
1.678529849999999860e+05 1.597067240915031605e-01
1.641391669999999867e+05 1.323487945618144479e-01
1.605717300000000105e+05 5.300947485159228367e-02
1.590083640000000014e+05 6.222584589733914234e-02
1.570504180000000051e+05 9.119301440962490624e-02
1.540379439999999886e+05 7.351729845643284467e-02
1.515500739999999932e+05 6.581364834348553405e-02
1.492228940000000002e+05 7.682718142058669875e-02
1.462423679999999877e+05 4.167662572695549072e-02
1.445583569999999891e+05 3.801680903124601829e-02
1.428075760000000009e+05 4.826131663684658096e-02
1.400396279999999970e+05 1.807404507990658105e-01
1.365338640000000014e+05 4.561118859737878228e-02
1.356621490000000049e+05 9.845891576975533688e-02
1.335011309999999939e+05 7.052258791349787226e-02
1.314215050000000047e+05 1.968226196298965280e-02
1.305357630000000063e+05 9.867204920788767708e-02
1.273134189999999944e+05 6.542102733247222301e-02
1.255039809999999998e+05 7.166154534006413668e-02
1.233337459999999992e+05 7.976244155753428600e-02
1.206661600000000035e+05 3.492956947178640220e-02
1.194784740000000020e+05 3.418563875514522843e-02
1.183176380000000063e+05 7.490436971299856139e-02
1.157437140000000072e+05 5.630970007670144106e-02
1.137568300000000017e+05 4.410433312223895758e-02
1.121256970000000001e+05 7.478548969917964140e-02
1.093718279999999941e+05 2.067320944911976016e-02
1.086207759999999980e+05 3.830154678707382854e-02
1.072431260000000038e+05 5.558555067542626099e-02
1.052254140000000043e+05 5.799483552727888180e-02
1.031092090000000026e+05 2.934306137103129264e-02
1.019361879999999946e+05 2.250146268604625438e-02
1.011023969999999972e+05 6.098117735578409415e-02
9.874977929999999469e+04 4.109362671878187545e-02
9.720518779999999970e+04 3.988447093205638866e-02
9.566297389999999723e+04 5.081688763071111337e-02
9.372098910000000615e+04 2.666335613225493534e-02
9.267265850000000501e+04 5.169260499216154353e-02
9.061575489999999991e+04 1.886793728112726165e-02
8.977581699999999546e+04 1.616968271354559186e-02
8.910193540000000212e+04 4.841468157614437634e-02
8.696952749999999651e+04 1.677599577798436978e-02
8.614974310000000696e+04 2.985844105043914190e-02
8.425095930000000226e+04 1.046668045254990284e-02
8.329536509999999544e+04 7.505311981872578309e-02
8.161737050000000454e+04 8.160776802651512063e-02
7.963609729999999399e+04 1.937236291743213087e-02
7.906610469999999623e+04 3.388383740795748028e-02
7.786719569999999658e+04 2.727789430405448690e-02
7.659458849999999802e+04 9.257650070392394251e-03
7.613758560000000580e+04 2.875046939041641866e-02
7.420032910000000265e+04 3.167857086361217100e-02
7.286668640000000596e+04 3.127023012378640082e-02
7.188091150000000198e+04 1.889362630213459182e-02
7.128431489999999758e+04 5.362532367586188981e-02
6.963399629999999888e+04 3.857175595802959239e-02
6.822191400000000431e+04 1.886732305049074881e-02
6.745731699999999546e+04 1.701422049218636115e-02
6.674040829999999551e+04 3.138997457157609305e-02
6.534867829999999958e+04 3.193582068654447076e-02
6.387321530000000348e+04 1.181421238051961857e-02
6.330595320000000356e+04 1.713284826664883062e-02
6.248614590000000317e+04 2.396226748022767944e-02
6.132708140000000276e+04 3.200944487948482325e-02
5.980171760000000359e+04 8.366833148657720418e-03
5.941006680000000051e+04 1.903072317928110671e-02
5.850306480000000010e+04 2.044553103067363320e-02
5.755297600000000239e+04 6.856033522568498115e-03
5.723261340000000200e+04 3.100370741511478817e-02
5.575393559999999707e+04 1.952072972401361350e-02
5.477387890000000334e+04 1.460905019869025191e-02
5.401113130000000092e+04 7.718532311019360610e-03
5.358441040000000066e+04 2.249761323448154840e-02
5.232280490000000282e+04 1.596969141939942952e-02
5.149859560000000056e+04 1.845843399731193074e-02
5.068725379999999859e+04 2.728223169829917943e-02
4.949397280000000319e+04 8.753065722259176923e-03
4.910282809999999881e+04 2.021377986470999574e-02
4.816375890000000072e+04 1.222394271386899496e-02
4.756792979999999807e+04 1.357969615452679288e-02
4.686929630000000179e+04 1.592662142642174358e-02
4.608101060000000143e+04 8.923769561438766804e-03
4.560962400000000343e+04 1.910857812485029089e-02
4.464057080000000133e+04 1.645907436065117621e-02
4.378330900000000111e+04 1.011879367315408895e-02
4.324515750000000116e+04 1.172884310741488176e-02
4.260657650000000285e+04 1.257144758865298174e-02
4.189336319999999978e+04 7.302751255268161330e-03
4.146147030000000086e+04 1.534658085869833669e-02
4.058382450000000244e+04 1.411079859812385158e-02
3.980125690000000031e+04 8.683543361955071982e-03
3.931522050000000309e+04 1.031099113093182813e-02
3.873154720000000088e+04 1.117906374759888508e-02
3.808627160000000003e+04 6.808909403762151459e-03
3.769058729999999923e+04 1.347976839499651081e-02
3.689573819999999978e+04 1.183841712030976427e-02
3.618136890000000130e+04 7.206667405535552989e-03
3.574241960000000108e+04 8.644794243958586755e-03
3.520894829999999638e+04 9.289245948802180713e-03
3.462515230000000156e+04 5.658275259032457746e-03
3.426266279999999824e+04 1.090113403869370605e-02
3.354280960000000050e+04 9.586199451731575866e-03
3.289070629999999801e+04 5.665041549571029310e-03
3.249429969999999958e+04 6.761022481511216528e-03
3.200672650000000067e+04 6.973051668967041559e-03
3.147856490000000122e+04 4.637725868123367123e-03
3.110940639999999985e+04 7.183546753530646589e-03
3.049458090000000084e+04 7.057407361036849638e-03
2.981037389999999868e+04 2.444326019549673216e-03
2.954135510000000068e+04 4.401299123884289122e-03
2.897462930000000051e+04 2.207305787295813729e-03
2.861792610000000059e+04 2.197581703120699351e-03
2.816231509999999980e+04 1.833351993015179190e-03
2.772336240000000180e+04 2.031785423716163646e-03
2.737277449999999953e+04 6.602116489976423905e-03
2.685676169999999911e+04 6.041290412572572835e-03
2.660536890000000130e+04 2.257094866469038300e-02
2.601725000000000000e+04 2.507315090627462717e-02
2.549441100000000006e+04 1.285304645053548384e-02
2.520398050000000148e+04 1.773587026834730004e-02
2.469664500000000044e+04 7.191117918184907788e-03
2.441613279999999941e+04 2.386986837362642562e-03
2.430717280000000028e+04 1.140211866062346494e-02
2.365291240000000107e+04 7.932307673461872627e-03
2.309459029999999984e+04 2.436640742249300551e-03
2.291354939999999988e+04 6.334807867832459999e-03
2.242821059999999852e+04 3.003532813240848524e-03
2.219729799999999886e+04 1.941035266545549113e-03
2.204717329999999856e+04 6.958990095719807048e-03
2.150343579999999929e+04 3.875598691944639670e-03
2.119638139999999839e+04 4.610504556372248264e-03
2.083126290000000154e+04 3.828829522275058878e-03
2.052669900000000052e+04 4.333281937769214304e-03
2.018010139999999956e+04 2.977964514722143859e-03
1.994055150000000140e+04 4.851655749403101063e-03
1.954929449999999997e+04 2.939399019896745367e-03
1.931101269999999931e+04 4.575003395882444243e-03
1.893820579999999973e+04 2.891522861332098196e-03
1.870134899999999834e+04 4.311215645781277597e-03
1.834621919999999955e+04 3.644343633498060842e-03
1.804163349999999991e+04 3.214833378796870447e-03
1.777273730000000069e+04 4.566438645486949402e-03
1.738950349999999889e+04 2.043201439782683058e-03
1.721718179999999847e+04 1.711487631185755389e-03
1.707233199999999852e+04 4.619911769264124606e-03
1.667899239999999918e+04 2.044517394527388225e-03
1.650381079999999929e+04 4.014945871601486097e-03
1.615762609999999950e+04 1.801441131848377248e-03
1.600131559999999990e+04 3.993790206899518018e-03
1.565255709999999999e+04 2.787160049142033656e-03
1.540732140000000072e+04 2.755149789604554623e-03
1.516327609999999913e+04 3.355382922811010402e-03
1.486325820000000022e+04 1.927485457337541801e-03
1.468928939999999966e+04 9.308283374231489642e-04
1.460484089999999924e+04 4.074958862166479755e-03
1.423011900000000060e+04 1.928286172889467041e-03
1.405161549999999988e+04 2.816122353796175846e-03
1.378530169999999998e+04 2.603003017676077183e-03
1.354361440000000039e+04 2.024255237205492639e-03
1.335438889999999992e+04 1.545168437710864708e-03
1.320914040000000023e+04 2.866962047082433681e-03
1.293694590000000062e+04 2.742580987090756893e-03
1.267271830000000045e+04 1.444717655583853139e-03
1.253255179999999928e+04 2.778848972429191419e-03
1.226101809999999932e+04 1.220992949405845778e-03
1.214079850000000079e+04 1.630097696614984937e-03
1.197927549999999974e+04 2.180954297237755815e-03
1.176129099999999926e+04 1.617510058142658611e-03
1.159817950000000019e+04 2.006459825986053359e-03
1.139364650000000074e+04 1.208740342776548930e-03
1.126914929999999913e+04 2.146630842707688419e-03
1.103749409999999989e+04 2.242408267816930513e-03
1.080347810000000027e+04 1.053552958373637312e-03
1.069247459999999955e+04 1.480460946117681444e-03
1.053534820000000036e+04 1.653672677184574820e-03
1.035824010000000089e+04 1.741638639567548658e-03
1.016868369999999959e+04 1.213077227709475530e-03
1.003445329999999922e+04 1.652682071404249203e-03
9.848480980000000272e+03 1.115186543389381233e-03
9.720787770000000819e+03 1.163715135251030272e-03
9.585499309999999241e+03 1.391364227454528705e-03
9.416927040000000488e+03 1.402123415106949159e-03
9.245748159999999189e+03 9.889862941203704950e-04
9.122564650000000256e+03 1.760299226413680231e-03
8.895725839999999152e+03 4.368626853372317275e-04
8.837403689999999187e+03 8.067120739737673350e-04
8.726964850000000297e+03 1.159119006553929829e-03
8.561156539999999950e+03 7.613626861609001451e-04
8.446183849999999438e+03 9.597308277035296320e-04
8.293544560000000274e+03 1.937573136145114981e-04
8.261522170000000187e+03 1.312728644006969916e-03
8.034297819999999774e+03 8.587721889998652883e-04
7.880367860000000292e+03 5.501634431921533300e-04
7.783154849999999897e+03 1.027963370518515402e-03
7.615605450000000019e+03 5.189798936813240721e-04
7.539862310000000434e+03 7.219921475891678516e-04
7.444057730000000447e+03 1.201014185941066395e-03
7.304174820000000182e+03 1.387044586024049637e-03
7.163071200000000317e+03 9.369849263922602929e-04
7.075854659999999967e+03 5.969547390168327729e-04
7.022436370000000352e+03 1.937520046392076246e-03
6.854671519999999873e+03 1.677251190029139388e-03
6.709931950000000143e+03 7.811292650141295462e-04
6.640402310000000398e+03 1.357631770551294415e-03
6.512795930000000226e+03 7.805690318123973889e-04
6.432830909999999676e+03 1.039856611461435982e-03
6.312936620000000403e+03 6.335514436624719876e-04
6.231747959999999694e+03 9.671912671653481704e-04
6.109899279999999635e+03 6.455845794461661158e-04
6.036950640000000021e+03 1.110737108188175745e-03
5.922522039999999834e+03 7.546169185521052003e-04
5.848242449999999735e+03 6.376635630446342556e-04
5.785769949999999881e+03 1.199431526800985798e-03
5.665433070000000043e+03 7.863634346517090401e-04
5.583249450000000252e+03 8.700956619971445850e-04
5.488338099999999940e+03 5.844132942463326928e-04
5.422171019999999771e+03 8.948898579770837511e-04
5.316778909999999996e+03 5.956428859380620208e-04
5.243611090000000331e+03 7.333048036649871503e-04
5.150582470000000285e+03 6.208980687926923987e-04
5.069190169999999853e+03 5.901397780821359892e-04
4.989581140000000232e+03 4.659916166667754959e-04
4.925303390000000036e+03 6.498595903105311693e-04
4.833612530000000334e+03 3.351952702992885315e-04
4.785500780000000304e+03 7.048175798787734148e-04
4.682519320000000334e+03 5.803013396186037197e-04
4.595959670000000187e+03 3.952173765891264269e-04
4.536149120000000039e+03 5.834672723269712516e-04
4.446548340000000280e+03 3.350627102461319930e-04
4.394354269999999815e+03 4.011593654046331455e-04
4.331072420000000420e+03 4.619245737770135904e-04
4.256991769999999633e+03 4.639645311389447614e-04
4.180994599999999991e+03 3.389658849561372244e-04
4.123923069999999825e+03 4.799352718278826501e-04
4.039013190000000122e+03 2.336083970205765745e-04
3.995013939999999820e+03 5.501958995233334915e-04
3.890514270000000124e+03 1.176232189810001982e-04
3.870134370000000217e+03 1.418628391150670675e-04
3.846551669999999831e+03 6.239769590901572726e-04
3.749158390000000054e+03 5.793417546623016659e-05
3.740303640000000087e+03 7.019765075723566382e-04
3.631963969999999790e+03 4.696294925761216547e-04
3.556658950000000004e+03 2.333684260222810571e-04
3.518432929999999942e+03 2.835797527218706770e-04
3.471223120000000108e+03 3.706640320397500718e-04
3.408450730000000021e+03 3.572140857656526218e-04
3.346901949999999943e+03 2.572430174045890446e-04
3.301906449999999950e+03 2.000790032042161146e-04
3.266504770000000008e+03 3.782940737292965331e-04
3.198692619999999806e+03 2.357875091394977035e-04
3.155892640000000029e+03 3.117204988799193938e-04
3.098705140000000029e+03 2.086444851732278363e-04
3.060056230000000141e+03 3.113425389008403358e-04
3.001843159999999898e+03 2.778549375128658554e-04
2.949356620000000021e+03 2.170488679573721663e-04
2.908008969999999863e+03 1.588670378186217240e-04
2.877547450000000026e+03 3.126088587821405874e-04
2.817107930000000124e+03 2.507884363835081575e-04
2.768129719999999907e+03 1.984817249339032163e-04
2.729048350000000028e+03 3.327848390357711220e-04
2.662872550000000047e+03 9.543379288515590705e-05
2.643741410000000087e+03 2.328322695965123334e-04
2.596778749999999945e+03 1.755239801792466531e-04
2.561101079999999911e+03 1.407128492059495149e-04
2.532325440000000071e+03 2.488692933048356924e-04
2.481043979999999920e+03 1.416893363112624944e-04
2.451617879999999786e+03 2.299742882950265546e-04
2.403489379999999983e+03 1.880168323344429831e-04
2.363795790000000125e+03 1.659548151889351304e-04
2.328359039999999823e+03 2.147314501886393387e-04
2.282284659999999803e+03 1.235374912313586026e-04
2.255577200000000175e+03 1.284729004723351509e-04
2.227641459999999825e+03 9.294198644665286406e-06
2.225614000000000033e+03 2.277710945543977283e-06
2.225117000000000189e+03 1.067953830581259293e-05
2.222786000000000058e+03 2.023817191322997084e-05
2.218365429999999833e+03 2.885669432248676245e-05
2.212054999999999836e+03 3.853320300863090033e-05
2.203614979999999832e+03 6.950378837884961998e-06
2.202090970000000198e+03 5.321846453194196313e-05
2.190404970000000048e+03 8.865732796359487186e-06
2.188455359999999928e+03 1.538499711036281383e-05
2.185070430000000215e+03 2.916777173322295042e-05
2.178646740000000136e+03 4.355552109294276783e-05
2.169037740000000213e+03 7.406605132660359522e-06
2.167401730000000043e+03 9.442158632740612430e-06
2.165315250000000106e+03 1.123680205838064410e-05
2.162830959999999777e+03 6.173667164436216643e-06
2.161465479999999843e+03 4.815470667098381498e-06
2.160400119999999788e+03 2.505508056644773914e-05
2.154853000000000065e+03 1.253967238852277410e-05
2.152074219999999968e+03 1.044651619081193309e-05
2.149757979999999861e+03 4.172848117607584910e-05
2.140493910000000142e+03 2.093263984538161940e-05
2.135839500000000044e+03 1.497007093158467269e-05
2.132507920000000013e+03 6.521369264135788950e-06
2.131055820000000040e+03 1.268029136326792803e-05
2.128230979999999818e+03 1.539939279670836690e-05
2.124797999999999774e+03 1.623143205247473481e-06
2.124436000000000149e+03 8.826351059560919111e-06
2.122467000000000098e+03 7.182830224252307844e-06
2.120864000000000033e+03 1.834365082547029561e-05
2.116767620000000079e+03 9.931379338104386176e-05
2.094523999999999887e+03 1.096636553977273141e-05
2.092061000000000149e+03 2.293383846431013042e-05
2.086905729999999949e+03 1.184622501525215999e-05
2.084240479999999934e+03 5.171201179672097809e-05
2.072586999999999989e+03 3.983617296785564108e-06
2.071687989999999900e+03 7.063626771861696181e-05
2.055716190000000097e+03 2.257245343174368353e-05
2.050599880000000212e+03 8.539457742848834121e-06
2.048662740000000213e+03 1.078390613558837716e-05
2.046215220000000045e+03 8.121793500952735492e-06
2.044370979999999918e+03 7.747488110413814776e-06
2.042611000000000104e+03 9.973693295778016528e-06
2.040344239999999900e+03 8.216272042432968959e-06
2.038476000000000113e+03 2.657747819217695000e-06
2.037871499999999969e+03 2.419941814149553924e-05
2.032363470000000007e+03 6.292914158381136274e-06
2.030929979999999887e+03 8.360345039097731329e-05
2.011839739999999892e+03 7.052264837750081176e-06
2.010225480000000061e+03 3.098675511616119774e-06
2.009516000000000076e+03 1.584390852074060032e-05
2.005886479999999892e+03 9.479220881665517660e-06
2.003713490000000093e+03 1.973246667660440734e-05
1.999186480000000074e+03 1.592516774136661808e-05
1.995529369999999972e+03 1.216325262845540364e-05
1.992733999999999924e+03 1.069729251262557110e-05
1.990273989999999912e+03 9.570077449084205988e-06
1.988071969999999965e+03 6.047041981212001768e-06
1.986679979999999887e+03 7.796749308995364261e-07
1.986500469999999950e+03 2.719753008813805784e-05
1.980233739999999898e+03 1.628022142560505819e-05
1.976478000000000065e+03 3.257260024135342618e-05
1.968953490000000102e+03 9.236412827041939392e-06
1.966817320000000109e+03 1.079440200767789796e-04
1.941769980000000032e+03 8.781887298629079534e-06
1.939725500000000011e+03 3.858128872674603380e-06
1.938826980000000049e+03 6.975303898241439439e-06
1.937201999999999998e+03 1.281461469231751160e-05
1.934214999999999918e+03 6.630534852234523187e-06
1.932668609999999944e+03 3.539090225440549094e-05
1.924404729999999972e+03 1.001890055221438680e-05
1.922062239999999974e+03 1.107830966869115793e-05
1.919470479999999952e+03 2.204441720691482624e-05
1.914308240000000069e+03 3.025172095821407697e-05
1.907213230000000067e+03 3.018942113447873536e-06
1.906504500000000007e+03 1.201015230114909928e-05
1.903683739999999943e+03 6.204552691291353370e-06
1.902225730000000112e+03 1.917263037444929031e-05
1.897716979999999921e+03 5.260492059604754381e-06
1.896479000000000042e+03 2.389845041808084453e-05
1.890849999999999909e+03 1.093810046067601521e-05
1.888270999999999958e+03 8.065470179266072146e-06
1.886368240000000014e+03 9.041060162928951879e-06
1.884234240000000000e+03 7.297299132332312437e-06
1.882510989999999993e+03 5.415164582082325571e-06
1.881231719999999996e+03 3.694223146175174916e-05
1.872493500000000040e+03 8.384751410587837784e-06
1.870507499999999936e+03 2.639095870067776351e-05
1.864250039999999899e+03 2.351333776147206746e-05
1.858666490000000067e+03 7.922626459019360332e-06
1.856783370000000104e+03 2.461245396591869703e-05
1.850927490000000034e+03 1.334204797712599211e-05
1.847749440000000050e+03 2.924311823597423505e-05
1.840774730000000091e+03 5.751465345108737728e-06
1.839401489999999967e+03 1.535506672741837822e-05
1.835732860000000073e+03 4.215841689826308032e-06
1.834724999999999909e+03 3.725348431685763216e-05
1.825807489999999916e+03 5.020655259074628335e-06
1.824604090000000042e+03 6.343737676916325973e-06
1.823083020000000033e+03 8.799076809298696223e-06
1.820972220000000107e+03 1.962483755041291561e-05
1.816260240000000067e+03 3.725833336923483371e-06
1.815365000000000009e+03 2.161802501943811230e-05
1.810166490000000067e+03 6.379369870750552122e-06
1.808631080000000111e+03 1.102654369963707595e-05
1.805975709999999935e+03 6.176659794784770237e-06
1.804487460000000056e+03 8.701985090376614340e-06
1.802389750000000049e+03 2.131458730243201467e-05
1.797246730000000071e+03 1.546826843695846442e-05
1.793509999999999991e+03 5.814185660864006037e-06
1.792104489999999942e+03 5.668850162066374668e-06
1.790733609999999999e+03 4.541519309712283671e-06
1.789634990000000016e+03 8.289034749889821153e-06
1.787628999999999905e+03 1.005183437465201930e-05
1.785194970000000012e+03 1.406925161784045177e-05
1.781785470000000032e+03 4.723925042039577393e-06
1.780639989999999898e+03 1.853143381913126565e-05
1.776143000000000029e+03 1.519602455205132467e-06
1.775773999999999887e+03 2.060891714284382765e-05
1.770765990000000102e+03 2.778695495089295012e-05
1.764002999999999929e+03 2.124460459211378828e-05
1.758824000000000069e+03 1.504478027125208510e-05
1.755152000000000044e+03 1.461889578520652757e-06
1.754795000000000073e+03 6.570614405380418468e-06
1.753190000000000055e+03 1.500151238839243450e-05
1.749522969999999987e+03 2.606313656494927198e-06
1.748885500000000093e+03 1.012013938868750704e-05
1.746409200000000055e+03 5.803203268035169841e-06
1.744988460000000032e+03 1.163330296810319639e-05
1.742138740000000098e+03 7.897212355850767931e-06
1.740202960000000076e+03 6.817578246824416138e-06
1.738530999999999949e+03 1.577586787682647329e-06
1.738144000000000005e+03 1.016438471511862122e-05
1.735649580000000014e+03 4.459203018623555324e-06
1.734554720000000088e+03 2.999120927084074971e-05
1.727182469999999967e+03 7.246207972642043227e-06
1.725398999999999887e+03 8.792562301956217865e-05
1.703687740000000076e+03 2.046490295729178841e-05
1.698615500000000111e+03 1.523473744166301905e-05
1.694834880000000112e+03 1.530212050663311822e-05
1.691033500000000004e+03 7.838231028274190580e-06
1.689084740000000011e+03 1.247890116238246994e-05
1.685980000000000018e+03 2.900832655878423280e-05
1.678752240000000029e+03 1.063083530124248941e-05
1.676099740000000111e+03 2.302049534521190353e-05
1.670348999999999933e+03 1.313058492311382318e-05
1.667064609999999902e+03 1.616782050777455698e-05
1.663016249999999900e+03 2.387163817772451150e-05
1.657030240000000049e+03 1.095487771525812025e-05
1.654279739999999947e+03 1.695264721213292304e-05
1.650019000000000005e+03 8.827147817306679577e-07
1.649797000000000025e+03 3.430906088779115839e-06
1.648933999999999969e+03 1.195956307759259232e-05
1.645923999999999978e+03 4.344098019436158608e-06
1.644829999999999927e+03 5.741644683500074483e-06
1.643383489999999938e+03 6.059183129506361847e-06
1.641856279999999970e+03 2.964267871631335417e-05
1.634372460000000046e+03 4.526047729240641399e-06
1.633225470000000087e+03 8.552816097203147229e-06
1.631018600000000106e+03 1.475551831718356460e-05
1.627135489999999891e+03 1.771765959654756040e-05
1.622634999999999991e+03 3.192885975440248772e-06
1.621824470000000019e+03 5.784665001012179251e-05
1.607109359999999924e+03 1.391148230625829052e-05
1.603561059999999998e+03 2.629143162129255650e-05
1.596844730000000027e+03 1.506792557516964746e-05
1.592989360000000033e+03 9.019203524825283313e-06
1.590679489999999987e+03 5.689662468188385356e-07
1.590533719999999903e+03 8.040692712336198152e-06
1.588472989999999982e+03 2.332790168756007572e-05
1.582486990000000105e+03 1.540704011122089048e-05
1.578527479999999969e+03 1.662136457578475203e-05
1.574250489999999900e+03 3.459411727920709723e-06
1.573359609999999975e+03 7.396562158280454084e-06
1.571453999999999951e+03 2.223230533687547507e-06
1.570881000000000085e+03 5.441954888525128656e-06
1.569478000000000065e+03 9.967697988697945183e-06
1.566906619999999975e+03 2.479137961704158804e-05
1.560502189999999928e+03 4.462559141403737585e-06
1.559347999999999956e+03 2.149280632429443960e-05
1.553783269999999902e+03 1.222781841145622299e-05
1.550613000000000056e+03 1.040833282257791596e-06
1.550343000000000075e+03 6.801783359428823266e-06
1.548577999999999975e+03 2.348432293890417524e-05
1.542476460000000088e+03 5.347423343239230386e-06
1.541085479999999961e+03 1.037818395961173138e-06
1.540815450000000055e+03 8.459574036675530497e-06
1.538613489999999956e+03 1.637822112130096819e-06
1.538186999999999898e+03 9.237445666948205226e-06
1.535780479999999898e+03 1.499916384836040791e-05
1.531868999999999915e+03 2.295637482365639798e-05
1.525872980000000098e+03 4.782095500477645804e-06
1.524622489999999971e+03 4.559403092384614321e-05
1.512678990000000113e+03 5.418195823527949548e-06
1.511257499999999936e+03 1.000596770667545283e-05
1.508630730000000085e+03 4.085887058792322649e-06
1.507557479999999941e+03 9.452772344718000176e-06
1.505073110000000042e+03 7.677067873057388575e-06
1.503054000000000087e+03 3.947572302596911715e-05
1.492651319999999942e+03 2.390562255921970390e-05
1.486335000000000036e+03 1.625692115224620899e-06
1.485904999999999973e+03 2.053837769450391634e-05
1.480467460000000074e+03 5.897423389516478017e-06
1.478904369999999972e+03 4.098392736987108484e-05
1.468020089999999982e+03 1.485165730003873751e-05
1.464066479999999956e+03 1.368500498421693755e-05
1.460418989999999894e+03 6.195648650101633473e-06
1.458766239999999925e+03 1.803303511969650333e-05
1.453950720000000047e+03 1.905379664377296776e-05
1.448854450000000043e+03 4.836662610235013842e-06
1.447559459999999945e+03 5.848791869102489989e-06
1.445992749999999887e+03 4.991808819325226049e-06
1.444654970000000048e+03 3.924575900198160722e-05
1.434116999999999962e+03 1.896941452526687221e-05
1.429010479999999916e+03 1.119617982486075078e-05
1.425992490000000089e+03 2.687078695483914557e-06
1.425267730000000029e+03 3.179247224114707086e-06
1.424410000000000082e+03 5.542466966498671699e-06
1.422914119999999912e+03 3.193055274282311146e-06
1.422051999999999907e+03 6.343655180342628612e-06
1.420338500000000067e+03 3.621891112650633482e-06
1.419359750000000076e+03 5.451456854772141473e-06
1.417885999999999967e+03 8.132974877353691442e-06
1.415685999999999922e+03 2.662271679065092555e-06
1.414965500000000020e+03 1.406158826815384445e-05
1.411157120000000077e+03 3.360619790468407167e-06
1.410246229999999969e+03 1.194344872503029361e-05
1.407006730000000061e+03 3.641834918789234218e-06
1.406018229999999903e+03 1.923193506424759512e-05
1.400792660000000069e+03 1.214855229018243012e-05
1.397486979999999903e+03 3.095891322932085585e-06
1.396643980000000056e+03 2.647186364556561125e-06
1.395922970000000078e+03 9.231571558194568767e-06
1.393407200000000103e+03 8.842797131692729941e-06
1.390995359999999891e+03 2.050710763700900840e-05
1.385394489999999905e+03 5.622540471369942395e-06
1.383856999999999971e+03 1.391120469295049418e-05
1.380049490000000105e+03 3.579443886974915590e-06
1.379068989999999985e+03 5.488651223019347344e-06
1.377564869999999928e+03 1.493136912444757571e-05
1.373469110000000001e+03 1.195580158902517434e-05
1.370185390000000098e+03 6.825795175536014211e-06
1.368308980000000020e+03 3.985003406506340873e-06
1.367212939999999890e+03 9.842767616713148663e-06
1.364503989999999931e+03 2.393934473489288319e-05
1.357904700000000048e+03 3.257728240757559703e-06
1.357005480000000034e+03 1.950019285686334215e-05
1.351616999999999962e+03 3.493102739172106787e-05
1.341938990000000103e+03 9.672736716090764175e-06
1.339253210000000081e+03 1.200243621060913053e-05
1.335916999999999916e+03 5.542814913368811586e-06
1.334374980000000050e+03 9.168330807481589481e-06
1.331822480000000041e+03 3.304232298786087775e-06
1.330902000000000044e+03 7.816091741605307546e-06
1.328723420000000033e+03 7.819328737888967210e-06
1.326542239999999993e+03 3.569471229903685063e-06
1.325545980000000100e+03 3.722213990729163916e-06
1.324506710000000112e+03 7.300504208832673876e-06
1.322467229999999972e+03 2.834097655266621583e-06
1.321675089999999955e+03 4.562185715522433913e-06
1.320399470000000065e+03 9.442272275058245069e-06
1.317757479999999987e+03 3.645174685657187265e-06
1.316736869999999954e+03 7.673862666687962923e-06
1.314587039999999888e+03 1.964719926094531246e-05
1.309075250000000096e+03 6.344564634486130450e-06
1.307292999999999893e+03 2.405390263858017504e-06
1.306616999999999962e+03 6.625990715651204914e-06
1.304753999999999905e+03 1.789217278453125476e-05
1.299717000000000098e+03 1.500812880875545496e-05
1.295484740000000102e+03 1.149754051036565250e-05
1.292238000000000056e+03 7.916554776431230402e-06
1.290000219999999899e+03 1.927233286618626902e-05
1.284544740000000047e+03 5.841204071873910280e-06
1.282889069999999947e+03 5.321786349029659654e-06
1.281379740000000083e+03 1.208182890471554709e-05
1.277950019999999995e+03 8.000549365977266086e-06
1.275676449999999932e+03 7.671569481298753704e-06
1.273494549999999890e+03 5.781682690756639019e-06
1.271848979999999983e+03 2.841192077204817267e-05
1.263747599999999920e+03 5.817689104670828577e-06
1.262085679999999911e+03 2.768340342005878160e-05
1.254163050000000112e+03 3.631094631193145491e-06
1.253122100000000046e+03 1.414185019802304273e-05
1.249064000000000078e+03 6.987575493552988592e-06
1.247056530000000066e+03 1.075215783202616705e-05
1.243964490000000069e+03 7.011263581342969600e-06
1.241946239999999989e+03 5.352656368274074161e-06
1.240404369999999972e+03 5.316953560931295121e-06
1.238871869999999944e+03 4.291597208691949425e-06
1.237634240000000091e+03 9.813263585474514702e-06
1.234801999999999907e+03 3.861808406890284379e-06
1.233686570000000074e+03 1.057208352745018110e-05
1.230630470000000059e+03 5.301771519493247956e-06
1.229096489999999903e+03 9.491388947992265339e-06
1.226347989999999982e+03 9.160562865122700646e-06
1.223692450000000008e+03 1.056599496102677553e-05
1.220625999999999976e+03 2.664944218905586840e-06
1.219851989999999887e+03 1.562498208793826034e-05
1.215308999999999969e+03 8.829999438830980855e-06
1.212737969999999905e+03 1.691257083871181002e-05
1.207806000000000040e+03 1.674998230668305172e-06
1.207317000000000007e+03 1.167845293886661321e-06
1.206976000000000113e+03 5.300766040938378442e-06
1.205427619999999933e+03 1.165271394242287888e-05
1.202020289999999932e+03 8.622057620723003611e-06
1.199496000000000095e+03 1.491485196300308367e-05
1.195122929999999997e+03 2.813796060936745342e-06
1.194296990000000051e+03 1.628010845441511873e-06
1.193818980000000010e+03 1.790993290143356192e-06
1.193292999999999893e+03 3.333770936159252975e-06
1.192313609999999926e+03 1.058137197035814649e-05
1.189202189999999973e+03 9.004544045820005329e-06
1.186550950000000057e+03 4.049772878434874170e-06
1.185357490000000098e+03 9.714120918768427181e-06
1.182491960000000063e+03 1.862548297627951313e-05
1.176986000000000104e+03 2.540287839471437880e-05
1.169447490000000016e+03 3.191363045588839245e-06
1.168497489999999971e+03 3.255938209735015674e-05
1.158733750000000100e+03 3.183263476743053877e-06
1.157764750000000049e+03 2.203174373521638076e-05
1.147292500000000018e+03 2.458258573550601276e-06
1.146259360000000015e+03 6.348345078727753025e-06
1.144109989999999925e+03 3.894019667624741631e-06
1.142856999999999971e+03 3.121516925652023579e-05
1.133050989999999956e+03 4.034299555880366911e-06
1.131789119999999912e+03 3.258881713682052920e-05
1.121574350000000095e+03 7.614794819440413378e-06
1.119179440000000113e+03 3.642734275305849838e-06
1.118032490000000053e+03 4.508583963810240244e-06
1.116611730000000080e+03 3.824457302431326001e-06
1.115405500000000075e+03 1.389686879543689904e-05
1.111013999999999896e+03 2.568491001074641308e-06
1.110200849999999946e+03 5.114270534556325675e-06
1.108580320000000029e+03 3.350936893363467204e-06
1.107517489999999952e+03 8.710805591952825827e-06
1.104750739999999951e+03 2.390822578462785682e-05
1.097126970000000028e+03 2.689668385369582327e-06
1.096266470000000027e+03 3.691576643144255241e-06
1.095084479999999985e+03 2.466890650538566217e-06
1.094294000000000096e+03 5.358459549162655881e-06
1.092575239999999894e+03 6.281411585757405534e-06
1.090557420000000093e+03 3.478981534458045554e-06
1.089438429999999926e+03 9.073546151335263102e-06
1.086515210000000025e+03 4.995063571030304224e-06
1.084902990000000045e+03 3.928705305689774764e-06
1.083633469999999988e+03 1.546902699586631758e-05
1.078622309999999970e+03 8.831429958145164814e-06
1.075752999999999929e+03 2.140472141564464002e-05
1.068822349999999915e+03 3.706496803371730097e-06
1.067639460000000099e+03 1.636358170139936918e-05
1.062427989999999909e+03 3.050137651888210312e-06
1.061456169999999929e+03 2.090480801617819245e-05
1.054787479999999960e+03 3.642076545953304004e-06
1.053624090000000024e+03 3.354968987817846213e-06
1.052551989999999932e+03 2.207155529017867055e-06
1.051846459999999979e+03 9.210914689477450032e-06
1.048900249999999915e+03 8.845734466777096136e-06
1.046067990000000009e+03 1.070575213111017882e-05
1.042636490000000094e+03 5.164362667269997095e-06
1.040979739999999993e+03 3.715864306963104604e-06
1.039787109999999984e+03 1.673484186593157699e-05
1.034410239999999931e+03 6.609140260606679616e-06
1.032284229999999980e+03 3.414079141128496265e-06
1.031185459999999921e+03 3.079717686286751909e-06
1.030193989999999985e+03 1.069883025781497944e-05
1.026747429999999895e+03 8.070455205178227686e-06
1.024145369999999957e+03 3.045496603967615670e-06
1.023162969999999973e+03 1.088273641250916713e-05
1.019650420000000054e+03 1.213726962263174931e-06
1.019258479999999963e+03 2.252490339356453733e-06
1.018530999999999949e+03 4.277989408003843906e-06
1.017149000000000001e+03 2.996116652742587269e-06
1.016180839999999989e+03 8.130967872219163931e-06
1.013552339999999958e+03 4.591156500899634905e-06
1.012067490000000021e+03 5.393179126098128948e-06
1.010322670000000016e+03 4.810039902578482646e-06
1.008765999999999963e+03 1.301657958115850312e-05
1.004551209999999969e+03 6.527004123787114857e-06
1.002436619999999948e+03 7.401114055180533230e-06
1.000038000000000011e+03 3.797782916281770328e-06
9.988068449999999530e+02 4.148556272851064991e-06
9.974616999999999507e+02 1.115468871982391864e-05
9.938427629999999908e+02 4.716663067547594147e-06
9.923112770000000182e+02 2.483533569304335690e-06
9.915045479999999998e+02 3.742223333615823633e-06
9.902885169999999562e+02 7.722817945842879277e-06
9.877773079999999482e+02 7.238761423913854082e-06
9.854214190000000144e+02 7.126594083044472101e-06
9.831000589999999875e+02 6.692644562961971677e-06
9.809182540000000472e+02 2.544099226558286055e-06
9.800884190000000444e+02 3.835923611117601396e-06
9.788367389999999659e+02 4.099112235124442564e-06
9.774985440000000381e+02 2.402149214726788761e-05
9.696432439999999815e+02 2.557068734855365131e-06
9.688057139999999663e+02 2.031799331969648398e-05
9.621415729999999940e+02 5.222045994279838423e-06
9.604261000000000195e+02 7.739090945912742187e-06
9.578817259999999578e+02 2.982507467181633841e-06
9.569005170000000362e+02 2.752843513304554328e-05
9.478265999999999849e+02 2.512029520602562067e-06
9.469969999999999573e+02 6.171832731385479795e-06
9.449575999999999567e+02 1.022717640437945896e-06
9.446194980000000214e+02 6.248515824004241296e-06
9.425528000000000475e+02 3.510922233311975994e-06
9.413908099999999877e+02 2.681173638522053312e-05
9.324987989999999627e+02 3.495339139849598197e-06
9.313371399999999767e+02 3.972541110837188649e-06
9.300161819999999580e+02 2.966009035541089214e-06
9.290294259999999440e+02 6.129403031996039394e-06
9.269888989999999467e+02 4.372318783960120844e-06
9.255321999999999889e+02 9.672391570874291786e-06
9.223063660000000255e+02 4.779299067201980331e-06
9.207107130000000552e+02 2.822770895875634584e-06
9.197677449999999908e+02 6.053912920791767471e-06
9.177440400000000409e+02 7.607511738083057110e-06
9.151983729999999468e+02 1.211800256756767254e-05
9.111372910000000047e+02 2.948379398517981428e-06
9.101480659999999716e+02 2.389204447445779535e-06
9.093461230000000342e+02 3.809921681538866183e-06
9.080666999999999689e+02 3.236936382256982521e-06
9.069791000000000167e+02 4.530344009398043160e-06
9.054560000000000173e+02 4.704229221654003255e-06
9.038732999999999720e+02 1.739032211971118882e-05
8.980122840000000224e+02 7.538237464802820839e-06
8.954666469999999663e+02 2.893285846912767371e-05
8.856671350000000302e+02 8.659434299404911880e-06
8.827250980000000027e+02 3.753517899592486377e-06
8.814485190000000330e+02 7.974485351664678146e-06
8.787337019999999939e+02 7.599793051343941067e-06
8.761430289999999559e+02 3.935253870661271839e-06
8.748002310000000534e+02 1.421703389929831552e-05
8.699414450000000443e+02 2.229514700598477018e-06
8.691784000000000106e+02 1.290220525519523687e-05
8.647567900000000236e+02 4.214256307255649409e-06
8.633103740000000244e+02 7.711294152009876549e-06
8.606608999999999696e+02 3.609316879515449782e-05
8.482108699999999999e+02 7.865874503913712957e-06
8.454867000000000417e+02 7.896096014770837918e-06
8.427480689999999868e+02 3.327929380514629898e-06
8.415926210000000083e+02 2.358151973184235476e-06
8.407734400000000505e+02 3.120697335606089138e-06
8.396888050000000021e+02 2.960811269110205126e-06
8.386591499999999542e+02 6.548411946124350985e-06
8.363798170000000027e+02 1.029924925578675899e-05
8.327891650000000254e+02 1.549061135451379057e-06
8.322485000000000355e+02 2.348909052031992651e-05
8.240303290000000516e+02 7.811677945401574122e-06
8.212889079999999922e+02 4.327524133335056428e-06
8.197684000000000424e+02 6.938482847024612098e-06
8.173278000000000247e+02 2.621761618630707865e-06
8.164047259999999824e+02 2.560926143041594212e-05
8.073626550000000179e+02 5.612964192450764679e-06
8.053745689999999513e+02 3.571986582685573738e-06
8.041082000000000107e+02 1.054015841683366109e-05
8.003659999999999854e+02 8.840645850721944593e-06
7.972209100000000035e+02 6.769126141632976686e-06
7.948088599999999815e+02 1.054050466848807279e-05
7.910461420000000317e+02 4.513171372413350239e-07
7.908848460000000387e+02 1.435788168286662359e-05
7.857454460000000154e+02 2.843029365700365633e-06
7.847259239999999636e+02 1.134049510983032441e-05
7.806530000000000200e+02 8.140748719754835165e-06
7.777231100000000197e+02 3.052426984909995531e-05
7.666906999999999925e+02 1.455740085710312646e-06
7.661626890000000003e+02 4.419065101040242642e-06
7.645588010000000168e+02 5.042939613822491912e-06
7.627265419999999949e+02 4.716256687932431828e-06
7.610111000000000558e+02 1.387075806201110328e-06
7.605062329999999520e+02 6.753912514175817053e-06
7.580456880000000410e+02 8.696758459368718184e-06
7.548717840000000479e+02 3.650747643763854917e-06
7.535375599999999849e+02 4.040722872082374037e-06
7.520595140000000356e+02 8.202827285741087155e-06
7.490548000000000002e+02 3.442573189808952803e-06
7.477920789999999442e+02 8.637835685816429090e-06
7.446192999999999529e+02 6.158759599550700053e-06
7.423531980000000203e+02 3.798711141227390352e-07
7.422133179999999584e+02 2.162303905336379007e-05
7.342303229999999985e+02 6.345376472394727140e-06
7.318798689999999851e+02 3.456553510431612110e-05
7.190125769999999648e+02 1.034557783241965373e-05
7.151400969999999688e+02 1.025590665252463222e-05
7.112912969999999859e+02 6.528560166389376152e-06
7.088361079999999674e+02 7.125072943637126725e-06
7.061519580000000360e+02 1.889424037034800475e-06
7.054393609999999626e+02 2.370591992002550814e-06
7.045448059999999941e+02 8.028453124403382585e-06
7.015112000000000307e+02 2.904585961410716433e-06
7.004121430000000146e+02 5.262920219025317616e-06
6.984186280000000124e+02 1.812568433645882492e-06
6.977314270000000533e+02 3.148239236402901611e-06
6.965370649999999841e+02 8.031735628283250117e-06
6.934855999999999767e+02 3.980699303357758311e-06
6.919708580000000211e+02 6.896883697652691857e-06
6.893427000000000362e+02 1.102851658300557821e-06
6.889220000000000255e+02 1.649908953584090549e-05
6.826134389999999712e+02 3.540694762959549090e-06
6.812559939999999870e+02 5.711154289458128931e-06
6.790637000000000398e+02 8.665344842426487545e-06
6.757309269999999515e+02 2.509945167200878036e-06
6.747641109999999571e+02 8.719013780723614622e-06
6.714004390000000058e+02 9.117249323042659137e-06
6.678745000000000118e+02 7.237902350643072531e-06
6.650690230000000156e+02 1.627177332784216983e-06
6.644375360000000228e+02 4.218886696965118214e-06
6.627989019999999982e+02 6.552317582757262247e-06
6.602501099999999497e+02 6.824093696547072769e-06
6.575905950000000075e+02 1.003138915781052218e-05
6.536717549999999619e+02 1.643556050498065293e-05
6.472266039999999521e+02 7.751350825481657494e-06
6.441762489999999843e+02 6.315535116136450063e-06
6.416857999999999720e+02 2.909680219372286008e-06
6.405368469999999661e+02 2.473550395056382822e-06
6.395593330000000378e+02 2.014858127020561949e-06
6.387625590000000102e+02 4.368270972835528028e-06
6.370334930000000213e+02 6.061190108519166606e-06
6.346305999999999585e+02 6.949913719774262068e-07
6.343547999999999547e+02 2.810939764172674748e-06
6.332387220000000525e+02 1.219321451585376964e-06
6.327542999999999438e+02 8.253434721638070655e-07
6.324262999999999693e+02 5.441069359333338601e-06
6.302619210000000294e+02 1.217625615573775096e-06
6.297770799999999554e+02 4.119697923268835453e-06
6.281353490000000193e+02 2.279169356262050752e-06
6.272261999999999489e+02 3.553668780443924673e-06
6.258074000000000296e+02 1.495233809929638636e-05
6.198206850000000259e+02 3.878010077205961987e-06
6.182634460000000445e+02 2.391626416955135320e-06
6.173021340000000237e+02 1.956387359029115076e-06
6.165152309999999716e+02 1.809437810009520152e-06
6.157870050000000219e+02 1.342491061978516320e-06
6.152464390000000094e+02 4.471250116880867430e-06
6.134444029999999657e+02 5.143045008155708726e-06
6.113684680000000071e+02 3.848636408445916919e-06
6.098127919999999449e+02 1.175910560413786668e-05
6.050477349999999888e+02 5.506046235865035357e-06
6.028103660000000446e+02 8.389682094903852725e-06
5.993935579999999845e+02 2.193755632445178556e-06
5.984985820000000558e+02 5.062755625311239197e-06
5.964307000000000016e+02 4.769598763156112301e-06
5.944794090000000324e+02 5.142740622263916075e-07
5.942688309999999774e+02 7.182446811933839130e-06
5.913241000000000440e+02 3.345676032245062604e-06
5.899499960000000556e+02 4.975512507887093156e-06
5.879036479999999756e+02 1.483464106540216321e-06
5.872928600000000188e+02 3.406000143705726539e-06
5.858893470000000434e+02 2.613323080090947099e-06
5.848113759999999957e+02 1.621091134418459532e-05
5.781030329999999822e+02 5.802734593820832484e-06
5.756926660000000311e+02 1.192546667283584514e-06
5.751966999999999643e+02 3.247174112040431972e-06
5.738451959999999872e+02 8.232219710645644365e-06
5.704119940000000497e+02 1.303503922351011734e-05
5.649554000000000542e+02 9.237531559995509237e-07
5.645677490000000489e+02 7.395455738544608219e-06
5.614596380000000408e+02 2.351097090050036415e-06
5.604697999999999638e+02 4.286651429036280819e-06
5.586629000000000360e+02 2.288341287277315753e-06
5.576971700000000283e+02 4.050015760278845546e-06
5.559859969999999976e+02 8.053712908731032095e-06
5.525756579999999758e+02 3.245782638945634178e-06
5.511983669999999620e+02 9.646907184644696820e-06
5.470950490000000173e+02 3.816984750356030814e-06
5.454673999999999978e+02 1.738006312027200503e-06
5.447255000000000109e+02 7.484693612136799006e-06
5.415249459999999999e+02 2.942518614941343040e-06
5.402641929999999775e+02 4.616947072123225797e-06
5.382831559999999627e+02 1.792760488640305918e-06
5.375129739999999856e+02 1.406700386716522215e-05
5.314511459999999943e+02 3.671748568829188008e-06
5.298634230000000116e+02 3.026359364050019332e-06
5.285530489999999872e+02 2.824760618968514957e-06
5.273285489999999527e+02 5.583442527530603020e-06
5.249041479999999638e+02 2.249987362998088309e-06
5.239256480000000238e+02 1.262639222598656595e-06
5.233761510000000499e+02 5.292581088479570525e-06
5.210697999999999865e+02 4.733231595003061391e-06
5.190030209999999897e+02 9.196154640360271838e-06
5.149761029999999664e+02 1.234737345886339657e-05
5.095452999999999975e+02 2.388813158154389948e-06
5.084913999999999987e+02 3.340175782984425332e-06
5.070160099999999943e+02 7.132587914222668129e-06
5.038585269999999809e+02 4.872508676841750917e-06
5.016960589999999911e+02 1.812668850792039230e-06
5.008904329999999732e+02 3.276963470070119052e-06
4.994324270000000183e+02 5.408089878245619930e-06
4.970217190000000187e+02 3.588696521957972267e-06
4.954189000000000078e+02 9.492185812263760270e-06
4.911672689999999761e+02 6.692592182792713893e-07
4.908668319999999881e+02 1.654029053625356167e-06
4.901239410000000021e+02 1.744435708863901054e-05
4.822555330000000140e+02 3.165170434492061237e-06
4.808212229999999749e+02 2.198278311087930466e-06
4.798238479999999981e+02 2.186992601448342304e-06
4.788306000000000040e+02 6.628841278926378740e-06
4.758139400000000023e+02 7.725558257930879757e-06
4.722864999999999895e+02 2.061466483382594350e-06
4.713430999999999926e+02 1.477522028177866616e-05
4.645545490000000086e+02 6.951059385005100601e-06
4.613442749999999819e+02 8.725397698377665779e-07
4.609405399999999986e+02 1.999162916049419296e-06
4.600148570000000063e+02 4.144567794651758765e-06
4.580928999999999860e+02 4.598041243254710921e-06
4.559560819999999808e+02 1.188535927767295511e-06
4.554029540000000225e+02 1.761683844025292461e-06
4.545824929999999995e+02 3.247421869646467458e-06
4.530682069999999726e+02 4.395733143107001180e-06
4.510145529999999781e+02 6.343122779125210138e-06
4.480430999999999813e+02 3.217808319565164235e-06
4.465320649999999887e+02 8.150736871698907398e-06
4.426934899999999971e+02 2.005999197398632646e-06
4.417463000000000193e+02 1.677377175609227519e-06
4.409535230000000183e+02 2.358625073649218950e-06
4.398376000000000090e+02 3.313932906387621847e-07
4.396807000000000016e+02 1.887266341425155376e-06
4.387866460000000188e+02 7.393597368273939362e-06
4.352755470000000173e+02 4.584389876137009073e-06
4.330916000000000281e+02 1.084911739022058538e-06
4.325739820000000009e+02 2.031781113643538113e-06
4.316037999999999784e+02 7.076033073344192372e-06
4.282167000000000030e+02 2.239294129438651502e-07
4.281093000000000188e+02 2.262371329329960631e-06
4.270235000000000127e+02 8.701160047529703310e-07
4.266055420000000140e+02 8.527662181749894819e-06
4.224987510000000270e+02 4.103848834319225863e-06
4.205154999999999745e+02 3.021909838977055185e-06
4.190522129999999947e+02 3.093489068764299271e-06
4.175516979999999876e+02 2.561114472837773512e-06
4.163074359999999956e+02 5.320180695145160554e-06
4.137169660000000135e+02 5.836356962261790021e-06
4.108661000000000172e+02 7.874996409088980584e-07
4.104807000000000130e+02 2.915794127860544897e-06
4.090521909999999934e+02 2.796300261761927113e-06
4.076799530000000118e+02 2.538588225146203064e-06
4.064322440000000256e+02 9.738263398147866544e-07
4.059531190000000151e+02 2.786379590815049395e-06
4.045806959999999890e+02 1.415773523613028077e-05
3.975720969999999852e+02 2.790798345925051307e-06
3.961834890000000087e+02 5.853103684429799914e-06
3.932634879999999953e+02 8.853294722003353534e-07
3.928208999999999946e+02 2.279471648477345853e-06
3.916802480000000060e+02 5.602719920420448520e-06
3.888697690000000193e+02 4.074487008638700116e-06
3.868197000000000116e+02 5.991387986213349147e-06
3.837955309999999827e+02 2.041389055316833790e-06
3.827624920000000088e+02 9.477101796818231098e-07
3.822824459999999931e+02 2.401689642653353073e-06
3.810645999999999844e+02 1.853765512911282336e-07
3.809705210000000193e+02 8.088438630464618408e-07
3.805598989999999731e+02 2.567580911285567936e-06
3.792549999999999955e+02 1.230418959664370420e-05
3.729712109999999825e+02 9.120192595617375289e-07
3.725033999999999992e+02 3.443140878925792997e-06
3.707346999999999753e+02 1.538324507429935518e-06
3.699431579999999826e+02 1.710967507861802009e-06
3.690618170000000191e+02 5.421990614917456932e-06
3.662620999999999754e+02 4.834210458687374703e-06
3.637570959999999900e+02 1.641578241659888467e-06
3.629045520000000238e+02 7.124688327944050679e-06
3.591930429999999888e+02 2.791422362532743579e-06
3.577338070000000130e+02 3.982833569537319287e-07
3.575253660000000195e+02 1.531513887773541562e-06
3.567232999999999947e+02 3.323207341753113146e-06
3.549798900000000117e+02 2.764543006780453514e-06
3.535263909999999896e+02 1.996680819059845699e-06
3.524748000000000161e+02 7.650893216646710973e-07
3.520714469999999778e+02 2.796296000077209714e-06
3.505953339999999798e+02 3.850064734591863392e-06
3.485579999999999927e+02 3.914070035113413658e-06
3.464808429999999930e+02 2.470538689950556945e-07
3.463495310000000131e+02 3.554658255509599490e-06
3.444574989999999843e+02 3.008812095202349220e-06
3.428520459999999730e+02 3.988261659322863061e-06
3.407183220000000006e+02 2.239897630117010844e-06
3.395171219999999721e+02 4.791478037731823385e-06
3.369406070000000000e+02 1.056530053313771952e-06
3.363711920000000077e+02 1.572105367506349138e-06
3.355230399999999804e+02 2.063179369721638206e-06
3.344083689999999933e+02 3.804655199581876885e-06
3.323480799999999817e+02 8.814466016257535731e-06
3.275508169999999950e+02 1.173474250901347079e-06
3.269095780000000104e+02 1.032616493459704343e-06
3.263448030000000131e+02 2.391502845367595296e-06
3.250349729999999795e+02 5.427388116949470145e-06
3.220527999999999906e+02 3.817875930744324318e-06
3.199469260000000190e+02 1.030642513421151855e-06
3.193772849999999721e+02 5.299277554462746722e-06
3.164404959999999960e+02 2.815548931558619204e-06
3.148747510000000034e+02 5.021088528660753652e-07
3.145951269999999909e+02 1.247544942013977413e-06
3.138998460000000250e+02 3.133106562014308502e-06
3.121503890000000183e+02 4.876437972645286334e-06
3.094179429999999797e+02 1.694140017653596043e-06
3.084658999999999764e+02 4.480651514673131389e-06
3.059410050000000183e+02 1.608487966527788882e-06
3.050321260000000052e+02 1.069942994683527062e-05
2.989523740000000203e+02 1.397202320920491763e-06
2.981539989999999989e+02 4.636471410053756779e-06
2.954971689999999853e+02 8.155046842395905889e-06
2.907955840000000194e+02 3.570198254783780709e-06
2.887255779999999845e+02 1.334668774852352446e-06
2.879498740000000225e+02 1.576531985271062345e-06
2.870322840000000042e+02 1.324519203839822022e-06
2.862602650000000040e+02 9.586218633348339704e-06
2.806420959999999809e+02 3.142029679451905556e-06
2.787887000000000057e+02 2.335792573962294011e-06
2.774069759999999860e+02 1.601859198729130594e-07
2.773120959999999968e+02 1.720706279195162647e-06
2.762918999999999983e+02 4.408067446068796921e-06
2.736699469999999792e+02 2.629489032075764138e-06
2.721000480000000152e+02 1.512002405486937247e-06
2.711953209999999785e+02 3.535322563574182944e-06
2.690741290000000276e+02 7.158293283227880260e-07
2.686436370000000124e+02 3.166311735434616816e-06
2.667353889999999978e+02 1.187055182924810989e-06
2.660182629999999904e+02 5.969846054052483416e-06
2.623972999999999729e+02 2.788271708219790989e-06
2.606977130000000216e+02 7.393365590215559429e-07
2.602461430000000178e+02 1.069346357175777333e-06
2.595923319999999990e+02 5.107194414029292363e-06
2.564585490000000050e+02 1.555117373596760299e-06
2.555006070000000022e+02 2.003967568559371118e-06
2.542635769999999980e+02 3.115396015740106798e-06
2.523345979999999997e+02 3.601347515158286771e-07
2.521111459999999909e+02 4.436188604217852361e-06
2.493506240000000105e+02 1.282932070752993131e-06
2.485494999999999948e+02 3.802690393074340604e-07
2.483117990000000077e+02 1.368650991944056454e-06
2.474553500000000099e+02 2.733549279219562264e-06
2.457404400000000066e+02 8.003757522107434054e-07
2.452372100000000046e+02 1.598833559775262492e-06
2.442304389999999898e+02 3.866965917686684021e-06
2.417869970000000137e+02 1.891964710325150691e-06
2.405870999999999924e+02 6.259681089915430731e-06
2.365960739999999873e+02 3.904707683849773193e-06
2.340897469999999885e+02 4.617391112095521480e-07
2.337924999999999898e+02 8.095501917479016086e-07
2.332709000000000117e+02 9.185624054362388854e-07
2.326783690000000036e+02 1.118136756867528462e-06
2.319560999999999922e+02 2.181589148745342852e-06
2.305437000000000012e+02 1.860456749137270091e-06
2.293358470000000011e+02 2.084054615074182870e-07
2.292003510000000119e+02 5.503711521723756724e-07
2.288423349999999914e+02 2.688869066150243755e-06
2.270892609999999934e+02 1.645442228582234173e-06
2.260131959999999935e+02 7.577318688773324236e-07
2.255168189999999981e+02 2.069442735628980146e-06
2.241584239999999966e+02 5.795687103576738763e-07
2.237772679999999923e+02 1.471976193343409587e-06
2.228077810000000056e+02 9.497250802466257276e-07
2.221811649999999929e+02 2.201186881724805452e-07
2.220358099999999979e+02 1.392263836735325335e-07
2.219438480000000027e+02 2.812983781799929377e-06
2.200817879999999889e+02 7.475591336613526255e-06
2.150952240000000018e+02 1.751875302305222915e-06
2.139184339999999906e+02 7.997363396566674217e-07
2.133801679999999976e+02 5.131769177624864714e-06
2.099101740000000120e+02 8.468458102770865369e-07
2.093348489999999913e+02 1.415300614224181806e-06
2.083715929999999901e+02 1.338926151298556985e-06
2.074583000000000084e+02 1.210068321647108640e-06
2.066312000000000069e+02 1.203606957940925003e-06
2.058069000000000131e+02 2.776776534990883216e-07
2.056165000000000020e+02 2.085092719321059059e-06
2.041839999999999975e+02 1.271982883942980725e-06
2.033076939999999979e+02 1.557432878199792574e-06
2.022322000000000060e+02 5.407351267292376749e-07
2.018581350000000043e+02 1.581556465598531874e-06
2.007620990000000063e+02 1.280845976994721611e-06
1.998722999999999956e+02 1.372985791554415509e-06
1.989163240000000030e+02 9.683873526610583744e-07
1.982406990000000064e+02 3.842960215067686067e-06
1.955482800000000054e+02 4.094313794769028603e-06
1.926595470000000034e+02 8.822705479637535554e-07
1.920342740000000106e+02 3.217139787568374026e-06
1.897457110000000000e+02 4.343862170495380891e-07
1.894356640000000027e+02 3.965959003634530971e-07
1.891523720000000139e+02 7.832210344683671199e-06
1.835141209999999887e+02 1.362979680089819476e-06
1.825242389999999943e+02 9.142596927544371882e-07
1.818587620000000129e+02 1.627227039009581212e-06
1.806713479999999947e+02 9.158562638395271169e-07
1.800013399999999990e+02 4.623517720221903871e-07
1.796626329999999996e+02 5.972103054140412257e-07
1.792246660000000134e+02 4.267318971167641894e-07
1.789113969999999938e+02 8.873443098533881996e-07
1.782591199999999958e+02 2.787489416609745912e-07
1.780539719999999875e+02 3.751686532573998937e-07
1.777776790000000062e+02 2.171402635233157682e-06
1.761743710000000078e+02 1.401592358642549529e-06
1.751356450000000109e+02 1.827619943866996781e-06
1.737766080000000102e+02 2.083929835974111167e-06
1.722205519999999979e+02 2.898034997408441337e-07
1.720036090000000115e+02 7.423141108189280907e-07
1.714473059999999975e+02 1.105937244555773545e-06
1.706168419999999912e+02 4.952274360286489156e-07
1.702443220000000110e+02 6.871529822647722024e-07
1.697267650000000003e+02 3.059242880072999822e-06
1.674130450000000110e+02 7.582554385236363337e-07
1.668371339999999918e+02 3.138621642175127083e-07
1.665984620000000120e+02 1.685583729006673518e-06
1.653137849999999958e+02 1.687494180704305355e-06
1.640226999999999862e+02 1.052451065777118136e-06
1.632149369999999919e+02 2.067947104199790417e-06
1.616219959999999958e+02 4.345857583555173504e-07
1.612862489999999980e+02 8.478931938887972232e-07
1.606301980000000071e+02 4.563970877277924185e-06
1.570758089999999925e+02 6.455257526203324469e-07
1.565698769999999911e+02 2.484511428510918465e-06
1.546150440000000117e+02 1.006272869235708042e-06
1.538198230000000137e+02 9.821530153456407094e-07
1.530416999999999916e+02 1.718237772163984232e-06
1.516756809999999973e+02 2.400461937926156229e-07
1.514843579999999861e+02 1.334426166906113635e-06
1.504185999999999979e+02 2.269047613897312429e-06
1.485977680000000021e+02 1.142433737983878899e-06
1.476768199999999922e+02 9.183210858968382715e-07
1.469344719999999995e+02 1.184720313886382452e-06
1.459740239999999858e+02 9.077442141619072649e-07
1.452359999999999900e+02 3.470124486756162956e-06
1.423973740000000134e+02 6.800122391304187033e-08
1.423414689999999894e+02 8.762698623128893384e-07
1.416200969999999870e+02 4.493300330659176247e-06
1.378920369999999878e+02 2.643833907195214587e-07
1.376711320000000001e+02 3.662768490562871125e-07
1.373648000000000025e+02 1.091631707885040573e-06
1.364498100000000136e+02 4.436261588547739240e-07
1.360771000000000015e+02 4.539409663400241818e-07
1.356951999999999998e+02 1.089294177662488231e-06
1.347765980000000070e+02 1.034086625587215600e-06
1.339016740000000141e+02 3.773615227000072986e-07
1.335816890000000114e+02 3.100968340782969695e-06
1.309376479999999958e+02 9.568941228568197359e-07
1.301164080000000070e+02 6.634521882597931289e-07
1.295455000000000041e+02 1.618025935644515749e-07
1.294060780000000079e+02 3.139507484617690530e-06
1.266858909999999980e+02 1.517123435347182329e-06
1.253609919999999960e+02 1.063034042013747406e-06
1.244284999999999997e+02 2.343710613422270873e-06
1.223602360000000004e+02 1.033869530164836604e-06
1.214423500000000047e+02 2.851173721153508818e-06
1.188929729999999978e+02 9.972181075013565721e-07
1.179949000000000012e+02 3.861819110640056524e-07
1.176462010000000049e+02 1.541792333233851645e-06
1.162489049999999935e+02 6.544961341263552890e-07
1.156532239999999945e+02 1.841770336259434395e-06
1.139687150000000031e+02 6.939962862782133660e-08
1.139050000000000011e+02 1.412980679977258511e-06
1.126038819999999987e+02 6.881209807531587259e-07
1.119675299999999964e+02 6.752857768105878565e-07
1.113412959999999998e+02 1.004850052789517906e-06
1.104061829999999986e+02 3.058294608969463550e-07
1.101207969999999960e+02 5.417034805367150793e-07
1.096144000000000034e+02 6.314624377999500026e-07
1.090226229999999958e+02 3.184240853807984419e-07
1.087236050000000063e+02 7.311928352353208259e-07
1.080354219999999970e+02 7.707039942043414792e-07
1.073076860000000039e+02 3.725648361391152241e-07
1.069550119999999964e+02 1.597590476779896408e-06
1.054361040000000003e+02 4.903020170661182280e-07
1.049677669999999949e+02 1.265842044178822487e-06
1.037537959999999941e+02 1.476675240578708159e-07
1.036117200000000054e+02 9.772187032493310484e-07
1.026690480000000036e+02 2.361589568420796049e-06
1.003729359999999957e+02 1.491497960547764395e-07
1.002270469999999989e+02 1.827101070785631012e-06
9.843121449999999584e+01 6.543135143692129026e-07
9.778412830000000611e+01 5.531788139630612837e-07
9.723539279999999962e+01 2.884891675378199028e-06
9.434821460000000570e+01 1.509634518916462997e-07
9.419592539999999303e+01 3.707359389369031218e-07
9.382141230000000576e+01 9.880716375411742620e-07
9.281961389999999312e+01 5.074161023757213376e-07
9.230305140000000108e+01 7.379265487443853810e-07
9.154924180000000433e+01 2.906677319393823781e-07
9.125146829999999909e+01 2.236054017114761981e-07
9.102206669999999633e+01 3.357016816565011757e-07
9.067712120000000198e+01 5.867075615101441585e-07
9.007268229999999676e+01 1.009990612008967011e-06
8.902740260000000205e+01 4.930028793365661546e-07
8.851494900000000143e+01 1.113016504360649365e-07
8.839905160000000706e+01 1.715494729776665228e-06
8.660301450000000045e+01 5.879557408853142678e-07
8.598317579999999793e+01 3.285874304720174223e-07
8.563579810000000236e+01 1.021344782399062733e-06
8.455152630000000613e+01 1.033666063917972569e-06
8.344706759999999690e+01 4.546934721354808541e-07
8.295892080000000135e+01 5.284080081458504230e-07
8.238982950000000471e+01 7.189141857039316118e-07
8.161239890000000230e+01 3.280627988295942588e-07
8.125640370000000701e+01 7.067472996824088066e-07
8.048682230000000004e+01 1.109089889537354481e-07
8.036571969999999965e+01 1.785319937603472261e-07
8.017058729999999400e+01 2.905632789853064786e-07
7.985249860000000410e+01 3.215487932816566990e-07
7.949975030000000231e+01 1.021482036576286422e-06
7.837392710000000307e+01 4.696594516336595297e-07
7.785357899999999631e+01 5.666226774148255952e-07
7.722348159999999950e+01 1.184925343392828051e-06
7.589743489999999326e+01 4.241403264938395870e-07
7.541996500000000481e+01 1.075779036203257744e-06
7.420208420000000160e+01 9.987288083492259278e-07
7.306242299999999545e+01 3.122563469590482881e-07
7.270427929999999606e+01 5.302266579221837753e-07
7.209410420000000386e+01 8.660282200921762775e-07
7.109189999999999543e+01 2.695056957105715290e-07
7.077857500000000357e+01 5.638723268384024224e-07
7.012076679999999840e+01 1.322135012696228436e-06
6.856611759999999833e+01 1.694886199054020460e-06
6.654696230000000412e+01 1.033769691669785628e-07
6.642281900000000405e+01 1.584196722098970908e-06
6.450558709999999962e+01 1.303921312532549824e-07
6.434651750000000447e+01 1.988534784255040637e-07
6.410354999999999848e+01 1.435948451973809834e-06
6.233511879999999650e+01 8.469144195875486329e-07
6.128025399999999934e+01 7.118025387406577881e-07
6.038659419999999756e+01 4.816703684781231618e-07
5.977808890000000019e+01 6.493115423067660222e-07
5.895285059999999788e+01 3.551820175509153037e-07
5.849897820000000337e+01 2.022666941639800421e-07
5.823971999999999838e+01 4.334934207888752590e-07
5.768212429999999813e+01 6.749638737807619603e-07
5.680850530000000020e+01 1.062531441992169725e-07
5.667036689999999766e+01 7.499219531538114671e-07
5.569054859999999962e+01 3.160467096027986211e-07
5.527501999999999782e+01 2.850356692806734487e-07
5.489891589999999866e+01 6.013193502463913082e-08
5.481940689999999705e+01 1.227962509112800001e-06
5.318283850000000257e+01 4.833851808561080862e-07
5.253165549999999939e+01 7.447219336273049625e-07
5.152040370000000280e+01 3.944739947276893341e-07
5.098069989999999763e+01 2.819845033377210529e-07
5.059313639999999879e+01 1.949290658521744725e-07
5.032435000000000258e+01 2.995188245708975002e-07
4.990993470000000087e+01 1.997193594226501394e-07
4.963264000000000209e+01 2.971384562336169643e-07
4.921864000000000061e+01 1.475482169493992958e-07
4.901241180000000242e+01 4.719564100208423568e-07
4.834980709999999959e+01 3.756856975969691865e-07
4.781908520000000351e+01 4.759701098782044130e-07
4.714241280000000245e+01 2.126971603758619104e-07
4.683844729999999856e+01 1.968029537399809069e-07
4.655631089999999972e+01 8.179592377618933100e-07
4.537433089999999680e+01 4.115425683383999749e-07
4.477375800000000083e+01 2.217015677831411725e-07
4.444854130000000225e+01 3.342292816697771499e-07
4.395598110000000247e+01 1.180915215721887610e-07
4.378128329999999835e+01 1.241992534494864547e-07
4.359717109999999707e+01 2.633527927446784411e-07
4.320547839999999695e+01 2.609026727932885132e-07
4.281566109999999981e+01 1.558389909467221211e-07
4.258196730000000230e+01 3.868940577630122470e-07
4.199897459999999683e+01 1.771669345434474845e-07
4.173064810000000335e+01 3.153316897476547449e-07
4.125090360000000089e+01 1.013086115902732157e-07
4.109617680000000206e+01 2.414789211738748132e-07
4.072618179999999910e+01 2.334186695022491631e-07
4.036692190000000124e+01 2.076349449301122166e-07
4.004598880000000349e+01 5.455697071025165202e-08
3.996144749999999846e+01 2.267028190520643562e-07
3.960918000000000205e+01 2.627368531971173798e-07
3.919893660000000324e+01 3.098728437310442766e-07
3.871229830000000049e+01 1.227338917693392678e-07
3.851869889999999685e+01 2.942312382849816403e-07
3.805257100000000037e+01 3.450790612222833611e-07
3.750219599999999787e+01 6.514169274658568074e-07
3.645196409999999787e+01 7.509269014574458834e-08
3.632992019999999656e+01 5.225866216766324121e-07
3.547478000000000264e+01 1.700412632893365897e-07
3.519428829999999664e+01 6.074565374775433047e-07
3.418288700000000091e+01 5.286586145082593790e-08
3.409415510000000182e+01 2.106035113566226263e-07
3.373950750000000198e+01 2.498247847724773580e-07
3.331635920000000084e+01 1.690921168928460876e-07
3.302841070000000201e+01 4.234689242862264426e-07
3.230165000000000219e+01 1.766827790045965172e-07
3.199598029999999937e+01 1.049921867182809526e-07
3.181363929999999840e+01 4.671578984602103716e-07
3.099582249999999917e+01 3.195463180048218511e-07
3.043009520000000023e+01 2.259051747837531600e-07
3.002692839999999919e+01 1.532432210617943346e-07
2.975187770000000143e+01 1.230417427887632890e-07
2.953010210000000058e+01 2.437116768437437543e-07
2.908832089999999937e+01 3.106246198527756567e-07
2.852027999999999963e+01 1.851014331158884207e-07
2.817905319999999847e+01 8.980231902517774151e-08
2.801275280000000123e+01 2.334979123208951656e-07
2.757799310000000048e+01 1.492861391228326736e-07
2.729820820000000126e+01 2.693173899601087061e-07
2.678976000000000113e+01 1.812061659686551303e-07
2.644489739999999856e+01 6.583493792443558891e-08
2.631904000000000110e+01 2.534280943026601002e-07
2.583168500000000023e+01 1.102262709745614574e-07
2.561826010000000053e+01 1.808521851730518154e-07
2.526612229999999926e+01 2.285818190953655670e-07
2.481746250000000131e+01 2.011321317107936826e-07
2.441926069999999882e+01 1.484465384586896730e-07
2.412324710000000039e+01 4.073503890475808314e-08
2.404169690000000159e+01 1.315611799073011250e-07
2.377735309999999913e+01 2.405233921779253670e-07
2.329018089999999930e+01 2.611196190848859818e-07
2.275537930000000131e+01 9.358412005719908735e-08
2.256215650000000039e+01 1.220275664027827216e-07
2.230893989999999860e+01 2.161061957572414815e-07
2.185688920000000124e+01 2.811983426328297739e-07
2.126147999999999882e+01 4.113767972755772028e-08
2.117366780000000048e+01 1.051847291220912048e-07
2.094829629999999909e+01 2.020892338819550589e-07
2.051180310000000162e+01 1.895550538448522073e-08
2.047062000000000026e+01 1.012954030295244460e-07
2.024982680000000101e+01 1.726641131830946185e-07
1.987062759999999884e+01 1.934183927955739068e-07
1.944144000000000005e+01 8.580682944329424007e-08
1.924949439999999967e+01 4.857033656091814028e-08
1.914041369999999986e+01 2.176034686379415110e-07
1.864777720000000016e+01 1.794400630633466437e-07
1.823651789999999906e+01 7.429073658609089056e-08
1.806486900000000162e+01 7.243171309755580293e-08
1.789671440000000047e+01 1.694366205176824053e-07
1.750018180000000001e+01 1.456730737856443240e-07
1.715558000000000050e+01 8.488589233698083674e-08
1.695314610000000144e+01 5.841111935224959731e-08
1.681313280000000177e+01 1.210568322136411607e-07
1.652104999999999890e+01 4.030916047215311725e-08
1.642321009999999859e+01 9.696377200643670994e-08
1.618663240000000059e+01 8.200192599810590686e-08
1.598517930000000042e+01 3.053290466856068528e-08
1.590983929999999980e+01 1.382675701437940929e-07
1.556636139999999990e+01 6.143147464330081235e-08
1.541251590000000071e+01 7.712703453888769863e-08
1.521824999999999939e+01 1.132304282292859752e-07
1.493073820000000040e+01 1.176601883574711341e-07
1.462896240000000070e+01 6.379105056902622677e-08
1.446402040000000078e+01 9.222041658935305894e-08
1.422386119999999998e+01 8.074021612869676629e-08
1.401189160000000022e+01 9.891041327348329411e-08
1.374997190000000025e+01 6.595655166694450347e-08
1.357389590000000013e+01 2.340878621199928649e-08
1.351112430000000053e+01 5.895673443614121287e-08
1.335236629999999991e+01 5.032279708460509003e-08
1.321609300000000076e+01 2.446193954459471949e-08
1.314959140000000026e+01 8.055708946703622233e-08
1.292936680000000038e+01 6.923703880837806143e-08
1.273855020000000060e+01 8.164424571838095273e-08
1.251164999999999949e+01 6.113788249518281629e-08
1.234035770000000021e+01 4.754396589015441938e-08
1.220630960000000087e+01 8.855308391267639484e-08
1.195461219999999969e+01 5.700779960659115940e-08
1.179113889999999998e+01 7.271672351121837381e-08
1.158092459999999946e+01 2.712863819225995991e-08
1.150199980000000011e+01 9.652061715549970625e-08
1.121891809999999978e+01 1.746718544510150645e-08
1.116729999999999912e+01 1.003904635966909432e-07
1.086822760000000088e+01 1.052812353916287342e-07
1.055000000000000071e+01 7.055466015325809454e-09
1.052849920000000061e+01 8.525488699837225924e-08
1.026689050000000059e+01 2.181896766970680267e-08
1.019939029999999924e+01 3.185562137413062705e-08
1.010042800000000085e+01 7.020120778533552156e-08
9.880569019999999369e+00 3.251397436333423430e-08
9.777889500000000567e+00 6.475989298171421420e-08
9.571713709999999153e+00 5.319489279954402474e-08
9.400643669999999119e+00 3.952014206129544471e-08
9.272512869999999907e+00 1.264109878153888108e-08
9.231336900000000512e+00 6.078641674857205018e-08
9.032005229999999329e+00 1.494128702194461535e-08
8.982664700000000835e+00 3.273736823238593300e-08
8.874067750000000032e+00 5.148867186858846308e-08
8.701876860000000491e+00 2.003471293765094856e-08
8.634403190000000450e+00 6.024199976126773863e-08
8.429866119999999796e+00 3.256782111095624387e-08
8.318225690000000228e+00 4.394417415886199094e-08
8.166358130000000770e+00 2.185459231651613354e-08
8.090289170000000141e+00 5.106798937112832383e-08
7.911087099999999595e+00 1.652402226718825817e-08
7.852656030000000342e+00 5.297820622886343767e-08
7.663795549999999679e+00 4.216271187274116047e-08
7.511767060000000384e+00 2.407888647064858649e-08
7.424234049999999918e+00 5.337317600530863414e-08
7.228289010000000125e+00 9.760588823312633169e-09
7.192160959999999825e+00 9.598063120800943358e-09
7.156543379999999566e+00 4.133650906744296074e-08
7.002092389999999611e+00 9.236376397030664789e-09
6.967342219999999919e+00 1.845431852679749032e-08
6.897643000000000413e+00 3.889255900044278445e-08
6.749551059999999936e+00 4.471980963764062707e-08
6.577176999999999829e+00 9.934773650514695700e-09
6.538567800000000041e+00 1.349730331217098243e-08
6.485924999999999940e+00 3.859123983920662555e-08
6.334179630000000394e+00 1.073160112922080032e-08
6.291649249999999860e+00 3.891118860948530065e-08
6.136180409999999696e+00 1.442110613958228767e-08
6.078045069999999939e+00 3.289016052775869102e-08
5.944370410000000327e+00 1.405148126017772780e-08
5.886788209999999744e+00 3.103752532341130802e-08
5.758556180000000246e+00 1.347362055713960702e-08
5.702430269999999801e+00 2.949665346187971871e-08
5.578550289999999912e+00 3.616610905403524204e-08
5.424697120000000261e+00 4.785465448368994029e-09
5.404171169999999691e+00 1.748702130804456127e-08
5.328820539999999717e+00 2.153954572172791256e-08
5.235242949999999951e+00 1.095533937360939497e-08
5.187316270000000173e+00 2.623721163468202201e-08
5.071595229999999788e+00 2.818467710146023374e-08
4.945746370000000169e+00 7.259644286249761884e-09
4.913062960000000423e+00 5.226315588815621087e-09
4.889464040000000011e+00 1.859051145968298100e-08
4.805038119999999857e+00 9.960793965247716680e-09
4.759486220000000323e+00 1.393558812941713917e-08
4.695376139999999587e+00 1.825355841386186364e-08
4.610710110000000306e+00 9.793559762556146090e-09
4.564951739999999702e+00 2.088115417473597811e-08
4.466584570000000198e+00 7.201643530037557896e-09
4.432399010000000139e+00 2.203003966562610646e-08
4.326964239999999684e+00 1.210343718500465113e-08
4.268468610000000218e+00 1.575220467768254641e-08
4.191708280000000286e+00 1.315083514941177300e-08
4.127063680000000012e+00 1.339389548480359743e-08
4.060680259999999819e+00 1.616959741272825747e-08
3.979783240000000166e+00 9.125966011596867915e-09
3.933748029999999840e+00 1.767082965043125161e-08
3.843804529999999886e+00 6.434105239205806231e-09
3.810783559999999959e+00 1.509767453135753465e-08
3.732709129999999931e+00 7.872071592972214562e-09
3.691662819999999900e+00 3.368969447845078316e-09
3.674023950000000038e+00 1.851894904658588124e-08
3.576265649999999852e+00 8.074665603795824749e-09
3.533204879999999992e+00 1.278229033343779338e-08
3.464475670000000118e+00 7.113329713937424004e-09
3.425919729999999941e+00 1.276095398968972420e-08
3.356180109999999939e+00 1.518218629132544101e-08
3.272213530000000148e+00 3.755614166453237082e-09
3.251269750000000069e+00 6.791702184960812464e-09
3.213215159999999848e+00 1.125345333452557130e-08
3.149638770000000143e+00 1.088559376575029579e-08
3.087498469999999884e+00 6.308841503808744408e-09
3.051184660000000104e+00 7.860315429873053952e-09
3.005622890000000158e+00 8.523279939234517652e-09
2.955808109999999989e+00 4.644133644873905179e-09
2.928480350000000065e+00 1.096665532413880697e-08
2.863412920000000028e+00 7.921702958542789008e-09
2.815928770000000192e+00 6.952748941678206193e-09
2.773905899999999924e+00 5.884998272524920215e-09
2.738074839999999899e+00 8.287518504344234988e-09
2.687196769999999901e+00 1.100395665696933817e-08
2.618853160000000013e+00 2.499683158771983182e-09
2.603198069999999920e+00 8.252203585314626257e-09
2.551157289999999911e+00 4.611681222733030385e-09
2.521825069999999780e+00 5.526051288145629932e-09
2.486435140000000210e+00 6.726096831003792678e-09
2.442995699999999992e+00 6.185444352645990963e-09
2.402685910000000202e+00 5.486904565968997122e-09
2.366630439999999780e+00 6.384429580352317147e-09
2.324315279999999984e+00 4.738355095493265926e-09
2.292652270000000048e+00 6.429755423861070445e-09
2.249326299999999890e+00 4.171385154962628840e-09
2.220986579999999933e+00 6.941536129017789947e-09
2.173401549999999904e+00 3.159522382165405523e-09
2.151561080000000015e+00 5.277304967467032320e-09
2.114819030000000044e+00 4.346232190465912198e-09
2.084305730000000079e+00 2.809092644331079678e-09
2.064458820000000028e+00 6.359420720902400125e-09
2.019152710000000184e+00 5.689922775126584058e-09
1.978158810000000045e+00 3.044994237768781332e-09
1.956036310000000000e+00 2.662610669232010423e-09
1.936583490000000074e+00 5.659063209074143903e-09
1.894892840000000023e+00 2.487879129462425605e-09
1.876411220000000046e+00 5.439989835601684289e-09
1.835660660000000055e+00 4.124219123477700830e-09
1.804445440000000067e+00 3.427942360737831686e-09
1.778280000000000083e+00 1.597181057531341685e-07
