2394
  6.417899521043e-04
  5.927456612418e-04
  5.522307492464e-04
  5.387020434569e-04
  5.483705462605e-04
  5.530192416118e-04
  5.568785765199e-04
  5.607642420034e-04
  5.649565361703e-04
  5.580048768814e-04
  5.324859481240e-04
  4.950651172848e-04
  4.835309744448e-04
  4.591763040933e-04
  4.417740305650e-04
  4.666842652719e-04
  5.079321710982e-04
  5.479811238002e-04
  5.896598339339e-04
  6.248597847636e-04
  6.556802650912e-04
  6.714027232952e-04
  6.808935432138e-04
  6.911794546126e-04
  7.014788124115e-04
  7.117395848885e-04
  7.239413159789e-04
  7.328264632700e-04
  7.378431397343e-04
  7.419811231878e-04
  7.466826861905e-04
  7.502839828949e-04
  7.498747446330e-04
  7.443050118891e-04
  7.392555963638e-04
  7.342202118647e-04
  7.275613207181e-04
  7.201334928567e-04
  7.136789468968e-04
  7.081610886016e-04
  7.027889594755e-04
  6.981657363687e-04
  6.981815212731e-04
  7.008433238534e-04
  6.841452335173e-04
  6.613424775665e-04
  6.517522712128e-04
  6.520118451961e-04
  6.533985782777e-04
  6.522796039445e-04
  6.504853864793e-04
  6.518247648478e-04
  6.553675989433e-04
  6.586426742904e-04
  6.637914762507e-04
  6.688859079847e-04
  6.835699614464e-04
  6.987018384917e-04
  7.055396252213e-04
  7.108755075299e-04
  7.158448292811e-04
  7.212485282159e-04
  7.208568287367e-04
  7.201237076218e-04
  7.266165649593e-04
  7.406002363671e-04
  7.525219315612e-04
  7.596075997522e-04
  7.753422262947e-04
  7.833036643661e-04
  7.944869768106e-04
  8.004782249642e-04
  8.134124925434e-04
  8.247541478962e-04
  8.353511711356e-04
  8.455440486738e-04
  8.558493310461e-04
  8.657399689900e-04
  8.782538979049e-04
  8.960693154791e-04
  9.146364073624e-04
  9.231415476960e-04
  9.216916749968e-04
  9.324540566577e-04
  9.507540224759e-04
  9.709931930293e-04
  9.903723786066e-04
  1.009196754026e-03
  1.026615688329e-03
  1.040779424572e-03
  1.052397698826e-03
  1.061931781076e-03
  1.067204891064e-03
  1.070058369586e-03
  1.077451736489e-03
  1.090229938653e-03
  1.106499352733e-03
  1.125075073750e-03
  1.144747858117e-03
  1.164150466243e-03
  1.177835039629e-03
  1.190070348461e-03
  1.200246172086e-03
  1.206661832165e-03
  1.213370259287e-03
  1.259271254771e-03
  1.259485625885e-03
  1.362999312697e-03
  1.260356651684e-03
  1.332555702763e-03
  1.403447328434e-03
  1.402773514171e-03
  1.338357848961e-03
  1.363845565011e-03
  1.396927821976e-03
  1.521036098364e-03
  1.506864713314e-03
  1.625173399968e-03
  1.487021714551e-03
  1.508401335438e-03
  1.584062474441e-03
  1.636389318902e-03
  1.615228299407e-03
  1.613804453402e-03
  1.710645428635e-03
  1.722915893433e-03
  1.666396443669e-03
  1.629965049380e-03
  1.687435649692e-03
  1.801434761140e-03
  1.854317094530e-03
  1.819009381887e-03
  1.831541048080e-03
  1.869246726390e-03
  2.180349165044e-03
  2.213796726666e-03
  2.151264553378e-03
  2.143254894052e-03
  2.200917325164e-03
  2.338297196940e-03
  2.448351093351e-03
  2.432420620074e-03
  2.542585075185e-03
  2.619928563920e-03
  2.687771505740e-03
  2.579787777598e-03
  2.628687687836e-03
  2.682222941248e-03
  2.664547172334e-03
  2.799020953223e-03
  2.845231003930e-03
  3.082919890962e-03
  2.895335231641e-03
  2.990989698078e-03
  2.239731497855e-03
  4.227535778423e-03
  2.485089220919e-03
  5.461337398374e-03
  2.006628610651e-03
  4.432584409629e-03
  2.362205219793e-03
  5.235635516621e-03
  2.091339370547e-03
  5.205548930781e-03
  5.920708681421e-03
  2.576148949072e-03
  3.519757208736e-03
  9.048230149070e-03
  7.789482667928e-03
  2.856348040645e-03
  2.299372016588e-03
  5.209276284735e-03
  6.967013185310e-03
  2.281555913196e-03
  2.911088273599e-03
  7.695888011726e-03
  1.778637487397e-02
  4.875225329293e-03
  3.985147400508e-03
  1.059642692122e-02
  4.323544232713e-03
  1.387254011642e-02
  3.971851050570e-03
  1.353047406341e-02
  1.443516502851e-02
  4.308582341721e-03
  3.822469202945e-03
  1.331053564485e-02
  9.427954799666e-03
  2.524607498810e-03
  3.369735452642e-03
  9.471406453931e-03
  1.541380597379e-02
  4.758000207126e-03
  3.977355111216e-03
  1.368859601234e-02
  3.255985453493e-03
  1.528738698349e-02
  4.762896094589e-03
  1.487250305357e-02
  4.168347633123e-03
  1.815089602541e-02
  1.657569924284e-02
  4.479043540538e-03
  3.708623773777e-03
  1.637539993011e-02
  5.434226499745e-03
  1.958159960420e-02
  4.499269901576e-03
  1.796611198998e-02
  3.165292856566e-03
  1.774657475784e-02
  4.925970251363e-03
  1.994815158886e-02
  1.711114062786e-02
  4.247320514032e-03
  1.679584549857e-02
  5.039926717906e-03
  8.205575218043e-03
  2.237115365611e-02
  6.657241350070e-03
  2.586413461684e-02
  3.708971144250e-03
  1.935337110993e-02
  3.548109791760e-02
  3.650443951644e-03
  1.011247424768e-02
  6.340921433010e-03
  1.138319937747e-02
  5.401919822619e-02
  9.065541889190e-03
  4.407385271226e-02
  3.065946237288e-02
  8.167252518945e-03
  1.287129043551e-02
  2.705286140939e-02
  5.881036306662e-02
  8.639420368373e-03
  1.353401837325e-02
  7.668583474340e-02
  4.846819022516e-02
  3.860751158068e-03
  3.939300777764e-03
  2.993821497051e-02
  1.012479189623e-02
  3.429826153011e-02
  1.777267025789e-02
  4.778927919379e-02
  2.767509408076e-03
  2.700784970773e-02
  1.277535241555e-02
  8.042564974001e-02
  2.796390865691e-02
  5.685915435120e-03
  6.179364382340e-03
  3.117850883356e-02
  5.690056272270e-03
  3.039128374376e-02
  3.013324503744e-02
  1.296349462378e-02
  5.327164789649e-02
  1.150517279356e-02
  7.660123114705e-03
  7.367609864447e-03
  1.123739284229e-02
  1.965038118630e-02
  5.711614069328e-02
  2.661185118985e-01
  1.447534032943e-02
  2.880080348829e-03
  3.026366359252e-03
  3.591922638988e-02
  5.196720594621e-03
  1.938182128796e-02
  2.950956272532e-02
  1.117104925018e-02
  8.398780396546e-03
  4.994115960924e-03
  6.854667060160e-03
  3.602289274497e-03
  2.996481591132e-03
  2.293791410669e-03
  1.724359444979e-03
  1.320135381519e-03
  3.302715943572e-03
  3.538315175358e-02
  1.913441560604e-02
  1.186332492879e-02
  2.678222857331e-02
  1.416642780025e-02
  9.573002422860e-03
  5.152711910370e-03
  5.109307648328e-03
  5.774942743093e-03
  6.363821862037e-03
  6.879374768949e-03
  7.666587003512e-03
  1.127827453002e-02
  8.112648287821e-03
  7.716104378403e-03
  8.090786381416e-03
  9.090213788807e-03
  1.325907140779e-02
  4.437142462226e-02
  4.186165135592e-02
  3.182738323261e-02
  3.056278451696e-02
  3.211521095848e-02
  3.525731226603e-02
  3.985629694623e-02
  4.626475160508e-02
  5.542386341793e-02
  6.887790223698e-02
  8.728848952633e-02
  1.039027860306e-01
  1.065592800661e-01
  1.005756821436e-01
  9.705908030199e-02
  9.815755763013e-02
  1.026703868741e-01
  1.094872060083e-01
  1.179584280250e-01
  1.277179975722e-01
  1.385689990914e-01
  1.504073317493e-01
  1.631314003050e-01
  1.767472465665e-01
  1.912199925452e-01
  2.065407301239e-01
  2.227145228063e-01
  2.397449216128e-01
  2.576600182781e-01
  2.765074632052e-01
  2.963371856671e-01
  3.171965694404e-01
  3.391995584311e-01
  3.624387866227e-01
  3.870177709570e-01
  4.130601026912e-01
  4.406478863334e-01
  4.699809937666e-01
  5.011718254199e-01
  5.343459083925e-01
  5.696293693267e-01
  6.071450395681e-01
  6.469969346258e-01
  6.893462858170e-01
  7.343926411406e-01
  7.822818017247e-01
  8.331261990293e-01
  8.870756478879e-01
  9.444414302634e-01
  1.005383348626e+00
  1.070111143746e+00
  1.138871177783e+00
  1.211878185312e+00
  1.289378528500e+00
  1.371764500276e+00
  1.459258048513e+00
  1.552111084043e+00
  1.650863907312e+00
  1.755787168031e+00
  1.867269852102e+00
  1.985746709964e+00
  2.111509177286e+00
  2.245161338337e+00
  2.387268952793e+00
  2.538371187124e+00
  2.698835718909e+00
  2.869193421182e+00
  3.050448680774e+00
  3.243083128265e+00
  3.447850915373e+00
  3.665481774983e+00
  3.896638110548e+00
  4.142334907857e+00
  4.403626714282e+00
  4.681153637128e+00
  4.976019641715e+00
  5.289694161925e+00
  5.623105116034e+00
  5.977545066688e+00
  6.354274141780e+00
  6.754246717088e+00
  7.179632333856e+00
  7.631965983042e+00
  8.112851684443e+00
  8.624133876836e+00
  9.166538833626e+00
  9.743870017560e+00
  1.035801293171e+01
  1.101028442440e+01
  1.170296625235e+01
  1.244008885526e+01
  1.322368741099e+01
  1.405663036956e+01
  1.494115499611e+01
  1.588151990494e+01
  1.688160635790e+01
  3.312722285051e-03
  3.059570744174e-03
  2.850445232931e-03
  2.780614215774e-03
  2.830520052716e-03
  2.854515187941e-03
  2.874435887406e-03
  2.894492497200e-03
  2.916131829924e-03
  2.880249503363e-03
  2.748528644057e-03
  2.555373827844e-03
  2.495838131002e-03
  2.370126815401e-03
  2.280301633285e-03
  2.408880601169e-03
  2.621789601059e-03
  2.828509973782e-03
  3.043642652970e-03
  3.225333969831e-03
  3.384419807312e-03
  3.465574299522e-03
  3.514562992076e-03
  3.567655702239e-03
  3.620817818583e-03
  3.673780769366e-03
  3.736762351372e-03
  3.782624748159e-03
  3.808519288679e-03
  3.829878286209e-03
  3.854146307985e-03
  3.872735093629e-03
  3.870622731624e-03
  3.841873484737e-03
  3.815809955256e-03
  3.789818849616e-03
  3.755447702136e-03
  3.717107539898e-03
  3.683791159405e-03
  3.655309672463e-03
  3.627580394658e-03
  3.603716739323e-03
  3.603798216143e-03
  3.617537622155e-03
  3.531347217035e-03
  3.413646406121e-03
  3.364144711366e-03
  3.365484552409e-03
  3.372642441945e-03
  3.366866640692e-03
  3.357605442130e-03
  3.364518901207e-03
  3.382805920849e-03
  3.399710852208e-03
  3.426287383890e-03
  3.452583273191e-03
  3.528377839588e-03
  3.606483933549e-03
  3.641778484991e-03
  3.669320667876e-03
  3.694970777935e-03
  3.722863009380e-03
  3.720841177175e-03
  3.717057031527e-03
  3.750571163565e-03
  3.822750573272e-03
  3.884286696136e-03
  3.920860735421e-03
  4.002078036850e-03
  4.043172530825e-03
  4.100897349099e-03
  4.131822328851e-03
  4.198585038847e-03
  4.257127174499e-03
  4.311825748270e-03
  4.364438246267e-03
  4.417630943436e-03
  4.468683373632e-03
  4.533276424760e-03
  4.625234129336e-03
  4.721071745442e-03
  4.764972663224e-03
  4.757488866407e-03
  4.813040969476e-03
  4.907499763016e-03
  5.011968134799e-03
  5.111997528712e-03
  5.209163163278e-03
  5.299074343187e-03
  5.372183192177e-03
  5.432153149496e-03
  5.481365148891e-03
  5.508583320371e-03
  5.523312098624e-03
  5.561474383996e-03
  5.627431532331e-03
  5.711409242503e-03
  5.807291399543e-03
  5.908836260078e-03
  6.008986553982e-03
  6.079622111722e-03
  6.142777011699e-03
  6.195301482640e-03
  6.228417146179e-03
  6.263043983125e-03
  6.499970800301e-03
  6.501077318041e-03
  7.035383123209e-03
  6.505573285241e-03
  6.878242574757e-03
  7.244163336546e-03
  7.240685314623e-03
  6.908191468392e-03
  7.039751217306e-03
  7.210511649945e-03
  7.851120390552e-03
  7.777972060771e-03
  8.388645103426e-03
  7.675548605889e-03
  7.785903631431e-03
  8.176443153698e-03
  8.446538226365e-03
  8.337311553954e-03
  8.329962098923e-03
  8.829825419797e-03
  8.893161784052e-03
  8.601425772673e-03
  8.413378123532e-03
  8.710023681419e-03
  9.298452022700e-03
  9.571414358326e-03
  9.389166808138e-03
  9.453851413637e-03
  9.648476524861e-03
  1.125429160203e-02
  1.142693762492e-02
  1.110416578453e-02
  1.106282238728e-02
  1.136045811674e-02
  1.206957074971e-02
  1.263763510472e-02
  1.255540690270e-02
  1.312404192771e-02
  1.352326522172e-02
  1.387344961540e-02
  1.331607083210e-02
  1.356847712461e-02
  1.384480963252e-02
  1.375357275137e-02
  1.444768503724e-02
  1.468620710239e-02
  1.591308401188e-02
  1.494482971119e-02
  1.543856863868e-02
  1.156080493493e-02
  2.182123908003e-02
  1.282726601669e-02
  2.818974346117e-02
  1.035759954566e-02
  2.287963703078e-02
  1.219297660833e-02
  2.702473978510e-02
  1.079485042684e-02
  2.686944208519e-02
  3.056087669794e-02
  1.329728831874e-02
  1.816790385252e-02
  4.670418032693e-02
  4.020691308497e-02
  1.474358982574e-02
  1.186865094412e-02
  2.688868153957e-02
  3.596157864975e-02
  1.177668969957e-02
  1.502614206733e-02
  3.972380626420e-02
  9.180779509261e-02
  2.516441327889e-02
  2.057010484441e-02
  5.469549575952e-02
  2.231680518392e-02
  7.160578417166e-02
  2.050147317668e-02
  6.984014444322e-02
  7.450988087544e-02
  2.223957650567e-02
  1.973041003680e-02
  6.870488999100e-02
  4.866420215041e-02
  1.303124720930e-02
  1.739353770201e-02
  4.888848622176e-02
  7.956132435451e-02
  2.455933326277e-02
  2.052988344440e-02
  7.065632129713e-02
  1.680639520177e-02
  7.890878841956e-02
  2.458460432762e-02
  7.676728521306e-02
  2.151572808332e-02
  9.368934113080e-02
  8.555865995101e-02
  2.311944477130e-02
  1.914277495617e-02
  8.452477652110e-02
  2.804980534316e-02
  1.010741928462e-01
  2.322384702431e-02
  9.273554278904e-02
  1.633826791815e-02
  9.160235913769e-02
  2.542634295486e-02
  1.029662214207e-01
  8.832244365106e-02
  2.192336179844e-02
  8.669498719474e-02
  2.601455117627e-02
  4.235465481712e-02
  1.154730126514e-01
  3.436263173805e-02
  1.335027057495e-01
  1.914456797568e-02
  9.989614757368e-02
  1.831425116338e-01
  1.884246861343e-02
  5.219748094754e-02
  3.272988564251e-02
  5.875657312688e-02
  2.788304821503e-01
  4.679353820345e-02
  2.274956683090e-01
  1.582547123359e-01
  4.215684483441e-02
  6.643764135488e-02
  1.396385477389e-01
  3.035610010471e-01
  4.459403000996e-02
  6.985843908018e-02
  3.958286864250e-01
  2.501778866256e-01
  1.992800971164e-02
  2.033345868259e-02
  1.545318551377e-01
  5.226106085982e-02
  1.770370741031e-01
  9.173705608060e-02
  2.466735567497e-01
  1.428503213577e-02
  1.394062111829e-01
  6.594243881132e-02
  4.151324608774e-01
  1.443410933455e-01
  2.934894619506e-02
  3.189597785024e-02
  1.609338704804e-01
  2.937031992249e-02
  1.568704567579e-01
  1.555385403420e-01
  6.691357100797e-02
  2.749718573335e-01
  5.938616237545e-02
  3.953919886891e-02
  3.802933546325e-02
  5.800396464992e-02
  1.014292222123e-01
  2.948159463861e-01
  1.373621886632e+00
  7.471725341879e-02
  1.486608869930e-02
  1.562117207998e-02
  1.854039960168e-01
  2.682387292998e-02
  1.000429986399e-01
  1.523192841236e-01
  5.766151943815e-02
  4.335192050866e-02
  2.577809014248e-02
  3.538168251520e-02
  1.859390898486e-02
  1.546691610104e-02
  1.183984557326e-02
  8.900612953026e-03
  6.814132697625e-03
  1.704760361484e-02
  1.826369436684e-01
  9.876596662463e-02
  6.123483351142e-02
  1.382416242997e-01
  7.312274198061e-02
  4.941289335720e-02
  2.659671364122e-02
  2.637267419395e-02
  2.980847776942e-02
  3.284809061180e-02
  3.550921610660e-02
  3.957256347430e-02
  5.821498334468e-02
  4.187499459243e-02
  3.982815692939e-02
  4.176215015742e-02
  4.692088695892e-02
  6.843924743236e-02
  2.290316429599e-01
  2.160769654949e-01
  1.642831605011e-01
  1.577556909867e-01
  1.657688386714e-01
  1.819873989484e-01
  2.057259429826e-01
  2.388044143602e-01
  2.860809317226e-01
  3.555265409499e-01
  4.505563284907e-01
  5.363142156307e-01
  5.500262205670e-01
  5.191407289550e-01
  5.009891121367e-01
  5.066591141562e-01
  5.299529503344e-01
  5.651392734997e-01
  6.088651153650e-01
  6.592410108203e-01
  7.152505423345e-01
  7.763563734321e-01
  8.420341007368e-01
  9.123149102013e-01
  9.870187723801e-01
  1.066099706312e+00
  1.149583848245e+00
  1.237489527454e+00
  1.329961744832e+00
  1.427246457099e+00
  1.529601383802e+00
  1.637271105416e+00
  1.750843765331e+00
  1.870797511670e+00
  1.997666667040e+00
  2.132089171486e+00
  2.274488823222e+00
  2.425897299414e+00
  2.586894776499e+00
  2.758129186744e+00
  2.940251557073e+00
  3.133895905102e+00
  3.339599126890e+00
  3.558193448893e+00
  3.790708876490e+00
  4.037897990248e+00
  4.300341126774e+00
  4.578811584147e+00
  4.874916104094e+00
  5.189479537805e+00
  5.523584502601e+00
  5.878502644167e+00
  6.255342356309e+00
  6.655375284739e+00
  7.080626324868e+00
  7.532241103339e+00
  8.011519906358e+00
  8.521251598607e+00
  9.062833190630e+00
  9.638272507974e+00
  1.024981359866e+01
  1.089896076396e+01
  1.158883210100e+01
  1.232234788718e+01
  1.310229113395e+01
  1.393055967986e+01
  1.480989372817e+01
  1.574547761471e+01
  1.673979736836e+01
  1.779674568827e+01
  1.892008923110e+01
  2.011324711966e+01
  2.138145839836e+01
  2.273016631628e+01
  2.416267491040e+01
  2.568468251008e+01
  2.730377388094e+01
  2.902473865163e+01
  3.085424863289e+01
  3.279880821720e+01
  3.486334359874e+01
  3.705905328192e+01
  3.939386041785e+01
  4.187604446322e+01
  4.451512584356e+01
  4.731485335876e+01
  5.029485931336e+01
  5.346487609414e+01
  5.683170086706e+01
  6.040711135821e+01
  6.421191145751e+01
  6.825660612682e+01
  7.255600142271e+01
  7.712164541956e+01
  8.197551977415e+01
  8.713765836611e+01
  3.162612324206e-03
  2.920931883113e-03
  2.721282512520e-03
  2.654615760384e-03
  2.702260205459e-03
  2.725168044950e-03
  2.744186074297e-03
  2.763333855445e-03
  2.783992641322e-03
  2.749736256864e-03
  2.623984087756e-03
  2.439581729312e-03
  2.382743783851e-03
  2.262728846950e-03
  2.176973928928e-03
  2.299726575686e-03
  2.502987993048e-03
  2.700341209582e-03
  2.905725544276e-03
  3.079183850907e-03
  3.231061004176e-03
  3.308538128771e-03
  3.355306988182e-03
  3.405993899139e-03
  3.456747071262e-03
  3.507310102649e-03
  3.567437789280e-03
  3.611222015308e-03
  3.635943192011e-03
  3.656334345572e-03
  3.679502706259e-03
  3.697249175027e-03
  3.695232530848e-03
  3.667786003584e-03
  3.642903495346e-03
  3.618090129194e-03
  3.585276447496e-03
  3.548673599695e-03
  3.516866890144e-03
  3.489675989771e-03
  3.463203213553e-03
  3.440420896180e-03
  3.440498681027e-03
  3.453615510946e-03
  3.371330666637e-03
  3.258963253032e-03
  3.211704637177e-03
  3.212983765770e-03
  3.219817308614e-03
  3.214303227247e-03
  3.205461682986e-03
  3.212061871289e-03
  3.229520248031e-03
  3.245659163297e-03
  3.271031427978e-03
  3.296135767075e-03
  3.368495841107e-03
  3.443062700054e-03
  3.476757943350e-03
  3.503052102513e-03
  3.527539924676e-03
  3.554168270588e-03
  3.552238054017e-03
  3.548625380018e-03
  3.580620880364e-03
  3.649529611931e-03
  3.708277337761e-03
  3.743194091245e-03
  3.820731178974e-03
  3.859963550999e-03
  3.915072674547e-03
  3.944596345315e-03
  4.008333825025e-03
  4.064223230707e-03
  4.116443238495e-03
  4.166671697223e-03
  4.217454064457e-03
  4.266193147008e-03
  4.327859281980e-03
  4.415650091101e-03
  4.507145000646e-03
  4.549056628509e-03
  4.541911946278e-03
  4.594946807242e-03
  4.685125373048e-03
  4.784859951338e-03
  4.880356695933e-03
  4.973119447207e-03
  5.058956466189e-03
  5.128752521194e-03
  5.186005049412e-03
  5.232987096922e-03
  5.258971926665e-03
  5.273033297229e-03
  5.309466328329e-03
  5.372434748934e-03
  5.452607162525e-03
  5.544144594714e-03
  5.641088135329e-03
  5.736700301553e-03
  5.804135137985e-03
  5.864428288999e-03
  5.914572709457e-03
  5.946187797177e-03
  5.979245582240e-03
  6.205436493357e-03
  6.206492871266e-03
  6.716587584592e-03
  6.210785111923e-03
  6.566567573132e-03
  6.915907303824e-03
  6.912586882113e-03
  6.595159387343e-03
  6.720757746482e-03
  6.883780481949e-03
  7.495361207318e-03
  7.425527460521e-03
  8.008528969424e-03
  7.327745137458e-03
  7.433099626541e-03
  7.805942563537e-03
  8.063798771218e-03
  7.959521506004e-03
  7.952505078106e-03
  8.429718005417e-03
  8.490184397987e-03
  8.211667871212e-03
  8.032141257890e-03
  8.315344864039e-03
  8.877109649588e-03
  9.137703195443e-03
  8.963713860182e-03
  9.025467400906e-03
  9.211273430629e-03
  1.074432393002e-02
  1.090914681367e-02
  1.060100078980e-02
  1.056153079309e-02
  1.084567970299e-02
  1.152266019194e-02
  1.206498374807e-02
  1.198648156687e-02
  1.252934993413e-02
  1.291048315360e-02
  1.324479958097e-02
  1.271267739938e-02
  1.295364636168e-02
  1.321745736661e-02
  1.313035471812e-02
  1.379301457331e-02
  1.402072844665e-02
  1.519201166944e-02
  1.426763204421e-02
  1.473899809384e-02
  1.103694817098e-02
  2.083244947981e-02
  1.224602188155e-02
  2.691237671471e-02
  9.888263836697e-03
  2.184288806020e-02
  1.164047413944e-02
  2.580016305276e-02
  1.030570149268e-02
  2.565190238452e-02
  2.917606637888e-02
  1.269474598132e-02
  1.734465846663e-02
  4.458786568390e-02
  3.838501024207e-02
  1.407551097668e-02
  1.133084470044e-02
  2.567027003817e-02
  3.433204538420e-02
  1.124305051175e-02
  1.434525987942e-02
  3.792379452466e-02
  8.764769251209e-02
  2.402413384496e-02
  1.963800810733e-02
  5.221706925094e-02
  2.130555991068e-02
  6.836109882428e-02
  1.957248635828e-02
  6.667546583582e-02
  7.113360168922e-02
  2.123183070895e-02
  1.883636253652e-02
  6.559165336597e-02
  4.645907269773e-02
  1.244076003892e-02
  1.660538130412e-02
  4.667319374595e-02
  7.595614823169e-02
  2.344647192480e-02
  1.959960926660e-02
  6.745465912606e-02
  1.604484409407e-02
  7.533318077101e-02
  2.347059787750e-02
  7.328871587162e-02
  2.054078215601e-02
  8.944397972753e-02
  8.168172551762e-02
  2.207182935089e-02
  1.827535506646e-02
  8.069469062732e-02
  2.677877963697e-02
  9.649420037328e-02
  2.217150080645e-02
  8.853340101585e-02
  1.559792914345e-02
  8.745156551231e-02
  2.427419465599e-02
  9.830049512804e-02
  8.432027340637e-02
  2.092994469372e-02
  8.276656216740e-02
  2.483574929599e-02
  4.043543097971e-02
  1.102405639533e-01
  3.280555183189e-02
  1.274532744334e-01
  1.827706683857e-02
  9.536953607097e-02
  1.748437431634e-01
  1.798865655724e-02
  4.983224741844e-02
  3.124679064405e-02
  5.609412631351e-02
  2.661957880358e-01
  4.467317447142e-02
  2.171871175390e-01
  1.510836890420e-01
  4.024658439514e-02
  6.342714096148e-02
  1.333110819480e-01
  2.898056886302e-01
  4.257333297511e-02
  6.669293148472e-02
  3.778924323392e-01
  2.388415325536e-01
  1.902500834294e-02
  1.941208513418e-02
  1.475295263193e-01
  4.989294632309e-02
  1.690149623850e-01
  8.758015890923e-02
  2.354959949866e-01
  1.363773199104e-02
  1.330892732987e-01
  6.295437761687e-02
  3.963214915037e-01
  1.378005402879e-01
  2.801905229358e-02
  3.045066986055e-02
  1.536414460278e-01
  2.803945750959e-02
  1.497621584777e-01
  1.484905954219e-01
  6.388150473145e-02
  2.625120097562e-01
  5.669518687499e-02
  3.774755227637e-02
  3.630610557371e-02
  5.537562091531e-02
  9.683314223196e-02
  2.814569001515e-01
  1.311378719268e+00
  7.133157752446e-02
  1.419245903749e-02
  1.491332719366e-02
  1.770027525113e-01
  2.560839811237e-02
  9.550973284932e-02
  1.454172139203e-01
  5.504869298295e-02
  4.138750739759e-02
  2.461000306213e-02
  3.377842618401e-02
  1.775135995434e-02
  1.476606104271e-02
  1.130334459235e-02
  8.497297930846e-03
  6.505362718008e-03
  1.627512258839e-02
  1.743610840871e-01
  9.429056720775e-02
  5.846008885437e-02
  1.319774575434e-01
  6.980931846029e-02
  4.717383832970e-02
  2.539153213195e-02
  2.517764462311e-02
  2.845776103382e-02
  3.135963937102e-02
  3.390018082361e-02
  3.777940502560e-02
  5.557707768326e-02
  3.997750568218e-02
  3.802341673002e-02
  3.986977458667e-02
  4.479475265060e-02
  6.533804791478e-02
  2.186534923036e-01
  2.062858323908e-01
  1.568389690874e-01
  1.506072799340e-01
  1.582573264645e-01
  1.737409723000e-01
  1.964038475612e-01
  2.279834284143e-01
  2.731176967261e-01
  3.394165049888e-01
  4.301401912451e-01
  5.120121163355e-01
  5.251027868082e-01
  4.956168148473e-01
  4.782877053976e-01
  4.837007816299e-01
  5.059391001595e-01
  5.395310193458e-01
  5.812755045366e-01
  6.293687082829e-01
  6.828402701579e-01
  7.411772021073e-01
  8.038788631361e-01
  8.709750260624e-01
  9.422938191465e-01
  1.017791344970e+00
  1.097492555465e+00
  1.181414949350e+00
  1.269696957065e+00
  1.362573390251e+00
  1.460290290365e+00
  1.563081155164e+00
  1.671507477395e+00
  1.786025738772e+00
  1.907146050047e+00
  2.035477444179e+00
  2.171424515738e+00
  2.315972193325e+00
  2.469674363740e+00
  2.633149599383e+00
  2.807019427082e+00
  2.991889135102e+00
  3.188271291039e+00
  3.396960410525e+00
  3.618939826126e+00
  3.854928016596e+00
  4.105479021649e+00
  4.371331098773e+00
  4.654018183128e+00
  4.954327749278e+00
  5.273293357718e+00
  5.612129031830e+00
  5.971892940578e+00
  6.353799107373e+00
  6.759780673188e+00
  7.190931352686e+00
  7.648492511978e+00
  8.135126643435e+00
  8.652167454620e+00
  9.201531790133e+00
  9.785362013059e+00
  1.040509425999e+01
  1.106370533720e+01
  1.176398319504e+01
  1.250858473787e+01
  1.329932180715e+01
  1.413881043885e+01
  1.503200005008e+01
  1.598126401987e+01
  1.699031865680e+01
  1.806275993836e+01
  1.920185205609e+01
  2.041259665662e+01
  2.170019033817e+01
  2.306778742132e+01
  2.452082802603e+01
  2.606655322810e+01
  2.770953562294e+01
  2.945614470034e+01
  3.131259011813e+01
  3.328357484899e+01
  3.537978995756e+01
  3.760879957181e+01
  3.997850797999e+01
  4.249800420692e+01
  4.517086718246e+01
  4.801583960914e+01
  5.104221286841e+01
  5.425647612504e+01
  5.766987341900e+01
  6.130226594990e+01
  6.516368266646e+01
  6.926825871583e+01
  7.362701889247e+01
  7.826094879455e+01
  8.318917450302e+01
  7.090837902994e-03
  6.548970403460e-03
  6.101340033629e-03
  5.951867672032e-03
  6.058690450918e-03
  6.110051718088e-03
  6.152691709812e-03
  6.195622615786e-03
  6.241941319096e-03
  6.165135677293e-03
  5.883188933372e-03
  5.469743623413e-03
  5.342308257746e-03
  5.073224862038e-03
  4.880955256806e-03
  5.156176824008e-03
  5.611905700867e-03
  6.054387903749e-03
  6.514876536510e-03
  6.903784378878e-03
  7.244305493892e-03
  7.418015602933e-03
  7.522875246480e-03
  7.636519485026e-03
  7.750312286576e-03
  7.863678776898e-03
  7.998490013837e-03
  8.096657862957e-03
  8.152084781848e-03
  8.197803431412e-03
  8.249748808608e-03
  8.289537856548e-03
  8.285016373827e-03
  8.223478994003e-03
  8.167690356495e-03
  8.112056741251e-03
  8.038485758129e-03
  7.956419151813e-03
  7.885105883370e-03
  7.824141640139e-03
  7.764787490542e-03
  7.713707654324e-03
  7.713882054372e-03
  7.743291069837e-03
  7.558801656324e-03
  7.306864639144e-03
  7.200906921222e-03
  7.203774833119e-03
  7.219096200280e-03
  7.206733174670e-03
  7.186909702572e-03
  7.201707869590e-03
  7.240850991426e-03
  7.277035771711e-03
  7.333922483595e-03
  7.390208484203e-03
  7.552445743471e-03
  7.719630796688e-03
  7.795178313684e-03
  7.854131989097e-03
  7.909035707844e-03
  7.968738657537e-03
  7.964410952647e-03
  7.956311039317e-03
  8.028047592306e-03
  8.182546656862e-03
  8.314263907767e-03
  8.392550151440e-03
  8.566394702778e-03
  8.654356919473e-03
  8.777916123699e-03
  8.844110630725e-03
  8.987015321733e-03
  9.112323982915e-03
  9.229405551112e-03
  9.342021901915e-03
  9.455880161315e-03
  9.565157207780e-03
  9.703417772899e-03
  9.900252014037e-03
  1.010539115410e-02
  1.019936048355e-02
  1.018334151620e-02
  1.030225005248e-02
  1.050443784122e-02
  1.072805099878e-02
  1.094216258338e-02
  1.115014432925e-02
  1.134259801162e-02
  1.149908652857e-02
  1.162745142300e-02
  1.173278905186e-02
  1.179104918518e-02
  1.182257593875e-02
  1.190426180200e-02
  1.204544219901e-02
  1.222519536848e-02
  1.243042984781e-02
  1.264778526852e-02
  1.286215563793e-02
  1.301335010792e-02
  1.314853232967e-02
  1.326096025973e-02
  1.333184389621e-02
  1.340596217922e-02
  1.391310087390e-02
  1.391546936038e-02
  1.505914381572e-02
  1.392509291825e-02
  1.472278656595e-02
  1.550603507999e-02
  1.549859042042e-02
  1.478689177365e-02
  1.506849366293e-02
  1.543400409329e-02
  1.680521856526e-02
  1.664864554020e-02
  1.795578304966e-02
  1.642940950001e-02
  1.666562296150e-02
  1.750156760425e-02
  1.807970250778e-02
  1.784590427113e-02
  1.783017286058e-02
  1.890012363730e-02
  1.903569428092e-02
  1.841123723648e-02
  1.800872374958e-02
  1.864368961289e-02
  1.990321263550e-02
  2.048748487718e-02
  2.009738642479e-02
  2.023584296082e-02
  2.065243541765e-02
  2.408966118987e-02
  2.445920770105e-02
  2.376831887823e-02
  2.367982388738e-02
  2.431690919974e-02
  2.583475534037e-02
  2.705068952178e-02
  2.687468115120e-02
  2.809183684412e-02
  2.894636898454e-02
  2.969593401237e-02
  2.850287215482e-02
  2.904314446016e-02
  2.963463051068e-02
  2.943933918248e-02
  3.092507728006e-02
  3.143563058177e-02
  3.406174425613e-02
  3.198920882928e-02
  3.304605042359e-02
  2.474574889409e-02
  4.670807144241e-02
  2.745659196165e-02
  6.033977019811e-02
  2.217030379329e-02
  4.897355815086e-02
  2.609890393615e-02
  5.784609535533e-02
  2.310623347729e-02
  5.751368269828e-02
  6.541514929168e-02
  2.846266843528e-02
  3.888815607538e-02
  9.996967557014e-02
  8.606236162682e-02
  3.155845753637e-02
  2.540468917415e-02
  5.755486449400e-02
  7.697527984519e-02
  2.520784735574e-02
  3.216325684395e-02
  8.502827791527e-02
  1.965133618869e-01
  5.386409126107e-02
  4.403003528473e-02
  1.170749797545e-01
  4.776882408345e-02
  1.532712267398e-01
  4.388313011459e-02
  1.494918984315e-01
  1.594874070318e-01
  4.760351712687e-02
  4.223267973954e-02
  1.470619014059e-01
  1.041650761624e-01
  2.789321098600e-02
  3.723063565006e-02
  1.046451532281e-01
  1.702999544789e-01
  5.256892555037e-02
  4.394394191403e-02
  1.512389141102e-01
  3.597386495305e-02
  1.689032100064e-01
  5.262301792790e-02
  1.643193509324e-01
  4.605412922544e-02
  2.005407861066e-01
  1.831371713976e-01
  4.948686342357e-02
  4.097485468076e-02
  1.809241576943e-01
  6.004023452144e-02
  2.163479627866e-01
  4.971033505478e-02
  1.984991934671e-01
  3.497184474114e-02
  1.960736289632e-01
  5.442474824180e-02
  2.203978247356e-01
  1.890530135750e-01
  4.692666376018e-02
  1.855694647192e-01
  5.568380010075e-02
  9.065957418186e-02
  2.471684446887e-01
  7.355275528961e-02
  2.857607624861e-01
  4.097869261513e-02
  2.138263725804e-01
  3.920141054391e-01
  4.033205295628e-02
  1.117280123402e-01
  7.005788403148e-02
  1.257676617380e-01
  5.968329311104e-01
  1.001609449140e-01
  4.869514462145e-01
  3.387421027179e-01
  9.023616455006e-02
  1.422088859156e-01
  2.988944504931e-01
  6.497682772289e-01
  9.545292693832e-02
  1.495310578581e-01
  8.472660281426e-01
  5.355024322385e-01
  4.265563921015e-02
  4.352349732911e-02
  3.307733764993e-01
  1.118641042951e-01
  3.789454977709e-01
  1.963619459744e-01
  5.280014608409e-01
  3.057692091211e-02
  2.983971371911e-01
  1.411489114706e-01
  8.885855000995e-01
  3.089601866938e-01
  6.282102820148e-02
  6.827291551549e-02
  3.444768050216e-01
  6.286677838021e-02
  3.357791221011e-01
  3.329281727630e-01
  1.432276069954e-01
  5.885735961133e-01
  1.271152891341e-01
  8.463312824587e-02
  8.140128574778e-02
  1.241567133229e-01
  2.171078984133e-01
  6.310496042712e-01
  2.940219342281e+00
  1.599312851972e-01
  3.182066474270e-02
  3.343691065616e-02
  3.968547826224e-01
  5.741614252886e-02
  2.141407053306e-01
  3.260373977302e-01
  1.234237139109e-01
  9.279420810420e-02
  5.517765840920e-02
  7.573401989736e-02
  3.980001438384e-02
  3.310672778899e-02
  2.534303166170e-02
  1.905164340881e-02
  1.458556022833e-02
  3.649016834670e-02
  3.909319439469e-01
  2.114072353207e-01
  1.310723450637e-01
  2.959043544879e-01
  1.565182547136e-01
  1.057676397128e-01
  5.692991109858e-02
  5.645035764744e-02
  6.380464941230e-02
  7.031090019294e-02
  7.600700385013e-02
  8.470454473907e-02
  1.246083960269e-01
  8.963286786328e-02
  8.525163912344e-02
  8.939132585400e-02
  1.004335332279e-01
  1.464932970493e-01
  4.902391794851e-01
  4.625098650162e-01
  3.516459156753e-01
  3.376739541704e-01
  3.548259899994e-01
  3.895416021301e-01
  4.403536392751e-01
  5.111576664270e-01
  6.123524217942e-01
  7.609998228539e-01
  9.644098166371e-01
  1.147973431178e+00
  1.177323795006e+00
  1.111213811817e+00
  1.072360517921e+00
  1.084497081681e+00
  1.134357227587e+00
  1.209673083399e+00
  1.303267665184e+00
  1.411096598054e+00
  1.530984253829e+00
  1.661780470946e+00
  1.802362770964e+00
  1.952797907001e+00
  2.112700528427e+00
  2.281972213608e+00
  2.460668906835e+00
  2.648829841677e+00
  2.846765390611e+00
  3.055002020719e+00
  3.274091377258e+00
  3.504556981475e+00
  3.747657746457e+00
  4.004417141890e+00
  4.275978878193e+00
  4.563708457532e+00
  4.868513014332e+00
  5.192600839823e+00
  5.537213793934e+00
  5.903738767047e+00
  6.293569273619e+00
  6.708062419906e+00
  7.148367424768e+00
  7.616265657842e+00
  8.113961831914e+00
  8.643066835659e+00
  9.204822871853e+00
  9.800885174726e+00
  1.043469295353e+01
  1.110801179125e+01
  1.182315901583e+01
  1.258285656791e+01
  1.338947694966e+01
  1.424574210179e+01
  1.515598628593e+01
  1.612266170064e+01
  1.714855159123e+01
  1.823962548537e+01
  1.939887366551e+01
  2.063059385549e+01
  2.193958941020e+01
  2.332908026642e+01
  2.480574066955e+01
  2.637582143442e+01
  2.804527955994e+01
  2.981817734424e+01
  3.170038015590e+01
  3.370298499665e+01
  3.583131317819e+01
  3.809369697116e+01
  4.049819885395e+01
  4.305213741338e+01
  4.576672675417e+01
  4.865361807845e+01
  5.171988363335e+01
  5.497772061689e+01
  5.844336411881e+01
  6.212706627544e+01
  6.604310800871e+01
  7.020541188409e+01
  7.462452235450e+01
  7.932440966947e+01
  8.432203322829e+01
  8.963511509771e+01
  9.528403362169e+01
  1.012768130564e+02
  1.076554760881e+02
  1.144408547611e+02
  1.216474983183e+02
  1.293006168257e+02
  1.374447407322e+02
  1.461023557688e+02
  1.553051541023e+02
  1.650778542319e+02
  1.754675076010e+02
  1.865169964621e+02
  2.907143629618e-03
  2.684985589776e-03
  2.501463445302e-03
  2.440181883127e-03
  2.483977717327e-03
  2.505035113181e-03
  2.522516908986e-03
  2.540117975535e-03
  2.559107991257e-03
  2.527618760317e-03
  2.412024567967e-03
  2.242517816369e-03
  2.190271112022e-03
  2.079950711194e-03
  2.001122882147e-03
  2.113959846800e-03
  2.300802265047e-03
  2.482213733611e-03
  2.671007584712e-03
  2.830454320333e-03
  2.970063179513e-03
  3.041281876627e-03
  3.084272852998e-03
  3.130865389544e-03
  3.177518834827e-03
  3.223997498514e-03
  3.279268206155e-03
  3.319515641100e-03
  3.342239896875e-03
  3.360983899015e-03
  3.382280771750e-03
  3.398593720774e-03
  3.396739976567e-03
  3.371510517906e-03
  3.348637962595e-03
  3.325828964229e-03
  3.295665897771e-03
  3.262019745508e-03
  3.232782310257e-03
  3.207787829525e-03
  3.183453464496e-03
  3.162511451367e-03
  3.162582952929e-03
  3.174640234894e-03
  3.099002174828e-03
  2.995711547601e-03
  2.952270376208e-03
  2.953446179677e-03
  2.959727724333e-03
  2.954659058030e-03
  2.946531713784e-03
  2.952598753754e-03
  2.968646882176e-03
  2.983482132246e-03
  3.006804882579e-03
  3.029881349752e-03
  3.096396340113e-03
  3.164939856278e-03
  3.195913273775e-03
  3.220083450031e-03
  3.242593201119e-03
  3.267070569272e-03
  3.265296271245e-03
  3.261975420908e-03
  3.291386396859e-03
  3.354728836419e-03
  3.408731053381e-03
  3.440827310226e-03
  3.512101126788e-03
  3.548164396236e-03
  3.598821929007e-03
  3.625960744201e-03
  3.684549653973e-03
  3.735924439446e-03
  3.783926232716e-03
  3.830097349770e-03
  3.876777631850e-03
  3.921579681176e-03
  3.978264564770e-03
  4.058963830222e-03
  4.143067987216e-03
  4.181594088254e-03
  4.175026537349e-03
  4.223777361793e-03
  4.306671506327e-03
  4.398349750198e-03
  4.486132483028e-03
  4.571402068354e-03
  4.650305366431e-03
  4.714463453443e-03
  4.767091251486e-03
  4.810278195102e-03
  4.834164028872e-03
  4.847089553618e-03
  4.880579606591e-03
  4.938461580119e-03
  5.012157846860e-03
  5.096301091614e-03
  5.185413751542e-03
  5.273302582502e-03
  5.335290184854e-03
  5.390712991038e-03
  5.436806858244e-03
  5.465868150442e-03
  5.496255602145e-03
  5.704175321328e-03
  5.705146367410e-03
  6.174036779617e-03
  5.709091890542e-03
  6.036135046517e-03
  6.357255901224e-03
  6.354203695694e-03
  6.062417278426e-03
  6.177870085230e-03
  6.327724211601e-03
  6.889902824562e-03
  6.825710090416e-03
  7.361618051595e-03
  6.735826402995e-03
  6.832670593934e-03
  7.175396118918e-03
  7.412423283386e-03
  7.316569300601e-03
  7.310119643933e-03
  7.748784386678e-03
  7.804366440356e-03
  7.548347850800e-03
  7.383322992624e-03
  7.643650049848e-03
  8.160036742315e-03
  8.399580128950e-03
  8.239645259995e-03
  8.296410488901e-03
  8.467207526375e-03
  9.876421662129e-03
  1.002793052477e-02
  9.744675842103e-03
  9.708394142759e-03
  9.969590144232e-03
  1.059188567529e-02
  1.109040155703e-02
  1.101824060507e-02
  1.151725728932e-02
  1.186760342645e-02
  1.217491452642e-02
  1.168577597518e-02
  1.190728000788e-02
  1.214978095450e-02
  1.206971426161e-02
  1.267884594742e-02
  1.288816560737e-02
  1.396483521166e-02
  1.311512488888e-02
  1.354841505154e-02
  1.014540837652e-02
  1.914965117003e-02
  1.125681583817e-02
  2.473845558788e-02
  9.089512173470e-03
  2.007846879956e-02
  1.070018287768e-02
  2.371608403846e-02
  9.473230156568e-03
  2.357979953280e-02
  2.681928950365e-02
  1.166929301664e-02
  1.594359605293e-02
  4.098615840111e-02
  3.528435563978e-02
  1.293852292811e-02
  1.041556460681e-02
  2.359668348879e-02
  3.155878014720e-02
  1.033486223478e-02
  1.318648212254e-02
  3.486039588839e-02
  8.056770948087e-02
  2.208351846665e-02
  1.805169407918e-02
  4.799909210127e-02
  1.958454480674e-02
  6.283904335654e-02
  1.799146502933e-02
  6.128957200124e-02
  6.538758968965e-02
  1.951677128374e-02
  1.731480363056e-02
  6.029330745963e-02
  4.270621353032e-02
  1.143582348615e-02
  1.526403603317e-02
  4.290303836293e-02
  6.982058179309e-02
  2.155251877428e-02
  1.801639701025e-02
  6.200582381389e-02
  1.474877775543e-02
  6.924793623964e-02
  2.157469588690e-02
  6.736861860631e-02
  1.888154407518e-02
  8.221889666412e-02
  7.508365985211e-02
  2.028891672885e-02
  1.679911307934e-02
  7.417635541533e-02
  2.461565018093e-02
  8.869961637827e-02
  2.038053694891e-02
  8.138187244820e-02
  1.433796358711e-02
  8.038742517803e-02
  2.231337992904e-02
  9.036000271437e-02
  7.750907179005e-02
  1.923927094033e-02
  7.608086584269e-02
  2.282957345104e-02
  3.716914801217e-02
  1.013355796945e-01
  3.015559330312e-02
  1.171578862218e-01
  1.680068657836e-02
  8.766579992315e-02
  1.607202597124e-01
  1.653557342945e-02
  4.580691080069e-02
  2.872274533037e-02
  5.156296923374e-02
  2.446930923201e-01
  4.106457613707e-02
  1.996432317538e-01
  1.388794892045e-01
  3.699555602902e-02
  5.830363948807e-02
  1.225425132497e-01
  2.663958383644e-01
  3.913435510350e-02
  6.130562681438e-02
  3.473671334761e-01
  2.195484519354e-01
  1.748821105397e-02
  1.784402065454e-02
  1.356124237350e-01
  4.586270658465e-02
  1.553623147064e-01
  8.050563109022e-02
  2.164731593518e-01
  1.253610674212e-02
  1.223386218031e-01
  5.786906490077e-02
  3.643075347830e-01
  1.266693232648e-01
  2.575573640809e-02
  2.799093338920e-02
  1.412306363465e-01
  2.577449333674e-02
  1.376647089003e-01
  1.364958598418e-01
  5.872130077691e-02
  2.413068813461e-01
  5.211547747795e-02
  3.469839009164e-02
  3.337338020440e-02
  5.090250308200e-02
  8.901117927763e-02
  2.587214461997e-01
  1.205448502353e+00
  6.556957348318e-02
  1.304602418819e-02
  1.370866223964e-02
  1.627048691519e-01
  2.353980943769e-02
  8.779467192177e-02
  1.336707391701e-01
  5.060198365108e-02
  3.804431784313e-02
  2.262206248909e-02
  3.104988105807e-02
  1.631744511122e-02
  1.357329191641e-02
  1.039028589547e-02
  7.810905358066e-03
  5.979874181626e-03
  1.496045487205e-02
  1.602765887483e-01
  8.667398773256e-02
  5.373781465376e-02
  1.213166160183e-01
  6.417027907483e-02
  4.336324200572e-02
  2.334046140233e-02
  2.314385124431e-02
  2.615900724520e-02
  2.882647839155e-02
  3.116180063233e-02
  3.472766984758e-02
  5.108768662635e-02
  3.674821288794e-02
  3.495197083656e-02
  3.664918406749e-02
  4.117633350499e-02
  6.006018768513e-02
  2.009911560702e-01
  1.896225278468e-01
  1.441698707010e-01
  1.384415633504e-01
  1.454736563664e-01
  1.597065681935e-01
  1.805387874764e-01
  2.095674409729e-01
  2.510558648292e-01
  3.119992048071e-01
  3.953944361912e-01
  4.706529317234e-01
  4.826861673434e-01
  4.555820057321e-01
  4.396527026816e-01
  4.446285228176e-01
  4.650704801046e-01
  4.959489197799e-01
  5.343213795548e-01
  5.785297227111e-01
  6.276819723501e-01
  6.813065784360e-01
  7.389433406250e-01
  8.006196267541e-01
  8.661774484952e-01
  9.355764543646e-01
  1.008839580733e+00
  1.085982912812e+00
  1.167133698944e+00
  1.252507783213e+00
  1.342331332403e+00
  1.436818982849e+00
  1.536486871178e+00
  1.641754605540e+00
  1.753091091092e+00
  1.871056164483e+00
  1.996021738045e+00
  2.128893180067e+00
  2.270179635621e+00
  2.420449710224e+00
  2.580274725168e+00
  2.750211074897e+00
  2.930729922949e+00
  3.122561605776e+00
  3.326610024558e+00
  3.543535620951e+00
  3.773847680592e+00
  4.018224826193e+00
  4.278077085089e+00
  4.554128321424e+00
  4.847328607007e+00
  5.158793899146e+00
  5.489496890303e+00
  5.840553537813e+00
  6.213740827879e+00
  6.610064127360e+00
  7.030664527610e+00
  7.477989450868e+00
  7.953264870807e+00
  8.458252793639e+00
  8.994922527190e+00
  9.564594200176e+00
  1.017000415917e+01
  1.081371515017e+01
  1.149816945881e+01
  1.222503257006e+01
  1.299670920242e+01
  1.381774897022e+01
  1.469033353630e+01
  1.561787901421e+01
  1.660369090648e+01
  1.765076973060e+01
  1.876371311149e+01
  1.994729787786e+01
  2.120442355138e+01
  2.254009081139e+01
  2.396095581591e+01
  2.547122179641e+01
  2.707674372963e+01
  2.878322967126e+01
  3.059500269842e+01
  3.252189027568e+01
  3.457084551779e+01
  3.674913422240e+01
  3.906511122341e+01
  4.152206635278e+01
  4.413722831980e+01
  4.691913796904e+01
  4.987376028519e+01
  5.301143104000e+01
  5.635040709017e+01
  5.989990726853e+01
  6.367292491691e+01
  6.767959427172e+01
  7.193920576183e+01
  7.646934050646e+01
  1.217792260435e-03
  1.124731037468e-03
  1.047854255433e-03
  1.022183624177e-03
  1.040529545371e-03
  1.049350414569e-03
  1.056673477459e-03
  1.064046502445e-03
  1.072001353363e-03
  1.058810625070e-03
  1.010388623707e-03
  9.393828405449e-04
  9.174968795148e-04
  8.712840509058e-04
  8.382633500562e-04
  8.855303584167e-04
  9.637979914790e-04
  1.039790618785e-03
  1.118875700219e-03
  1.185667378006e-03
  1.244149038997e-03
  1.273982301193e-03
  1.291991070268e-03
  1.311508520256e-03
  1.331051484700e-03
  1.350521233748e-03
  1.373673939141e-03
  1.390533448344e-03
  1.400052559311e-03
  1.407904356004e-03
  1.416825541226e-03
  1.423658978303e-03
  1.422882451363e-03
  1.412313919702e-03
  1.402732686580e-03
  1.393178077239e-03
  1.380542874593e-03
  1.366448619530e-03
  1.354201160546e-03
  1.343731060315e-03
  1.333537480234e-03
  1.324764944455e-03
  1.324794896208e-03
  1.329845649294e-03
  1.298161131472e-03
  1.254893050346e-03
  1.236695696157e-03
  1.237188236102e-03
  1.239819553106e-03
  1.237696306586e-03
  1.234291790614e-03
  1.236833252358e-03
  1.243555757014e-03
  1.249770191187e-03
  1.259540009423e-03
  1.269206660508e-03
  1.297069556459e-03
  1.325782194747e-03
  1.338756850599e-03
  1.348881652579e-03
  1.358310908285e-03
  1.368564391873e-03
  1.367821144658e-03
  1.366430052111e-03
  1.378750206684e-03
  1.405284132242e-03
  1.427905471344e-03
  1.441350480657e-03
  1.471206832196e-03
  1.486313609162e-03
  1.507533871798e-03
  1.518902226207e-03
  1.543444914824e-03
  1.564965632099e-03
  1.585073414782e-03
  1.604414333624e-03
  1.623968539909e-03
  1.642735961086e-03
  1.666481059822e-03
  1.700285698812e-03
  1.735516634915e-03
  1.751655083388e-03
  1.748903959370e-03
  1.769325508581e-03
  1.804049574713e-03
  1.842453269219e-03
  1.879225147826e-03
  1.914944277765e-03
  1.947996592327e-03
  1.974872189738e-03
  1.996917789580e-03
  2.015008648646e-03
  2.025014340557e-03
  2.030428797496e-03
  2.044457663114e-03
  2.068704218620e-03
  2.099575326035e-03
  2.134822635864e-03
  2.172151616263e-03
  2.208967939003e-03
  2.234934328011e-03
  2.258150746951e-03
  2.277459306103e-03
  2.289632979380e-03
  2.302362176218e-03
  2.389459016647e-03
  2.389865784442e-03
  2.586282331997e-03
  2.391518550230e-03
  2.528515780129e-03
  2.663032178817e-03
  2.661753620636e-03
  2.539525314808e-03
  2.587888090261e-03
  2.650661457710e-03
  2.886156105058e-03
  2.859265994084e-03
  3.083755957627e-03
  2.821614032975e-03
  2.862181724571e-03
  3.005748243792e-03
  3.105038090864e-03
  3.064885193987e-03
  3.062183455451e-03
  3.245938576182e-03
  3.269221703338e-03
  3.161976414968e-03
  3.092848081226e-03
  3.201898171575e-03
  3.418210744188e-03
  3.518554627893e-03
  3.451558472766e-03
  3.475337227870e-03
  3.546883507257e-03
  4.137198361443e-03
  4.200664892106e-03
  4.082010499950e-03
  4.066812223468e-03
  4.176226311513e-03
  4.436903724800e-03
  4.645730277539e-03
  4.615502308095e-03
  4.824538645247e-03
  4.971297412143e-03
  5.100028953051e-03
  4.895130531140e-03
  4.987917792811e-03
  5.089500588010e-03
  5.055960931446e-03
  5.311124056174e-03
  5.398807326877e-03
  5.849820444284e-03
  5.493879773122e-03
  5.675383501125e-03
  4.249875951779e-03
  8.021721647086e-03
  4.715440635685e-03
  1.036285219730e-02
  3.807564739221e-03
  8.410800091328e-03
  4.482269042685e-03
  9.934584344451e-03
  3.968302855235e-03
  9.877495243478e-03
  1.123450621950e-02
  4.888225877675e-03
  6.678716413923e-03
  1.716895786549e-02
  1.478049270590e-02
  5.419901831748e-03
  4.363043448220e-03
  9.884567873368e-03
  1.321986221131e-02
  4.329237507896e-03
  5.523771067792e-03
  1.460289745442e-02
  3.374953065518e-02
  9.250708357812e-03
  7.561791276289e-03
  2.010665117242e-02
  8.203897064740e-03
  2.632305465513e-02
  7.536561538751e-03
  2.567398654407e-02
  2.739063176697e-02
  8.175506973883e-03
  7.253110454342e-03
  2.525665482515e-02
  1.788948292058e-02
  4.790426310987e-03
  6.394051107357e-03
  1.797193215197e-02
  2.924759659635e-02
  9.028274450839e-03
  7.547005458033e-03
  2.597402191387e-02
  6.178211223708e-03
  2.900771738437e-02
  9.037564365460e-03
  2.822047782543e-02
  7.909412526290e-03
  3.444120716948e-02
  3.145228151836e-02
  8.498955990096e-03
  7.037089492854e-03
  3.107221487504e-02
  1.031140944345e-02
  3.715595790609e-02
  8.537335378630e-03
  3.409058066394e-02
  6.006122610831e-03
  3.367401019364e-02
  9.346996517438e-03
  3.785148791322e-02
  3.246827806435e-02
  8.059263054239e-03
  3.187000760696e-02
  9.563228171622e-03
  1.557002561382e-02
  4.244911857859e-02
  1.263207216845e-02
  4.907702723605e-02
  7.037748626067e-03
  3.672289582242e-02
  6.732515255829e-02
  6.926693658712e-03
  1.918835412162e-02
  1.203185718291e-02
  2.159954679163e-02
  1.025010773370e-01
  1.720180677979e-02
  8.362984890085e-02
  5.817613046821e-02
  1.549730854150e-02
  2.442318989692e-02
  5.133262859441e-02
  1.115922814639e-01
  1.639324396519e-02
  2.568071184894e-02
  1.455108727230e-01
  9.196807575435e-02
  7.325750215233e-03
  7.474797607782e-03
  5.680756821261e-02
  1.921172677964e-02
  6.508072820525e-02
  3.372352623527e-02
  9.067984648741e-02
  5.251331104183e-03
  5.124721918322e-02
  2.424114812795e-02
  1.526071473583e-01
  5.306133482186e-02
  1.078898756155e-02
  1.172530372990e-02
  5.916101775190e-02
  1.079684477311e-02
  5.766726326347e-02
  5.717763649631e-02
  2.459814674454e-02
  1.010826054479e-01
  2.183099055545e-02
  1.453503379491e-02
  1.397999180482e-02
  2.132287983934e-02
  3.728647051083e-02
  1.083775055283e-01
  5.049581457080e-01
  2.746686413920e-02
  5.464933732191e-03
  5.742510485643e-03
  6.815649848521e-02
  9.860743533029e-03
  3.677687985022e-02
  5.599420336497e-02
  2.119699330475e-02
  1.593663118357e-02
  9.476302558164e-03
  1.300668616945e-02
  6.835320471984e-03
  5.685804332482e-03
  4.352454284782e-03
  3.271960833010e-03
  2.504948301339e-03
  6.266882024736e-03
  6.713930034903e-02
  3.630742917771e-02
  2.251058190292e-02
  5.081910454791e-02
  2.688070462400e-02
  1.816470984232e-02
  9.777237340858e-03
  9.694878035899e-03
  1.095791629946e-02
  1.207531059807e-02
  1.305356888619e-02
  1.454729898189e-02
  2.140045257595e-02
  1.539369736804e-02
  1.464125787872e-02
  1.535221454281e-02
  1.724862154887e-02
  2.515900177001e-02
  8.419448966490e-02
  7.943221121355e-02
  6.039225270433e-02
  5.799268486531e-02
  6.093840394238e-02
  6.690052073977e-02
  7.562706426237e-02
  8.778706530214e-02
  1.051664204036e-01
  1.306953715685e-01
  1.656293412225e-01
  1.971548607934e-01
  2.021955409500e-01
  1.908417028047e-01
  1.841689736793e-01
  1.862533272659e-01
  1.948163914085e-01
  2.077512613845e-01
  2.238253500713e-01
  2.423440698188e-01
  2.629337746354e-01
  2.853969338667e-01
  3.095407712042e-01
  3.353767509388e-01
  3.628386923145e-01
  3.919096922364e-01
  4.225993586699e-01
  4.549144296532e-01
  4.889082090704e-01
  5.246711132510e-01
  5.622978826661e-01
  6.018784277233e-01
  6.436289562435e-01
  6.877252406079e-01
  7.343637035405e-01
  7.837788586478e-01
  8.361264987003e-01
  8.917858792960e-01
  9.509702795182e-01
  1.013917886221e+00
  1.080868023889e+00
  1.152053764200e+00
  1.227672475908e+00
  1.308030094387e+00
  1.393505260669e+00
  1.484374631445e+00
  1.580851544680e+00
  1.683220273045e+00
  1.792071472042e+00
  1.907708365819e+00
  2.030528936121e+00
  2.161000653547e+00
  2.299530975555e+00
  2.446587372754e+00
  2.602914218427e+00
  2.768932657221e+00
  2.945120688297e+00
  3.132503528242e+00
  3.331594733120e+00
  3.543132401151e+00
  3.767941468467e+00
  4.006574932354e+00
  4.260179038782e+00
  4.529827313059e+00
  4.816542820055e+00
  5.121023225587e+00
  5.444275857781e+00
  5.788206534119e+00
  6.153729145494e+00
  6.542274689887e+00
  6.955227830703e+00
  7.393845474183e+00
  7.860053549264e+00
  8.355853052724e+00
  8.882458584014e+00
  9.441964910149e+00
  1.003716027236e+01
  1.066980538955e+01
  1.134235289092e+01
  1.205719386097e+01
  1.281613922152e+01
  1.362330566297e+01
  1.448160582069e+01
  1.539408331181e+01
  1.636423794691e+01
  1.739344782505e+01
  1.848892999207e+01
  1.965426217778e+01
  2.089194309333e+01
  2.220630235720e+01
  2.360498770259e+01
  2.509186086619e+01
  2.667236471329e+01
  2.835074443994e+01
  3.013508073907e+01
  3.203273827981e+01
