2394
  0.000000000000e+00
  0.000000000000e+00
  0.000000000000e+00
  0.000000000000e+00
  0.000000000000e+00
  0.000000000000e+00
  0.000000000000e+00
  0.000000000000e+00
  0.000000000000e+00
  0.000000000000e+00
  0.000000000000e+00
  0.000000000000e+00
  0.000000000000e+00
  0.000000000000e+00
  0.000000000000e+00
  0.000000000000e+00
  0.000000000000e+00
  0.000000000000e+00
  0.000000000000e+00
  0.000000000000e+00
  0.000000000000e+00
  0.000000000000e+00
  0.000000000000e+00
  0.000000000000e+00
  0.000000000000e+00
  0.000000000000e+00
  0.000000000000e+00
  0.000000000000e+00
  0.000000000000e+00
  0.000000000000e+00
  0.000000000000e+00
  0.000000000000e+00
  0.000000000000e+00
  2.519643319548e-07
  1.683348582237e-04
  9.366516597383e-04
  1.301755185300e-03
  3.975473839137e-03
  6.624788043217e-03
  5.447859073256e-03
  1.337874536489e-02
  1.785262597340e-02
  1.290857536142e-02
  1.460860291709e-02
  1.923614752006e-02
  1.889727776392e-02
  2.258596775380e-02
  1.832821480793e-02
  2.110030538382e-02
  1.413414812365e-02
  1.324566550145e-02
  2.044226733583e-02
  2.991560374718e-02
  2.075153776285e-02
  3.072965671106e-02
  3.178959948871e-02
  2.688827680231e-02
  2.638946726268e-02
  2.948232578535e-02
  3.548494518568e-02
  1.930375293622e-02
  1.830321163018e-02
  1.855473737104e-02
  1.629800990670e-02
  2.623950247023e-02
  4.120619671127e-02
  3.503818441808e-02
  1.952315703492e-02
  1.767948332375e-02
  1.649411617407e-02
  1.922638962503e-02
  2.129304666281e-02
  1.636183042504e-02
  1.482446777928e-02
  1.697069907986e-02
  1.765555134350e-02
  1.591029354489e-02
  1.344788473585e-02
  9.229309052945e-03
  6.872568877636e-03
  4.856440939723e-03
  5.516184334127e-03
  5.852260407207e-03
  8.875656771406e-03
  8.694947182660e-03
  9.537491143316e-03
  8.951503266939e-03
  6.647417447315e-03
  6.253579548906e-03
  7.241309332925e-03
  8.198845630286e-03
  7.713107556587e-03
  6.009515055654e-03
  4.453105090212e-03
  4.189279145616e-03
  3.941078401780e-03
  2.235005578760e-03
  1.846566801366e-03
  1.737167258184e-03
  1.634250602228e-03
  7.819975931506e-04
  3.690098257516e-03
  2.960664182503e-03
  3.373989305699e-03
  2.733694001666e-03
  3.010404881008e-03
  3.278844116139e-03
  1.929770852583e-03
  3.971043566264e-03
  5.978966816951e-04
  1.685796079977e-03
  2.142899079407e-03
  3.340302241246e-03
  1.314724381870e-04
  2.058138906734e-03
  1.089975476145e-03
  1.816950684442e-03
  1.037691534840e-03
  2.518885511594e-03
  6.963421107560e-05
  1.551442554156e-03
  7.957620695913e-04
  1.653932242217e-03
  6.967119852524e-05
  9.365902729807e-05
  2.162149349595e-04
  2.467171959815e-04
  2.371843003040e-05
  1.551747628345e-04
  7.847056089773e-05
  1.972643575505e-04
  2.583359860326e-06
  1.726889532438e-04
  3.480041856609e-06
  1.430547919267e-04
  4.498708681174e-06
  1.277708886855e-04
  3.449392182644e-06
  1.090471277762e-04
  1.404858086794e-06
  4.788349514123e-05
  4.919468897614e-05
  8.010194040503e-05
  3.179084464868e-06
  2.012269684502e-06
  6.974873951237e-05
  5.741712540313e-05
  5.376831938091e-06
  5.180813108998e-05
  1.192724705361e-06
  4.554447085854e-05
  1.541213186550e-06
  3.758738450450e-05
  1.782359937788e-06
  2.197054025671e-05
  1.287390669728e-05
  2.411959240592e-05
  5.565183849663e-06
  9.774313455994e-06
  1.599069811430e-05
  1.383587966614e-05
  8.546510774799e-06
  1.033685693266e-05
  8.698516155618e-06
  7.279705592939e-06
  9.596637384286e-06
  1.109390933556e-05
  2.956842206980e-06
  3.624504407425e-06
  8.881009530994e-06
  6.173280728114e-06
  4.407607190735e-06
  4.142400315463e-06
  5.107218956161e-06
  5.106478201671e-06
  2.871551977222e-06
  2.535701855400e-07
  6.582230937924e-06
  4.502468955722e-06
  1.512974192553e-06
  3.647916528389e-06
  1.399556573294e-06
  3.398350364816e-06
  1.089324810792e-06
  1.406424548876e-06
  2.365048954367e-06
  2.241003741979e-06
  1.079240786118e-06
  1.386350107907e-06
  1.457350631670e-06
  1.537570286682e-06
  9.169608788632e-07
  7.490189644451e-07
  1.395140040314e-06
  1.437503844449e-06
  3.754772020374e-07
  7.663425988183e-07
  8.439316041709e-07
  6.852665456918e-07
  6.590471731648e-07
  5.812303883773e-07
  6.104798215451e-07
  4.093639776946e-07
  6.042491656226e-07
  5.541265780699e-07
  3.271250897006e-07
  4.980135684857e-07
  2.662533066792e-07
  4.452809154051e-07
  2.058393677489e-07
  2.850214294473e-07
  2.912378027367e-07
  2.620448145354e-07
  2.186114696932e-07
  1.514749238211e-07
  2.762140150975e-07
  1.121382381046e-07
  2.491545380837e-07
  2.521819707200e-07
  6.417769844052e-08
  1.560737317660e-07
  1.163430738943e-07
  1.294510748070e-07
  1.043670002307e-07
  5.476607157432e-08
  1.506364189892e-07
  2.797685054655e-08
  1.446847028937e-07
  8.437579844813e-08
  6.909966524500e-08
  7.521223235597e-08
  5.356830424247e-08
  4.891176303751e-08
  6.464599741904e-08
  6.671843606674e-08
  3.038213167917e-08
  1.134803771497e-08
  5.881539805339e-08
  2.477633810413e-08
  2.611434375519e-08
  1.070091159876e-08
  3.544563937902e-08
  3.505388674506e-08
  6.790563710653e-09
  1.969278044375e-08
  1.825089148812e-08
  2.256767455715e-08
  1.183866901881e-08
  2.015768015556e-08
  1.104110392674e-08
  1.880491483131e-08
  9.485439514754e-09
  6.707210263092e-09
  1.894577016028e-08
  1.333372079188e-08
  9.927886927116e-09
  9.711105119871e-09
  1.138187327310e-08
  4.640241863914e-09
  1.448638928102e-08
  8.834751309820e-09
  8.508767345385e-09
  9.373577931255e-10
  1.478935249721e-08
  5.977133469583e-09
  8.283573067164e-09
  9.497796849029e-09
  3.433373638165e-09
  2.789181174827e-09
  8.936529354255e-09
  8.230538793435e-09
  2.402030405298e-09
  5.319392500358e-09
  4.321979091005e-09
  3.155262203807e-09
  5.587280425846e-09
  7.075416547897e-09
  8.521333206105e-10
  3.495117461641e-09
  3.693388976213e-09
  5.300799368413e-10
  5.988279636560e-09
  5.132635644700e-09
  7.780378759125e-10
  2.973272891123e-09
  2.386410917592e-09
  1.411889712788e-09
  3.448141880930e-09
  1.765667681500e-09
  2.641284507676e-09
  1.450709909922e-09
  2.545405190767e-09
  1.708611418251e-09
  1.914969759761e-09
  2.580903247410e-09
  7.048879415346e-10
  1.019580056134e-09
  1.959880071706e-09
  4.338635497884e-10
  2.267847922579e-09
  3.020662668198e-09
  2.673468993408e-09
  2.366166713244e-09
  2.094179672018e-09
  1.853460171470e-09
  1.640414701079e-09
  1.451855377107e-09
  1.284971377333e-09
  1.137266097467e-09
  1.006542868517e-09
  8.908449697314e-10
  7.884442024877e-10
  6.978151815565e-10
  6.176039133071e-10
  5.466135130744e-10
  4.837842094724e-10
  4.281733487075e-10
  3.789553945787e-10
  3.353962197377e-10
  2.968445361090e-10
  2.627230396572e-10
  2.325246969025e-10
  2.057973196766e-10
  1.821404229437e-10
  1.612046534947e-10
  1.426749364406e-10
  1.262747600019e-10
  1.117601768028e-10
  9.891380516567e-11
  8.754397215239e-11
  7.748128573279e-11
  6.857492129993e-11
  6.069262167004e-11
  5.371612663993e-11
  4.754174429232e-11
  4.207692316383e-11
  3.724025224503e-11
  3.295974706441e-11
  2.917113577242e-11
  2.581803053304e-11
  2.285035643414e-11
  2.022375161691e-11
  1.789911023153e-11
  1.584169691399e-11
  1.402074687229e-11
  1.240912310328e-11
  1.098274508734e-11
  9.720331700941e-12
  8.603001302945e-12
  7.614128908266e-12
  6.738917708874e-12
  5.964313377991e-12
  5.278718417431e-12
  4.671963592329e-12
  4.134936582682e-12
  3.659639113878e-12
  3.238986999833e-12
  2.866667316655e-12
  2.537158398337e-12
  2.245518453779e-12
  1.987394136371e-12
  1.758969126512e-12
  1.556775600853e-12
  1.377828489049e-12
  1.219454082156e-12
  1.079281463058e-12
  9.552225107762e-13
  8.454233395166e-13
  7.482443029837e-13
  6.622371421674e-13
  5.861164200766e-13
  5.187452391057e-13
  4.591181018750e-13
  4.063437720706e-13
  3.596338483380e-13
  3.182970512284e-13
  2.817095153222e-13
  2.493285005565e-13
  2.206683974012e-13
  1.953035833860e-13
  1.728544261194e-13
  1.529855693732e-13
  1.354002200285e-13
  1.198367202447e-13
  1.060619774473e-13
  9.387060737029e-14
  8.308036361369e-14
  7.353070937991e-14
  6.507853268393e-14
  5.759814635328e-14
  5.097757454340e-14
  4.511769577962e-14
  3.993167165189e-14
  3.534180463540e-14
  3.127925243795e-14
  2.768388517363e-14
  2.450162879301e-14
  2.168526491061e-14
  1.669708381845e-13
  0.000000000000e+00
  0.000000000000e+00
  0.000000000000e+00
  0.000000000000e+00
  0.000000000000e+00
  0.000000000000e+00
  0.000000000000e+00
  0.000000000000e+00
  0.000000000000e+00
  0.000000000000e+00
  0.000000000000e+00
  0.000000000000e+00
  0.000000000000e+00
  0.000000000000e+00
  0.000000000000e+00
  0.000000000000e+00
  0.000000000000e+00
  0.000000000000e+00
  0.000000000000e+00
  0.000000000000e+00
  0.000000000000e+00
  0.000000000000e+00
  0.000000000000e+00
  0.000000000000e+00
  0.000000000000e+00
  0.000000000000e+00
  0.000000000000e+00
  0.000000000000e+00
  0.000000000000e+00
  0.000000000000e+00
  5.307169516362e-11
  1.184653168907e-07
  9.203472768766e-07
  1.704671065671e-04
  5.043252117402e-04
  1.312838172884e-03
  1.817038535569e-03
  4.960252952679e-03
  7.839015377800e-03
  7.036705245324e-03
  1.657274357736e-02
  2.220261690984e-02
  1.641685934955e-02
  1.833889284123e-02
  2.345639251451e-02
  2.320674974553e-02
  2.769538871363e-02
  2.373919001258e-02
  2.785679042850e-02
  1.884559405888e-02
  1.712487966828e-02
  2.394499726010e-02
  3.851500925540e-02
  3.219984964309e-02
  4.131225343809e-02
  4.202716369803e-02
  3.091548159269e-02
  2.999451505121e-02
  3.809166249101e-02
  4.703051724510e-02
  2.611333093082e-02
  2.244452302196e-02
  1.934657856226e-02
  1.511741643985e-02
  2.070514768220e-02
  2.397810218238e-02
  1.793373109433e-02
  1.494755863652e-02
  1.360265871719e-02
  1.115229125273e-02
  1.062632033609e-02
  9.831420349207e-03
  9.717290825271e-03
  1.072814204539e-02
  1.082125309811e-02
  1.025544780658e-02
  1.022190015716e-02
  1.015248607488e-02
  9.444714790169e-03
  9.174546083919e-03
  9.059232264870e-03
  9.649636583400e-03
  9.211856914078e-03
  8.287215737302e-03
  7.594535914148e-03
  6.351153329208e-03
  5.960203123666e-03
  4.363502693932e-03
  4.104979925235e-03
  3.870326790570e-03
  3.649740204125e-03
  3.433511713015e-03
  3.234462695365e-03
  3.047061828904e-03
  2.866537068417e-03
  2.696703615076e-03
  2.555889265874e-03
  2.407752763101e-03
  2.265105523518e-03
  2.130911605364e-03
  1.019652635765e-03
  2.148118749270e-03
  1.349407988484e-03
  1.537792262616e-03
  1.245959256925e-03
  1.372078385361e-03
  1.494427692155e-03
  8.795483102224e-04
  1.846603461403e-03
  3.037675017290e-04
  8.564859891398e-04
  1.088721662035e-03
  1.697074880599e-03
  6.679591734692e-05
  1.045658583227e-03
  5.537733058637e-04
  9.231204815287e-04
  5.272099101387e-04
  1.279745685702e-03
  3.537837431707e-05
  7.882262791590e-04
  4.042950675629e-04
  1.136815344247e-03
  4.388867749578e-05
  4.165569680732e-04
  9.616355649409e-04
  1.097296918267e-03
  1.054898304280e-04
  6.901534560406e-04
  3.490047432647e-04
  8.773508561738e-04
  1.148972404756e-05
  7.680496370063e-04
  1.547779854965e-05
  6.362489728544e-04
  2.000840805112e-05
  5.682724106794e-04
  1.534148120143e-05
  4.849971391726e-04
  6.248234763406e-06
  2.129662838110e-04
  2.187978398342e-04
  3.562605801844e-04
  1.413926283304e-05
  8.949748055505e-06
  3.102137473149e-04
  2.553677899125e-04
  2.391394061496e-05
  2.304213936568e-04
  5.304752779558e-06
  2.025632197060e-04
  6.854687387539e-06
  1.671732503650e-04
  7.927204964891e-06
  9.771594923387e-05
  5.725786748410e-05
  1.072740983003e-04
  2.475166720348e-05
  4.347215620045e-05
  7.112009712650e-05
  6.153634133071e-05
  3.801138654095e-05
  4.597411930777e-05
  3.868744350935e-05
  3.237715301019e-05
  4.268192073142e-05
  4.934117551800e-05
  1.315082622419e-05
  1.612031550567e-05
  3.949910320902e-05
  2.745623265652e-05
  1.960323639820e-05
  1.842370491827e-05
  2.271482299681e-05
  2.271152622912e-05
  1.277148620598e-05
  1.127777064044e-06
  2.927507845963e-05
  2.002514817323e-05
  6.729093554862e-06
  1.622444841669e-05
  6.224658104062e-06
  1.511448021808e-05
  4.844873388649e-06
  6.255205004239e-06
  1.051877505026e-05
  9.967072555236e-06
  4.800023689980e-06
  6.165920442236e-06
  6.481701737969e-06
  6.838486285730e-06
  4.078268204295e-06
  3.331330177228e-06
  6.205013193813e-06
  6.393428569527e-06
  1.669968839192e-06
  3.408377262871e-06
  3.753462430377e-06
  3.047785433218e-06
  2.931172575248e-06
  2.585074724738e-06
  2.715164838961e-06
  1.820682844064e-06
  2.687451779901e-06
  2.464527300822e-06
  1.454917836266e-06
  2.214959347193e-06
  1.184185150974e-06
  1.980426490426e-06
  9.154887836514e-07
  1.267658421128e-06
  1.295306288617e-06
  1.165467477389e-06
  9.722938363417e-07
  6.736979355431e-07
  1.228486366051e-06
  4.987445143253e-07
  1.108136581067e-06
  1.121601131051e-06
  2.854358751471e-07
  6.941513651728e-07
  5.174458623462e-07
  5.757451689582e-07
  4.641815033972e-07
  2.435769200938e-07
  6.699688614016e-07
  1.244296539791e-07
  6.434981721873e-07
  3.752690314236e-07
  3.073269338967e-07
  3.345128654162e-07
  2.382495732878e-07
  2.175391737548e-07
  2.875186683993e-07
  2.967358712436e-07
  1.351270541583e-07
  5.047130407193e-08
  2.615864405413e-07
  1.101949081827e-07
  1.161457144227e-07
  4.759324004888e-08
  1.576475159539e-07
  1.559051577400e-07
  3.020158407110e-08
  8.758532541280e-08
  8.117245038546e-08
  1.003715786720e-07
  5.265346189776e-08
  8.965302166933e-08
  4.910624346523e-08
  8.363653685733e-08
  4.218730917461e-08
  2.983088863245e-08
  8.426289062005e-08
  5.930292477738e-08
  4.415513725537e-08
  4.319093840818e-08
  5.062188110809e-08
  2.063784762204e-08
  6.442952802759e-08
  3.929341212203e-08
  3.784350285796e-08
  4.168978901114e-09
  6.577691275302e-08
  2.658378386345e-08
  3.684184376019e-08
  4.224232355649e-08
  1.527023478218e-08
  1.240512052813e-08
  3.974592907120e-08
  3.660601961223e-08
  1.068323844469e-08
  2.365846425175e-08
  1.922238252986e-08
  1.403334368401e-08
  2.484987620393e-08
  3.146850867198e-08
  3.789938055777e-09
  1.554483629398e-08
  1.642667682399e-08
  2.357577388921e-09
  2.663340250825e-08
  2.282789152514e-08
  3.460388571181e-09
  1.322386690587e-08
  1.061376902152e-08
  6.279497940762e-09
  1.533589121781e-08
  7.852961282873e-09
  1.174733867220e-08
  6.452155993289e-09
  1.132090942006e-08
  7.599195617351e-09
  8.516991125645e-09
  1.147878592003e-08
  3.135044994464e-09
  4.534677057113e-09
  8.716727477188e-09
  1.929637330400e-09
  1.008645332118e-08
  1.343471017467e-08
  1.189048896050e-08
  1.052372385429e-08
  9.314043873272e-09
  8.243424488555e-09
  7.295877716106e-09
  6.457247355458e-09
  5.715015296582e-09
  5.058091224490e-09
  4.476685335185e-09
  3.962114642533e-09
  3.506681228298e-09
  3.103594764889e-09
  2.746850765400e-09
  2.431114367733e-09
  2.151664993702e-09
  1.904341008143e-09
  1.685440105303e-09
  1.491708240666e-09
  1.320245551431e-09
  1.168484220157e-09
  1.034171872491e-09
  9.152996340127e-10
  8.100855279632e-10
  7.169744752448e-10
  6.345608171714e-10
  5.616159859155e-10
  4.970624942872e-10
  4.399274493852e-10
  3.893591548640e-10
  3.446038677588e-10
  3.049930700805e-10
  2.699351676813e-10
  2.389066357121e-10
  2.114459311240e-10
  1.871413176721e-10
  1.656292056883e-10
  1.465919384460e-10
  1.297411898919e-10
  1.148279260069e-10
  1.016291229915e-10
  8.994666044836e-11
  7.960787479079e-11
  7.045725810907e-11
  6.235867180606e-11
  5.519064262130e-11
  4.884669467638e-11
  4.323202902134e-11
  3.826258283949e-11
  3.386447603848e-11
  2.997196363726e-11
  2.652671633444e-11
  2.347759914477e-11
  2.077890049049e-11
  1.839049822409e-11
  1.627658678769e-11
  1.440562187220e-11
  1.274976700838e-11
  1.128422947608e-11
  9.987149622520e-12
  8.839102794202e-12
  7.823154677825e-12
  6.923920505092e-12
  6.128007779864e-12
  5.423634425988e-12
  4.800197128339e-12
  4.248437355493e-12
  3.760098246193e-12
  3.327885870721e-12
  2.945358549116e-12
  2.606805101205e-12
  2.307161835265e-12
  2.041962741219e-12
  1.807245411118e-12
  1.599506766426e-12
  1.415658785305e-12
  1.252928889008e-12
  1.108909748685e-12
  9.814430695011e-13
  8.686306588226e-13
  7.687846194082e-13
  6.804162812324e-13
  6.022029969489e-13
  5.329842680284e-13
  4.717196856799e-13
  4.174972319842e-13
  3.695072696746e-13
  3.270336875938e-13
  2.894422791064e-13
  2.561724409648e-13
  2.267266585395e-13
  2.006649717302e-13
  1.775994408758e-13
  1.571852922120e-13
  1.391170440088e-13
  1.231262929342e-13
  1.089728595120e-13
  9.644700175731e-14
  7.426194451287e-13
  0.000000000000e+00
  0.000000000000e+00
  0.000000000000e+00
  0.000000000000e+00
  0.000000000000e+00
  0.000000000000e+00
  0.000000000000e+00
  0.000000000000e+00
  0.000000000000e+00
  0.000000000000e+00
  0.000000000000e+00
  0.000000000000e+00
  0.000000000000e+00
  0.000000000000e+00
  0.000000000000e+00
  0.000000000000e+00
  0.000000000000e+00
  0.000000000000e+00
  0.000000000000e+00
  0.000000000000e+00
  0.000000000000e+00
  0.000000000000e+00
  0.000000000000e+00
  0.000000000000e+00
  0.000000000000e+00
  4.369806668696e-06
  2.172523196458e-05
  5.243646618304e-05
  1.030254473509e-04
  1.737826568513e-04
  2.041689189715e-04
  5.349549924557e-04
  8.522145610187e-04
  1.073969571074e-03
  2.558843553042e-03
  2.623561467295e-03
  3.109762297680e-03
  3.144759069925e-03
  4.426219566535e-03
  5.264072077811e-03
  7.300014940472e-03
  7.829763342090e-03
  8.598204883143e-03
  1.220889583643e-02
  1.364582540558e-02
  1.786206317929e-02
  2.142262376200e-02
  3.339789862300e-02
  3.397375444456e-02
  3.380146897458e-02
  3.631540735547e-02
  4.048983310755e-02
  3.042781908445e-02
  2.830391562323e-02
  2.841203676942e-02
  2.774801224565e-02
  2.747003447144e-02
  2.646221577341e-02
  3.186036050714e-02
  3.218466018137e-02
  2.759195770047e-02
  2.594479128112e-02
  2.481469575177e-02
  2.530310746599e-02
  2.442520572745e-02
  2.008973442081e-02
  2.075644284393e-02
  1.975297751180e-02
  1.813090526154e-02
  1.575804839771e-02
  1.568793659934e-02
  1.544191055995e-02
  1.463641613629e-02
  1.325314136712e-02
  1.289823480613e-02
  1.302734021938e-02
  1.277858970333e-02
  1.242413528953e-02
  1.154433221409e-02
  1.053966115612e-02
  9.509693042497e-03
  8.356474242068e-03
  7.632412686821e-03
  6.313331225232e-03
  5.813360773859e-03
  4.973524032027e-03
  4.680849155418e-03
  4.571401131124e-03
  4.300560906100e-03
  4.161723894080e-03
  4.033516978450e-03
  3.794551391350e-03
  3.458293003603e-03
  3.146107396035e-03
  2.959714354032e-03
  2.784360659595e-03
  2.651156937832e-03
  2.499601836880e-03
  2.351513197725e-03
  2.212200271803e-03
  1.058549612840e-03
  2.214273192770e-03
  1.385997506801e-03
  1.579489839376e-03
  1.279744076313e-03
  1.409282507452e-03
  1.534949283350e-03
  9.033976230180e-04
  1.890711034376e-03
  3.069228751214e-04
  8.653823972824e-04
  1.100030627947e-03
  1.714703013393e-03
  6.748975275444e-05
  1.056520219735e-03
  5.595254869878e-04
  9.327092686488e-04
  5.326862436419e-04
  1.293038919564e-03
  3.574586304495e-05
  7.964139458333e-04
  4.084946489653e-04
  1.044767986764e-03
  4.137040599257e-05
  2.916507980024e-04
  6.732854848463e-04
  7.682682394105e-04
  7.385830796227e-05
  4.832084159345e-04
  2.443543526780e-04
  6.142738988520e-04
  8.044486883653e-06
  5.377470129525e-04
  1.083672128080e-05
  4.454673786319e-04
  1.400881380776e-05
  3.978738070997e-04
  1.074128112429e-05
  3.395688297791e-04
  4.374676525811e-06
  1.491074792307e-04
  1.531904499821e-04
  2.494344350500e-04
  9.899549885724e-06
  6.266129956891e-06
  2.171949317331e-04
  1.787947241127e-04
  1.674324941797e-05
  1.613286392699e-04
  3.714101653236e-06
  1.418238441918e-04
  4.799280996587e-06
  1.170456854111e-04
  5.550200326838e-06
  6.841543433582e-05
  4.008886729769e-05
  7.510753749419e-05
  1.732978153609e-05
  3.043685582574e-05
  4.979445200922e-05
  4.308441640342e-05
  2.661351941096e-05
  3.218859125338e-05
  2.708685410320e-05
  2.266873202911e-05
  2.988357194552e-05
  3.454602299987e-05
  9.207497685077e-06
  1.128657353478e-05
  2.765513501012e-05
  1.922337066703e-05
  1.372512501456e-05
  1.289928117907e-05
  1.590368999308e-05
  1.590137853548e-05
  8.941902077628e-06
  7.896080582112e-07
  2.049682398470e-05
  1.402052047821e-05
  4.711345382053e-06
  1.135947357416e-05
  4.358165617560e-06
  1.058233289506e-05
  3.392115610388e-06
  4.379553397005e-06
  7.364672452498e-06
  6.978401774137e-06
  3.360714886485e-06
  4.317042019010e-06
  4.538134760959e-06
  4.787934130963e-06
  2.855380346336e-06
  2.332414848191e-06
  4.344410546437e-06
  4.476330575952e-06
  1.169221159025e-06
  2.386360413591e-06
  2.627970076308e-06
  2.133892325948e-06
  2.052245899139e-06
  1.809928162328e-06
  1.901009532974e-06
  1.274743212448e-06
  1.881607856439e-06
  1.725527625825e-06
  1.018654289524e-06
  1.550793842577e-06
  8.291019211958e-07
  1.386586683575e-06
  6.409752309282e-07
  8.875451106379e-07
  9.069025752930e-07
  8.159965276185e-07
  6.807468977843e-07
  4.716865287707e-07
  8.601189344440e-07
  3.491938029649e-07
  7.758570680065e-07
  7.852844470732e-07
  1.998467744135e-07
  4.860073113872e-07
  3.622876320084e-07
  4.031054979029e-07
  3.249946766297e-07
  1.705393065068e-07
  4.690757439396e-07
  8.711885121077e-08
  4.505423523204e-07
  2.627429354642e-07
  2.151735903264e-07
  2.342078393011e-07
  1.668094631752e-07
  1.523091491401e-07
  2.013050534455e-07
  2.077584227712e-07
  9.460865203621e-08
  3.533728545306e-08
  1.831487120061e-07
  7.715253587963e-08
  8.131894471422e-08
  3.332221613936e-08
  1.103762708828e-07
  1.091563603717e-07
  2.114551550162e-08
  6.132249753369e-08
  5.683257158732e-08
  7.027475105751e-08
  3.686510240431e-08
  6.277020327754e-08
  3.438153903984e-08
  5.855776817764e-08
  2.953727461485e-08
  2.088597721734e-08
  5.899631617217e-08
  4.152069971880e-08
  3.091503666634e-08
  3.023995772343e-08
  3.544269951286e-08
  1.444950544372e-08
  4.511006439626e-08
  2.751112189822e-08
  2.649597609699e-08
  2.918894157840e-09
  4.605342313580e-08
  1.861252897113e-08
  2.579466682026e-08
  2.957578828069e-08
  1.069139131919e-08
  8.685393933103e-09
  2.782794955028e-08
  2.562955773775e-08
  7.479830400200e-09
  1.656437755464e-08
  1.345846836258e-08
  9.825384529821e-09
  1.739853695085e-08
  2.203254713536e-08
  2.653506943872e-09
  1.088365242018e-08
  1.150107100274e-08
  1.650650271422e-09
  1.864726894696e-08
  1.598285250292e-08
  2.422778551107e-09
  9.258635416422e-09
  7.431189796636e-09
  4.396563348226e-09
  1.073736541368e-08
  5.498219978626e-09
  8.224853035472e-09
  4.517448957419e-09
  7.926290970569e-09
  5.320549319674e-09
  5.963137429193e-09
  8.036823568444e-09
  2.194989115082e-09
  3.174931199773e-09
  6.102984236606e-09
  1.351027399648e-09
  7.061988428307e-09
  9.406261474220e-09
  8.325078996101e-09
  7.368144247312e-09
  6.521191404308e-09
  5.771600923057e-09
  5.108179262208e-09
  4.521013964116e-09
  4.001346126149e-09
  3.541402294680e-09
  3.134330700742e-09
  2.774056341052e-09
  2.455188229874e-09
  2.172973024945e-09
  1.923196482578e-09
  1.702131286827e-09
  1.506479081902e-09
  1.333318301341e-09
  1.180057793934e-09
  1.044413636692e-09
  9.243627607742e-10
  8.181081709347e-10
  7.240731487647e-10
  6.408432851031e-10
  5.671774938789e-10
  5.019848250752e-10
  4.442838874177e-10
  3.932150215679e-10
  3.480165334120e-10
  3.080131005433e-10
  2.726082364755e-10
  2.412732768009e-10
  2.135398434038e-10
  1.889940477018e-10
  1.672695345353e-10
  1.480428447601e-10
  1.310264591369e-10
  1.159647406000e-10
  1.026356732854e-10
  9.083752998480e-11
  8.039640793249e-11
  7.115521496346e-11
  6.297598821695e-11
  5.573711169214e-11
  4.933041786876e-11
  4.366002835534e-11
  3.864154234292e-11
  3.419983383672e-11
  3.026870385060e-11
  2.678937324976e-11
  2.371007697760e-11
  2.098473080122e-11
  1.857258350585e-11
  1.643775315418e-11
  1.454824163732e-11
  1.287605060999e-11
  1.139596417116e-11
  1.008601260477e-11
  8.926718801058e-12
  7.900634515870e-12
  6.992456305823e-12
  6.188677722782e-12
  5.477357443501e-12
  4.847742480303e-12
  4.290505848187e-12
  3.797334994953e-12
  3.360839053059e-12
  2.974525652586e-12
  2.632615424953e-12
  2.330007222368e-12
  2.062179572921e-12
  1.825144306520e-12
  1.615348009986e-12
  1.429672027054e-12
  1.265333913472e-12
  1.119887437004e-12
  9.911646098365e-13
  8.772351112709e-13
  7.764004909622e-13
  6.871535916077e-13
  6.081669554291e-13
  5.382621013509e-13
  4.763909753720e-13
  4.216313131583e-13
  3.731669310627e-13
  3.302726545523e-13
  2.923091011252e-13
  2.587093477653e-13
  2.289713951556e-13
  2.026517912436e-13
  1.793580954547e-13
  1.587419225815e-13
  1.404948850531e-13
  1.243451148789e-13
  1.100526262423e-13
  9.740235938978e-14
  8.620649933435e-14
  7.629694006917e-14
  6.752702359518e-14
  5.199408653091e-13
  0.000000000000e+00
  0.000000000000e+00
  0.000000000000e+00
  0.000000000000e+00
  0.000000000000e+00
  0.000000000000e+00
  0.000000000000e+00
  0.000000000000e+00
  0.000000000000e+00
  0.000000000000e+00
  0.000000000000e+00
  0.000000000000e+00
  0.000000000000e+00
  0.000000000000e+00
  0.000000000000e+00
  0.000000000000e+00
  0.000000000000e+00
  0.000000000000e+00
  0.000000000000e+00
  0.000000000000e+00
  0.000000000000e+00
  0.000000000000e+00
  0.000000000000e+00
  0.000000000000e+00
  0.000000000000e+00
  1.996097039874e-04
  4.928658829002e-04
  4.813436329610e-04
  9.304280169057e-04
  1.779226867933e-03
  1.992598687679e-03
  2.777801782450e-03
  4.634588858546e-03
  4.134397662458e-03
  5.489636189054e-03
  6.832674047547e-03
  9.669431505931e-03
  1.435106494104e-02
  1.279817248867e-02
  1.362032015789e-02
  1.720049878757e-02
  1.815843609218e-02
  1.956928991260e-02
  2.453178691582e-02
  2.551943862570e-02
  2.292583875035e-02
  2.157162147061e-02
  2.514829942120e-02
  2.488893374571e-02
  2.766058736356e-02
  2.944151260379e-02
  3.228970544149e-02
  2.829727660424e-02
  3.132037412453e-02
  3.403846786944e-02
  3.303412976160e-02
  2.563144742930e-02
  2.524802223734e-02
  2.601304471866e-02
  2.501903542394e-02
  2.434131015780e-02
  2.475135240382e-02
  2.293972770755e-02
  2.242190901515e-02
  2.024031373103e-02
  1.773130153491e-02
  1.769109026324e-02
  1.668434252992e-02
  1.564245356311e-02
  1.459602198688e-02
  1.374228805738e-02
  1.426921523755e-02
  1.420117951364e-02
  1.309350415144e-02
  1.154167172745e-02
  1.047795134689e-02
  9.738607406701e-03
  8.953175500926e-03
  7.943811307312e-03
  7.138536187364e-03
  6.378211441567e-03
  6.117426362221e-03
  5.752967921946e-03
  5.265882296235e-03
  4.917810343443e-03
  4.484475912866e-03
  4.217271198237e-03
  3.838541156368e-03
  3.611118531183e-03
  3.155929417947e-03
  2.722662208683e-03
  2.561357690209e-03
  2.488660685415e-03
  2.417353351971e-03
  2.274136020170e-03
  2.139400466664e-03
  2.016026349035e-03
  1.897167176672e-03
  1.784769523639e-03
  1.679032726980e-03
  8.034262753285e-04
  1.786678867439e-03
  1.151958177020e-03
  1.312777409331e-03
  1.063646695656e-03
  1.171311451247e-03
  1.275758115805e-03
  7.508501604341e-04
  1.575767127945e-03
  2.587778044368e-04
  7.296356237429e-04
  9.274758818218e-04
  1.445728428330e-03
  5.690306283381e-05
  8.907905954815e-04
  4.717561824987e-04
  7.864010979956e-04
  4.491270229399e-04
  1.090208059444e-03
  3.013863121840e-05
  6.714855564509e-04
  3.444166310776e-04
  8.325939748456e-04
  3.349804445966e-05
  1.858142774830e-04
  4.289584739057e-04
  4.894731860606e-04
  4.705604658331e-05
  3.078581112043e-04
  1.556812147747e-04
  3.913615856526e-04
  5.125243677373e-06
  3.426053941966e-04
  6.904210967625e-06
  2.838128881733e-04
  8.925190751713e-06
  2.534904061499e-04
  6.843404120181e-06
  2.163435343300e-04
  2.787161057409e-06
  9.499825620821e-05
  9.759957257308e-05
  1.589178335528e-04
  6.307128006801e-06
  3.992230792926e-06
  1.383776377933e-04
  1.139123715365e-04
  1.066733475027e-05
  1.027845193757e-04
  2.366301351051e-06
  9.035774980587e-05
  3.057683919408e-06
  7.457128285550e-05
  3.536102649673e-06
  4.358833543926e-05
  2.554112478970e-05
  4.785197509693e-05
  1.104102606358e-05
  1.939170971839e-05
  3.172467962623e-05
  2.744963189143e-05
  1.695581295387e-05
  2.050776488933e-05
  1.725738446077e-05
  1.444254264961e-05
  1.903920969095e-05
  2.200971439443e-05
  5.866214606002e-06
  7.190821052998e-06
  1.761944273825e-05
  1.224745721165e-05
  8.744455240834e-06
  8.218299657915e-06
  1.013244761018e-05
  1.013097665275e-05
  5.697003284138e-06
  5.030696643704e-07
  1.305879649541e-05
  8.932659970217e-06
  3.001660850768e-06
  7.237273280528e-06
  2.776646299808e-06
  6.742146900036e-06
  2.161162694164e-06
  2.790272525100e-06
  4.692133016202e-06
  4.446033518313e-06
  2.141156597581e-06
  2.750445681775e-06
  2.891306373996e-06
  3.050458584995e-06
  1.819201985959e-06
  1.486014098475e-06
  2.767884208642e-06
  2.851929851411e-06
  7.449264633072e-07
  1.520381873209e-06
  1.674314566518e-06
  1.359532052616e-06
  1.307514342574e-06
  1.153130258155e-06
  1.211159412405e-06
  8.121563846623e-07
  1.198798294788e-06
  1.099357487565e-06
  6.489986004748e-07
  9.880321023611e-07
  5.282322043680e-07
  8.834134055390e-07
  4.083741103833e-07
  5.654671231792e-07
  5.778000517977e-07
  5.198827227853e-07
  4.337132485234e-07
  3.005179886444e-07
  5.479936774257e-07
  2.224761294398e-07
  4.943091503201e-07
  5.003153383384e-07
  1.273250890144e-07
  3.096418132017e-07
  2.308183123392e-07
  2.568239627136e-07
  2.070585130668e-07
  1.086529140464e-07
  2.988545507447e-07
  5.550460358913e-08
  2.870466671096e-07
  1.673970884634e-07
  1.370900058084e-07
  1.492169812545e-07
  1.062765967199e-07
  9.703824255968e-08
  1.282541728636e-07
  1.323656945966e-07
  6.027645319562e-08
  2.251386259890e-08
  1.166865020011e-07
  4.915491725271e-08
  5.180940412399e-08
  2.123003120354e-08
  7.032220511793e-08
  6.954499489568e-08
  1.347209457981e-08
  3.906939358269e-08
  3.620879841295e-08
  4.477299262195e-08
  2.348725563436e-08
  3.999174237354e-08
  2.190494093088e-08
  3.730793666855e-08
  1.881859591244e-08
  1.330673790895e-08
  3.758735497845e-08
  2.645339860546e-08
  1.969638731527e-08
  1.926628726397e-08
  2.258102444575e-08
  9.205974171337e-09
  2.874023919502e-08
  1.752770627934e-08
  1.688094159818e-08
  1.859664665330e-09
  2.934124943172e-08
  1.185829186260e-08
  1.643413188002e-08
  1.884313427671e-08
  6.811628606066e-09
  5.533583414397e-09
  1.772956412254e-08
  1.632893569783e-08
  4.765499777951e-09
  1.055338917141e-08
  8.574572145376e-09
  6.259886420090e-09
  1.108484344838e-08
  1.403723449033e-08
  1.690587553401e-09
  6.934121348879e-09
  7.327484953252e-09
  1.051651569642e-09
  1.188042835768e-08
  1.018289374024e-08
  1.543584886112e-09
  5.898801972583e-09
  4.734510753186e-09
  2.801109479619e-09
  6.840918999990e-09
  3.502990465627e-09
  5.240164973580e-09
  2.878127004961e-09
  5.049946759072e-09
  3.389792361896e-09
  3.799193420016e-09
  5.120368839546e-09
  1.398459244684e-09
  2.022792691160e-09
  3.888292683447e-09
  8.607585565802e-10
  4.499287870390e-09
  5.992854929610e-09
  5.304020048973e-09
  4.694343433916e-09
  4.154737280165e-09
  3.677166055517e-09
  3.254491373739e-09
  2.880399602389e-09
  2.549311372580e-09
  2.256275576153e-09
  1.996925413271e-09
  1.767387902197e-09
  1.564232170592e-09
  1.384428088552e-09
  1.225294559907e-09
  1.084452984393e-09
  9.597988178603e-10
  8.494731324936e-10
  7.518290061521e-10
  6.654108388906e-10
  5.889233277384e-10
  5.212288812640e-10
  4.613165943545e-10
  4.082919064752e-10
  3.613559181890e-10
  3.198209037670e-10
  2.830586024868e-10
  2.505224533743e-10
  2.217258775491e-10
  1.962394342457e-10
  1.736825474218e-10
  1.537183348875e-10
  1.360489545226e-10
  1.204106919497e-10
  1.065698238385e-10
  9.432029101370e-11
  8.347852758530e-11
  7.388268531780e-11
  6.539056528229e-11
  5.787392989921e-11
  5.122160546051e-11
  4.533379417241e-11
  4.012284978601e-11
  3.551095070565e-11
  3.142906581493e-11
  2.781643738966e-11
  2.461902983687e-11
  2.178916773382e-11
  1.928460507145e-11
  1.706787889559e-11
  1.510599905471e-11
  1.336964671511e-11
  1.183283825432e-11
  1.047271842631e-11
  9.268888148365e-12
  8.203482064143e-12
  7.260522184903e-12
  6.425943743855e-12
  5.687336652658e-12
  5.033583540505e-12
  4.454989025877e-12
  3.942891901285e-12
  3.489690987619e-12
  3.088560736292e-12
  2.733528792288e-12
  2.419333795236e-12
  2.141236642651e-12
  1.895110980159e-12
  1.677275148219e-12
  1.484479254945e-12
  1.313843125667e-12
  1.162822692277e-12
  1.029160869956e-12
  9.108642882639e-13
  8.061619241775e-13
  7.134947603485e-13
  6.314847598837e-13
  5.588960848192e-13
  4.946531941651e-13
  4.377943060749e-13
  3.874713978452e-13
  3.429346933053e-13
  3.035145647717e-13
  2.686267039182e-13
  2.377496284911e-13
  2.104210626994e-13
  1.862340590629e-13
  1.648271737588e-13
  1.458805884686e-13
  1.291122322260e-13
  1.142713178292e-13
  1.011365320359e-13
  8.951112323739e-14
  7.922212582726e-14
  7.011622350579e-14
  6.205612967071e-14
  5.492343139574e-14
  4.860979895138e-14
  4.302241521858e-14
  3.312614539579e-13
  0.000000000000e+00
  0.000000000000e+00
  0.000000000000e+00
  0.000000000000e+00
  0.000000000000e+00
  0.000000000000e+00
  0.000000000000e+00
  0.000000000000e+00
  0.000000000000e+00
  0.000000000000e+00
  0.000000000000e+00
  0.000000000000e+00
  0.000000000000e+00
  0.000000000000e+00
  0.000000000000e+00
  0.000000000000e+00
  0.000000000000e+00
  0.000000000000e+00
  0.000000000000e+00
  0.000000000000e+00
  0.000000000000e+00
  0.000000000000e+00
  0.000000000000e+00
  0.000000000000e+00
  0.000000000000e+00
  5.525629125162e-04
  1.258436294996e-03
  1.495903424649e-03
  1.894350318845e-03
  2.591055685730e-03
  3.011498451763e-03
  3.861764390755e-03
  4.517432448013e-03
  4.714550269651e-03
  5.738603775852e-03
  7.092729050108e-03
  7.904116907259e-03
  9.973141438836e-03
  1.052904169519e-02
  1.139794169430e-02
  1.306169480974e-02
  1.296761326962e-02
  1.505476799946e-02
  1.758805172961e-02
  1.828472430448e-02
  1.750143667810e-02
  1.860021497883e-02
  2.122618658864e-02
  2.328022769376e-02
  2.489714498921e-02
  2.519000286997e-02
  2.752869754701e-02
  2.923094974432e-02
  3.011818173868e-02
  3.084583645757e-02
  2.978914544143e-02
  2.736574647812e-02
  2.682071172842e-02
  2.561276756261e-02
  2.584541426669e-02
  2.624157328752e-02
  2.469746686827e-02
  2.389491393556e-02
  2.242799486473e-02
  2.223863361487e-02
  2.183642699052e-02
  2.043627119238e-02
  1.985009508148e-02
  1.912245928105e-02
  1.781692104629e-02
  1.684142809372e-02
  1.679235358838e-02
  1.541936470993e-02
  1.379732050971e-02
  1.262760426107e-02
  1.189494876054e-02
  1.118899352416e-02
  1.060248318699e-02
  9.978066546606e-03
  9.193757322961e-03
  8.381360480863e-03
  7.700289335727e-03
  7.215579273517e-03
  6.805899854403e-03
  6.414792064462e-03
  6.082365577787e-03
  5.714266428323e-03
  4.719219978107e-03
  4.439622051391e-03
  3.974199367052e-03
  3.532111982067e-03
  3.322852287828e-03
  3.013903619630e-03
  2.727431352349e-03
  2.565843043761e-03
  2.413824957391e-03
  2.017220721954e-03
  1.853614443472e-03
  1.743797152495e-03
  1.640487814425e-03
  7.849820904818e-04
  1.831476683127e-03
  1.206416184225e-03
  1.374838473980e-03
  1.113930101554e-03
  1.226684169340e-03
  1.336068858021e-03
  7.863461120066e-04
  1.840692846222e-03
  4.332724384481e-04
  1.221630756521e-03
  1.552875444353e-03
  2.420587105136e-03
  9.527295711047e-05
  1.491452987540e-03
  7.898628394907e-04
  1.316673469573e-03
  7.519747118792e-04
  1.825338334019e-03
  5.046119875860e-05
  1.124269781999e-03
  5.766577479903e-04
  1.243796976548e-03
  5.178404171582e-05
  1.241863086631e-04
  2.866881616816e-04
  3.271323431648e-04
  3.144922648228e-05
  2.057524726545e-04
  1.040472737156e-04
  2.615608136237e-04
  3.425382185028e-06
  2.289753231581e-04
  4.614329056133e-06
  1.896822402594e-04
  5.965022520340e-06
  1.694166652304e-04
  4.573690736991e-06
  1.445901599080e-04
  1.862759630782e-06
  6.349073091194e-05
  6.522925416318e-05
  1.062104296059e-04
  4.215277338522e-06
  2.668149072425e-06
  9.248268302257e-05
  7.613166386416e-05
  7.129357600011e-06
  6.869450960451e-05
  1.581482753114e-06
  6.038927451541e-05
  2.043558192954e-06
  4.983864684852e-05
  2.363303819882e-06
  2.913164059014e-05
  1.707004289394e-05
  3.198116706678e-05
  7.379108238528e-06
  1.296016610308e-05
  2.120272522923e-05
  1.834555904018e-05
  1.133216754216e-05
  1.370606154192e-05
  1.153371796079e-05
  9.652460028819e-06
  1.272457288549e-05
  1.470985923389e-05
  3.920596064308e-06
  4.805876290798e-06
  1.177568819026e-05
  8.185404757638e-06
  5.844225827237e-06
  5.492577363834e-06
  6.771869964149e-06
  6.770887193893e-06
  3.807506975682e-06
  3.362190088435e-07
  8.727647267627e-06
  5.970005392498e-06
  2.006113512965e-06
  4.836920972964e-06
  1.855729011061e-06
  4.506011009582e-06
  1.444379961494e-06
  1.864835390288e-06
  3.135914310808e-06
  2.971437858484e-06
  1.431009435310e-06
  1.838218878194e-06
  1.932361253798e-06
  2.038727709053e-06
  1.215836162279e-06
  9.931548935242e-07
  1.849873360617e-06
  1.906044857971e-06
  4.978605413880e-07
  1.016124612407e-06
  1.119003284171e-06
  9.086228220659e-07
  8.738574574599e-07
  7.706770487470e-07
  8.094599833072e-07
  5.427922554377e-07
  8.011983388903e-07
  7.347388904883e-07
  4.337482946674e-07
  6.603362648494e-07
  3.530359690523e-07
  5.904158656512e-07
  2.729306676996e-07
  3.779213656730e-07
  3.861639213560e-07
  3.474557084372e-07
  2.898656854532e-07
  2.008466264064e-07
  3.662433171452e-07
  1.486885243319e-07
  3.303639827090e-07
  3.343781347268e-07
  8.509575981726e-08
  2.069443512575e-07
  1.542639165947e-07
  1.716443885900e-07
  1.383844106060e-07
  7.261651418028e-08
  1.997348700368e-07
  3.709565317711e-08
  1.918432897675e-07
  1.118772977051e-07
  9.162202579986e-08
  9.972691179303e-08
  7.102834034349e-08
  6.485403984106e-08
  8.571672699036e-08
  8.846460290019e-08
  4.028485279644e-08
  1.504679701838e-08
  7.798565100145e-08
  3.285193816542e-08
  3.462602378478e-08
  1.418876883207e-08
  4.699877736680e-08
  4.647932669165e-08
  9.003866356003e-09
  2.611143314787e-08
  2.419959585867e-08
  2.992334043933e-08
  1.569734636888e-08
  2.672787880717e-08
  1.463983555247e-08
  2.493419365522e-08
  1.257712348296e-08
  8.893357279723e-09
  2.512093154422e-08
  1.767972431817e-08
  1.316378516787e-08
  1.287633166273e-08
  1.509168423620e-08
  6.152670387637e-09
  1.920809687840e-08
  1.171437829203e-08
  1.128211778981e-08
  1.242880269581e-09
  1.960978009181e-08
  7.925311897295e-09
  1.098350112746e-08
  1.259351948835e-08
  4.552451793049e-09
  3.698282974160e-09
  1.184928588555e-08
  1.091319379515e-08
  3.184949270246e-09
  7.053195758668e-09
  5.730681352174e-09
  4.183699325832e-09
  7.408383684508e-09
  9.381573564622e-09
  1.129880261713e-09
  4.634318309157e-09
  4.897215643159e-09
  7.028526076723e-10
  7.940099832919e-09
  6.805578240451e-09
  1.031630352534e-09
  3.942375351220e-09
  3.164239854217e-09
  1.872076976148e-09
  4.572026101014e-09
  2.341172996308e-09
  3.502186749781e-09
  1.923554126895e-09
  3.375054646505e-09
  2.265518043778e-09
  2.539135842839e-09
  3.422123794265e-09
  9.346353683828e-10
  1.351901093065e-09
  2.598678567002e-09
  5.752746591725e-10
  3.007033693374e-09
  4.005235113395e-09
  3.544860506868e-09
  3.137394548480e-09
  2.776758103928e-09
  2.457578328371e-09
  2.175087767936e-09
  1.925073910471e-09
  1.703790899361e-09
  1.507946921219e-09
  1.334615919698e-09
  1.181206064718e-09
  1.045434527836e-09
  9.252644206909e-10
  8.189047950034e-10
  7.247791117939e-10
  6.414684859812e-10
  5.677331273120e-10
  5.024732421946e-10
  4.447170520023e-10
  3.935987215276e-10
  3.483552059048e-10
  3.083136382975e-10
  2.728749338936e-10
  2.415068531338e-10
  2.137477854050e-10
  1.891783713387e-10
  1.674328538919e-10
  1.481870966504e-10
  1.311535389044e-10
  1.160780425704e-10
  1.027354778823e-10
  9.092657031308e-11
  8.047474749709e-11
  7.122424738319e-11
  6.303746964929e-11
  5.579163343968e-11
  4.937833593417e-11
  4.370279560933e-11
  3.867912262158e-11
  3.423315657734e-11
  3.029817834701e-11
  2.681547761901e-11
  2.373315473015e-11
  2.100517474223e-11
  1.859067376493e-11
  1.645376977107e-11
  1.456242748859e-11
  1.288858452368e-11
  1.140707931422e-11
  1.009590337606e-11
  8.935381502750e-12
  7.908297888632e-12
  6.999265513270e-12
  6.194719835288e-12
  5.482679158446e-12
  4.852460854620e-12
  4.294681363806e-12
  3.801041784820e-12
  3.364119772146e-12
  2.977426291346e-12
  2.635165985135e-12
  2.332287622622e-12
  2.064194016144e-12
  1.826918593630e-12
  1.616923601611e-12
  1.431062268285e-12
  1.266566191203e-12
  1.120982275715e-12
  9.921285918734e-13
  8.780880682796e-13
  7.771580428362e-13
  6.878250381233e-13
  6.087616083203e-13
  5.387859798086e-13
  4.768538531683e-13
  4.220438990202e-13
  3.735300109390e-13
  3.305945483816e-13
  2.925930222132e-13
  2.589610314794e-13
  2.291947143224e-13
  2.028494867501e-13
  1.795324752489e-13
  1.588962106278e-13
  1.406316912468e-13
  1.244664911705e-13
  1.101597152428e-13
  9.749695416247e-14
  8.629028448327e-14
  7.637133184223e-14
  6.759316280648e-14
  5.982334810177e-14
  5.294686344419e-14
  4.686104461543e-14
  4.147432623156e-14
  3.670718766649e-14
  3.248767568121e-14
  2.875335933214e-14
  2.213933688381e-13
  0.000000000000e+00
  0.000000000000e+00
  0.000000000000e+00
  0.000000000000e+00
  0.000000000000e+00
  0.000000000000e+00
  0.000000000000e+00
  0.000000000000e+00
  0.000000000000e+00
  0.000000000000e+00
  0.000000000000e+00
  0.000000000000e+00
  0.000000000000e+00
  0.000000000000e+00
  0.000000000000e+00
  0.000000000000e+00
  0.000000000000e+00
  0.000000000000e+00
  0.000000000000e+00
  0.000000000000e+00
  0.000000000000e+00
  0.000000000000e+00
  0.000000000000e+00
  0.000000000000e+00
  0.000000000000e+00
  1.076670659661e-03
  2.468211572547e-03
  3.042010331800e-03
  3.577863448136e-03
  3.830859993069e-03
  4.296700492763e-03
  5.023800793517e-03
  5.724318369419e-03
  6.417439811717e-03
  6.743145182388e-03
  8.066676742419e-03
  8.938831888178e-03
  9.673353914695e-03
  1.028473551039e-02
  1.175355676111e-02
  1.229594792106e-02
  1.270485640759e-02
  1.479799684248e-02
  1.656065520572e-02
  1.772166602576e-02
  1.694158694751e-02
  2.124350824047e-02
  2.293107018019e-02
  2.452287228710e-02
  2.558190588539e-02
  2.544199205327e-02
  2.666770586991e-02
  3.007111661083e-02
  2.925159550115e-02
  2.684224438613e-02
  2.543696394697e-02
  2.665924540363e-02
  2.527922592964e-02
  2.162621637909e-02
  2.391255954034e-02
  2.539186153239e-02
  2.458704838634e-02
  2.423009800183e-02
  2.098415430245e-02
  2.055492865347e-02
  2.183706565096e-02
  1.963996384939e-02
  1.852012629499e-02
  1.812286073484e-02
  1.676810222603e-02
  1.574376858287e-02
  1.514650783660e-02
  1.387998054994e-02
  1.325990514769e-02
  1.217918294837e-02
  1.088693704854e-02
  1.012731363148e-02
  9.556554317325e-03
  8.809319010065e-03
  8.468943311288e-03
  8.265797278913e-03
  8.329731005368e-03
  7.942937154022e-03
  7.560533110449e-03
  7.098913811372e-03
  6.624474346657e-03
  6.213964092133e-03
  4.317290136425e-03
  4.061505551713e-03
  3.653717098443e-03
  3.266586032782e-03
  3.073056630057e-03
  3.162882093102e-03
  3.237320647624e-03
  3.045523984524e-03
  2.865087228646e-03
  2.045674509277e-03
  1.811522825013e-03
  1.704199853136e-03
  1.603235779762e-03
  7.671569956050e-04
  2.107161926529e-03
  1.478140258628e-03
  1.684496902470e-03
  1.364823001225e-03
  1.502973533681e-03
  1.636994846746e-03
  9.634566741413e-04
  2.576149554085e-03
  8.042651878468e-04
  2.267661428009e-03
  2.882536533896e-03
  4.493233014772e-03
  1.768511244568e-04
  2.768521303079e-03
  1.466188919649e-03
  2.444084919552e-03
  1.395858740458e-03
  3.388298059896e-03
  9.366898362955e-05
  2.086934788255e-03
  1.070425385822e-03
  2.199258919393e-03
  9.298732295768e-05
  9.420464706283e-05
  2.174745340070e-04
  2.481544585457e-04
  2.385660123351e-05
  1.560787211735e-04
  7.892767913720e-05
  1.984135365757e-04
  2.598409868863e-06
  1.736949986934e-04
  3.500315747526e-06
  1.438882004476e-04
  4.524917054547e-06
  1.285152656937e-04
  3.469488036405e-06
  1.096824724798e-04
  1.413043142788e-06
  4.816249552911e-05
  4.948131060500e-05
  8.056861848817e-05
  3.197606074760e-06
  2.023992381560e-06
  7.015507614214e-05
  5.775160818959e-05
  5.408154553050e-06
  5.210997040439e-05
  1.199674097166e-06
  4.580982697898e-05
  1.550193021874e-06
  3.780636015658e-05
  1.792743450160e-06
  2.209853964333e-05
  1.294891177518e-05
  2.426012516015e-05
  5.597609985338e-06
  9.831265160823e-06
  1.608387130365e-05
  1.391649721709e-05
  8.596308811657e-06
  1.039708502293e-05
  8.749197220461e-06
  7.322120331912e-06
  9.652551344279e-06
  1.115854887743e-05
  2.974070499288e-06
  3.645623111857e-06
  8.932754608790e-06
  6.209247186474e-06
  4.433286140040e-06
  4.166534999571e-06
  5.136975050975e-06
  5.136231147164e-06
  2.888282364733e-06
  2.550476359467e-07
  6.620581478371e-06
  4.528702149741e-06
  1.521789294561e-06
  3.669171314341e-06
  1.407711137144e-06
  3.418151025943e-06
  1.095671783034e-06
  1.414619288516e-06
  2.378829245241e-06
  2.254061198347e-06
  1.085529189379e-06
  1.394427843774e-06
  1.465842067629e-06
  1.546529022750e-06
  9.223036263046e-07
  7.533831005708e-07
  1.403269031043e-06
  1.445879085586e-06
  3.776648727364e-07
  7.708074007771e-07
  8.488485181902e-07
  6.892591190045e-07
  6.628869122320e-07
  5.846166998439e-07
  6.140366014181e-07
  4.117489751786e-07
  6.077695486528e-07
  5.573549698830e-07
  3.290309210355e-07
  5.009150035885e-07
  2.678044986298e-07
  4.478751210545e-07
  2.070385393598e-07
  2.866819667188e-07
  2.929345523879e-07
  2.635714804582e-07
  2.198850799747e-07
  1.523573865833e-07
  2.778232563496e-07
  1.127915192108e-07
  2.506060717974e-07
  2.536511471665e-07
  6.455159641476e-08
  1.569829583472e-07
  1.170208641551e-07
  1.302052814698e-07
  1.049750569952e-07
  5.508511746037e-08
  1.515140647668e-07
  2.813987216620e-08
  1.455276977557e-07
  8.486744915172e-08
  6.950226385380e-08
  7.565043351907e-08
  5.388039372939e-08
  4.919670819681e-08
  6.502264266043e-08
  6.710712391347e-08
  3.055911389750e-08
  1.141413248844e-08
  5.915804915783e-08
  2.492070990724e-08
  2.626648105241e-08
  1.076326369867e-08
  3.565216405919e-08
  3.525811859466e-08
  6.830125399654e-09
  1.980751721194e-08
  1.835723973768e-08
  2.269914501365e-08
  1.190763961614e-08
  2.027513109763e-08
  1.110543084849e-08
  1.891448639252e-08
  9.540711266225e-09
  6.746288501534e-09
  1.905614651307e-08
  1.341143480862e-08
  9.985728781993e-09
  9.767683597514e-09
  1.144818511252e-08
  4.667265905220e-09
  1.457080471972e-08
  8.886244520156e-09
  8.558342740177e-09
  9.428181042945e-10
  1.487551699389e-08
  6.011957663490e-09
  8.331813002676e-09
  9.553146044075e-09
  3.453375665479e-09
  2.805427392545e-09
  8.988583042946e-09
  8.278490989184e-09
  2.416020130261e-09
  5.350386835501e-09
  4.347159195423e-09
  3.173653380695e-09
  5.619827094532e-09
  7.116637133361e-09
  8.570979244448e-10
  3.515489337887e-09
  3.714912464012e-09
  5.331689506094e-10
  6.023174555713e-09
  5.162555451439e-09
  7.825705500812e-10
  2.990594181353e-09
  2.400318588739e-09
  1.420114858157e-09
  3.468234171215e-09
  1.775960263615e-09
  2.656676738869e-09
  1.459160963859e-09
  2.560239466585e-09
  1.718573613295e-09
  1.926126013075e-09
  2.595932999614e-09
  7.089946018194e-10
  1.025521420366e-09
  1.971303698702e-09
  4.363899477468e-10
  2.281059133378e-09
  3.038270865919e-09
  2.689043291385e-09
  2.379950241970e-09
  2.106385129269e-09
  1.864253208034e-09
  1.649971576173e-09
  1.460312610960e-09
  1.292456658774e-09
  1.143892677308e-09
  1.012407697623e-09
  8.960356398311e-10
  7.930392480435e-10
  7.018814873713e-10
  6.212029626087e-10
  5.497993369180e-10
  4.866017613558e-10
  4.306693477674e-10
  3.811650820506e-10
  3.373513078924e-10
  2.985746725581e-10
  2.642540835236e-10
  2.338792030539e-10
  2.069968994137e-10
  1.832022143413e-10
  1.621443847328e-10
  1.435060678314e-10
  1.270105672486e-10
  1.124112950169e-10
  9.948996508441e-11
  8.805403409921e-11
  7.793263677244e-11
  6.897447828886e-11
  6.104617834368e-11
  5.402895921628e-11
  4.781879631229e-11
  4.232220298468e-11
  3.745728432849e-11
  3.315193067555e-11
  2.934110783661e-11
  2.596851306453e-11
  2.298356421210e-11
  2.034155027423e-11
  1.800348084580e-11
  1.593397853219e-11
  1.410243812351e-11
  1.248143084828e-11
  1.104673448186e-11
  9.776972045375e-12
  8.653115016784e-12
  7.658483330886e-12
  6.778188373525e-12
  5.999042656326e-12
  5.309484545648e-12
  4.699171798895e-12
  4.159026727152e-12
  3.680965219397e-12
  3.257851579866e-12
  2.883378094370e-12
  2.551944596614e-12
  2.258598251353e-12
  1.998973337550e-12
  1.769215977323e-12
  1.565848648055e-12
  1.385857496807e-12
  1.226559863274e-12
  1.085569655097e-12
  9.607883153351e-13
  8.503506273111e-13
  7.526051441363e-13
  6.660961236578e-13
  5.895319146173e-13
  5.217668915978e-13
  4.617924224976e-13
  4.087097709516e-13
  3.617300963310e-13
  3.201518724279e-13
  2.833503495076e-13
  2.507805651510e-13
  2.219547629388e-13
  1.964423924516e-13
  1.738610767433e-13
  1.538766123415e-13
  1.361891193735e-13
  1.205349986140e-13
  1.066798560059e-13
  9.441744886580e-14
  8.356456745219e-14
  7.395907791830e-14
  6.545781472255e-14
  5.793356978645e-14
  5.127449032618e-14
  4.538061638421e-14
  4.016418191349e-14
  3.554765773009e-14
  3.146149338162e-14
  2.784517094199e-14
  2.464434471140e-14
  2.181159392684e-14
  1.679432666067e-13
