399
  1.440169719022e+00
  1.225924613473e+00
  9.997565191569e-01
  8.805489590451e-01
  9.022127277373e-01
  9.579352693405e-01
  1.030552375531e+00
  1.113346788822e+00
  1.197277629466e+00
  1.241307377594e+00
  1.216396240542e+00
  1.134287372199e+00
  1.044979388018e+00
  9.800902373711e-01
  9.666105594019e-01
  1.028596545555e+00
  1.067379270875e+00
  1.089517261553e+00
  1.116244745707e+00
  1.132452647314e+00
  1.144403759853e+00
  1.161505057069e+00
  1.180500543320e+00
  1.201678688485e+00
  1.223338978379e+00
  1.244928906935e+00
  1.269919362727e+00
  1.289781205154e+00
  1.303374357538e+00
  1.315038524532e+00
  1.327874546835e+00
  1.339441226634e+00
  1.344271219913e+00
  1.340319109427e+00
  1.337131979806e+00
  1.333161286284e+00
  1.326566160344e+00
  1.318036651175e+00
  1.310943762703e+00
  1.305548544556e+00
  1.299974679532e+00
  1.295490502702e+00
  1.299068049796e+00
  1.307098067469e+00
  1.281773897999e+00
  1.245545093494e+00
  1.231870567279e+00
  1.236733327674e+00
  1.244044002493e+00
  1.247236548881e+00
  1.249456803354e+00
  1.256921126619e+00
  1.268609892101e+00
  1.280741741327e+00
  1.296544129963e+00
  1.312207283643e+00
  1.345156093604e+00
  1.379994283456e+00
  1.399515412705e+00
  1.415986162067e+00
  1.431759201793e+00
  1.448100829360e+00
  1.454025925402e+00
  1.459203138349e+00
  1.477988472484e+00
  1.513581450762e+00
  1.546622688565e+00
  1.568150068120e+00
  1.605409773030e+00
  1.629659912200e+00
  1.659169365423e+00
  1.679791122282e+00
  1.712462297788e+00
  1.741666369820e+00
  1.769824133788e+00
  1.798284433409e+00
  1.828144588874e+00
  1.857036619927e+00
  1.891173314748e+00
  1.936438046875e+00
  1.983785295184e+00
  2.021183605810e+00
  2.009570940773e+00
  2.034157618940e+00
  2.090412754000e+00
  2.155220516730e+00
  2.199302179490e+00
  2.240501334509e+00
  2.279313565258e+00
  2.315397762777e+00
  2.359266875848e+00
  2.377470192664e+00
  2.368550842988e+00
  2.401370272059e+00
  2.445143174840e+00
  2.498630170410e+00
  2.520877509830e+00
  2.568219018590e+00
  2.624865133910e+00
  2.714091048660e+00
  2.742109177362e+00
  2.773582167990e+00
  2.803685140062e+00
  2.811407679020e+00
  2.839830205200e+00
  2.949049063440e+00
  2.956184417737e+00
  3.206140106894e+00
  2.971895346009e+00
  3.147615262665e+00
  3.317616624383e+00
  3.319968178157e+00
  3.174070852560e+00
  3.236602923487e+00
  3.320276969583e+00
  3.618963084531e+00
  3.590878997266e+00
  3.877077995780e+00
  3.555386051056e+00
  3.607390850804e+00
  3.796112617390e+00
  3.927371881583e+00
  3.886636147991e+00
  3.884254857075e+00
  4.148026457870e+00
  4.242703643634e+00
  4.251795622227e+00
  4.162088553160e+00
  4.170024188920e+00
  4.386429822551e+00
  4.552219597652e+00
  4.487517157245e+00
  4.519220671822e+00
  4.603600799915e+00
  5.197928822859e+00
  5.214487215435e+00
  5.069460925011e+00
  5.060542237032e+00
  5.222742587555e+00
  5.560088460889e+00
  5.836434687490e+00
  5.807172380167e+00
  6.086648076265e+00
  6.271585088243e+00
  6.449924367966e+00
  6.194324380379e+00
  6.327950661018e+00
  6.455808126705e+00
  6.435460841134e+00
  6.759028413381e+00
  6.896139685265e+00
  7.469384822950e+00
  7.020920734310e+00
  7.256486707674e+00
  6.971477043219e+00
  1.287624915215e+01
  7.356469833222e+00
  1.502465834541e+01
  5.479181347869e+00
  1.158358864023e+01
  6.554576288880e+00
  1.430721130204e+01
  5.877659305595e+00
  1.368069462442e+01
  1.503636414236e+01
  6.633147769169e+00
  9.289196218545e+00
  2.247052068425e+01
  2.118782506071e+01
  8.146252839627e+00
  7.193092580413e+00
  1.665928351778e+01
  2.050419120131e+01
  6.724305846763e+00
  7.870523213488e+00
  2.004225490035e+01
  5.184538294608e+01
  1.260888632803e+01
  1.016817265688e+01
  3.017106153029e+01
  1.052117418503e+01
  3.366121873971e+01
  1.004706374362e+01
  3.500202680768e+01
  3.335459781856e+01
  1.066362588716e+01
  9.108647458279e+00
  3.322053777976e+01
  2.396979771675e+01
  6.113154697149e+00
  8.416053782685e+00
  2.746843593089e+01
  4.455165023558e+01
  1.155089904847e+01
  9.751685240847e+00
  3.980434446735e+01
  7.914769140284e+00
  3.532538948179e+01
  1.055144882493e+01
  3.389712541910e+01
  1.025325347770e+01
  5.011923388536e+01
  4.588233875535e+01
  1.186752148636e+01
  9.939349363700e+00
  5.212593975939e+01
  1.305815487752e+01
  5.064235049929e+01
  1.349150018100e+01
  5.538495279162e+01
  8.219072196411e+00
  5.069616257124e+01
  1.243292095486e+01
  5.226480847985e+01
  4.878494274825e+01
  1.222366844328e+01
  5.373513375197e+01
  1.369175556929e+01
  2.088662990532e+01
  1.007731387687e+02
  1.568398438264e+01
  6.269020617553e+01
  9.359409460391e+00
  4.888808291850e+01
  8.195901753308e+01
  9.308212656469e+00
  5.116012575279e+01
  1.526715311978e+01
  2.754655046849e+01
  1.393883821031e+02
  2.362421239555e+01
  1.068784486763e+02
  8.882424139881e+01
  2.048136357238e+01
  3.460129388870e+01
  9.223124067599e+01
  1.808781156335e+02
  2.024989755425e+01
  3.237262042615e+01
  2.187883574099e+02
  1.762142523151e+02
  1.467447779586e+01
  1.170315232727e+01
  7.640955720000e+01
  2.387609188007e+01
  6.894448586029e+01
  4.622096436520e+01
  1.693449941711e+02
  9.025037100470e+00
  1.137979714752e+02
  3.396845596959e+01
  2.382420910000e+02
  6.573457400000e+01
  1.375421210587e+01
  2.140202562486e+01
  1.038087209708e+02
  1.655335000000e+01
  7.020146772033e+01
  6.820132191348e+01
  3.295158380000e+01
  3.007451597416e+02
  4.735420818105e+01
  2.534114100000e+01
  1.696965200000e+01
  2.652649818831e+01
  4.731355450616e+01
  1.419680492793e+02
  6.563243470000e+02
  4.021165100000e+01
  9.725855000000e+00
  1.108777734232e+01
  1.473850936766e+02
  2.497390156065e+01
  1.502166702345e+02
  1.031493603768e+02
  2.674007161469e+01
  1.834181949776e+01
  1.197481047231e+01
  8.213439198672e+01
  2.300656898538e+01
  1.651484991866e+01
  7.172947000000e+00
  5.204761820000e+00
  5.645112000000e+00
  1.368491100000e+01
  1.065035552900e+02
  4.759334022943e+01
  2.806807374000e+01
  6.417955500000e+01
  3.062142400000e+01
  2.089526400000e+01
  1.244691800000e+01
  1.141864800000e+01
  1.247109300000e+01
  1.395088300000e+01
  1.631831400000e+01
  2.238031000000e+01
  5.368496439000e+01
  2.339500100000e+01
  1.787523300000e+01
  1.753852640000e+01
  2.027004830000e+01
  3.296234100000e+01
  1.053043221000e+02
  8.843594800000e+01
  6.467634300000e+01
  6.153489980000e+01
  6.459513140000e+01
  7.107951500000e+01
  8.072750980000e+01
  9.440734100000e+01
  1.144294696000e+02
  1.447897336000e+02
  1.880497760000e+02
  2.293884366000e+02
  2.381512508000e+02
  2.238800840528e+02
  2.133849073349e+02
  2.130179836339e+02
  2.204730313997e+02
  2.332600029258e+02
  2.498600562878e+02
  2.694002269401e+02
  2.914050008750e+02
  3.156209079296e+02
  3.418171744336e+02
  3.700033614315e+02
  4.001120830927e+02
  4.321377523610e+02
  4.661105770920e+02
  5.020606505248e+02
  5.400722780222e+02
  5.802703463849e+02
  6.227785023832e+02
  6.677049116268e+02
  7.152911831118e+02
  7.657176319962e+02
  8.191755929784e+02
  8.758904266363e+02
  9.359923536670e+02
  9.998717215950e+02
  1.067725038858e+03
  1.139793045736e+03
  1.216323530308e+03
  1.297563257154e+03
  1.383729001444e+03
  1.475165472481e+03
  1.572302378536e+03
  1.675458805695e+03
  1.784883764370e+03
  1.900903457552e+03
  2.024194155038e+03
  2.155105886182e+03
  2.294095616214e+03
  2.441697756603e+03
  2.598377315269e+03
  2.764666431237e+03
  2.941412113418e+03
  3.129093485145e+03
  3.328252647370e+03
  3.540051636139e+03
  3.765071047777e+03
  4.004149617437e+03
  4.258218787976e+03
  4.527905286890e+03
  4.814504952939e+03
  5.119233365499e+03
  5.443247122678e+03
  5.787332267109e+03
  6.152631493113e+03
  6.541296630950e+03
  6.954362441702e+03
  7.393443428512e+03
  7.860107113504e+03
  8.355773408997e+03
  8.882618954053e+03
  9.442904067042e+03
  1.003800926350e+04
  1.067028754880e+04
  1.134289747905e+04
  1.205782549551e+04
  1.281784654550e+04
  1.362567613344e+04
  1.448333841562e+04
  1.539548351113e+04
  1.636542916158e+04
  1.739659256312e+04
  1.849294266646e+04
  1.965602243819e+04
  2.089400462647e+04
  2.221091837690e+04
  2.360958957678e+04
  2.509491960560e+04
  2.667553956853e+04
  2.835582078197e+04
  3.014190327798e+04
  3.203860275859e+04
  3.405504078024e+04
  3.619952994679e+04
