399
  5.815513000000e+00
  5.766315000000e+00
  5.731601000000e+00
  5.721410000000e+00
  5.748879000000e+00
  5.806256000000e+00
  5.883910000000e+00
  5.980420000000e+00
  6.100739000000e+00
  6.247915000000e+00
  6.420055000000e+00
  6.607368000000e+00
  6.802746000000e+00
  6.998407000000e+00
  7.188599000000e+00
  7.374499000000e+00
  7.547161000000e+00
  7.692581000000e+00
  7.796836000000e+00
  7.862672000000e+00
  7.907991000000e+00
  7.937056000000e+00
  7.945303000000e+00
  7.917361000000e+00
  7.869938000000e+00
  7.808171000000e+00
  7.728746000000e+00
  7.639509000000e+00
  7.541309000000e+00
  7.432559000000e+00
  7.320621000000e+00
  7.210943000000e+00
  7.107617000000e+00
  7.011451000000e+00
  6.922426000000e+00
  6.840865000000e+00
  6.766760000000e+00
  6.706234000000e+00
  6.671358000000e+00
  6.654888000000e+00
  6.662880000000e+00
  6.692562000000e+00
  6.739603000000e+00
  6.804782000000e+00
  6.882921000000e+00
  6.971674000000e+00
  7.071568000000e+00
  7.183896000000e+00
  7.312606000000e+00
  7.446555000000e+00
  7.582962000000e+00
  7.722256000000e+00
  7.862546000000e+00
  8.006619000000e+00
  8.153724000000e+00
  8.303573000000e+00
  8.456773000000e+00
  8.612643000000e+00
  8.771927000000e+00
  8.933281000000e+00
  9.097468000000e+00
  9.264721000000e+00
  9.436233000000e+00
  9.605780000000e+00
  9.774041000000e+00
  9.937316000000e+00
  1.009523000000e+01
  1.024817000000e+01
  1.039626000000e+01
  1.053946000000e+01
  1.067799000000e+01
  1.081199000000e+01
  1.094209000000e+01
  1.106829000000e+01
  1.119076000000e+01
  1.130986000000e+01
  1.142652000000e+01
  1.154087000000e+01
  1.165235000000e+01
  1.176468000000e+01
  1.187754000000e+01
  1.199072000000e+01
  1.210436000000e+01
  1.221768000000e+01
  1.233034000000e+01
  1.244196000000e+01
  1.255220000000e+01
  1.266059000000e+01
  1.276682000000e+01
  1.287043000000e+01
  1.297101000000e+01
  1.306817000000e+01
  1.316110000000e+01
  1.324189000000e+01
  1.334807000000e+01
  1.344457000000e+01
  1.353892000000e+01
  1.363094000000e+01
  1.372128000000e+01
  1.381537000000e+01
  1.388366000000e+01
  1.394878000000e+01
  1.402738000000e+01
  1.408646000000e+01
  1.415200000000e+01
  1.440681000000e+01
  1.451709000000e+01
  1.466322000000e+01
  1.460989262010e+01
  1.455093339400e+01
  1.465931825340e+01
  1.484156373120e+01
  1.488659858810e+01
  1.493772961670e+01
  1.492701024190e+01
  1.516952807900e+01
  1.529295883960e+01
  1.557446722100e+01
  1.542266522030e+01
  1.547712747180e+01
  1.568114907360e+01
  1.587201162840e+01
  1.574442226980e+01
  1.573714503130e+01
  1.605340499290e+01
  1.613602654390e+01
  1.633811529250e+01
  1.633176707340e+01
  1.622066577150e+01
  1.654136902360e+01
  1.636738803280e+01
  1.643969542640e+01
  1.671706261710e+01
  1.688270970330e+01
  1.745857967010e+01
  1.721949718000e+01
  1.693149957660e+01
  1.695019698450e+01
  1.727010569440e+01
  1.761073373280e+01
  1.777555454930e+01
  1.768951489810e+01
  1.795756883840e+01
  1.813555536500e+01
  1.824985098580e+01
  1.796209235820e+01
  1.814849619220e+01
  1.829982092440e+01
  1.793407035250e+01
  1.828556415810e+01
  1.847326970740e+01
  1.915216526960e+01
  1.888855045530e+01
  1.898051191140e+01
  1.712525528250e+01
  2.455733078420e+01
  1.879969350100e+01
  2.850836380580e+01
  1.668128790150e+01
  2.355463706470e+01
  1.774741084310e+01
  2.686249028100e+01
  1.740279593840e+01
  2.623261726280e+01
  2.724075256880e+01
  1.791580423800e+01
  2.105573053960e+01
  3.577331655420e+01
  3.396051659860e+01
  1.927431564310e+01
  1.860981813720e+01
  2.923587685320e+01
  3.324151338840e+01
  1.793903951930e+01
  1.934963446060e+01
  3.245922995350e+01
  7.137556000560e+01
  2.412034827970e+01
  2.158246386370e+01
  4.392181464820e+01
  2.203681814370e+01
  4.693292191850e+01
  2.117589102290e+01
  4.845155383120e+01
  4.508954708110e+01
  2.156937107120e+01
  2.009643781200e+01
  4.557080501890e+01
  3.549513795480e+01
  1.693124515390e+01
  1.960214587040e+01
  3.957618217550e+01
  5.819867180400e+01
  2.276821606930e+01
  2.092573601400e+01
  5.347003408510e+01
  1.988262814650e+01
  4.833146267880e+01
  2.138831745140e+01
  4.521503418120e+01
  2.134729036310e+01
  6.347821823950e+01
  5.826205415700e+01
  2.290330418120e+01
  2.104821549360e+01
  6.616776285110e+01
  2.385372339940e+01
  6.274082536390e+01
  2.439272367860e+01
  6.775253769090e+01
  1.948830672560e+01
  6.285654366980e+01
  2.306423343560e+01
  6.341368013430e+01
  6.014037690680e+01
  2.313761879840e+01
  6.626016376580e+01
  2.475694649680e+01
  3.245810591040e+01
  1.173629917540e+02
  2.629730709590e+01
  7.373506225600e+01
  2.047456925830e+01
  6.038335541590e+01
  9.347940949340e+01
  2.018408554080e+01
  6.380016795040e+01
  2.721382969680e+01
  4.065084448410e+01
  1.532498061340e+02
  3.438925258220e+01
  1.189419880500e+02
  9.977554376610e+01
  3.104085590350e+01
  4.580995651450e+01
  1.043692558380e+02
  1.956299112780e+02
  3.146657582460e+01
  4.603185081060e+01
  2.339811804040e+02
  1.871809522360e+02
  2.394837101230e+01
  2.215372429950e+01
  8.761364000000e+01
  3.501508229060e+01
  8.026705126250e+01
  5.740977498850e+01
  1.816635757080e+02
  2.064434000490e+01
  1.257220028130e+02
  4.548290267990e+01
  2.528359000000e+02
  7.533605000000e+01
  2.375289280860e+01
  3.219945788630e+01
  1.147486455440e+02
  2.763086000000e+01
  8.166046833730e+01
  8.038450578540e+01
  4.510993000000e+01
  3.153382571120e+02
  5.756484064690e+01
  3.415768000000e+01
  2.726301000000e+01
  3.792659147630e+01
  5.922894701660e+01
  1.541986951980e+02
  6.709971000000e+02
  4.869493000000e+01
  1.961803000000e+01
  2.201574834980e+01
  1.585406247080e+02
  3.608963449430e+01
  1.628853712150e+02
  1.125935858870e+02
  3.702771021750e+01
  2.917511825480e+01
  2.303725262650e+01
  9.336820634590e+01
  3.435789991240e+01
  2.725811664720e+01
  1.835066000000e+01
  1.674790000000e+01
  1.740250000000e+01
  2.566708000000e+01
  1.183448000000e+02
  5.924157485060e+01
  3.976304000000e+01
  7.592930000000e+01
  4.232104000000e+01
  3.270907000000e+01
  2.438310000000e+01
  2.349249000000e+01
  2.464556000000e+01
  2.625585000000e+01
  2.874517000000e+01
  3.491142000000e+01
  6.608870000000e+01
  3.572128000000e+01
  3.035364000000e+01
  3.021695000000e+01
  3.316710000000e+01
  4.611652000000e+01
  1.186034000000e+02
  1.015068000000e+02
  7.790897000000e+01
  7.493351000000e+01
  7.814625000000e+01
  8.477470000000e+01
  9.456132000000e+01
  1.083756000000e+02
  1.285269000000e+02
  1.590025000000e+02
  2.023364000000e+02
  2.436716000000e+02
  2.524002000000e+02
  2.381520145020e+02
  2.277277058690e+02
  2.274448056660e+02
  2.349814367860e+02
  2.478432881530e+02
  2.645109463100e+02
  2.841118949450e+02
  3.061712455480e+02
  3.304361891810e+02
  3.566765207300e+02
  3.849023518070e+02
  4.150468015260e+02
  4.471047231110e+02
  4.811067421410e+02
  5.170833583500e+02
  5.551192132580e+02
  5.953395420010e+02
  6.378682862760e+02
  6.828138971540e+02
  7.304182422530e+02
  7.808618688800e+02
  8.343363161580e+02
  8.910671652710e+02
  9.511847904490e+02
  1.015079790100e+03
  1.082948840050e+03
  1.155032891920e+03
  1.231579945760e+03
  1.312837001620e+03
  1.399021059510e+03
  1.490477119550e+03
  1.587635181860e+03
  1.690814662000e+03
  1.800264875640e+03
  1.916312382780e+03
  2.039633939590e+03
  2.170580019470e+03
  2.309608070930e+03
  2.457253124230e+03
  2.613980769090e+03
  2.780323854710e+03
  2.957130295600e+03
  3.144880035180e+03
  3.344116130050e+03
  3.556001971110e+03
  3.781119330010e+03
  4.020308435190e+03
  4.274502392000e+03
  4.544329541890e+03
  4.831088000000e+03
  5.135995786000e+03
  5.460212057640e+03
  5.804525321430e+03
  6.170081153420e+03
  6.559035374240e+03
  6.972425843160e+03
  7.411870775960e+03
  7.878941414390e+03
  8.375061230670e+03
  8.902411233700e+03
  9.463256216430e+03
  1.005898000000e+04
  1.069194000000e+04
  1.136530016820e+04
  1.208105069600e+04
  1.284197124100e+04
  1.365078180360e+04
  1.450951000000e+04
  1.542281298280e+04
  1.639401360130e+04
  1.742653423990e+04
  1.852434979620e+04
  1.968900557700e+04
  2.092868627800e+04
  2.224742700130e+04
  2.364805774730e+04
  2.513548703400e+04
  2.671835862060e+04
  2.840105022830e+04
  3.018971086340e+04
  3.208916327080e+04
  3.410854243170e+04
  3.625617325330e+04
