411
  5.202876715410e+03
  5.168468825605e+03
  5.134287815637e+03
  5.100344598991e+03
  5.066633793626e+03
  5.033135257941e+03
  4.999864207113e+03
  4.966808510839e+03
  4.933968593735e+03
  4.901352780007e+03
  4.868949643550e+03
  4.836763229449e+03
  4.804787541160e+03
  4.773014255033e+03
  4.741459643487e+03
  4.710113308329e+03
  4.678975025954e+03
  4.648038554142e+03
  4.617312690783e+03
  4.586797808246e+03
  4.556473965296e+03
  4.526349903630e+03
  4.496425732379e+03
  4.466701268405e+03
  4.437170089328e+03
  4.407834505128e+03
  4.378695282094e+03
  4.349747925530e+03
  4.320989367764e+03
  4.292422930173e+03
  4.264044622112e+03
  4.235842862688e+03
  4.207833198967e+03
  4.180018546227e+03
  4.152386020224e+03
  4.124927655430e+03
  4.097663717032e+03
  4.070569012631e+03
  4.043658764074e+03
  4.016928568014e+03
  3.990378027241e+03
  3.963996747054e+03
  3.937790327961e+03
  3.911757109885e+03
  3.885893941251e+03
  3.860200679884e+03
  3.834673939685e+03
  3.809329182653e+03
  3.784139798516e+03
  3.759134813241e+03
  3.734279812305e+03
  3.709588209742e+03
  3.685066660686e+03
  3.660708958562e+03
  3.636501943455e+03
  3.612461661991e+03
  3.588581240475e+03
  3.564853739304e+03
  3.541290481041e+03
  3.517878120161e+03
  3.494618620639e+03
  3.471515371982e+03
  3.448566928431e+03
  3.425767876497e+03
  3.403117325613e+03
  3.380619454950e+03
  3.358271398627e+03
  3.336069176922e+03
  3.314011091922e+03
  3.292104522952e+03
  3.270336084558e+03
  3.248717918386e+03
  3.227239544560e+03
  3.205904414441e+03
  3.184710214484e+03
  3.163656687600e+03
  3.142741355139e+03
  3.121963372287e+03
  3.101324747303e+03
  3.080819910864e+03
  3.060452911658e+03
  3.040218317518e+03
  3.020120468476e+03
  3.000153734325e+03
  2.980320406044e+03
  2.960615799494e+03
  2.941044004132e+03
  2.921600386336e+03
  2.902285133043e+03
  2.883097765439e+03
  2.864037566466e+03
  2.845102733088e+03
  2.826292993269e+03
  2.807608187893e+03
  2.789046668145e+03
  2.770607741736e+03
  2.752290905833e+03
  2.734094983318e+03
  2.716019433175e+03
  2.698063066325e+03
  2.680225949220e+03
  2.662506475987e+03
  2.644903902541e+03
  2.627418285252e+03
  2.610047922832e+03
  2.592792681663e+03
  2.575651155969e+03
  2.558623714002e+03
  2.541708019360e+03
  2.524904472941e+03
  2.508211963126e+03
  2.491629737884e+03
  2.475156420886e+03
  2.458793907003e+03
  2.442537896222e+03
  2.426390382193e+03
  2.410348062391e+03
  2.394414052151e+03
  2.378583858588e+03
  2.362858938364e+03
  2.347237504036e+03
  2.331719112409e+03
  2.316304170343e+03
  2.300990709917e+03
  2.285778887949e+03
  2.270666552319e+03
  2.255654950730e+03
  2.240743092293e+03
  2.225928145259e+03
  2.211212264484e+03
  2.196593745186e+03
  2.182071984316e+03
  2.167646079974e+03
  2.153315998374e+03
  2.139079878974e+03
  2.124938244306e+03
  2.110889600633e+03
  2.096934472395e+03
  2.083071571353e+03
  2.069299905123e+03
  2.055619203779e+03
  2.042028968601e+03
  2.028529162992e+03
  2.015118486585e+03
  2.001795894243e+03
  1.988561653857e+03
  1.975415099626e+03
  1.962355307306e+03
  1.949381958197e+03
  1.936494221211e+03
  1.923692134619e+03
  1.910974187570e+03
  1.898340099060e+03
  1.885790137582e+03
  1.873322879712e+03
  1.860938054211e+03
  1.848635226558e+03
  1.836413403635e+03
  1.824272873040e+03
  1.812212081355e+03
  1.800231221698e+03
  1.788329398114e+03
  1.776506904216e+03
  1.764762122313e+03
  1.753095115318e+03
  1.741505242192e+03
  1.729991308342e+03
  1.718554111684e+03
  1.707192573029e+03
  1.695906336594e+03
  1.684694316176e+03
  1.673556419520e+03
  1.662492425269e+03
  1.651501479085e+03
  1.640583021227e+03
  1.629736830097e+03
  1.618962584965e+03
  1.608259491060e+03
  1.597626821215e+03
  1.587064781821e+03
  1.576572629878e+03
  1.566149603693e+03
  1.555795251744e+03
  1.545510001250e+03
  1.535292458628e+03
  1.525142101839e+03
  1.515058991312e+03
  1.505042858657e+03
  1.495092793323e+03
  1.485208364337e+03
  1.475389505234e+03
  1.465635465095e+03
  1.455946098385e+03
  1.446320651446e+03
  1.436758488944e+03
  1.427259952408e+03
  1.417824119202e+03
  1.408450720028e+03
  1.399139517745e+03
  1.389889404935e+03
  1.369513318791e+03
  1.338339422339e+03
  1.307875098390e+03
  1.278104074108e+03
  1.249010923729e+03
  1.220580041950e+03
  1.192796295638e+03
  1.165644842020e+03
  1.139111608187e+03
  1.113182240649e+03
  1.087843104450e+03
  1.063080755692e+03
  1.038882135599e+03
  1.015234294803e+03
  9.921244738703e+02
  9.695409029916e+02
  9.474712990960e+02
  9.259044929516e+02
  9.048283276661e+02
  8.842319174686e+02
  8.641041232589e+02
  8.444348215426e+02
  8.252132206700e+02
  8.064288507986e+02
  7.880723671093e+02
  7.701341581739e+02
  7.526034434618e+02
  7.354720369854e+02
  7.187309836279e+02
  7.023705004390e+02
  6.863823122024e+02
  6.707587326326e+02
  6.554901230748e+02
  6.405694166221e+02
  6.259882560873e+02
  6.117389974263e+02
  5.978143279068e+02
  5.842063323293e+02
  5.709082293567e+02
  5.579124503979e+02
  5.452123124815e+02
  5.328022526599e+02
  5.206744191617e+02
  5.088224673708e+02
  4.992840267057e+02
  4.935595415424e+02
  4.887365768499e+02
  4.831424357046e+02
  4.784122221606e+02
  4.729452736308e+02
  4.660249192845e+02
  4.606821811180e+02
  4.561794482127e+02
  4.509594946534e+02
  4.465447884595e+02
  4.414428211407e+02
  4.349811860949e+02
  4.299956316263e+02
  4.232200214282e+02
  4.135862402912e+02
  4.041719385252e+02
  3.974292374697e+02
  3.928822008505e+02
  3.884910581511e+02
  3.840478800173e+02
  3.798027000934e+02
  3.754602173780e+02
  3.713551462883e+02
  3.671113746228e+02
  3.630950577112e+02
  3.589471966958e+02
  3.530865764357e+02
  3.490351090857e+02
  3.452332929360e+02
  3.412730310307e+02
  3.375545499577e+02
  3.336841465995e+02
  3.300448667805e+02
  3.262629744879e+02
  3.227047309421e+02
  3.190089794648e+02
  3.158574640458e+02
  3.122453461398e+02
  3.081093111065e+02
  3.045794063232e+02
  3.014845386871e+02
  2.980355826408e+02
  2.950026277402e+02
  2.928400088024e+02
  2.906338766700e+02
  2.886600922235e+02
  2.869167559255e+02
  2.843876444219e+02
  2.814963557826e+02
  2.792050194255e+02
  2.773263118992e+02
  2.754440853501e+02
  2.735590593104e+02
  2.713678083625e+02
  2.686099441656e+02
  2.662069009481e+02
  2.646299637753e+02
  2.628347845692e+02
  2.608219819121e+02
  2.589422268247e+02
  2.571843293868e+02
  2.555473724515e+02
  2.533777634573e+02
  2.508023038783e+02
  2.486786288875e+02
  2.470863024198e+02
  2.453373659599e+02
  2.434680680349e+02
  2.416682604617e+02
  2.399558118840e+02
  2.383307617911e+02
  2.363688474977e+02
  2.346925179505e+02
  2.333016633929e+02
  2.311857868633e+02
  2.287330649039e+02
  2.267610185510e+02
  2.253105405259e+02
  2.237155955377e+02
  2.219761297110e+02
  2.203695385852e+02
  2.194939128851e+02
  2.185675211648e+02
  2.168372681569e+02
  2.152649378811e+02
  2.134692936675e+02
  2.110271631434e+02
  2.094578761347e+02
  2.087980144594e+02
  2.079052818718e+02
  2.070157332333e+02
  2.061311138147e+02
  2.052937110445e+02
  2.039891550489e+02
  2.016569046689e+02
  1.984487665229e+02
  1.961706893542e+02
  1.956461747206e+02
  1.950939479470e+02
  1.940542217945e+02
  1.930197288395e+02
  1.919901815336e+02
  1.913494730236e+02
  1.908389598759e+02
  1.899482898996e+02
  1.889353256086e+02
  1.878382836231e+02
  1.870575604140e+02
  1.864690589863e+02
  1.852170262132e+02
  1.834899135556e+02
  1.818080104018e+02
  1.797295614258e+02
  1.775248167511e+02
  1.759118115562e+02
  1.748135324588e+02
  1.741396371792e+02
  1.729156725819e+02
  1.711873534530e+02
  1.704001335937e+02
  1.700008773581e+02
  1.692572026338e+02
  1.685159867134e+02
  1.677787107107e+02
  1.669787796722e+02
  1.661747276710e+02
  1.650061562279e+02
  1.634827433783e+02
  1.626942978730e+02
  1.619230006549e+02
  1.608786596659e+02
  1.602084736287e+02
  1.595425886730e+02
  1.591313465360e+02
  1.588011518375e+02
  1.569905656229e+02
  1.544109748242e+02
  1.526414779264e+02
  1.517555772043e+02
  1.511785914774e+02
  1.503025098771e+02
  1.495264012641e+02
  1.488111370356e+02
  1.481084250922e+02
  1.474186455554e+02
  1.467425424519e+02
  1.461174147894e+02
  1.454307366119e+02
  1.445205433183e+02
  1.435342587163e+02
  1.426350588587e+02
  1.419710047219e+02
  1.411359610341e+02
  1.401046168851e+02
  1.391094039005e+02
  9.626679121385e+01
  3.753060396527e+01
  1.463168464974e+01
  5.704314572413e+00
  2.223885688717e+00
  8.670049141839e-01
  3.380108400076e-01
  1.317770290500e-01
  5.137465739525e-02
  2.002894182093e-02
  7.808492047441e-03
