411
 -1.914324493494e-02
 -1.683704757544e-02
 -1.430166972165e-02
 -1.185590876534e-02
 -9.295898952407e-03
 -6.734323087397e-03
 -4.219807582035e-03
 -1.884990173537e-03
  5.879478705175e-04
  2.944332436330e-03
  4.994690034936e-03
  6.847750206625e-03
  8.519414696641e-03
  9.866701206717e-03
  1.090856723851e-02
  1.151620667086e-02
  1.168861079579e-02
  1.153646229017e-02
  1.134832031281e-02
  1.117191522746e-02
  1.102039653190e-02
  1.087406682626e-02
  1.072921932012e-02
  1.054255304714e-02
  1.034138431516e-02
  1.014456844663e-02
  9.955800282991e-03
  9.790511101732e-03
  9.630759363316e-03
  9.473441677277e-03
  9.332596377180e-03
  9.233832513833e-03
  9.139173589215e-03
  9.046002967808e-03
  8.936065058245e-03
  8.760776552903e-03
  8.581785937100e-03
  8.402066696619e-03
  8.229194856922e-03
  8.061950414156e-03
  7.897835603453e-03
  7.734788579772e-03
  7.574315556623e-03
  7.409444319459e-03
  7.230107836967e-03
  7.050989664217e-03
  6.870543593169e-03
  6.692089223509e-03
  6.507291824065e-03
  6.311762578973e-03
  6.117689213381e-03
  5.926956883617e-03
  5.735100784117e-03
  5.580987785778e-03
  5.517937768933e-03
  5.443729599226e-03
  5.262564130813e-03
  5.059261381398e-03
  4.850763391508e-03
  4.634372919058e-03
  4.450816944771e-03
  4.311466942830e-03
  4.166011967608e-03
  4.008888580603e-03
  3.833215295398e-03
  3.653933500265e-03
  3.487961143096e-03
  3.327537852789e-03
  3.174498456703e-03
  3.021792044705e-03
  2.876896742614e-03
  2.763584838306e-03
  2.636131797897e-03
  2.544687010256e-03
  2.450338387047e-03
  2.392279695040e-03
  2.318626475238e-03
  2.280468745916e-03
  2.226117749259e-03
  2.155301046321e-03
  2.094881792808e-03
  2.009916501183e-03
  1.965340751847e-03
  1.843553421641e-03
  1.845732488364e-03
  1.785844094201e-03
  1.723861655843e-03
  1.697276159551e-03
  1.637228655981e-03
  1.629691080111e-03
  1.584928647394e-03
  1.550744063958e-03
  1.573653695786e-03
  1.562265737098e-03
  1.534741770841e-03
  1.542222904116e-03
  1.495301870230e-03
  1.457872842781e-03
  1.374152493067e-03
  1.274891176770e-03
  1.275557662566e-03
  1.245513294086e-03
  1.176150706651e-03
  1.190562415512e-03
  1.166274268812e-03
  1.119604686161e-03
  9.720833657600e-04
  1.108683949904e-03
  1.072872896781e-03
  1.085047624674e-03
  1.059554743991e-03
  1.067481593841e-03
  1.065901521083e-03
  1.070010042015e-03
  1.043334459939e-03
  1.028794583067e-03
  9.940497714419e-04
  9.923962688441e-04
  9.003924004979e-04
  8.240129003205e-04
  7.091636144415e-04
  5.734489557088e-04
  5.656967754201e-04
  6.464175766434e-04
  6.412504202581e-04
  6.160540937515e-04
  5.650683642968e-04
  5.626840252072e-04
  5.280222832431e-04
  4.923365742777e-04
  4.990074033859e-04
 -1.623396240930e-04
  1.126589771532e-04
 -1.538914932037e-04
 -8.408790538050e-05
 -8.159416045442e-05
  1.447826860034e-04
  2.566590086506e-04
  1.764620730648e-04
  2.422801843750e-04
  3.143004640206e-04
  3.189399092132e-04
  4.078030591207e-04
  4.783079650550e-05
  6.918655258498e-05
 -1.116482364044e-03
 -2.015981364740e-04
  2.073575129713e-04
 -9.420793758733e-05
  4.354480480083e-04
 -4.356751262697e-04
 -2.689032765712e-04
 -1.757056775602e-03
 -2.430163861831e-04
  9.158764892958e-05
 -3.578969188830e-04
 -5.113481353194e-05
 -1.783614626585e-04
  1.019549563697e-05
 -1.525909717506e-04
 -6.522586282931e-04
 -1.410788532099e-04
 -1.085457220871e-03
 -5.073663456083e-04
 -2.945554684566e-04
  3.945133761285e-06
 -1.768844558894e-04
 -1.314993420461e-04
 -3.890942763491e-04
 -8.078407322344e-04
 -1.584661780453e-03
 -1.973169238114e-04
 -2.368972890973e-04
 -2.937162977905e-04
 -1.400417531551e-03
  3.463012627190e-04
  2.560844118785e-04
  7.824165924281e-05
 -2.849398210304e-04
 -9.505652649743e-04
 -1.073466824638e-03
 -3.262759139359e-04
  3.743307050310e-04
  9.664386386718e-05
 -1.707096598852e-03
 -7.823994048142e-04
 -5.584259416672e-04
 -1.522730725777e-04
 -1.071170328404e-04
  2.150083964180e-04
 -1.539310395342e-04
 -1.374737210631e-03
 -1.807031295692e-04
 -3.310550226222e-04
 -1.090620567004e-03
 -5.020586637799e-04
 -5.254975242693e-04
 -2.679362297769e-05
 -8.794312182403e-05
 -1.235087331538e-03
  6.575732255819e-04
 -4.571738626107e-04
 -1.377460040464e-03
  1.351014645936e-04
 -1.096434381551e-04
 -1.156742210242e-03
 -1.314736795168e-04
  5.810597054324e-04
  6.223561938806e-04
  5.611837527142e-04
  7.514850475286e-04
  5.959627098251e-04
  4.215217014419e-04
  6.910516537136e-04
  3.507550307559e-04
  4.094491127572e-04
  6.414495725234e-04
  5.754150339451e-04
  5.725614360365e-04
  3.988125418584e-04
  3.491920169157e-04
  4.752314440765e-04
  3.486593183382e-04
  2.706539639974e-04
  3.593097757314e-04
  4.180762712696e-04
  3.310881177154e-04
  3.707634496008e-04
  3.698500690172e-04
  3.084981652346e-04
  4.178957770799e-04
  3.853228456727e-04
  2.734652237768e-04
  3.944443911845e-04
  4.463923021178e-04
  3.393485793169e-04
  3.826558092406e-04
  3.188509546844e-04
  2.006346594616e-04
  3.736500792675e-04
  1.006993249248e-04
  2.585426593171e-04
  3.305942476710e-04
  2.430922122016e-04
  3.486579343562e-04
  3.685096422616e-04
  4.334570169918e-04
  8.465543708083e-04
  2.498539389189e-04
  2.353768717984e-04
  4.755680618693e-04
  2.952741193689e-04
  2.318878095323e-04
  4.565600921996e-04
  5.334458829146e-04
  3.923926555984e-04
  1.573952302624e-04
  4.377317278974e-04
  2.079729306245e-04
  5.218847025217e-04
  1.796738397154e-04
  7.989237505435e-04
  4.426387418347e-04
  6.356760070552e-04
  3.028529895301e-04
  7.236341676798e-04
  1.777028290039e-04
  3.290735244367e-04
  5.962096809989e-04
  4.310367255514e-04
  1.957477617545e-04
  3.856701965559e-04
  7.498364982668e-04
  1.664698840937e-04
  8.131390329063e-04
  2.179508509626e-04
  3.883347416159e-04
  6.190459298949e-04
  1.938720957109e-04
  4.723411913389e-04
  7.488909467809e-05
  3.786240031814e-04
  2.631943321554e-04
  1.092438104217e-04
  6.429266482749e-04
  7.081570477121e-04
  1.564986331019e-04
  1.127784032960e-04
  7.919613953112e-04
  2.093992682576e-04
  9.634178030531e-04
  4.936690239020e-04
  6.088677498062e-05
  5.566264825721e-05
  6.347043389841e-04
  6.935316978218e-05
  3.873296800475e-05
  1.093404765931e-03
  1.314203781141e-03
  4.580528583087e-05
  1.631842175675e-04
  2.542337200282e-03
  3.344392517773e-05
  2.185497740347e-03
  6.869087564647e-04
  5.033349017192e-05
  7.536641793193e-05
  5.151293087884e-04
  3.228187991560e-04
  1.528232097588e-03
 -2.028459780634e-05
  6.436516526773e-04
  5.278927705845e-04
  2.858086953821e-03
  2.154986061798e-04
  6.146109532884e-05
  2.798139359514e-05
  3.662167526872e-05
  1.214937206220e-05
  1.740335490310e-03
  2.274253333440e-05
  3.423256499874e-05
  1.469241908354e-03
  3.963494270726e-05
  3.176556129963e-05
  2.242813932297e-04
  1.150990595099e-04
  2.220869886588e-03
  1.664359024341e-03
  8.151991166372e-05
  3.647283027169e-05
  2.795377977338e-05
  2.354333725163e-05
  1.406245765194e-03
  2.735287727923e-05
  1.908855427657e-05
  1.368712171612e-05
  2.778670939402e-05
  5.774699255234e-05
  2.332513631409e-05
  4.287253312826e-04
  3.018670278333e-03
  3.481104034997e-05
  2.514074980685e-03
  3.410225322464e-05
  1.505525353563e-04
  6.302796948630e-03
  8.468939301520e-05
  8.686328111407e-05
  1.622481518380e-04
  1.927236916095e-04
  1.064456901353e-03
  5.234533459268e-04
  9.494738885678e-04
  2.234696187756e-03
  4.324535207394e-03
  2.827602544156e-03
  1.277416732592e-03
  7.069309072389e-04
  4.220312448592e-04
  3.327534689327e-04
  2.146316245538e-04
  1.674520113940e-04
  1.488162906990e-04
  4.211297812800e-03
  9.823568000800e-05
  8.714181119801e-05
  4.686947539020e-04
  7.042643860700e-05
  3.531312853020e-04
  5.840335671498e-05
  5.651916057300e-05
  5.392110930200e-05
  3.356619495090e-04
  1.980902091550e-04
  6.943222865370e-04
  4.783575597098e-05
  4.739551376298e-05
  4.697023829603e-05
  4.643011708794e-05
  4.731939965763e-05
  4.794254545093e-05
  4.952668023400e-05
  3.323711864675e-04
  1.554888053797e-03
  2.123184712620e-03
  7.133412855004e-05
  5.921771080009e-05
  6.017167336997e-05
  6.410403672900e-04
  3.235138211100e-04
  6.997598015002e-05
  7.584380812997e-05
  8.529716118999e-05
  1.551099093999e-04
  3.031686190990e-03
  1.144383429200e-04
  1.223684573000e-04
  1.374934642000e-04
  1.579570990999e-04
  7.627637398400e-04
  5.103540645710e-03
  3.009093519470e-03
  8.299468701430e-03
  2.153027933511e-02
  5.523431497430e-02
  1.411996409416e-01
  3.593502242361e-01
  9.079556190810e-01
  2.291480748751e+00
  5.835933914460e+00
