411
  2.192522283010e-01
  2.210064984010e-01
  2.225862982470e-01
  2.241922885480e-01
  2.257790141340e-01
  2.273493943970e-01
  2.288874132500e-01
  2.301822707240e-01
  2.314097072690e-01
  2.326916913330e-01
  2.346883358260e-01
  2.368286148530e-01
  2.389942198350e-01
  2.413067016730e-01
  2.436455417110e-01
  2.459435458360e-01
  2.479353380430e-01
  2.497113144660e-01
  2.514610881370e-01
  2.532107779670e-01
  2.549928764500e-01
  2.567548702240e-01
  2.584892288430e-01
  2.600786941020e-01
  2.616022846670e-01
  2.631125647390e-01
  2.646512219080e-01
  2.663849278750e-01
  2.681235927220e-01
  2.698397428590e-01
  2.715018454940e-01
  2.730507495900e-01
  2.745734587230e-01
  2.760763604890e-01
  2.771002245580e-01
  2.763873127280e-01
  2.755198133720e-01
  2.768088179590e-01
  2.828315400800e-01
  2.888913061640e-01
  2.906927985820e-01
  2.847455955630e-01
  2.882261017970e-01
  2.919805843640e-01
  2.951653239550e-01
  2.946501770870e-01
  2.934482005800e-01
  3.008589367740e-01
  2.979483843880e-01
  3.033359590290e-01
  2.995216458320e-01
  3.029485245240e-01
  3.021489451160e-01
  3.001531462550e-01
  3.075936656990e-01
  3.057402310110e-01
  3.042571094460e-01
  3.107755262380e-01
  3.117257780580e-01
  3.082752870040e-01
  3.153132861090e-01
  3.036876166360e-01
  3.053501051750e-01
  3.073674573140e-01
  3.129701581740e-01
  3.138768366120e-01
  3.063215713120e-01
  3.122413106550e-01
  3.081799994250e-01
  3.158017898710e-01
  3.117842752180e-01
  3.136134415580e-01
  3.119035274230e-01
  3.131880427870e-01
  3.158076323270e-01
  3.102372358230e-01
  3.150792188310e-01
  3.128254934220e-01
  3.094198842460e-01
  3.119126380370e-01
  3.151151508800e-01
  3.203543932760e-01
  3.097882513830e-01
  3.106229393920e-01
  3.162674855160e-01
  3.221355586180e-01
  3.215195155940e-01
  2.920117343860e-01
  3.078559258670e-01
  3.218610778920e-01
  3.178322770130e-01
  2.940078975360e-01
  3.200620753790e-01
  3.172704392590e-01
  3.194881428400e-01
  2.957691801080e-01
  3.072660112220e-01
  3.045419182040e-01
  3.136472636540e-01
  3.074002372160e-01
  2.934697974090e-01
  2.989898534140e-01
  2.939687034720e-01
  2.913420725920e-01
  2.739138111110e-01
  2.885564624440e-01
  2.926763299070e-01
  2.967345172390e-01
  2.890938987940e-01
  2.697163823270e-01
  2.941517290140e-01
  2.809787650050e-01
  2.922550164390e-01
  3.185603698730e-01
  2.894916094640e-01
  2.949015076830e-01
  2.952891433980e-01
  2.659536347210e-01
  2.923924818960e-01
  2.692837833400e-01
  2.854427857240e-01
  2.927331906570e-01
  2.641527846170e-01
  2.861749194690e-01
  3.003882129750e-01
  2.888788886170e-01
  2.647715089130e-01
  2.741444945990e-01
  3.269830835700e-01
  3.446467566480e-01
  3.041944120180e-01
  2.920338035990e-01
  3.116135480840e-01
  2.585606171890e-01
  2.801174870740e-01
  2.355625566820e-01
  2.859456717700e-01
  2.548446728210e-01
  2.429497266400e-01
  2.322470102710e-01
  2.741527719890e-01
  2.475240615420e-01
  2.772076429220e-01
  2.671116601520e-01
  2.675242969780e-01
  2.639222346050e-01
  3.137045683810e-01
  2.717304744900e-01
  2.420705268300e-01
  2.464464808930e-01
  3.348496148200e-01
  1.927267612350e-01
  2.924347337520e-01
  2.449359268250e-01
  2.115349086360e-01
  2.026245839260e-01
  2.473027439000e-01
  2.597225491140e-01
  1.892988667970e-01
  2.290383184960e-01
  2.133370836370e-01
  2.884036355630e-01
  2.089037290440e-01
  2.825837430990e-01
  2.569733029260e-01
  1.927907624670e-01
  3.116121122430e-01
  3.070944044750e-01
  2.539223799470e-01
  1.613856546400e-01
  2.186504370930e-01
  3.133162428330e-01
  2.618710919030e-01
  2.285220115950e-01
  1.637082332610e-01
  2.547587607480e-01
  1.911423887580e-01
  2.341989109390e-01
  2.904023382500e-01
  1.836416295380e-01
  2.322405440430e-01
  2.862043917290e-01
  2.748466707550e-01
  1.794114729220e-01
  2.847342973730e-01
  1.987165973380e-01
  1.465575150380e-01
  2.093281587160e-01
  1.415248016560e-01
  2.028725732690e-01
  2.003772247870e-01
  2.200199714590e-01
  1.492489687150e-01
  1.657629842080e-01
  2.299605287250e-01
  2.804839070370e-01
  2.868371592300e-01
  2.126517952720e-01
  1.290250327940e-01
  2.789849251910e-01
  1.858703312630e-01
  2.097510024440e-01
  1.354266298570e-01
  1.610367773700e-01
  1.718770129930e-01
  2.128361167220e-01
  2.266682586760e-01
  2.180325983930e-01
  2.332248530510e-01
  2.634579542550e-01
  3.938743915590e-01
  2.870209545000e-01
  3.434647691550e-01
  2.697338984640e-01
  2.608436159750e-01
  1.345023665190e-01
  2.676286709860e-01
  2.318650529720e-01
  1.443716098280e-01
  9.681639943490e-02
  1.389056800110e-01
  1.317410063840e-01
  1.466678954820e-01
  2.706279339460e-01
  2.195343476760e-01
  1.927608036520e-01
  2.576290410550e-01
  2.105226350440e-01
  2.519348546080e-01
  3.332982799950e-01
  2.265852111200e-01
  2.779877925510e-01
  2.673631485130e-01
  2.069473955120e-01
  3.408497444260e-01
  3.238163858980e-01
  2.601632704060e-01
  4.350486356830e-01
  4.469383875570e-01
  3.777590773670e-01
  4.773315795750e-01
  4.812705593500e-01
  9.059582747970e-02
  3.889689064550e-01
  2.234487069500e-01
  9.696159361050e-02
  1.476888803060e-01
  2.445329815540e-01
  3.136077278650e-01
  5.268051979560e-01
  6.606002301280e-02
  7.070188784520e-02
  1.132272639650e-01
  2.129462958660e-01
  2.914739698150e-01
  5.548414301450e-01
  6.721648853120e-02
  1.571811636980e-01
  1.703494180230e-01
  2.260397596000e-01
  2.939026729910e-01
  1.825663715180e-01
  2.077462148130e-01
  2.485771345870e-01
  3.429266346670e-01
  3.343041869390e-01
  1.517169848800e-01
  2.591093759620e-01
  3.230249689980e-01
  3.955732210400e-01
  4.909070441680e-01
  6.945191866910e-01
  8.149089930840e-01
  7.891028247040e-02
  1.478006621590e-01
  2.287730052530e-01
  4.541297912350e-01
  1.691238401020e-01
  1.524072198660e-01
  2.130401328960e-01
  2.499108643410e-01
  3.073332206430e-01
  4.148062840220e-01
  5.512520550820e-01
  9.742025849960e-01
  4.012207276420e-01
  5.598266485010e-02
  1.765506946540e-01
  4.523042580070e-01
  8.116753031120e-02
  1.552565696950e-01
  1.918182250770e-01
  1.715848277380e-01
  1.936512166720e-01
  2.253172244430e-01
  2.497003392510e-01
  2.471997734420e-01
  2.568743259690e-01
  3.005215055200e-01
  2.887073787110e-01
  3.389730639730e-01
  3.410505850220e-01
  3.560318168750e-01
  3.929331616560e-01
  4.765924452270e-01
  5.426026469220e-01
  8.053224687280e-01
  1.694718176350e+00
  1.059843620800e-01
  1.587679833090e-01
  2.641259480610e-01
  4.032502008440e-01
  9.816673028610e-01
  3.226777262170e-01
  1.903143189510e-01
  1.489760944680e-01
  1.803513857890e-01
  2.120429174890e-01
  2.417739124800e-01
  2.785322825400e-01
  3.119349849710e-01
  3.306442170630e-01
  3.340959315870e-01
  3.191898252420e-01
  3.370418990800e-01
  3.773846575100e-01
  4.448879931130e-01
  5.576513415050e-01
  4.757996655140e-01
  3.505539535930e-01
  3.486801191740e-01
  3.619320200950e-01
  4.046212751120e-01
  3.989690906210e-01
  3.889190254020e-01
  4.095415499720e-01
  4.375271675020e-01
  4.920082601290e-01
  5.203100081370e-01
  4.820382284280e-01
  4.966753472290e-01
  5.201817169590e-01
  5.440526743050e-01
  5.830332579770e-01
  6.168244449050e-01
  6.647945285650e-01
  7.312058014530e-01
  8.003133451150e-01
  9.012885929890e-01
  1.041403514700e+00
  1.245766118070e+00
  1.572955438310e+00
  2.095345459770e+00
  3.086971772350e+00
  5.193956405660e+00
  7.092590496700e+00
  3.041459884310e+00
  8.537309996730e-01
  2.599195145710e-01
  8.978955758590e-02
  4.397159725250e-02
  3.994561784910e-02
  5.109974392600e-02
  6.768422615780e-02
  9.034668440570e-02
  1.035481009680e-01
  1.206655109070e-01
  1.385379007620e-01
  1.520708719530e-01
  1.666935055080e-01
  1.798416860340e-01
  1.924811928660e-01
  2.045389137020e-01
  2.183516235870e-01
  2.282484542300e-01
  2.383397664310e-01
  2.478733307630e-01
  2.578085786320e-01
  2.674494560330e-01
  2.769978482500e-01
  2.861435625770e-01
  2.951180174850e-01
  3.041707236560e-01
  3.140614836480e-01
  3.271128697800e-01
  3.486624107420e-01
  3.413182159340e-01
  3.517005792090e-01
  3.623871727360e-01
  3.748311971420e-01
  3.854381565910e-01
  3.975671775040e-01
  4.108489866180e-01
  4.252398142050e-01
  4.417470816730e-01
  4.936464297730e-01
  4.779226350200e-01
  5.001202211180e-01
  5.258382889370e-01
  5.560453815240e-01
  6.971441058540e-01
  7.669320072520e-01
  9.203957308930e-01
  9.592587154570e-01
  9.780035154270e-01
  1.013048087430e+00
  1.102431254140e+00
  1.341833665920e+00
  2.023063312180e+00
  4.067847904360e+00
  9.815986255310e+00
