2466
  3.094652969436e-05
  3.068786976901e-05
  3.022396594472e-05
  2.968894230944e-05
  2.913307998418e-05
  2.858951213068e-05
  2.808743663642e-05
  2.762800520467e-05
  2.718889790641e-05
  2.676351929200e-05
  2.636020222375e-05
  2.597870036259e-05
  2.563739856312e-05
  2.540783264347e-05
  2.527057543540e-05
  2.528101375402e-05
  2.538126630697e-05
  2.553471092591e-05
  2.567615819292e-05
  2.578913279650e-05
  2.584090863286e-05
  2.588970284829e-05
  2.593814071651e-05
  2.598470194144e-05
  2.602988805347e-05
  2.607243734421e-05
  2.611358473742e-05
  2.615245454586e-05
  2.619072429788e-05
  2.622882782175e-05
  2.626690775024e-05
  2.630579823561e-05
  2.634456701646e-05
  2.638368922380e-05
  2.642400221814e-05
  2.646989815389e-05
  2.651623058135e-05
  2.656467157170e-05
  2.661210574248e-05
  2.664677344942e-05
  2.667679068281e-05
  2.664529158500e-05
  2.656671168524e-05
  2.642827264072e-05
  2.614102139589e-05
  2.585404933125e-05
  2.561286925954e-05
  2.538692348896e-05
  2.509706159333e-05
  2.470704260967e-05
  2.431359097875e-05
  2.382730554919e-05
  2.331624898303e-05
  2.294237608842e-05
  2.296360561822e-05
  2.298620533255e-05
  2.294344684579e-05
  2.282375986870e-05
  2.267561703944e-05
  2.244263833030e-05
  2.214075912918e-05
  2.181189942489e-05
  2.149175321084e-05
  2.122547834242e-05
  2.094812073268e-05
  2.079735974818e-05
  2.074695523029e-05
  2.072059851163e-05
  2.095085602901e-05
  2.129848846631e-05
  2.164355799415e-05
  2.200213198986e-05
  2.246243115470e-05
  2.293812133805e-05
  2.337664732854e-05
  2.377114389401e-05
  2.416223143577e-05
  2.455023180327e-05
  2.493824373493e-05
  2.536773444938e-05
  2.580916751188e-05
  2.624805092287e-05
  2.668432106635e-05
  2.711473464289e-05
  2.753156442702e-05
  2.794457894115e-05
  2.834996267686e-05
  2.870201982538e-05
  2.903742997514e-05
  2.936951104652e-05
  2.969824595100e-05
  3.002371214884e-05
  3.034586925674e-05
  3.066477077959e-05
  3.098039661262e-05
  3.126726630085e-05
  3.139621073754e-05
  3.149754607328e-05
  3.159755892497e-05
  3.169627684444e-05
  3.179364472812e-05
  3.188977278312e-05
  3.198463345763e-05
  3.207968699439e-05
  3.218052639855e-05
  3.228216480351e-05
  3.239190342287e-05
  3.250227573247e-05
  3.261116024762e-05
  3.271861207178e-05
  3.282465875669e-05
  3.292930030234e-05
  3.303256426053e-05
  3.313447818293e-05
  3.323504206966e-05
  3.333428347233e-05
  3.343220239106e-05
  3.354218897618e-05
  3.367710989489e-05
  3.381095629530e-05
  3.394303938377e-05
  3.407335916024e-05
  3.419428378999e-05
  3.428333104531e-05
  3.436813533114e-05
  3.445180999520e-05
  3.453438258929e-05
  3.461585311336e-05
  3.467382199493e-05
  3.471074133961e-05
  3.474719230460e-05
  3.478402899402e-05
  3.482097589049e-05
  3.485748195895e-05
  3.490139944810e-05
  3.495292122018e-05
  3.500378175029e-05
  3.505392593491e-05
  3.510343642923e-05
  3.515228568163e-05
  3.519942672550e-05
  3.523725527791e-05
  3.527271437992e-05
  3.530770510215e-05
  3.534225499637e-05
  3.537633651080e-05
  3.540994964556e-05
  3.544025657029e-05
  3.540625771105e-05
  3.534652551754e-05
  3.528756477303e-05
  3.522934792576e-05
  3.517195763096e-05
  3.511528368165e-05
  3.505935362963e-05
  3.500436033701e-05
  3.495272835794e-05
  3.490272193210e-05
  3.485373492098e-05
  3.480560201412e-05
  3.475534762252e-05
  3.470294419444e-05
  3.465120200833e-05
  3.460017616777e-05
  3.454735946342e-05
  3.447525653428e-05
  3.439976473987e-05
  3.432523725670e-05
  3.425170163652e-05
  3.417800070590e-05
  3.409986394348e-05
  3.402211290559e-05
  3.394535373076e-05
  3.386958641885e-05
  3.379577528117e-05
  3.373328791267e-05
  3.367452003041e-05
  3.361649604537e-05
  3.355924350929e-05
  3.350276242228e-05
  3.344674971494e-05
  3.339090231817e-05
  3.333577126684e-05
  3.328017183577e-05
  3.322300195500e-05
  3.316654841972e-05
  3.311273985239e-05
  3.306435897977e-05
  3.301683221136e-05
  3.296996668499e-05
  3.292370729712e-05
  3.287805404776e-05
  3.283427431732e-05
  3.283972956383e-05
  3.287003648856e-05
  3.289993013708e-05
  3.292946561285e-05
  3.295858781236e-05
  3.298732428738e-05
  3.301570258966e-05
  3.256862839553e-05
  3.105429352278e-05
  3.071548965574e-05
  3.079836531906e-05
  3.077533205624e-05
  3.070749964834e-05
  3.065126652703e-05
  3.075582541743e-05
  3.096199516101e-05
  3.109256290324e-05
  3.126685527232e-05
  3.141356833994e-05
  3.174038719583e-05
  3.234049185778e-05
  3.288097453325e-05
  3.315370930431e-05
  3.336850274560e-05
  3.355362295239e-05
  3.370063908916e-05
  3.389171047393e-05
  3.404060012975e-05
  3.392929106063e-05
  3.388333474198e-05
  3.405605666137e-05
  3.446310621258e-05
  3.498336590369e-05
  3.547037063284e-05
  3.569850529636e-05
  3.624104817769e-05
  3.674962592688e-05
  3.689008474724e-05
  3.724530420798e-05
  3.760541082678e-05
  3.778642582286e-05
  3.827398158693e-05
  3.868428224471e-05
  3.906154835445e-05
  3.943181631970e-05
  3.980073424929e-05
  4.002649328699e-05
  4.025756981237e-05
  4.051035711662e-05
  4.069754370464e-05
  4.084356797849e-05
  4.099978639974e-05
  4.132294087286e-05
  4.171114502729e-05
  4.209348065899e-05
  4.250995290866e-05
  4.281652122845e-05
  4.309862359445e-05
  4.345034923214e-05
  4.360990141516e-05
  4.332763373866e-05
  4.340902160747e-05
  4.363023460646e-05
  4.399791270729e-05
  4.435600279917e-05
  4.465433314580e-05
  4.499399111710e-05
  4.534858213677e-05
  4.572852076623e-05
  4.606627766682e-05
  4.636372635745e-05
  4.668845128033e-05
  4.706918891054e-05
  4.738873410452e-05
  4.764463475645e-05
  4.795059693779e-05
  4.832083735132e-05
  4.858806177241e-05
  4.876312559051e-05
  4.898907749051e-05
  4.919797485735e-05
  4.937111005294e-05
  4.946654931417e-05
  4.958245952553e-05
  4.976628480005e-05
  4.993608623394e-05
  5.006764583916e-05
  5.016534434386e-05
  5.024309538174e-05
  5.031788462058e-05
  5.035586208162e-05
  5.039927990597e-05
  5.045659463350e-05
  5.051752170032e-05
  5.059558750782e-05
  5.069216624007e-05
  5.081403742408e-05
  5.100230115582e-05
  5.126892953823e-05
  5.150111577447e-05
  5.166749437686e-05
  5.183695651888e-05
  5.201678527096e-05
  5.220264564165e-05
  5.239549164539e-05
  5.258742310487e-05
  5.278681474397e-05
  5.306349722337e-05
  5.337332724810e-05
  5.360910194815e-05
  5.381583889410e-05
  5.402446299153e-05
  5.423189787716e-05
  5.443835523525e-05
  5.459210419097e-05
  5.469310857714e-05
  5.484215450956e-05
  5.503906862305e-05
  5.523550240655e-05
  5.542990656685e-05
  5.561640163892e-05
  5.580279618147e-05
  5.597623002571e-05
  5.612249226062e-05
  5.626335790160e-05
  5.638439667076e-05
  5.649123387732e-05
  5.661149486850e-05
  5.670142821040e-05
  5.676198567731e-05
  5.684762778537e-05
  5.693226067700e-05
  5.702158612475e-05
  5.712118963791e-05
  5.723865412506e-05
  5.730361903033e-05
  5.765117743763e-05
  5.971058558986e-05
  6.005977934491e-05
  5.710258944629e-05
  5.708936505091e-05
  5.868397843944e-05
  6.032611476201e-05
  6.254215028982e-05
  6.473864286058e-05
  6.676080473472e-05
  6.552519051069e-05
  6.282944558300e-05
  6.005814321755e-05
  5.734831173232e-05
  5.686041825286e-05
  5.880019463433e-05
  6.212195436855e-05
  6.376129270987e-05
  6.326836944731e-05
  6.253481019453e-05
  6.439331118555e-05
  6.590319704297e-05
  6.709750312997e-05
  6.784623893585e-05
  6.748882205778e-05
  6.707804604514e-05
  6.651747587273e-05
  6.557284744543e-05
  6.339603135940e-05
  6.220851431692e-05
  6.137653579335e-05
  6.202060408517e-05
  6.314183971686e-05
  6.414793213047e-05
  6.513830122178e-05
  6.543885161691e-05
  6.511739915142e-05
  6.453886997402e-05
  6.492441131899e-05
  6.859278031777e-05
  7.122260104037e-05
  7.336170541651e-05
  7.282173230037e-05
  7.178177164654e-05
  7.074079556961e-05
  7.031752764917e-05
  7.088165467514e-05
  7.223319658046e-05
  7.519072671739e-05
  7.722097453433e-05
  7.893212467311e-05
  7.834111672853e-05
  7.489822092110e-05
  6.822545938142e-05
  7.015921150669e-05
  7.229202402137e-05
  7.220633547952e-05
  7.191761524049e-05
  7.191588566953e-05
  7.352259838149e-05
  7.546542339353e-05
  7.746769026391e-05
  7.920997898971e-05
  7.882339148051e-05
  7.759053492839e-05
  7.617042187830e-05
  7.769552732766e-05
  7.857027761404e-05
  7.611185380086e-05
  7.485620102221e-05
  7.414269471112e-05
  1.005915942200e-04
  2.062290133119e-04
  3.675195663726e-04
  4.795717755680e-04
  3.338161706957e-04
  2.383431530681e-03
  8.403901675315e-03
  2.469827956288e-02
  6.527733432768e-02
  1.685161146591e-01
  4.326731924631e-01
  1.597364650680e-04
  1.584013421144e-04
  1.560068133011e-04
  1.532451859048e-04
  1.503759956020e-04
  1.475702655800e-04
  1.449787063505e-04
  1.426072626515e-04
  1.403407258765e-04
  1.381450523437e-04
  1.360632537246e-04
  1.340940584927e-04
  1.323323636110e-04
  1.311474149635e-04
  1.304389354850e-04
  1.304928148741e-04
  1.310102877081e-04
  1.318023216213e-04
  1.325324288950e-04
  1.331155690402e-04
  1.333828199778e-04
  1.336346807055e-04
  1.338847020785e-04
  1.341250367962e-04
  1.343582736043e-04
  1.345778999521e-04
  1.347902901361e-04
  1.349909241284e-04
  1.351884608140e-04
  1.353851394810e-04
  1.355816963560e-04
  1.357824370762e-04
  1.359825495950e-04
  1.361844863927e-04
  1.363925696665e-04
  1.366294703663e-04
  1.368686241018e-04
  1.371186615904e-04
  1.373635021860e-04
  1.375424462231e-04
  1.376973859466e-04
  1.375347972949e-04
  1.371291920288e-04
  1.364146122741e-04
  1.349319097259e-04
  1.334506482199e-04
  1.322057508928e-04
  1.310394883410e-04
  1.295433104166e-04
  1.275301524188e-04
  1.254992761519e-04
  1.229892203783e-04
  1.203513036188e-04
  1.184214867651e-04
  1.185310670663e-04
  1.186477198385e-04
  1.184270136852e-04
  1.178092263331e-04
  1.170445586271e-04
  1.158419942103e-04
  1.142837866523e-04
  1.125863140379e-04
  1.109338177793e-04
  1.095593888324e-04
  1.081277541845e-04
  1.073495723667e-04
  1.070893997531e-04
  1.069533544805e-04
  1.081418729427e-04
  1.099362446291e-04
  1.117173873654e-04
  1.135682360100e-04
  1.159441586803e-04
  1.183995250527e-04
  1.206630612958e-04
  1.226993311933e-04
  1.247180047593e-04
  1.267207432816e-04
  1.287235414945e-04
  1.309404404225e-04
  1.332189820770e-04
  1.354843632147e-04
  1.377362554696e-04
  1.399579179278e-04
  1.421094650289e-04
  1.442413188800e-04
  1.463337850007e-04
  1.481509956851e-04
  1.498822796837e-04
  1.515963800039e-04
  1.532932084401e-04
  1.549731648182e-04
  1.566360406922e-04
  1.582821122378e-04
  1.599112756804e-04
  1.613920087508e-04
  1.620575802611e-04
  1.625806420867e-04
  1.630968776565e-04
  1.636064291846e-04
  1.641090122433e-04
  1.646051956878e-04
  1.650948373042e-04
  1.655854744161e-04
  1.661059763954e-04
  1.666306025711e-04
  1.671970395614e-04
  1.677667474656e-04
  1.683287758327e-04
  1.688834090897e-04
  1.694307894502e-04
  1.699709169141e-04
  1.705039336954e-04
  1.710299820073e-04
  1.715490618505e-04
  1.720613154378e-04
  1.725667427699e-04
  1.731344596830e-04
  1.738308799548e-04
  1.745217538936e-04
  1.752035261588e-04
  1.758761967499e-04
  1.765003724842e-04
  1.769600070192e-04
  1.773977406512e-04
  1.778296435232e-04
  1.782558578491e-04
  1.786763836286e-04
  1.789756011602e-04
  1.791661674585e-04
  1.793543161251e-04
  1.795444557825e-04
  1.797351642947e-04
  1.799235973884e-04
  1.801502859554e-04
  1.804162254914e-04
  1.806787518997e-04
  1.809375807530e-04
  1.811931386920e-04
  1.814452835036e-04
  1.816886110683e-04
  1.818838704173e-04
  1.820668993923e-04
  1.822475107349e-04
  1.824258466590e-04
  1.826017649508e-04
  1.827752656108e-04
  1.829317006318e-04
  1.827562089807e-04
  1.824478897754e-04
  1.821435525525e-04
  1.818430550983e-04
  1.815468240536e-04
  1.812542905640e-04
  1.809655968432e-04
  1.806817383863e-04
  1.804152299958e-04
  1.801571122110e-04
  1.799042563312e-04
  1.796558090749e-04
  1.793964113670e-04
  1.791259209941e-04
  1.788588437487e-04
  1.785954640587e-04
  1.783228404808e-04
  1.779506673443e-04
  1.775610019278e-04
  1.771763139893e-04
  1.767967457424e-04
  1.764163242138e-04
  1.760130062863e-04
  1.756116793501e-04
  1.752154721059e-04
  1.748243845528e-04
  1.744433941694e-04
  1.741208535985e-04
  1.738175118711e-04
  1.735180099124e-04
  1.732224899359e-04
  1.729309519421e-04
  1.726418315800e-04
  1.723535645003e-04
  1.720689949753e-04
  1.717820078182e-04
  1.714869144829e-04
  1.711955187027e-04
  1.709177754332e-04
  1.706680482539e-04
  1.704227296978e-04
  1.701808242696e-04
  1.699420475419e-04
  1.697063995147e-04
  1.694804220157e-04
  1.695085803198e-04
  1.696650153408e-04
  1.698193171572e-04
  1.699717701961e-04
  1.701220900300e-04
  1.702704188728e-04
  1.704168989381e-04
  1.681092394979e-04
  1.602927087950e-04
  1.585439074720e-04
  1.589716861480e-04
  1.588527955319e-04
  1.585026655120e-04
  1.582124074409e-04
  1.587521082639e-04
  1.598162930487e-04
  1.604902435627e-04
  1.613898871480e-04
  1.621471748643e-04
  1.638341132472e-04
  1.669316688800e-04
  1.697214741623e-04
  1.711292471391e-04
  1.722379447983e-04
  1.731934783504e-04
  1.739523304165e-04
  1.749385821183e-04
  1.757071047133e-04
  1.751325615446e-04
  1.748953491670e-04
  1.757868865741e-04
  1.778879511219e-04
  1.805733715808e-04
  1.830871401576e-04
  1.842647011013e-04
  1.870651405324e-04
  1.896902624013e-04
  1.904152676175e-04
  1.922488011846e-04
  1.941075607581e-04
  1.950419044756e-04
  1.975585173251e-04
  1.996763630848e-04
  2.016236946710e-04
  2.035349039886e-04
  2.054391448374e-04
  2.066044435315e-04
  2.077971894609e-04
  2.091019997513e-04
  2.100681993275e-04
  2.108219317024e-04
  2.116282831297e-04
  2.132963070961e-04
  2.153000975038e-04
  2.172735964027e-04
  2.194232980209e-04
  2.210057093668e-04
  2.224618349866e-04
  2.242773345142e-04
  2.251008937940e-04
  2.236439148923e-04
  2.240640140307e-04
  2.252058474716e-04
  2.271036887059e-04
  2.289520395878e-04
  2.304919290508e-04
  2.322451389972e-04
  2.340754287449e-04
  2.360365550558e-04
  2.377799522601e-04
  2.393152908861e-04
  2.409914210310e-04
  2.429566715379e-04
  2.446060655158e-04
  2.459269459489e-04
  2.475062285947e-04
  2.494172956987e-04
  2.507966259444e-04
  2.517002515121e-04
  2.528665457021e-04
  2.539448096389e-04
  2.548384802506e-04
  2.553311083536e-04
  2.559294012030e-04
  2.568782507131e-04
  2.577547134727e-04
  2.584337836783e-04
  2.589380733010e-04
  2.593394002371e-04
  2.597254392778e-04
  2.599214672473e-04
  2.601455766984e-04
  2.604414176881e-04
  2.607559044618e-04
  2.611588561419e-04
  2.616573658437e-04
  2.622864273998e-04
  2.632581868607e-04
  2.646344405380e-04
  2.658329144535e-04
  2.666917096099e-04
  2.675664210491e-04
  2.684946417401e-04
  2.694539957906e-04
  2.704494075296e-04
  2.714400986725e-04
  2.724692969674e-04
  2.738974468001e-04
  2.754966940634e-04
  2.767136905250e-04
  2.777808030340e-04
  2.788576564382e-04
  2.799283714971e-04
  2.809940408595e-04
  2.817876456655e-04
  2.823089992313e-04
  2.830783284779e-04
  2.840947385479e-04
  2.851086693022e-04
  2.861121237660e-04
  2.870747539497e-04
  2.880368652309e-04
  2.889320773751e-04
  2.896870380317e-04
  2.904141431308e-04
  2.910389080176e-04
  2.915903688076e-04
  2.922111190438e-04
  2.926753272852e-04
  2.929879062979e-04
  2.934299645105e-04
  2.938668134584e-04
  2.943278839372e-04
  2.948420066275e-04
  2.954483221702e-04
  2.957836510237e-04
  2.975776405900e-04
  3.082076718607e-04
  3.100101025890e-04
  2.947459981610e-04
  2.946777379007e-04
  3.029086416030e-04
  3.113848440695e-04
  3.228233376639e-04
  3.341609565267e-04
  3.445987339693e-04
  3.382208735022e-04
  3.243062675761e-04
  3.100016574030e-04
  2.960143410009e-04
  2.934959849685e-04
  3.035085138451e-04
  3.206544155986e-04
  3.291161757468e-04
  3.265718575215e-04
  3.227854503504e-04
  3.323784606673e-04
  3.401720269218e-04
  3.463366674948e-04
  3.502014113637e-04
  3.483565354044e-04
  3.462362360092e-04
  3.433427452479e-04
  3.384668639368e-04
  3.272308090344e-04
  3.211012114205e-04
  3.168067942538e-04
  3.201312766179e-04
  3.259187499819e-04
  3.311118894799e-04
  3.362238700257e-04
  3.377752186961e-04
  3.361159799694e-04
  3.331297903498e-04
  3.351198361543e-04
  3.540548282913e-04
  3.676291537533e-04
  3.786705524119e-04
  3.758833773181e-04
  3.705154203842e-04
  3.651422221487e-04
  3.629574433688e-04
  3.658692935138e-04
  3.728455370047e-04
  3.881113976383e-04
  3.985909122298e-04
  4.074233427824e-04
  4.043727416059e-04
  3.866015727121e-04
  3.521588306303e-04
  3.621402641499e-04
  3.731491861555e-04
  3.727068882660e-04
  3.712166032216e-04
  3.712076757085e-04
  3.795010323958e-04
  3.895292973655e-04
  3.998643829197e-04
  4.088575412782e-04
  4.068620954958e-04
  4.004984692826e-04
  3.931682826394e-04
  4.010404077449e-04
  4.055555995918e-04
  3.928659722431e-04
  3.863846789221e-04
  3.827017788664e-04
  5.192228606877e-04
  1.064490716932e-03
  1.897022928112e-03
  2.475401957254e-03
  1.723056369037e-03
  1.230254025905e-02
  4.337835484794e-02
  1.274849202673e-01
  3.369415161426e-01
  8.698283370867e-01
  2.233325900395e+00
  1.524983037481e-04
  1.512236794121e-04
  1.489376542259e-04
  1.463011648473e-04
  1.435619865757e-04
  1.408833930000e-04
  1.384092654650e-04
  1.361452793340e-04
  1.339814464646e-04
  1.318852658010e-04
  1.298978000209e-04
  1.280178352146e-04
  1.263359682654e-04
  1.252047133657e-04
  1.245283373192e-04
  1.245797752639e-04
  1.250737997773e-04
  1.258299441443e-04
  1.265269679625e-04
  1.270836841948e-04
  1.273388251524e-04
  1.275792732788e-04
  1.278179653976e-04
  1.280474097938e-04
  1.282700779090e-04
  1.284797522966e-04
  1.286825184139e-04
  1.288740610493e-04
  1.290626467267e-04
  1.292504132652e-04
  1.294380635303e-04
  1.296297080575e-04
  1.298207528491e-04
  1.300135392558e-04
  1.302121936224e-04
  1.304383596068e-04
  1.306666765349e-04
  1.309053840389e-04
  1.311391301376e-04
  1.313099656579e-04
  1.314578845755e-04
  1.313026633267e-04
  1.309154373100e-04
  1.302332374101e-04
  1.288177207748e-04
  1.274035798836e-04
  1.262150927674e-04
  1.251016772377e-04
  1.236732958379e-04
  1.217513603567e-04
  1.198125094770e-04
  1.174161922202e-04
  1.148978077606e-04
  1.130554369744e-04
  1.131600518477e-04
  1.132714187161e-04
  1.130607134523e-04
  1.124709199871e-04
  1.117409017783e-04
  1.105928293352e-04
  1.091052290594e-04
  1.074846742647e-04
  1.059070578057e-04
  1.045949085546e-04
  1.032281457726e-04
  1.024852258189e-04
  1.022368424442e-04
  1.021069618105e-04
  1.032416247654e-04
  1.049546878306e-04
  1.066551213910e-04
  1.084221022659e-04
  1.106903644119e-04
  1.130344704162e-04
  1.151954387173e-04
  1.171394388254e-04
  1.190666399469e-04
  1.209786280917e-04
  1.228906732223e-04
  1.250071174917e-04
  1.271824112618e-04
  1.293451408596e-04
  1.314949927982e-04
  1.336159847473e-04
  1.356700384864e-04
  1.377052913386e-04
  1.397029412423e-04
  1.414378083987e-04
  1.430906424775e-04
  1.447270715243e-04
  1.463470113306e-04
  1.479508436048e-04
  1.495383693461e-04
  1.511098522160e-04
  1.526651931422e-04
  1.540788295429e-04
  1.547142419160e-04
  1.552136021662e-04
  1.557064454797e-04
  1.561929076264e-04
  1.566727170670e-04
  1.571464168800e-04
  1.576138712957e-04
  1.580822760979e-04
  1.585791924965e-04
  1.590800462112e-04
  1.596208161609e-04
  1.601647088093e-04
  1.607012699045e-04
  1.612307709853e-04
  1.617533478211e-04
  1.622690004119e-04
  1.627778645274e-04
  1.632800759369e-04
  1.637756346407e-04
  1.642646764079e-04
  1.647472012388e-04
  1.652891931142e-04
  1.659540563944e-04
  1.666136246636e-04
  1.672645036844e-04
  1.679066934567e-04
  1.685025858265e-04
  1.689413928761e-04
  1.693592914213e-04
  1.697716234166e-04
  1.701785246317e-04
  1.705799950663e-04
  1.708656541110e-04
  1.710475852514e-04
  1.712272083105e-04
  1.714087321423e-04
  1.715907990524e-04
  1.717706936503e-04
  1.719871102459e-04
  1.722409992256e-04
  1.724916297372e-04
  1.727387302416e-04
  1.729827080470e-04
  1.732234273847e-04
  1.734557290126e-04
  1.736421405467e-04
  1.738168759036e-04
  1.739893031786e-04
  1.741595581414e-04
  1.743275050224e-04
  1.744931438222e-04
  1.746424902807e-04
  1.744749507079e-04
  1.741806024149e-04
  1.738900556682e-04
  1.736031746981e-04
  1.733203668132e-04
  1.730410889355e-04
  1.727654768347e-04
  1.724944808967e-04
  1.722400488391e-04
  1.719936271823e-04
  1.717522289973e-04
  1.715150396671e-04
  1.712673960847e-04
  1.710091624808e-04
  1.707541873449e-04
  1.705027422165e-04
  1.702424720698e-04
  1.698871632679e-04
  1.695151548162e-04
  1.691478982974e-04
  1.687855294809e-04
  1.684223460475e-04
  1.680373037230e-04
  1.676541621717e-04
  1.672759083231e-04
  1.669025421764e-04
  1.665388156647e-04
  1.662308904209e-04
  1.659412940607e-04
  1.656553634771e-04
  1.653732344396e-04
  1.650949069487e-04
  1.648188875390e-04
  1.645436827467e-04
  1.642720079614e-04
  1.639980250945e-04
  1.637163033657e-04
  1.634381116442e-04
  1.631729537953e-04
  1.629345425395e-04
  1.627003401382e-04
  1.624693962053e-04
  1.622414392017e-04
  1.620164691273e-04
  1.618007313791e-04
  1.618276137419e-04
  1.619769602004e-04
  1.621242701165e-04
  1.622698150290e-04
  1.624133233987e-04
  1.625549309955e-04
  1.626947735886e-04
  1.604916814511e-04
  1.530293423234e-04
  1.513597846853e-04
  1.517681793648e-04
  1.516546760562e-04
  1.513204115281e-04
  1.510433059625e-04
  1.515585512448e-04
  1.525745144721e-04
  1.532179261699e-04
  1.540768040766e-04
  1.547997767061e-04
  1.564102746085e-04
  1.593674702592e-04
  1.620308606952e-04
  1.633748430535e-04
  1.644333021368e-04
  1.653455374603e-04
  1.660700035540e-04
  1.670115650912e-04
  1.677452635118e-04
  1.671967547000e-04
  1.669702911608e-04
  1.678214302057e-04
  1.698272889147e-04
  1.723910245318e-04
  1.747908863530e-04
  1.759150883090e-04
  1.785886310270e-04
  1.810948003727e-04
  1.817869533237e-04
  1.835374037217e-04
  1.853119370564e-04
  1.862039427232e-04
  1.886065199343e-04
  1.906283994457e-04
  1.924874913168e-04
  1.943120977329e-04
  1.961300514433e-04
  1.972425467908e-04
  1.983812456531e-04
  1.996269308879e-04
  2.005493489244e-04
  2.012689273162e-04
  2.020387404258e-04
  2.036311809833e-04
  2.055441733492e-04
  2.074282468099e-04
  2.094805386907e-04
  2.109912460047e-04
  2.123813899958e-04
  2.141146235332e-04
  2.149008647535e-04
  2.135099061453e-04
  2.139109692714e-04
  2.150010626500e-04
  2.168129067326e-04
  2.185775030263e-04
  2.200476152575e-04
  2.217213817505e-04
  2.234687353167e-04
  2.253409968302e-04
  2.270053952273e-04
  2.284711628342e-04
  2.300713422538e-04
  2.319475410830e-04
  2.335221958354e-04
  2.347832230243e-04
  2.362909434093e-04
  2.381154140559e-04
  2.394322425126e-04
  2.402949219656e-04
  2.414083676998e-04
  2.424377721085e-04
  2.432909476958e-04
  2.437612532710e-04
  2.443324355908e-04
  2.452382897472e-04
  2.460750372241e-04
  2.467233366243e-04
  2.472047752991e-04
  2.475879168503e-04
  2.479564632487e-04
  2.481436085747e-04
  2.483575629221e-04
  2.486399984267e-04
  2.489402348162e-04
  2.493249274890e-04
  2.498008481493e-04
  2.504014049491e-04
  2.513291309343e-04
  2.526430222316e-04
  2.537871895269e-04
  2.546070699754e-04
  2.554421454899e-04
  2.563283055838e-04
  2.572441882868e-04
  2.581944947911e-04
  2.591402946044e-04
  2.601228566895e-04
  2.614862925643e-04
  2.630130729073e-04
  2.641749234339e-04
  2.651936817209e-04
  2.662217395127e-04
  2.672439371067e-04
  2.682613176407e-04
  2.690189617184e-04
  2.695166911154e-04
  2.702511596357e-04
  2.712215129706e-04
  2.721894993354e-04
  2.731474841234e-04
  2.740664945077e-04
  2.749850095026e-04
  2.758396567707e-04
  2.765604077869e-04
  2.772545654686e-04
  2.778510202946e-04
  2.783774926628e-04
  2.789701147546e-04
  2.794132882615e-04
  2.797117033366e-04
  2.801337305021e-04
  2.805507844510e-04
  2.809909623772e-04
  2.814817885524e-04
  2.820606300321e-04
  2.823807640812e-04
  2.840934623414e-04
  2.942418134826e-04
  2.959625704092e-04
  2.813901305313e-04
  2.813249633580e-04
  2.891828989419e-04
  2.972750180321e-04
  3.081951975280e-04
  3.190190732434e-04
  3.289838821818e-04
  3.228950226195e-04
  3.096109312247e-04
  2.959545079011e-04
  2.826010007705e-04
  2.801967593656e-04
  2.897555890873e-04
  3.061245561388e-04
  3.142028873375e-04
  3.117738601684e-04
  3.081590270077e-04
  3.173173478741e-04
  3.247577631447e-04
  3.306430644765e-04
  3.343326846530e-04
  3.325714058222e-04
  3.305471838572e-04
  3.277848062572e-04
  3.231298664543e-04
  3.124029525170e-04
  3.065511062377e-04
  3.024512826112e-04
  3.056251222297e-04
  3.111503469842e-04
  3.161081690084e-04
  3.209885096476e-04
  3.224695618334e-04
  3.208855084288e-04
  3.180346324472e-04
  3.199345030211e-04
  3.380114911474e-04
  3.509707212556e-04
  3.615117994354e-04
  3.588509200058e-04
  3.537262020733e-04
  3.485964803390e-04
  3.465107007529e-04
  3.492906058152e-04
  3.559507337856e-04
  3.705248502898e-04
  3.805295051358e-04
  3.889617104977e-04
  3.860493416492e-04
  3.690834402768e-04
  3.362014071000e-04
  3.457305504929e-04
  3.562406236389e-04
  3.558183676570e-04
  3.543956121124e-04
  3.543870891329e-04
  3.623046477608e-04
  3.718785005236e-04
  3.817452708659e-04
  3.903309209516e-04
  3.884258950898e-04
  3.823506247826e-04
  3.753525919366e-04
  3.828680063098e-04
  3.871786006218e-04
  3.750639801746e-04
  3.688763746262e-04
  3.653603583482e-04
  4.956952408356e-04
  1.016255296614e-03
  1.811062856469e-03
  2.363233713825e-03
  1.644979269002e-03
  1.174507349026e-02
  4.141274524185e-02
  1.217081778162e-01
  3.216736369631e-01
  8.304136810671e-01
  2.132126884002e+00
  3.419137736206e-04
  3.390559607403e-04
  3.339305037431e-04
  3.280192771236e-04
  3.218778135371e-04
  3.158721858353e-04
  3.103249878593e-04
  3.052489442415e-04
  3.003974524957e-04
  2.956976425749e-04
  2.912415803885e-04
  2.870265442510e-04
  2.832556598464e-04
  2.807192930661e-04
  2.792028021887e-04
  2.793181303029e-04
  2.804257740043e-04
  2.821211120347e-04
  2.836838969192e-04
  2.849321006246e-04
  2.855041476931e-04
  2.860432522225e-04
  2.865784196379e-04
  2.870928528966e-04
  2.875920931744e-04
  2.880622004435e-04
  2.885168188005e-04
  2.889462731857e-04
  2.893690978273e-04
  2.897900858917e-04
  2.902108132617e-04
  2.906404960967e-04
  2.910688342752e-04
  2.915010772981e-04
  2.919464767712e-04
  2.924535595602e-04
  2.929654649425e-04
  2.935006668528e-04
  2.940247448831e-04
  2.944077722087e-04
  2.947394186208e-04
  2.943913997798e-04
  2.935232071158e-04
  2.919936586787e-04
  2.888199536440e-04
  2.856493331410e-04
  2.829846470112e-04
  2.804882775696e-04
  2.772857286718e-04
  2.729765908201e-04
  2.686295272497e-04
  2.632567863343e-04
  2.576103606834e-04
  2.534796134394e-04
  2.537141686130e-04
  2.539638623165e-04
  2.534914437381e-04
  2.521690781484e-04
  2.505323171193e-04
  2.479582440197e-04
  2.446229215182e-04
  2.409895040204e-04
  2.374523578126e-04
  2.345104109778e-04
  2.314460161029e-04
  2.297803282978e-04
  2.292234322874e-04
  2.289322291953e-04
  2.314762371164e-04
  2.353170657858e-04
  2.391295780640e-04
  2.430912949094e-04
  2.481769257054e-04
  2.534326046868e-04
  2.582776738342e-04
  2.626362823991e-04
  2.669572262509e-04
  2.712440613542e-04
  2.755310242245e-04
  2.802762668207e-04
  2.851534548510e-04
  2.900024729706e-04
  2.948226183165e-04
  2.995780571856e-04
  3.041834150676e-04
  3.087466198108e-04
  3.132255156421e-04
  3.171152308822e-04
  3.208210211969e-04
  3.244900300772e-04
  3.281220687200e-04
  3.317179929477e-04
  3.352773565839e-04
  3.388007507792e-04
  3.422879534054e-04
  3.454574427992e-04
  3.468820897426e-04
  3.480016966060e-04
  3.491066919599e-04
  3.501973802116e-04
  3.512731525476e-04
  3.523352265946e-04
  3.533832979458e-04
  3.544335001420e-04
  3.555476276886e-04
  3.566705830226e-04
  3.578830338475e-04
  3.591024860203e-04
  3.603055002462e-04
  3.614926853375e-04
  3.626643457006e-04
  3.638204813354e-04
  3.649613966487e-04
  3.660873960463e-04
  3.671984795293e-04
  3.682949515028e-04
  3.693768119680e-04
  3.705920024509e-04
  3.720826807568e-04
  3.735614872111e-04
  3.750208116542e-04
  3.764606540853e-04
  3.777966939221e-04
  3.787805355159e-04
  3.797174985186e-04
  3.806419808573e-04
  3.815542869389e-04
  3.824544167627e-04
  3.830948878994e-04
  3.835027925201e-04
  3.839055222322e-04
  3.843125136336e-04
  3.847207226612e-04
  3.851240611857e-04
  3.856092850410e-04
  3.861785250717e-04
  3.867404593484e-04
  3.872944790578e-04
  3.878414974186e-04
  3.883812100259e-04
  3.889020494338e-04
  3.893199994667e-04
  3.897117705472e-04
  3.900983667180e-04
  3.904800923857e-04
  3.908566431436e-04
  3.912280189929e-04
  3.915628660696e-04
  3.911872285304e-04
  3.905272753824e-04
  3.898758456147e-04
  3.892326348206e-04
  3.885985562193e-04
  3.879723921852e-04
  3.873544471253e-04
  3.867468518832e-04
  3.861763942268e-04
  3.856238965499e-04
  3.850826619108e-04
  3.845508638713e-04
  3.839956265364e-04
  3.834166454996e-04
  3.828449702170e-04
  3.822812095024e-04
  3.816976623689e-04
  3.809010307325e-04
  3.800669571042e-04
  3.792435377011e-04
  3.784310769296e-04
  3.776167897201e-04
  3.767534930739e-04
  3.758944581182e-04
  3.750463817946e-04
  3.742092641020e-04
  3.733937592662e-04
  3.727033654747e-04
  3.720540665520e-04
  3.714129866028e-04
  3.707804300333e-04
  3.701563968448e-04
  3.695375385649e-04
  3.689205067244e-04
  3.683113894504e-04
  3.676970972673e-04
  3.670654539178e-04
  3.664417251355e-04
  3.658472193705e-04
  3.653126816730e-04
  3.647875805746e-04
  3.642697852310e-04
  3.637586868291e-04
  3.632542853689e-04
  3.627705835455e-04
  3.628308560199e-04
  3.631657030966e-04
  3.634959840771e-04
  3.638223077741e-04
  3.641440653743e-04
  3.644615612846e-04
  3.647750999113e-04
  3.598355856487e-04
  3.431044059014e-04
  3.393611199874e-04
  3.402767745395e-04
  3.400222907610e-04
  3.392728421219e-04
  3.386515485909e-04
  3.398067710063e-04
  3.420846443488e-04
  3.435272264379e-04
  3.454529015368e-04
  3.470738657962e-04
  3.506847349118e-04
  3.573150114423e-04
  3.632865524510e-04
  3.662998717373e-04
  3.686730242938e-04
  3.707183311215e-04
  3.723426438507e-04
  3.744537024683e-04
  3.760987148357e-04
  3.748689128438e-04
  3.743611629124e-04
  3.762694868449e-04
  3.807667874947e-04
  3.865148941809e-04
  3.918955823020e-04
  3.944161358008e-04
  4.004104390632e-04
  4.060294774214e-04
  4.075813414197e-04
  4.115059955727e-04
  4.154846456558e-04
  4.174845959249e-04
  4.228713721739e-04
  4.274045927840e-04
  4.315728300795e-04
  4.356637481405e-04
  4.397397502869e-04
  4.422340566041e-04
  4.447871133625e-04
  4.475800423912e-04
  4.496481797013e-04
  4.512615337997e-04
  4.529875182784e-04
  4.565579013377e-04
  4.608469879877e-04
  4.650712360671e-04
  4.696726437176e-04
  4.730597741044e-04
  4.761765915782e-04
  4.800626441098e-04
  4.818254617673e-04
  4.787068178549e-04
  4.796060344593e-04
  4.820501137149e-04
  4.861124175717e-04
  4.900687879893e-04
  4.933649008527e-04
  4.971176233665e-04
  5.010353341671e-04
  5.052330988867e-04
  5.089648173568e-04
  5.122511892142e-04
  5.158389234405e-04
  5.200455159468e-04
  5.235760217642e-04
  5.264033487193e-04
  5.297837821651e-04
  5.338743958199e-04
  5.368268338193e-04
  5.387610322985e-04
  5.412574694612e-04
  5.435654790409e-04
  5.454783690695e-04
  5.465328329555e-04
  5.478134708221e-04
  5.498444705471e-04
  5.517205273974e-04
  5.531740681182e-04
  5.542534933315e-04
  5.551125282872e-04
  5.559388397066e-04
  5.563584349616e-04
  5.568381382534e-04
  5.574713819472e-04
  5.581445366931e-04
  5.590070493915e-04
  5.600741027613e-04
  5.614206006347e-04
  5.635006388035e-04
  5.664464914495e-04
  5.690118088857e-04
  5.708500484671e-04
  5.727223566398e-04
  5.747092006523e-04
  5.767626852058e-04
  5.788933507607e-04
  5.810139119427e-04
  5.832168971700e-04
  5.862738328445e-04
  5.896970002880e-04
  5.923019649872e-04
  5.945861050842e-04
  5.968910954377e-04
  5.991829467447e-04
  6.014639978058e-04
  6.031626983115e-04
  6.042786486674e-04
  6.059253876620e-04
  6.081009998644e-04
  6.102713051247e-04
  6.124191860248e-04
  6.144796830977e-04
  6.165390694668e-04
  6.184552591250e-04
  6.200712423441e-04
  6.216276011139e-04
  6.229649020237e-04
  6.241452964919e-04
  6.254740040956e-04
  6.264676356467e-04
  6.271367068555e-04
  6.280829265654e-04
  6.290179959136e-04
  6.300049111258e-04
  6.311053838892e-04
  6.324031942242e-04
  6.331209611638e-04
  6.369609719103e-04
  6.597144121089e-04
  6.635724910500e-04
  6.308998790469e-04
  6.307537688699e-04
  6.483719084973e-04
  6.665151068589e-04
  6.909990498817e-04
  7.152670718866e-04
  7.376089953297e-04
  7.239572700394e-04
  6.941732415861e-04
  6.635544142419e-04
  6.336147499842e-04
  6.282242424755e-04
  6.496559270332e-04
  6.863565011204e-04
  7.044687858922e-04
  6.990227066557e-04
  6.909179525922e-04
  7.114516632665e-04
  7.281336879182e-04
  7.413290188680e-04
  7.496014515886e-04
  7.456525191965e-04
  7.411140466122e-04
  7.349205682183e-04
  7.244838092848e-04
  7.004331835829e-04
  6.873128616198e-04
  6.781207189345e-04
  6.852367291075e-04
  6.976247386754e-04
  7.087405845278e-04
  7.196827107252e-04
  7.230033518691e-04
  7.194517734982e-04
  7.130598744340e-04
  7.173195409442e-04
  7.578496391424e-04
  7.869053017995e-04
  8.105392684070e-04
  8.045733572818e-04
  7.930833170388e-04
  7.815820578596e-04
  7.769055680122e-04
  7.831383444221e-04
  7.980709005962e-04
  8.307472717339e-04
  8.531785329877e-04
  8.720842328177e-04
  8.655544616748e-04
  8.275155116107e-04
  7.537912814294e-04
  7.751564067900e-04
  7.987208575547e-04
  7.977741248195e-04
  7.945841895530e-04
  7.945650803301e-04
  8.123168997392e-04
  8.337822671943e-04
  8.559043800196e-04
  8.751541155749e-04
  8.708828904841e-04
  8.572616334245e-04
  8.415714666524e-04
  8.584216454773e-04
  8.680863534218e-04
  8.409243752800e-04
  8.270512533453e-04
  8.191680548822e-04
  1.111389610207e-03
  2.278528186131e-03
  4.060552283533e-03
  5.298564883554e-03
  3.688179183430e-03
  2.633342338770e-02
  9.285079016363e-02
  2.728797720030e-01
  7.212188226695e-01
  1.861855957616e+00
  4.780404311586e+00
  1.401798337451e-04
  1.390081706963e-04
  1.369068054833e-04
  1.344832857871e-04
  1.319653721758e-04
  1.295031493649e-04
  1.272288762878e-04
  1.251477698647e-04
  1.231587265479e-04
  1.212318706440e-04
  1.194049478797e-04
  1.176768424023e-04
  1.161308328827e-04
  1.150909582096e-04
  1.144692182989e-04
  1.145165012022e-04
  1.149706195264e-04
  1.156656842520e-04
  1.163064040539e-04
  1.168181500010e-04
  1.170526812458e-04
  1.172737065134e-04
  1.174931176196e-04
  1.177040280136e-04
  1.179087094992e-04
  1.181014468614e-04
  1.182878339877e-04
  1.184639042398e-04
  1.186372563903e-04
  1.188098555701e-04
  1.189823478688e-04
  1.191585117821e-04
  1.193341244052e-04
  1.195113379595e-04
  1.196939454731e-04
  1.199018422780e-04
  1.201117162781e-04
  1.203311415268e-04
  1.205460061413e-04
  1.207030419526e-04
  1.208390123127e-04
  1.206963294872e-04
  1.203403827173e-04
  1.197132893910e-04
  1.184121150060e-04
  1.171122052355e-04
  1.160197214356e-04
  1.149962451083e-04
  1.136832451454e-04
  1.119165592900e-04
  1.101343244238e-04
  1.079315762856e-04
  1.056166212587e-04
  1.039230730410e-04
  1.040192373602e-04
  1.041216082634e-04
  1.039279232970e-04
  1.033857720214e-04
  1.027147230417e-04
  1.016593893084e-04
  1.002919540373e-04
  9.880230401421e-05
  9.735212386468e-05
  9.614596707896e-05
  9.488960832062e-05
  9.420669976994e-05
  9.397838024565e-05
  9.385899107741e-05
  9.490199851070e-05
  9.647668419421e-05
  9.803976055598e-05
  9.966400868979e-05
  1.017490457210e-04
  1.039038001143e-04
  1.058902102561e-04
  1.076771784075e-04
  1.094487045568e-04
  1.112062465994e-04
  1.129638410247e-04
  1.149093236859e-04
  1.169089021176e-04
  1.188969312825e-04
  1.208731230166e-04
  1.228227860062e-04
  1.247109179039e-04
  1.265817676081e-04
  1.284180518453e-04
  1.300127803346e-04
  1.315321021938e-04
  1.330363441826e-04
  1.345254288946e-04
  1.359997072048e-04
  1.374589961871e-04
  1.389035382051e-04
  1.403332421892e-04
  1.416326882208e-04
  1.422167734115e-04
  1.426757964638e-04
  1.431288290028e-04
  1.435759958314e-04
  1.440170473445e-04
  1.444524827520e-04
  1.448821772513e-04
  1.453127453670e-04
  1.457695219765e-04
  1.462299178546e-04
  1.467270056240e-04
  1.472269638475e-04
  1.477201827441e-04
  1.482069119185e-04
  1.486872761728e-04
  1.491612755070e-04
  1.496290347238e-04
  1.500906786250e-04
  1.505462072113e-04
  1.509957452844e-04
  1.514392928447e-04
  1.519375038354e-04
  1.525486609551e-04
  1.531549507828e-04
  1.537532532602e-04
  1.543435683870e-04
  1.548913259114e-04
  1.552946871144e-04
  1.556788287550e-04
  1.560578534991e-04
  1.564318861491e-04
  1.568009267049e-04
  1.570635108545e-04
  1.572307460065e-04
  1.573958595189e-04
  1.575627202638e-04
  1.577300802184e-04
  1.578954433353e-04
  1.580943782850e-04
  1.583277586839e-04
  1.585581438264e-04
  1.587852841078e-04
  1.590095539349e-04
  1.592308285058e-04
  1.594443653307e-04
  1.596157189603e-04
  1.597763395880e-04
  1.599348385756e-04
  1.600913407254e-04
  1.602457212351e-04
  1.603979801051e-04
  1.605352626926e-04
  1.603812565897e-04
  1.601106850898e-04
  1.598436080559e-04
  1.595799006854e-04
  1.593199373853e-04
  1.590632189465e-04
  1.588098701713e-04
  1.585607646757e-04
  1.583268850675e-04
  1.581003687979e-04
  1.578784702154e-04
  1.576604405058e-04
  1.574328010151e-04
  1.571954269409e-04
  1.569610481230e-04
  1.567299141666e-04
  1.564906680570e-04
  1.561640603010e-04
  1.558221018554e-04
  1.554845114922e-04
  1.551514140137e-04
  1.548175677212e-04
  1.544636282497e-04
  1.541114360113e-04
  1.537637366578e-04
  1.534205301887e-04
  1.530861846867e-04
  1.528031329515e-04
  1.525369295340e-04
  1.522740957799e-04
  1.520147564915e-04
  1.517589116693e-04
  1.515051884868e-04
  1.512522141187e-04
  1.510024846115e-04
  1.507506334643e-04
  1.504916685833e-04
  1.502359485634e-04
  1.499922095691e-04
  1.497730566384e-04
  1.495577725804e-04
  1.493454837790e-04
  1.491359406294e-04
  1.489291431316e-04
  1.487308321935e-04
  1.487555430596e-04
  1.488928256470e-04
  1.490282361994e-04
  1.491620243212e-04
  1.492939404076e-04
  1.494241092611e-04
  1.495526556841e-04
  1.475275243746e-04
  1.406679762186e-04
  1.391332816916e-04
  1.395086871674e-04
  1.394043524009e-04
  1.390970890095e-04
  1.388423674083e-04
  1.393159923355e-04
  1.402498883382e-04
  1.408413266862e-04
  1.416308263672e-04
  1.422953988937e-04
  1.437758043975e-04
  1.464941244344e-04
  1.489423721810e-04
  1.501777906671e-04
  1.511507498062e-04
  1.519892968119e-04
  1.526552421639e-04
  1.535207464777e-04
  1.541951783900e-04
  1.536909768864e-04
  1.534828065626e-04
  1.542651925096e-04
  1.561090224634e-04
  1.584656652832e-04
  1.606716716639e-04
  1.617050631143e-04
  1.641626430644e-04
  1.664663696869e-04
  1.671026120791e-04
  1.687116650308e-04
  1.703428555537e-04
  1.711628070089e-04
  1.733713094363e-04
  1.752298660681e-04
  1.769387846791e-04
  1.786160034924e-04
  1.802871069908e-04
  1.813097374661e-04
  1.823564547953e-04
  1.835015163784e-04
  1.843494235604e-04
  1.850108760281e-04
  1.857185053660e-04
  1.871823121568e-04
  1.889407773018e-04
  1.906726595457e-04
  1.925591719040e-04
  1.939478476788e-04
  1.952256989647e-04
  1.968189257951e-04
  1.975416562179e-04
  1.962630561178e-04
  1.966317222665e-04
  1.976337603537e-04
  1.992992477462e-04
  2.009213039199e-04
  2.022726637914e-04
  2.038112271915e-04
  2.054174334665e-04
  2.071384579057e-04
  2.086684099435e-04
  2.100157761397e-04
  2.114866966646e-04
  2.132113403721e-04
  2.146587980550e-04
  2.158179623037e-04
  2.172038924269e-04
  2.188809864380e-04
  2.200914444535e-04
  2.208844386005e-04
  2.219079426925e-04
  2.228541941282e-04
  2.236384521104e-04
  2.240707674590e-04
  2.245958109555e-04
  2.254284922505e-04
  2.261976491481e-04
  2.267935803808e-04
  2.272361295222e-04
  2.275883217606e-04
  2.279270978098e-04
  2.280991259573e-04
  2.282957975537e-04
  2.285554185534e-04
  2.288314025226e-04
  2.291850205865e-04
  2.296224974463e-04
  2.301745426184e-04
  2.310273289850e-04
  2.322350870983e-04
  2.332868311328e-04
  2.340404834826e-04
  2.348081034752e-04
  2.356226815496e-04
  2.364645813077e-04
  2.373381241899e-04
  2.382075244214e-04
  2.391107173511e-04
  2.403640179423e-04
  2.417674684030e-04
  2.428354672572e-04
  2.437719325410e-04
  2.447169461364e-04
  2.456565729077e-04
  2.465917717303e-04
  2.472882150234e-04
  2.477457389591e-04
  2.484208787642e-04
  2.493128491391e-04
  2.502026437424e-04
  2.510832446737e-04
  2.519280194661e-04
  2.527723388855e-04
  2.535579496693e-04
  2.542204800395e-04
  2.548585652248e-04
  2.554068397714e-04
  2.558907848858e-04
  2.564355362979e-04
  2.568429112455e-04
  2.571172210220e-04
  2.575051577822e-04
  2.578885230512e-04
  2.582931443945e-04
  2.587443227351e-04
  2.592764067019e-04
  2.595706810425e-04
  2.611450313891e-04
  2.704736215491e-04
  2.720553796012e-04
  2.586600686428e-04
  2.586001655272e-04
  2.658233547474e-04
  2.732618106569e-04
  2.832998826129e-04
  2.932494299914e-04
  3.024093040749e-04
  2.968122888940e-04
  2.846012565257e-04
  2.720479683644e-04
  2.597731275073e-04
  2.575630953159e-04
  2.663497842708e-04
  2.813965029783e-04
  2.888222847512e-04
  2.865894689338e-04
  2.832666338659e-04
  2.916851661702e-04
  2.985245614289e-04
  3.039344613554e-04
  3.073260423121e-04
  3.057070356241e-04
  3.038463257569e-04
  3.013070868068e-04
  2.970281625720e-04
  2.871677446173e-04
  2.817885973195e-04
  2.780199482249e-04
  2.809374122171e-04
  2.860163217424e-04
  2.905736620537e-04
  2.950597797521e-04
  2.964211958733e-04
  2.949650987402e-04
  2.923445101086e-04
  2.940909134104e-04
  3.107076830917e-04
  3.226200957374e-04
  3.323096893291e-04
  3.298637497554e-04
  3.251529950118e-04
  3.204376406623e-04
  3.185203456602e-04
  3.210756962436e-04
  3.271978340555e-04
  3.405946862062e-04
  3.497911875345e-04
  3.575422583116e-04
  3.548651440687e-04
  3.392697100522e-04
  3.090438135626e-04
  3.178032141837e-04
  3.274643072584e-04
  3.270761601651e-04
  3.257683316135e-04
  3.257604971011e-04
  3.330384931499e-04
  3.418389916185e-04
  3.509087464432e-04
  3.588008670244e-04
  3.570497248672e-04
  3.514652012319e-04
  3.450324537405e-04
  3.519407898430e-04
  3.559031840411e-04
  3.447671553875e-04
  3.390793706992e-04
  3.358473703084e-04
  4.556540941160e-04
  9.341644793457e-04
  1.664769272064e-03
  2.172337009414e-03
  1.512101543266e-03
  1.079633286878e-02
  3.806751681986e-02
  1.118768649380e-01
  2.956895640240e-01
  7.633347315386e-01
  1.959898469537e+00
  5.872083851906e-05
  5.823003299553e-05
  5.734977851066e-05
  5.633457464771e-05
  5.527982950623e-05
  5.424841304485e-05
  5.329572806486e-05
  5.242395991571e-05
  5.159075667746e-05
  5.078360352740e-05
  5.001831201747e-05
  4.929441472090e-05
  4.864679677954e-05
  4.821119694233e-05
  4.795075228407e-05
  4.797055892565e-05
  4.816078749187e-05
  4.845194765681e-05
  4.872034292463e-05
  4.893471149904e-05
  4.903295581128e-05
  4.912554251723e-05
  4.921745305667e-05
  4.930580267768e-05
  4.939154303094e-05
  4.947228003296e-05
  4.955035694355e-05
  4.962411215188e-05
  4.969672875706e-05
  4.976902994541e-05
  4.984128636168e-05
  4.991508080436e-05
  4.998864431348e-05
  5.006287844709e-05
  5.013937209125e-05
  5.022645933040e-05
  5.031437480970e-05
  5.040629127337e-05
  5.049629730345e-05
  5.056207905155e-05
  5.061903655639e-05
  5.055926722347e-05
  5.041016237552e-05
  5.014747519030e-05
  4.960241782429e-05
  4.905789020088e-05
  4.860025258578e-05
  4.817152195784e-05
  4.762151089896e-05
  4.688145241793e-05
  4.613488051108e-05
  4.521215707600e-05
  4.424243057056e-05
  4.353300918834e-05
  4.357329208285e-05
  4.361617489358e-05
  4.353504094346e-05
  4.330793568404e-05
  4.302683563047e-05
  4.258476004744e-05
  4.201194622966e-05
  4.138793708286e-05
  4.078046172703e-05
  4.027520689864e-05
  3.974892264077e-05
  3.946285465470e-05
  3.936721241031e-05
  3.931720070833e-05
  3.975411284775e-05
  4.041374313314e-05
  4.106851031455e-05
  4.174890213578e-05
  4.262231680281e-05
  4.352493582722e-05
  4.435703603776e-05
  4.510559070111e-05
  4.584767676417e-05
  4.658390493420e-05
  4.732015504714e-05
  4.813511088023e-05
  4.897272724098e-05
  4.980550565457e-05
  5.063332541011e-05
  5.145003236801e-05
  5.224096416830e-05
  5.302465651861e-05
  5.379386951657e-05
  5.446189566270e-05
  5.509833423712e-05
  5.572845590698e-05
  5.635222824696e-05
  5.696979823739e-05
  5.758108925119e-05
  5.818620281357e-05
  5.878510077585e-05
  5.932943414069e-05
  5.957410536942e-05
  5.976638850892e-05
  5.995616224353e-05
  6.014347885272e-05
  6.032823377778e-05
  6.051063613598e-05
  6.069063364798e-05
  6.087099711483e-05
  6.106233922739e-05
  6.125519743877e-05
  6.146342575420e-05
  6.167285649273e-05
  6.187946415098e-05
  6.208335328743e-05
  6.228457618128e-05
  6.248313283256e-05
  6.267907552060e-05
  6.287245652452e-05
  6.306327584454e-05
  6.325158575968e-05
  6.343738627015e-05
  6.364608509899e-05
  6.390209666341e-05
  6.415606933637e-05
  6.440669613639e-05
  6.465397706338e-05
  6.488343076067e-05
  6.505239734761e-05
  6.521331292758e-05
  6.537208505761e-05
  6.552876601705e-05
  6.568335580579e-05
  6.579335138098e-05
  6.586340559702e-05
  6.593257106567e-05
  6.600246844390e-05
  6.607257493928e-05
  6.614184496640e-05
  6.622517811600e-05
  6.632294034293e-05
  6.641944786752e-05
  6.651459613121e-05
  6.660854197168e-05
  6.670123310994e-05
  6.679068293362e-05
  6.686246236540e-05
  6.692974578050e-05
  6.699614044800e-05
  6.706169864725e-05
  6.712636809889e-05
  6.719014880315e-05
  6.724765599541e-05
  6.718314338146e-05
  6.706980193334e-05
  6.695792430470e-05
  6.684745821620e-05
  6.673856050564e-05
  6.663102205599e-05
  6.652489514658e-05
  6.642054573205e-05
  6.632257438809e-05
  6.622768752078e-05
  6.613473498626e-05
  6.604340310902e-05
  6.594804572830e-05
  6.584861056485e-05
  6.575043010374e-05
  6.565360890365e-05
  6.555338955117e-05
  6.541657471280e-05
  6.527332952462e-05
  6.513191411076e-05
  6.499238075046e-05
  6.485253371466e-05
  6.470426971693e-05
  6.455673762899e-05
  6.441108759472e-05
  6.426731961390e-05
  6.412726346095e-05
  6.400869408623e-05
  6.389718241244e-05
  6.378708227878e-05
  6.367844596448e-05
  6.357127346979e-05
  6.346498972247e-05
  6.335901965087e-05
  6.325440884007e-05
  6.314890928177e-05
  6.304042980540e-05
  6.293330958993e-05
  6.283120818390e-05
  6.273940579325e-05
  6.264922405977e-05
  6.256029702874e-05
  6.247252014158e-05
  6.238589339828e-05
  6.230282164495e-05
  6.231317293967e-05
  6.237068013193e-05
  6.242740313528e-05
  6.248344650817e-05
  6.253870569204e-05
  6.259323296622e-05
  6.264708060995e-05
  6.179876023870e-05
  5.892531968154e-05
  5.828244155070e-05
  5.843969758202e-05
  5.839599211586e-05
  5.826728056369e-05
  5.816057858230e-05
  5.835897839577e-05
  5.875018414128e-05
  5.899793558169e-05
  5.932865421675e-05
  5.960704130690e-05
  6.022717795716e-05
  6.136587264431e-05
  6.239143500048e-05
  6.290894745207e-05
  6.331651660781e-05
  6.366778099438e-05
  6.394674315630e-05
  6.430929986431e-05
  6.459181701641e-05
  6.438060878279e-05
  6.429340696750e-05
  6.462114568447e-05
  6.539351955650e-05
  6.638070893157e-05
  6.730479723294e-05
  6.773768127098e-05
  6.876715285434e-05
  6.973217582072e-05
  6.999869551744e-05
  7.067272213040e-05
  7.135602209397e-05
  7.169949686994e-05
  7.262463075650e-05
  7.340317358206e-05
  7.411903356789e-05
  7.482161462015e-05
  7.552163398852e-05
  7.595001029204e-05
  7.638847649379e-05
  7.686813875703e-05
  7.722332408851e-05
  7.750040419699e-05
  7.779682763376e-05
  7.841001114158e-05
  7.914662599596e-05
  7.987210536671e-05
  8.066235874768e-05
  8.124407013760e-05
  8.177935753955e-05
  8.244675464605e-05
  8.274950387405e-05
  8.221390279649e-05
  8.236833574742e-05
  8.278808597209e-05
  8.348575277348e-05
  8.416522639033e-05
  8.473130627983e-05
  8.537580506795e-05
  8.604863921807e-05
  8.676957029269e-05
  8.741046181150e-05
  8.797486876448e-05
  8.859103219049e-05
  8.931347936382e-05
  8.991981428798e-05
  9.040538410815e-05
  9.098594535431e-05
  9.168847412735e-05
  9.219553072576e-05
  9.252771318029e-05
  9.295645543876e-05
  9.335283683164e-05
  9.368135973753e-05
  9.386245511405e-05
  9.408239398511e-05
  9.443120124613e-05
  9.475339836091e-05
  9.500303185487e-05
  9.518841413115e-05
  9.533594621909e-05
  9.547785831263e-05
  9.554992029758e-05
  9.563230533647e-05
  9.574105965863e-05
  9.585666837107e-05
  9.600479773229e-05
  9.618805524766e-05
  9.641930502548e-05
  9.677653423018e-05
  9.728245984907e-05
  9.772303171994e-05
  9.803873403424e-05
  9.836028734490e-05
  9.870151123062e-05
  9.905418007338e-05
  9.942010410932e-05
  9.978429280351e-05
  1.001626371399e-04
  1.006876403424e-04
  1.012755407962e-04
  1.017229217537e-04
  1.021152037621e-04
  1.025110666280e-04
  1.029046729723e-04
  1.032964244645e-04
  1.035881621065e-04
  1.037798172714e-04
  1.040626309573e-04
  1.044362742050e-04
  1.048090060297e-04
  1.051778866576e-04
  1.055317598421e-04
  1.058854422724e-04
  1.062145318622e-04
  1.064920635002e-04
  1.067593551364e-04
  1.069890254125e-04
  1.071917483160e-04
  1.074199427635e-04
  1.075905906939e-04
  1.077054980929e-04
  1.078680034351e-04
  1.080285937957e-04
  1.081980882510e-04
  1.083870852684e-04
  1.086099733677e-04
  1.087332438522e-04
  1.093927336662e-04
  1.133004472207e-04
  1.139630400964e-04
  1.083517915260e-04
  1.083266983219e-04
  1.113524668398e-04
  1.144684098155e-04
  1.186733227950e-04
  1.228411531407e-04
  1.266781921252e-04
  1.243336221835e-04
  1.192184637424e-04
  1.139599355554e-04
  1.088180479632e-04
  1.078922732639e-04
  1.115729863126e-04
  1.178760037714e-04
  1.209866375959e-04
  1.200513189159e-04
  1.186593950120e-04
  1.221858885367e-04
  1.250508871163e-04
  1.273170751370e-04
  1.287377964517e-04
  1.280596002536e-04
  1.272801554453e-04
  1.262164771945e-04
  1.244240509067e-04
  1.202935565626e-04
  1.180402507096e-04
  1.164615768804e-04
  1.176836922689e-04
  1.198112295766e-04
  1.217202833780e-04
  1.235995022779e-04
  1.241697946949e-04
  1.235598407355e-04
  1.224620853898e-04
  1.231936475805e-04
  1.301543538611e-04
  1.351444215524e-04
  1.392033581727e-04
  1.381787627020e-04
  1.362054441354e-04
  1.342301988100e-04
  1.334270506880e-04
  1.344974780452e-04
  1.370620200070e-04
  1.426739141774e-04
  1.465262961857e-04
  1.497731924281e-04
  1.486517587029e-04
  1.421188863343e-04
  1.294573647770e-04
  1.331266468388e-04
  1.371736446930e-04
  1.370110512430e-04
  1.364632064700e-04
  1.364599246204e-04
  1.395086515257e-04
  1.431951493311e-04
  1.469944376755e-04
  1.503004191840e-04
  1.495668719034e-04
  1.472275346262e-04
  1.445328793638e-04
  1.474267570199e-04
  1.490865899905e-04
  1.444217468184e-04
  1.420391538498e-04
  1.406852802721e-04
  1.908718948104e-04
  3.913182094482e-04
  6.973659832848e-04
  9.099843203602e-04
  6.334140095212e-04
  4.522545804542e-03
  1.594634868853e-02
  4.686482459372e-02
  1.238633166907e-01
  3.197582299046e-01
  8.209945644012e-01
