2466
  0.000000000000e+00
  0.000000000000e+00
  0.000000000000e+00
  0.000000000000e+00
  0.000000000000e+00
  0.000000000000e+00
  0.000000000000e+00
  0.000000000000e+00
  0.000000000000e+00
  0.000000000000e+00
  0.000000000000e+00
  0.000000000000e+00
  0.000000000000e+00
  0.000000000000e+00
  0.000000000000e+00
  0.000000000000e+00
  0.000000000000e+00
  0.000000000000e+00
  0.000000000000e+00
  0.000000000000e+00
  0.000000000000e+00
  0.000000000000e+00
  0.000000000000e+00
  0.000000000000e+00
  0.000000000000e+00
  0.000000000000e+00
  0.000000000000e+00
  0.000000000000e+00
  0.000000000000e+00
  0.000000000000e+00
  0.000000000000e+00
  0.000000000000e+00
  0.000000000000e+00
  0.000000000000e+00
  0.000000000000e+00
  0.000000000000e+00
  0.000000000000e+00
  0.000000000000e+00
  0.000000000000e+00
  0.000000000000e+00
  0.000000000000e+00
  0.000000000000e+00
  0.000000000000e+00
  0.000000000000e+00
  0.000000000000e+00
  0.000000000000e+00
  0.000000000000e+00
  0.000000000000e+00
  0.000000000000e+00
  0.000000000000e+00
  0.000000000000e+00
  0.000000000000e+00
  0.000000000000e+00
  0.000000000000e+00
  0.000000000000e+00
  0.000000000000e+00
  0.000000000000e+00
  0.000000000000e+00
  0.000000000000e+00
  0.000000000000e+00
  0.000000000000e+00
  0.000000000000e+00
  0.000000000000e+00
  0.000000000000e+00
  0.000000000000e+00
  0.000000000000e+00
  0.000000000000e+00
  0.000000000000e+00
  0.000000000000e+00
  0.000000000000e+00
  0.000000000000e+00
  0.000000000000e+00
  0.000000000000e+00
  0.000000000000e+00
  0.000000000000e+00
  0.000000000000e+00
  0.000000000000e+00
  0.000000000000e+00
  0.000000000000e+00
  0.000000000000e+00
  0.000000000000e+00
  0.000000000000e+00
  0.000000000000e+00
  0.000000000000e+00
  0.000000000000e+00
  0.000000000000e+00
  0.000000000000e+00
  0.000000000000e+00
  0.000000000000e+00
  0.000000000000e+00
  0.000000000000e+00
  0.000000000000e+00
  0.000000000000e+00
  0.000000000000e+00
  0.000000000000e+00
  0.000000000000e+00
  0.000000000000e+00
  0.000000000000e+00
  0.000000000000e+00
  0.000000000000e+00
  0.000000000000e+00
  0.000000000000e+00
  0.000000000000e+00
  0.000000000000e+00
  0.000000000000e+00
  0.000000000000e+00
  0.000000000000e+00
  0.000000000000e+00
  0.000000000000e+00
  0.000000000000e+00
  0.000000000000e+00
  0.000000000000e+00
  0.000000000000e+00
  0.000000000000e+00
  0.000000000000e+00
  0.000000000000e+00
  0.000000000000e+00
  0.000000000000e+00
  0.000000000000e+00
  0.000000000000e+00
  0.000000000000e+00
  0.000000000000e+00
  0.000000000000e+00
  0.000000000000e+00
  0.000000000000e+00
  0.000000000000e+00
  0.000000000000e+00
  0.000000000000e+00
  0.000000000000e+00
  0.000000000000e+00
  0.000000000000e+00
  0.000000000000e+00
  0.000000000000e+00
  0.000000000000e+00
  0.000000000000e+00
  0.000000000000e+00
  0.000000000000e+00
  0.000000000000e+00
  0.000000000000e+00
  0.000000000000e+00
  0.000000000000e+00
  0.000000000000e+00
  0.000000000000e+00
  0.000000000000e+00
  0.000000000000e+00
  0.000000000000e+00
  0.000000000000e+00
  0.000000000000e+00
  0.000000000000e+00
  0.000000000000e+00
  0.000000000000e+00
  0.000000000000e+00
  0.000000000000e+00
  0.000000000000e+00
  0.000000000000e+00
  3.059551465554e-08
  9.198281591534e-07
  4.141829440482e-06
  9.701764415937e-06
  3.800066017980e-05
  1.154692926031e-04
  1.673609278475e-04
  3.647181853125e-04
  1.840690095315e-04
  1.054325433025e-04
  2.464622652297e-04
  2.412335645193e-04
  2.210807687373e-04
  2.200450492908e-04
  3.453457926215e-04
  5.152482865241e-04
  7.873335961429e-04
  1.156800757074e-03
  8.217770236384e-04
  9.194970877103e-04
  1.498957808954e-03
  1.661803253674e-03
  1.416032839208e-03
  1.282379954626e-03
  1.273023687113e-03
  9.911893375614e-04
  9.434359239643e-04
  1.352309441858e-03
  1.366838593550e-03
  1.469250502706e-03
  2.745683168768e-03
  3.334914925200e-03
  3.551448217711e-03
  3.571746696354e-03
  5.286176883808e-03
  4.958339028908e-03
  3.477572724513e-03
  2.219948572774e-03
  2.242323460666e-03
  2.207818617847e-03
  3.240123943594e-03
  3.585238071901e-03
  2.557280665425e-03
  2.275091820912e-03
  2.813038925455e-03
  2.803561826863e-02
  3.387012258931e-02
  2.583380464119e-02
  1.419583216229e-02
  1.404130835111e-02
  9.355533385695e-03
  1.140485133591e-02
  3.621918731098e-02
  2.511023786160e-02
  1.003439266609e-02
  2.553539186770e-02
  2.156043500326e-02
  2.300226684890e-02
  1.975649555205e-02
  1.877637839758e-02
  2.171247363621e-02
  2.913894313219e-02
  2.221861874349e-02
  1.266505378864e-02
  1.492450926812e-02
  1.756806760866e-02
  1.081926336492e-02
  6.139947006349e-03
  2.244413009938e-02
  1.993719371726e-02
  3.746534707851e-02
  3.008679581772e-02
  1.391322740749e-02
  1.947707582450e-02
  7.110269130804e-03
  1.106719845531e-02
  1.399689221764e-02
  1.424051966579e-02
  1.823532939071e-02
  9.792147776864e-03
  1.332319182444e-02
  8.413679406210e-03
  1.684382383225e-02
  1.016101392458e-02
  6.186131329837e-03
  9.390491559299e-03
  7.173835419186e-03
  4.389127525420e-03
  4.303851634211e-03
  4.994879718298e-03
  5.140056974149e-03
  2.686322258976e-03
  4.738589287346e-03
  1.837710452327e-03
  1.595071933722e-03
  1.564121181407e-03
  2.376100604159e-03
  2.658323155688e-03
  3.314045141219e-03
  2.396848128798e-03
  5.145984267026e-03
  4.869646731780e-03
  2.573572008431e-03
  2.904127848474e-03
  3.165514323036e-03
  3.602891406831e-03
  4.092822868627e-03
  2.797705090195e-03
  3.294500785622e-03
  3.222987639994e-03
  3.926210236511e-03
  1.541776572698e-03
  2.376369117668e-03
  2.324783387867e-03
  3.521388987376e-03
  9.777839434685e-04
  2.176587068959e-03
  2.282420240129e-03
  3.085860076348e-03
  2.278930707128e-03
  7.398975426608e-04
  2.953268677083e-03
  2.889136796416e-03
  2.826404328174e-03
  2.622503739287e-03
  2.333773163006e-03
  2.405320015648e-03
  2.978023337359e-03
  1.490155707618e-03
  1.540348023701e-03
  9.829636833114e-04
  9.696636950532e-04
  9.565345270910e-04
  9.435910333635e-04
  1.135028310660e-03
  1.619852302738e-03
  1.775032829397e-03
  8.695430059530e-04
  8.577778294841e-04
  6.934321369472e-04
  4.496787159755e-04
  4.359331095541e-04
  4.300409519552e-04
  4.242142088176e-04
  4.184780175759e-04
  7.162889208919e-04
  5.054823930840e-04
  3.962879469601e-04
  3.909291028939e-04
  3.856359589415e-04
  3.804167990303e-04
  3.752713375077e-04
  1.876807447450e-04
  1.825107170928e-04
  3.651855130786e-04
  3.602454358248e-04
  3.708068719474e-04
  3.655711441814e-04
  3.604176843840e-04
  3.862761065722e-04
  6.131020360450e-04
  9.972674550476e-04
  9.831913484884e-04
  9.693286244728e-04
  9.556081554862e-04
  1.469289351469e-03
  4.017127767928e-04
  9.157259011771e-04
  9.027872635450e-04
  8.900620084564e-04
  8.774787227442e-04
  8.651088195756e-04
  8.899434625989e-04
  6.279722570234e-05
  9.377168718828e-04
  9.229534850025e-04
  9.083797714943e-04
  1.965079549502e-03
  4.405521132081e-04
  2.200273102601e-04
  4.612396507862e-04
  4.573059278845e-04
  4.533959141543e-04
  4.495570279386e-04
  6.625936461316e-04
  6.542048842077e-04
  6.993242945460e-04
  7.190166182260e-04
  8.679287827217e-04
  8.809859662114e-04
  4.930819250798e-04
  4.493070818534e-04
  4.445403957696e-04
  4.398162719334e-04
  4.351344246922e-04
  1.080421232581e-04
  3.224527307878e-04
  4.259189839448e-04
  4.213853904387e-04
  4.911891904965e-04
  4.850245202517e-04
  6.971047733096e-04
  6.844149391520e-04
  2.434125516420e-05
  6.475748857654e-04
  6.596499953799e-04
  5.447442097965e-04
  5.363763005174e-04
  5.281352210232e-04
  3.228340771007e-04
  1.972298278094e-04
  7.383090281697e-04
  5.954392745766e-04
  2.797867340911e-04
  2.773504881749e-04
  2.749354376868e-04
  2.725203586333e-04
  3.187029682048e-04
  2.729440672369e-04
  5.803345327571e-04
  5.692549226934e-04
  5.069506478015e-04
  2.385612552377e-04
  2.365698847879e-04
  2.334345325301e-04
  5.628782981683e-05
  6.314109438501e-04
  1.320867938259e-03
  5.050016396425e-04
  9.185698591475e-05
  2.932813089472e-04
  2.898706160820e-04
  2.241980106158e-04
  2.221642778752e-04
  2.386036175285e-04
  2.362732916219e-04
  2.028861505649e-04
  2.011490109903e-04
  2.407644657067e-04
  3.417097198006e-04
  2.858032077314e-04
  2.822229800073e-04
  5.209113506826e-04
  2.558691789609e-04
  3.573440616680e-04
  2.224009125460e-03
  1.319606496073e-04
  7.800905870734e-06
  4.400128009695e-07
  6.687803116319e-08
  1.016486452255e-08
  1.544969598229e-09
  2.348216333244e-10
  3.569087270008e-11
  5.424687006370e-12
  9.722817017626e-13
  0.000000000000e+00
  0.000000000000e+00
  0.000000000000e+00
  0.000000000000e+00
  0.000000000000e+00
  0.000000000000e+00
  0.000000000000e+00
  0.000000000000e+00
  0.000000000000e+00
  0.000000000000e+00
  0.000000000000e+00
  0.000000000000e+00
  0.000000000000e+00
  0.000000000000e+00
  0.000000000000e+00
  0.000000000000e+00
  0.000000000000e+00
  0.000000000000e+00
  0.000000000000e+00
  0.000000000000e+00
  0.000000000000e+00
  0.000000000000e+00
  0.000000000000e+00
  0.000000000000e+00
  0.000000000000e+00
  0.000000000000e+00
  0.000000000000e+00
  0.000000000000e+00
  0.000000000000e+00
  0.000000000000e+00
  0.000000000000e+00
  0.000000000000e+00
  0.000000000000e+00
  0.000000000000e+00
  0.000000000000e+00
  0.000000000000e+00
  0.000000000000e+00
  0.000000000000e+00
  0.000000000000e+00
  0.000000000000e+00
  0.000000000000e+00
  0.000000000000e+00
  0.000000000000e+00
  0.000000000000e+00
  0.000000000000e+00
  0.000000000000e+00
  0.000000000000e+00
  0.000000000000e+00
  0.000000000000e+00
  0.000000000000e+00
  0.000000000000e+00
  0.000000000000e+00
  0.000000000000e+00
  0.000000000000e+00
  0.000000000000e+00
  0.000000000000e+00
  0.000000000000e+00
  0.000000000000e+00
  0.000000000000e+00
  0.000000000000e+00
  0.000000000000e+00
  0.000000000000e+00
  0.000000000000e+00
  0.000000000000e+00
  0.000000000000e+00
  0.000000000000e+00
  0.000000000000e+00
  0.000000000000e+00
  0.000000000000e+00
  0.000000000000e+00
  0.000000000000e+00
  0.000000000000e+00
  0.000000000000e+00
  0.000000000000e+00
  0.000000000000e+00
  0.000000000000e+00
  0.000000000000e+00
  0.000000000000e+00
  0.000000000000e+00
  0.000000000000e+00
  0.000000000000e+00
  0.000000000000e+00
  0.000000000000e+00
  0.000000000000e+00
  0.000000000000e+00
  0.000000000000e+00
  0.000000000000e+00
  0.000000000000e+00
  0.000000000000e+00
  0.000000000000e+00
  0.000000000000e+00
  0.000000000000e+00
  0.000000000000e+00
  0.000000000000e+00
  0.000000000000e+00
  0.000000000000e+00
  0.000000000000e+00
  0.000000000000e+00
  0.000000000000e+00
  0.000000000000e+00
  0.000000000000e+00
  0.000000000000e+00
  0.000000000000e+00
  0.000000000000e+00
  0.000000000000e+00
  0.000000000000e+00
  0.000000000000e+00
  0.000000000000e+00
  0.000000000000e+00
  0.000000000000e+00
  0.000000000000e+00
  0.000000000000e+00
  0.000000000000e+00
  0.000000000000e+00
  0.000000000000e+00
  0.000000000000e+00
  0.000000000000e+00
  0.000000000000e+00
  0.000000000000e+00
  0.000000000000e+00
  0.000000000000e+00
  0.000000000000e+00
  0.000000000000e+00
  0.000000000000e+00
  0.000000000000e+00
  0.000000000000e+00
  0.000000000000e+00
  0.000000000000e+00
  0.000000000000e+00
  0.000000000000e+00
  0.000000000000e+00
  0.000000000000e+00
  0.000000000000e+00
  0.000000000000e+00
  0.000000000000e+00
  0.000000000000e+00
  0.000000000000e+00
  0.000000000000e+00
  0.000000000000e+00
  0.000000000000e+00
  0.000000000000e+00
  0.000000000000e+00
  2.054862738659e-10
  3.982707057190e-09
  1.380856581518e-08
  2.895270109802e-08
  4.972322886767e-08
  8.190895053283e-08
  1.227499216255e-07
  1.738872320872e-07
  2.629854628311e-07
  3.294118021047e-07
  4.097660608997e-07
  5.115880486504e-07
  6.335060306149e-07
  6.258540451883e-05
  1.762263809989e-04
  5.370797246976e-05
  3.845151177418e-05
  1.368151972461e-04
  2.027828711894e-04
  2.253816573386e-04
  4.739004570442e-04
  2.460422393540e-04
  1.845751082821e-04
  3.602733711286e-04
  3.504553984480e-04
  3.194063344749e-04
  3.087196757797e-04
  4.780491425110e-04
  6.509970736027e-04
  9.744402495974e-04
  1.402446171123e-03
  1.057165478318e-03
  1.157616395418e-03
  1.567861210392e-03
  1.970012419605e-03
  1.756959938699e-03
  1.596915733201e-03
  1.584053402596e-03
  1.266741444258e-03
  1.160224058347e-03
  1.749065560156e-03
  1.852201617437e-03
  1.946420596452e-03
  3.393724989511e-03
  4.037497862799e-03
  4.399402406781e-03
  4.435350744767e-03
  6.630447862473e-03
  6.150714253828e-03
  4.244636062353e-03
  2.773039230422e-03
  2.840789766610e-03
  2.815585863212e-03
  4.128835794867e-03
  4.574002374243e-03
  3.229088596622e-03
  2.916696443769e-03
  3.589476246697e-03
  3.443427199907e-02
  4.176296699053e-02
  3.263018098792e-02
  1.865251553673e-02
  1.839335412969e-02
  1.319195757317e-02
  1.432262184635e-02
  4.356363240034e-02
  3.593805564842e-02
  1.546481362776e-02
  3.451872220346e-02
  2.834336464949e-02
  3.072359310681e-02
  2.111514658536e-02
  2.132017906389e-02
  2.669026019970e-02
  3.807282510406e-02
  2.989898058025e-02
  1.774213015842e-02
  1.868593036859e-02
  2.012608859199e-02
  1.072271328770e-02
  5.896472652264e-03
  1.928522797893e-02
  1.431165328114e-02
  2.115414531343e-02
  1.497345289727e-02
  1.005083609476e-02
  1.556658553200e-02
  5.243938208623e-03
  7.580114207420e-03
  9.026913338116e-03
  6.399881095403e-03
  8.594086671305e-03
  5.466040585941e-03
  9.526165680109e-03
  6.165628624787e-03
  1.035418167165e-02
  5.711634065985e-03
  3.871119338563e-03
  5.876323032724e-03
  4.945511330395e-03
  3.313574219184e-03
  3.249193943447e-03
  3.770884804360e-03
  5.531214450100e-03
  2.963336089086e-03
  5.432406050737e-03
  3.428075635885e-03
  2.975455744893e-03
  2.917720250310e-03
  4.432391667160e-03
  4.605765833818e-03
  5.741861262340e-03
  4.152738633845e-03
  5.717472530312e-03
  4.546798450932e-03
  2.402948107977e-03
  2.711588701619e-03
  2.757164141542e-03
  2.399219238533e-03
  2.725471518311e-03
  1.863033490638e-03
  2.193856928269e-03
  2.146235535491e-03
  2.602081800609e-03
  1.012054348496e-03
  1.559898209141e-03
  1.526036222862e-03
  2.311512775934e-03
  6.418376022210e-04
  1.428756892403e-03
  1.398689077823e-03
  1.373679420963e-03
  1.014472745568e-03
  3.293674740485e-04
  1.314656143775e-03
  1.286106883329e-03
  1.258181868168e-03
  1.167415054126e-03
  1.038885827589e-03
  1.070735065550e-03
  1.761413220446e-03
  1.019647119166e-03
  1.053991678042e-03
  6.725982847950e-04
  6.634974747610e-04
  6.545139874225e-04
  6.456572307315e-04
  7.766491270555e-04
  1.108392883756e-03
  1.214576010665e-03
  5.949893217334e-04
  5.869388818693e-04
  5.707361748961e-04
  5.863395399863e-04
  5.684162846156e-04
  5.607333082883e-04
  5.531362763696e-04
  5.456566778281e-04
  9.339744344259e-04
  6.591023009520e-04
  5.167227981682e-04
  5.097354015388e-04
  5.028336726134e-04
  4.960281815029e-04
  4.893190388891e-04
  2.447183744854e-04
  2.379771341529e-04
  4.761682162025e-04
  4.697265914707e-04
  4.834980069436e-04
  4.766711542480e-04
  4.699513308416e-04
  5.036682686373e-04
  4.183067104036e-04
  4.545333024057e-04
  4.481177432350e-04
  4.417993626743e-04
  4.355457863006e-04
  6.696707514974e-04
  1.830920830021e-04
  4.173683502033e-04
  4.114712245285e-04
  4.056712774637e-04
  3.999361345860e-04
  3.942982256591e-04
  4.056172647511e-04
  2.862164080136e-05
  4.273913055557e-04
  4.206625722653e-04
  4.140201707697e-04
  8.956414573127e-04
  2.007943068418e-04
  1.002837322585e-04
  2.102232883778e-04
  2.084303540909e-04
  2.066482666192e-04
  2.048985535706e-04
  3.019961445333e-04
  2.981726975012e-04
  3.187370970426e-04
  3.277123939288e-04
  3.955835179244e-04
  4.015346563119e-04
  2.313207314111e-04
  2.282749899637e-04
  2.258533277790e-04
  2.234531378612e-04
  2.210744755512e-04
  5.489191342168e-05
  1.638254274273e-04
  2.163925252289e-04
  2.140892372166e-04
  2.495536744252e-04
  2.464216565239e-04
  3.541712074412e-04
  3.477241039608e-04
  1.236682484221e-05
  3.290070388052e-04
  3.351420196429e-04
  2.767628551207e-04
  2.725114569545e-04
  2.683245862708e-04
  1.640191758975e-04
  1.002046501208e-04
  3.751055055187e-04
  3.025190053007e-04
  1.421485098919e-04
  1.409107554545e-04
  1.396837924915e-04
  1.384567741876e-04
  1.619203724889e-04
  1.386720502657e-04
  2.948448835165e-04
  2.892157737918e-04
  2.575614464599e-04
  1.212034756809e-04
  1.201917334550e-04
  1.185988011594e-04
  2.859761178515e-05
  3.207947821668e-04
  6.710802840700e-04
  2.565712318419e-04
  4.666888744529e-05
  1.490046379205e-04
  1.472717485036e-04
  1.139061147036e-04
  1.128728448700e-04
  1.212250032887e-04
  1.200410955413e-04
  1.030783920694e-04
  1.021958154904e-04
  1.223228559457e-04
  1.736091440944e-04
  1.452052641772e-04
  1.433862643292e-04
  2.646543781744e-04
  1.299969777299e-04
  1.815523333057e-04
  9.891481990212e-03
  5.869067841508e-04
  3.469522091700e-05
  1.956995134496e-06
  2.974457948572e-07
  4.520911640901e-08
  6.871385513097e-09
  1.044387819280e-09
  1.587381603966e-10
  2.412674823523e-11
  4.324309794174e-12
  0.000000000000e+00
  0.000000000000e+00
  0.000000000000e+00
  0.000000000000e+00
  0.000000000000e+00
  0.000000000000e+00
  0.000000000000e+00
  0.000000000000e+00
  0.000000000000e+00
  0.000000000000e+00
  0.000000000000e+00
  0.000000000000e+00
  0.000000000000e+00
  0.000000000000e+00
  0.000000000000e+00
  0.000000000000e+00
  0.000000000000e+00
  0.000000000000e+00
  0.000000000000e+00
  0.000000000000e+00
  0.000000000000e+00
  0.000000000000e+00
  0.000000000000e+00
  0.000000000000e+00
  0.000000000000e+00
  0.000000000000e+00
  0.000000000000e+00
  0.000000000000e+00
  0.000000000000e+00
  0.000000000000e+00
  0.000000000000e+00
  0.000000000000e+00
  0.000000000000e+00
  0.000000000000e+00
  0.000000000000e+00
  0.000000000000e+00
  0.000000000000e+00
  0.000000000000e+00
  0.000000000000e+00
  0.000000000000e+00
  0.000000000000e+00
  0.000000000000e+00
  0.000000000000e+00
  0.000000000000e+00
  0.000000000000e+00
  0.000000000000e+00
  0.000000000000e+00
  0.000000000000e+00
  0.000000000000e+00
  0.000000000000e+00
  0.000000000000e+00
  0.000000000000e+00
  0.000000000000e+00
  0.000000000000e+00
  0.000000000000e+00
  0.000000000000e+00
  0.000000000000e+00
  0.000000000000e+00
  0.000000000000e+00
  0.000000000000e+00
  0.000000000000e+00
  0.000000000000e+00
  0.000000000000e+00
  0.000000000000e+00
  0.000000000000e+00
  0.000000000000e+00
  0.000000000000e+00
  0.000000000000e+00
  0.000000000000e+00
  0.000000000000e+00
  0.000000000000e+00
  0.000000000000e+00
  0.000000000000e+00
  0.000000000000e+00
  0.000000000000e+00
  0.000000000000e+00
  0.000000000000e+00
  0.000000000000e+00
  0.000000000000e+00
  0.000000000000e+00
  0.000000000000e+00
  0.000000000000e+00
  0.000000000000e+00
  0.000000000000e+00
  0.000000000000e+00
  0.000000000000e+00
  0.000000000000e+00
  0.000000000000e+00
  0.000000000000e+00
  0.000000000000e+00
  0.000000000000e+00
  0.000000000000e+00
  0.000000000000e+00
  0.000000000000e+00
  0.000000000000e+00
  0.000000000000e+00
  0.000000000000e+00
  0.000000000000e+00
  0.000000000000e+00
  0.000000000000e+00
  0.000000000000e+00
  0.000000000000e+00
  0.000000000000e+00
  0.000000000000e+00
  0.000000000000e+00
  0.000000000000e+00
  0.000000000000e+00
  0.000000000000e+00
  0.000000000000e+00
  0.000000000000e+00
  0.000000000000e+00
  0.000000000000e+00
  0.000000000000e+00
  0.000000000000e+00
  0.000000000000e+00
  0.000000000000e+00
  0.000000000000e+00
  1.063584082024e-06
  1.748854296446e-06
  2.355978405891e-06
  3.130209158451e-06
  4.051623094236e-06
  5.143512169657e-06
  6.431474871444e-06
  7.944568032606e-06
  9.705414663596e-06
  1.179444479234e-05
  1.410812830722e-05
  1.169071179416e-05
  6.673240289462e-06
  7.556776464416e-06
  4.575835003642e-05
  2.526631506022e-05
  5.117287053306e-05
  3.171798583922e-05
  9.059476037104e-06
  2.029144973248e-05
  7.627595466308e-05
  2.293267330490e-05
  5.291357342733e-06
  6.568672558011e-05
  7.161391142236e-05
  4.390623343860e-05
  1.136706715851e-04
  1.318917973294e-04
  1.122044394219e-04
  1.151053693807e-04
  1.335246283397e-04
  2.132249023110e-04
  1.256209796273e-04
  2.134462805284e-04
  2.349838479001e-04
  1.732331794924e-04
  1.636775124981e-04
  1.685177481034e-04
  3.266251550995e-04
  4.678880506240e-04
  4.153170714367e-04
  5.881356667419e-04
  7.515723818807e-04
  5.115625702243e-04
  4.791284875872e-04
  6.994409709110e-04
  4.585769488822e-04
  5.685501578859e-04
  6.464812031130e-04
  7.277482830122e-04
  7.547263983274e-04
  6.451438908648e-04
  6.423701417934e-04
  4.961064404457e-04
  4.726949548664e-04
  7.890756720945e-04
  8.613386465964e-04
  7.330586937213e-04
  9.739598150062e-04
  9.296227258785e-04
  1.075619312582e-03
  9.933662040162e-04
  8.969075584086e-04
  1.166254534329e-03
  1.020132157960e-03
  1.173710325459e-03
  1.230189305506e-03
  1.636609917356e-03
  1.337733092910e-03
  1.487906244307e-03
  1.725320615192e-03
  1.726345482142e-03
  1.650029993584e-03
  1.689665911350e-03
  1.851883568119e-03
  1.635694609146e-03
  1.708980711571e-03
  1.763961809152e-03
  1.881211689440e-03
  1.874890903677e-03
  2.056681316433e-03
  2.365900717877e-03
  2.370330021253e-03
  2.016339933126e-02
  2.685824414065e-02
  4.575195041474e-02
  1.949732856156e-02
  3.103189886149e-02
  2.366272290114e-02
  3.033651967945e-02
  5.711307589551e-02
  2.858779986780e-02
  1.405797475034e-02
  2.402965773128e-02
  1.832269655145e-02
  2.182668651215e-02
  1.988539257741e-02
  1.884257886173e-02
  2.312360114850e-02
  2.897071636187e-02
  2.011191251986e-02
  1.809371878328e-02
  2.272145100884e-02
  2.225005278891e-02
  1.549382610090e-02
  1.032598667371e-02
  2.769635691389e-02
  1.441000611368e-02
  1.740280310549e-02
  1.765074786836e-02
  1.358819962287e-02
  2.034727831620e-02
  7.132152291001e-03
  1.063720305855e-02
  1.308497719729e-02
  9.706504454244e-03
  1.365643327035e-02
  8.435240475446e-03
  1.290055331703e-02
  6.863779750229e-03
  1.257554644308e-02
  7.296397653988e-03
  4.857639214159e-03
  7.373853944672e-03
  6.122924995638e-03
  4.054997967191e-03
  3.976212479722e-03
  4.614633289765e-03
  6.759733727068e-03
  3.621231145844e-03
  6.551960502477e-03
  3.598532777529e-03
  3.123407241710e-03
  3.062800389743e-03
  4.652787555989e-03
  3.857069957696e-03
  4.808485018494e-03
  3.477684849073e-03
  4.505357430841e-03
  3.463823639502e-03
  1.830604826027e-03
  2.065731795901e-03
  2.110951731389e-03
  1.878803715847e-03
  2.134288322845e-03
  1.458921870781e-03
  1.717986555996e-03
  1.680694847477e-03
  2.265215075774e-03
  1.060273553090e-03
  1.634218754364e-03
  1.598743750043e-03
  2.421644668912e-03
  6.724182205532e-04
  1.496829774757e-03
  1.477390344222e-03
  1.518124747775e-03
  1.121145896609e-03
  3.640010325556e-04
  1.452894401013e-03
  1.421343802380e-03
  1.390481858688e-03
  1.290170687202e-03
  1.148126330628e-03
  1.183324829555e-03
  1.856040423833e-03
  1.052791096870e-03
  1.088251609294e-03
  6.944609754517e-04
  6.850650091615e-04
  6.757890357779e-04
  6.666446488183e-04
  8.018946244383e-04
  1.144421042422e-03
  1.254055720714e-03
  6.143294805956e-04
  6.060175081954e-04
  5.904306035389e-04
  6.087066245887e-04
  5.901001882890e-04
  5.821238482216e-04
  5.742368941744e-04
  5.664719618993e-04
  9.696029711147e-04
  6.842453474715e-04
  5.364343173053e-04
  5.291803693158e-04
  5.220153436058e-04
  5.149502540170e-04
  5.079851585170e-04
  2.540536770959e-04
  2.470552502330e-04
  4.943326902296e-04
  4.876453174423e-04
  5.019420954669e-04
  4.948548042920e-04
  4.878786369828e-04
  5.228817851391e-04
  4.320044327781e-04
  4.668580245582e-04
  4.602685010588e-04
  4.537787977456e-04
  4.473556991905e-04
  6.878289037430e-04
  1.880566510189e-04
  4.286853826092e-04
  4.226282914029e-04
  4.166711363178e-04
  4.107804700558e-04
  4.049896819474e-04
  4.166156613364e-04
  2.939772300314e-05
  4.389800783790e-04
  4.320688927356e-04
  4.252463975013e-04
  9.199270671599e-04
  2.062388805118e-04
  1.030029543884e-04
  2.159235253887e-04
  2.140819530951e-04
  2.122515685459e-04
  2.104543994245e-04
  3.101847936493e-04
  3.062577214531e-04
  3.273797191886e-04
  3.365983626280e-04
  4.063097778221e-04
  4.124222860422e-04
  2.365227134508e-04
  2.306461912802e-04
  2.281993214358e-04
  2.257741894368e-04
  2.233708532508e-04
  5.546209523349e-05
  1.655271422864e-04
  2.186402923214e-04
  2.163130096105e-04
  2.521459058172e-04
  2.489812813019e-04
  3.578501497924e-04
  3.513360421247e-04
  1.249528452115e-05
  3.324245803785e-04
  3.386232864015e-04
  2.796376719270e-04
  2.753420997757e-04
  2.711117411606e-04
  1.657228988301e-04
  1.012454930646e-04
  3.790018269328e-04
  3.056614088784e-04
  1.436250747232e-04
  1.423744819862e-04
  1.411347291881e-04
  1.398949763900e-04
  1.636022705693e-04
  1.401124707790e-04
  2.979075484126e-04
  2.922200005779e-04
  2.602368478055e-04
  1.224624996763e-04
  1.214402412672e-04
  1.198307711948e-04
  2.889466288681e-05
  3.241269839400e-04
  6.780515107258e-04
  2.592363272418e-04
  4.715365305938e-05
  1.505523753561e-04
  1.488015223372e-04
  1.150892543913e-04
  1.140453161044e-04
  1.224842375217e-04
  1.212879604144e-04
  1.041490895324e-04
  1.032573741308e-04
  1.235934473123e-04
  1.754124709520e-04
  1.467135298283e-04
  1.448756674603e-04
  2.674034386403e-04
  1.313473077782e-04
  1.834381414365e-04
  6.925480450576e-03
  4.109204617801e-04
  2.429170600823e-05
  1.370182189152e-06
  2.082554569527e-07
  3.165298098637e-08
  4.810973567034e-09
  7.312263382741e-10
  1.111395168682e-10
  1.689221879628e-11
  3.027647105535e-12
  0.000000000000e+00
  0.000000000000e+00
  0.000000000000e+00
  0.000000000000e+00
  0.000000000000e+00
  0.000000000000e+00
  0.000000000000e+00
  0.000000000000e+00
  0.000000000000e+00
  0.000000000000e+00
  0.000000000000e+00
  0.000000000000e+00
  0.000000000000e+00
  0.000000000000e+00
  0.000000000000e+00
  0.000000000000e+00
  0.000000000000e+00
  0.000000000000e+00
  0.000000000000e+00
  0.000000000000e+00
  0.000000000000e+00
  0.000000000000e+00
  0.000000000000e+00
  0.000000000000e+00
  0.000000000000e+00
  0.000000000000e+00
  0.000000000000e+00
  0.000000000000e+00
  0.000000000000e+00
  0.000000000000e+00
  0.000000000000e+00
  0.000000000000e+00
  0.000000000000e+00
  0.000000000000e+00
  0.000000000000e+00
  0.000000000000e+00
  0.000000000000e+00
  0.000000000000e+00
  0.000000000000e+00
  0.000000000000e+00
  0.000000000000e+00
  0.000000000000e+00
  0.000000000000e+00
  0.000000000000e+00
  0.000000000000e+00
  0.000000000000e+00
  0.000000000000e+00
  0.000000000000e+00
  0.000000000000e+00
  0.000000000000e+00
  0.000000000000e+00
  0.000000000000e+00
  0.000000000000e+00
  0.000000000000e+00
  0.000000000000e+00
  0.000000000000e+00
  0.000000000000e+00
  0.000000000000e+00
  0.000000000000e+00
  0.000000000000e+00
  0.000000000000e+00
  0.000000000000e+00
  0.000000000000e+00
  0.000000000000e+00
  0.000000000000e+00
  0.000000000000e+00
  0.000000000000e+00
  0.000000000000e+00
  0.000000000000e+00
  0.000000000000e+00
  0.000000000000e+00
  0.000000000000e+00
  0.000000000000e+00
  0.000000000000e+00
  0.000000000000e+00
  0.000000000000e+00
  0.000000000000e+00
  0.000000000000e+00
  0.000000000000e+00
  0.000000000000e+00
  0.000000000000e+00
  0.000000000000e+00
  0.000000000000e+00
  0.000000000000e+00
  0.000000000000e+00
  0.000000000000e+00
  0.000000000000e+00
  0.000000000000e+00
  0.000000000000e+00
  0.000000000000e+00
  0.000000000000e+00
  0.000000000000e+00
  0.000000000000e+00
  0.000000000000e+00
  0.000000000000e+00
  0.000000000000e+00
  0.000000000000e+00
  0.000000000000e+00
  0.000000000000e+00
  0.000000000000e+00
  0.000000000000e+00
  0.000000000000e+00
  0.000000000000e+00
  0.000000000000e+00
  0.000000000000e+00
  0.000000000000e+00
  0.000000000000e+00
  0.000000000000e+00
  0.000000000000e+00
  0.000000000000e+00
  0.000000000000e+00
  0.000000000000e+00
  0.000000000000e+00
  0.000000000000e+00
  0.000000000000e+00
  0.000000000000e+00
  0.000000000000e+00
  5.968815675441e-05
  8.006831449659e-05
  8.774087762452e-05
  9.584148539156e-05
  9.872103961511e-05
  1.388526548404e-04
  1.135367463207e-04
  7.849016489698e-05
  8.819454392570e-05
  9.738224959927e-05
  1.006276946016e-04
  1.466019278285e-04
  1.450179868542e-04
  1.789578986274e-04
  2.419110462737e-04
  2.211261903715e-04
  3.217341322487e-04
  3.410186342941e-04
  4.104036981698e-04
  4.030140074987e-04
  3.948722137502e-04
  3.728300866017e-04
  4.488558405929e-04
  4.715251943025e-04
  4.287897615096e-04
  4.953869506912e-04
  5.246703645346e-04
  5.110342626043e-04
  6.547867823827e-04
  6.972716865121e-04
  6.329261527799e-04
  7.047335108231e-04
  1.048919561687e-03
  1.313633214997e-03
  1.234909042367e-03
  9.447950402265e-04
  8.133755630760e-04
  9.764826501916e-04
  8.382937282562e-04
  9.000502072554e-04
  1.154172367036e-03
  1.330636587633e-03
  1.150001026008e-03
  1.234120743198e-03
  1.440297042781e-03
  1.653666281422e-03
  1.550410207619e-03
  1.661289178341e-03
  1.077073140382e-03
  2.176295186383e-03
  1.994666042040e-03
  2.253591164650e-03
  2.097559637838e-03
  2.457564414964e-03
  3.239896658508e-03
  2.877659099609e-03
  3.354666709091e-03
  3.354788224542e-03
  3.498008403229e-03
  2.741305836611e-03
  2.793505771762e-03
  2.428906934964e-03
  2.578714285259e-03
  2.684819250025e-03
  2.864685386157e-03
  3.357955382569e-03
  2.882118975197e-03
  3.072019185045e-03
  3.517303505558e-03
  3.850354087344e-03
  4.023573069773e-03
  4.180808892266e-03
  4.121824775350e-03
  4.131101316574e-03
  4.005058768851e-03
  3.534605237407e-03
  4.292703938991e-03
  3.914783130631e-03
  3.752164432210e-03
  3.951703144199e-03
  5.242373041513e-03
  5.341245251520e-03
  5.660326727332e-03
  3.746833264985e-02
  3.391061879330e-02
  3.632189900722e-02
  1.444946430764e-02
  2.464326620531e-02
  1.839525973258e-02
  2.482284535814e-02
  4.619885583046e-02
  3.060079645643e-02
  1.562141619494e-02
  2.818631030296e-02
  2.386103246684e-02
  2.267633438439e-02
  1.837617146506e-02
  1.788382188355e-02
  2.042509001920e-02
  2.245633970970e-02
  1.590725931680e-02
  1.550636691736e-02
  2.172275093309e-02
  2.078174562366e-02
  1.431776482787e-02
  9.329617622081e-03
  2.351907764649e-02
  1.214470402082e-02
  1.536270462927e-02
  1.504895432068e-02
  1.130281136687e-02
  1.755417373439e-02
  6.264850582559e-03
  1.006435950276e-02
  1.116877206831e-02
  8.903408641912e-03
  1.262593881673e-02
  8.061696968422e-03
  1.295682797475e-02
  6.640343667338e-03
  1.101252388204e-02
  5.984977230400e-03
  3.737210275453e-03
  5.673052239011e-03
  4.551655950127e-03
  2.922141510915e-03
  2.865367941030e-03
  3.325430608711e-03
  4.621111079295e-03
  2.467831436385e-03
  4.459410210343e-03
  2.413559016439e-03
  2.094889400442e-03
  2.054240155251e-03
  3.120653805160e-03
  2.869683032252e-03
  3.577541558509e-03
  2.587418152604e-03
  3.608548681950e-03
  2.889138431559e-03
  1.526887143232e-03
  1.723004290378e-03
  1.786842303196e-03
  1.694059827080e-03
  1.924422872246e-03
  1.315465254326e-03
  1.549055698158e-03
  1.515431338741e-03
  1.986620943565e-03
  8.902963947071e-04
  1.372230550818e-03
  1.342442460039e-03
  2.033420680372e-03
  5.646197324380e-04
  1.256866884330e-03
  1.202373668225e-03
  1.024748328714e-03
  7.567840078238e-04
  2.457041122895e-04
  9.807175929245e-04
  9.594200710917e-04
  9.385884446682e-04
  8.708774500353e-04
  7.749960713798e-04
  7.987554445375e-04
  1.373039016382e-03
  8.089260292278e-04
  8.361726372806e-04
  5.335983891043e-04
  5.263788200644e-04
  5.192515510585e-04
  5.122253725659e-04
  6.161461617390e-04
  8.793313058033e-04
  9.635704700960e-04
  4.720283199776e-04
  4.656417781346e-04
  4.516938727284e-04
  4.620009683932e-04
  4.478785461161e-04
  4.418250083171e-04
  4.358386918313e-04
  4.299451924665e-04
  7.359169609390e-04
  5.193337678954e-04
  4.071470840877e-04
  4.016413999915e-04
  3.962031957519e-04
  3.908410033050e-04
  3.855545641073e-04
  1.928236647598e-04
  1.875119400065e-04
  3.751923986743e-04
  3.701169309827e-04
  3.809680021975e-04
  3.755887458788e-04
  3.702940332887e-04
  3.968609304474e-04
  3.430644891076e-04
  3.880244302811e-04
  3.825477030582e-04
  3.771539683028e-04
  3.718153033155e-04
  5.716823655658e-04
  1.563014720935e-04
  3.562977802456e-04
  3.512634209724e-04
  3.463120541667e-04
  3.414162742162e-04
  3.366032281896e-04
  3.462660334215e-04
  2.443363136916e-05
  3.648540192445e-04
  3.591099580299e-04
  3.534393231727e-04
  7.645881437451e-04
  1.714134438099e-04
  8.560991028673e-05
  1.794627048354e-04
  1.779321530964e-04
  1.764108055064e-04
  1.749171479267e-04
  2.578070770457e-04
  2.545431203279e-04
  2.720984316538e-04
  2.797603686434e-04
  3.377004868562e-04
  3.427808668746e-04
  1.973590867627e-04
  1.944661658396e-04
  1.924031437369e-04
  1.903584523692e-04
  1.883320917365e-04
  4.676209287219e-05
  1.395619689666e-04
  1.843435668252e-04
  1.823813766923e-04
  2.125933754148e-04
  2.099251805127e-04
  3.017164008022e-04
  2.962241609686e-04
  1.053522670382e-05
  2.802792654727e-04
  2.855054640321e-04
  2.357727062026e-04
  2.321509252637e-04
  2.285841623842e-04
  1.397269972906e-04
  8.536377686294e-05
  3.195502151996e-04
  2.577142082161e-04
  1.210955244488e-04
  1.200410805879e-04
  1.189958150216e-04
  1.179505236011e-04
  1.379390396307e-04
  1.181339085144e-04
  2.511766769619e-04
  2.463812894572e-04
  2.194151235522e-04
  1.032525576111e-04
  1.023906769582e-04
  1.010336596247e-04
  2.436213891711e-05
  2.732833365710e-04
  5.716896047842e-04
  2.185715736343e-04
  3.975695982149e-05
  1.269362033741e-04
  1.254599716270e-04
  9.703595641878e-05
  9.615571917651e-05
  1.032708883461e-04
  1.022623101043e-04
  8.781189952737e-05
  8.706002913900e-05
  1.042061436478e-04
  1.478966103211e-04
  1.236995229968e-04
  1.221499424553e-04
  2.254575181258e-04
  1.107436749020e-04
  1.546633662534e-04
  4.412311338691e-03
  2.618027119035e-04
  1.547657753386e-05
  8.729615692886e-07
  1.326823846455e-07
  2.016654133594e-08
  3.065136756746e-09
  4.658721404042e-10
  7.080860445482e-11
  1.076228737270e-11
  1.928954364388e-12
  0.000000000000e+00
  0.000000000000e+00
  0.000000000000e+00
  0.000000000000e+00
  0.000000000000e+00
  0.000000000000e+00
  0.000000000000e+00
  0.000000000000e+00
  0.000000000000e+00
  0.000000000000e+00
  0.000000000000e+00
  0.000000000000e+00
  0.000000000000e+00
  0.000000000000e+00
  0.000000000000e+00
  0.000000000000e+00
  0.000000000000e+00
  0.000000000000e+00
  0.000000000000e+00
  0.000000000000e+00
  0.000000000000e+00
  0.000000000000e+00
  0.000000000000e+00
  0.000000000000e+00
  0.000000000000e+00
  0.000000000000e+00
  0.000000000000e+00
  0.000000000000e+00
  0.000000000000e+00
  0.000000000000e+00
  0.000000000000e+00
  0.000000000000e+00
  0.000000000000e+00
  0.000000000000e+00
  0.000000000000e+00
  0.000000000000e+00
  0.000000000000e+00
  0.000000000000e+00
  0.000000000000e+00
  0.000000000000e+00
  0.000000000000e+00
  0.000000000000e+00
  0.000000000000e+00
  0.000000000000e+00
  0.000000000000e+00
  0.000000000000e+00
  0.000000000000e+00
  0.000000000000e+00
  0.000000000000e+00
  0.000000000000e+00
  0.000000000000e+00
  0.000000000000e+00
  0.000000000000e+00
  0.000000000000e+00
  0.000000000000e+00
  0.000000000000e+00
  0.000000000000e+00
  0.000000000000e+00
  0.000000000000e+00
  0.000000000000e+00
  0.000000000000e+00
  0.000000000000e+00
  0.000000000000e+00
  0.000000000000e+00
  0.000000000000e+00
  0.000000000000e+00
  0.000000000000e+00
  0.000000000000e+00
  0.000000000000e+00
  0.000000000000e+00
  0.000000000000e+00
  0.000000000000e+00
  0.000000000000e+00
  0.000000000000e+00
  0.000000000000e+00
  0.000000000000e+00
  0.000000000000e+00
  0.000000000000e+00
  0.000000000000e+00
  0.000000000000e+00
  0.000000000000e+00
  0.000000000000e+00
  0.000000000000e+00
  0.000000000000e+00
  0.000000000000e+00
  0.000000000000e+00
  0.000000000000e+00
  0.000000000000e+00
  0.000000000000e+00
  0.000000000000e+00
  0.000000000000e+00
  0.000000000000e+00
  0.000000000000e+00
  0.000000000000e+00
  0.000000000000e+00
  0.000000000000e+00
  0.000000000000e+00
  0.000000000000e+00
  0.000000000000e+00
  0.000000000000e+00
  0.000000000000e+00
  0.000000000000e+00
  0.000000000000e+00
  0.000000000000e+00
  0.000000000000e+00
  0.000000000000e+00
  0.000000000000e+00
  0.000000000000e+00
  0.000000000000e+00
  0.000000000000e+00
  0.000000000000e+00
  0.000000000000e+00
  0.000000000000e+00
  0.000000000000e+00
  0.000000000000e+00
  0.000000000000e+00
  0.000000000000e+00
  1.700627084984e-04
  2.307254053836e-04
  2.198052875317e-04
  2.070720237477e-04
  3.148417679487e-04
  2.846693976953e-04
  2.484723783820e-04
  3.938550630709e-04
  3.234883904909e-04
  2.946215836846e-04
  3.004015538972e-04
  3.566404824485e-04
  3.377558789334e-04
  3.393204362016e-04
  5.313725840515e-04
  4.193224104392e-04
  4.839693996566e-04
  5.169536848068e-04
  5.202673174636e-04
  6.676390267715e-04
  5.668043513515e-04
  5.920069662968e-04
  6.102047663775e-04
  6.895674225342e-04
  6.360855453237e-04
  7.849694708062e-04
  7.665145056897e-04
  6.557172391232e-04
  1.024951493188e-03
  8.989418868469e-04
  8.048281862165e-04
  8.956570102608e-04
  1.056778031184e-03
  1.056313898113e-03
  1.076267205862e-03
  1.012863223025e-03
  9.874342801461e-04
  1.103914023756e-03
  9.945873527351e-04
  1.018884971253e-03
  1.181098218371e-03
  1.169798848306e-03
  1.254776190331e-03
  1.448925071941e-03
  1.518541879528e-03
  1.687606764986e-03
  1.460674070919e-03
  1.613193495253e-03
  1.423834139016e-03
  1.775219449543e-03
  1.714588283437e-03
  1.825972022498e-03
  1.619080291746e-03
  1.932664612217e-03
  2.159140740599e-03
  2.042009571090e-03
  2.257564068143e-03
  2.267118524882e-03
  2.450294695301e-03
  2.178015065080e-03
  2.281383049431e-03
  2.303406037532e-03
  2.247470435077e-03
  2.331306993507e-03
  2.413885473843e-03
  2.503579189833e-03
  2.702796328907e-03
  2.475458779634e-03
  2.969402310702e-03
  2.918816850877e-03
  2.862103068790e-03
  2.979982779000e-03
  3.004517508978e-03
  2.749982140109e-03
  2.838658042544e-03
  2.628625846175e-03
  2.983116938461e-03
  3.186198489844e-03
  2.967050114568e-03
  3.162546621685e-03
  3.906135728371e-03
  3.729999750351e-03
  4.010102166913e-03
  2.705685178905e-02
  2.681372425612e-02
  3.072825158609e-02
  1.347981804518e-02
  2.219075707099e-02
  1.671944165683e-02
  2.128088598542e-02
  4.239934431443e-02
  2.989227603487e-02
  1.502927207010e-02
  2.578334883828e-02
  2.065812156373e-02
  2.223220743344e-02
  1.979314400172e-02
  1.950553284537e-02
  2.001126132051e-02
  2.250914857407e-02
  1.662817896926e-02
  1.678126090270e-02
  2.227090831193e-02
  2.113140486698e-02
  1.494331285961e-02
  9.171376689577e-03
  2.453730919628e-02
  1.391851208355e-02
  1.909527956992e-02
  1.727648332217e-02
  1.299713226354e-02
  2.164154134506e-02
  7.619072282204e-03
  1.226122279346e-02
  1.374146675785e-02
  1.084159359917e-02
  1.467606428053e-02
  8.876084635401e-03
  1.357488334472e-02
  7.049430917455e-03
  1.215269385116e-02
  6.774053703477e-03
  4.272226994357e-03
  6.485200234432e-03
  5.299820766849e-03
  3.460443748845e-03
  3.393210668172e-03
  3.938024697311e-03
  5.852832798602e-03
  3.138001171242e-03
  5.685439675063e-03
  3.171563163330e-03
  2.752812342858e-03
  2.699396680284e-03
  4.100729824586e-03
  3.584338270512e-03
  4.468478978946e-03
  3.231779384381e-03
  4.610334063110e-03
  3.734072896420e-03
  1.973428864910e-03
  2.226901015902e-03
  2.331665183160e-03
  2.297680678629e-03
  2.610125476736e-03
  1.784186803172e-03
  2.101009334675e-03
  2.055403846131e-03
  2.598478637483e-03
  1.094558210926e-03
  1.687062543735e-03
  1.650440174209e-03
  2.499949997137e-03
  6.941608264607e-04
  1.545230792348e-03
  1.488854389599e-03
  1.329407022440e-03
  9.817770277265e-04
  3.187522151958e-04
  1.272285862684e-03
  1.244656702026e-03
  1.217631671100e-03
  1.129790073085e-03
  1.005403040646e-03
  1.036226269245e-03
  1.614027799673e-03
  9.126880453847e-04
  9.434299245736e-04
  6.020439700825e-04
  5.938981193769e-04
  5.858566986123e-04
  5.779291670225e-04
  6.951805318628e-04
  9.921247988728e-04
  1.087169288108e-03
  5.325763030815e-04
  5.253703218449e-04
  4.854991469445e-04
  4.513950776987e-04
  4.375968303135e-04
  4.316821606118e-04
  4.258333902388e-04
  4.200751762639e-04
  7.190228459282e-04
  5.074116511944e-04
  3.978003202984e-04
  3.924211062905e-04
  3.871077285498e-04
  3.818685742635e-04
  3.767035173086e-04
  1.883970368533e-04
  1.832072597674e-04
  3.665792993874e-04
  3.616202014828e-04
  3.722221737717e-04
  3.669664973571e-04
  3.617931793379e-04
  3.877503258317e-04
  3.474683048771e-04
  4.063681158924e-04
  4.006324148939e-04
  3.949835496616e-04
  3.893926380016e-04
  5.987083920033e-04
  1.636905271893e-04
  3.731414221110e-04
  3.678691605065e-04
  3.626838607912e-04
  3.575564515868e-04
  3.525159412100e-04
  3.626355556374e-04
  2.558871564390e-05
  3.821022803996e-04
  3.760865230195e-04
  3.701480160487e-04
  8.007335992184e-04
  1.795168973597e-04
  8.965707722446e-05
  1.879467142636e-04
  1.863438155678e-04
  1.847505022288e-04
  1.831862602684e-04
  2.699947207690e-04
  2.665764689866e-04
  2.849617510808e-04
  2.929859560399e-04
  3.536650489303e-04
  3.589855526271e-04
  2.408684156492e-04
  3.255952141013e-04
  3.221410802920e-04
  3.187176574617e-04
  3.153249456105e-04
  7.829388886202e-05
  2.336689928147e-04
  3.086469157422e-04
  3.053616607868e-04
  3.559456701961e-04
  3.514782632637e-04
  5.051646417393e-04
  4.959689422066e-04
  1.763915665168e-05
  4.692722728155e-04
  4.780227577447e-04
  3.947548884502e-04
  3.886909520393e-04
  3.827190855040e-04
  2.339453285644e-04
  1.429247973820e-04
  5.350237852313e-04
  4.314915885817e-04
  2.027505412618e-04
  2.009850698680e-04
  1.992349854944e-04
  1.974849011209e-04
  2.309517333173e-04
  1.977919478496e-04
  4.205458046755e-04
  4.125168700995e-04
  3.673673796849e-04
  1.728760738110e-04
  1.714329731047e-04
  1.691609282108e-04
  4.078959713335e-05
  4.575589036183e-04
  9.571817586517e-04
  3.659549899576e-04
  6.656519570608e-05
  2.125296232729e-04
  2.100579885461e-04
  1.624675743838e-04
  1.609937626984e-04
  1.729067217285e-04
  1.712180593130e-04
  1.470236725661e-04
  1.457648377339e-04
  1.744726032894e-04
  2.476236959267e-04
  2.071104282369e-04
  2.045160126556e-04
  3.774841563422e-04
  1.854184502573e-04
  2.589532724784e-04
  2.948904151088e-03
  1.749719877718e-04
  1.034353340956e-05
  5.834305312693e-07
  8.867621774241e-08
  1.347800187229e-08
  2.048535811786e-09
  3.113595086843e-10
  4.732385295420e-11
  7.192801370872e-12
  1.289186360382e-12
  0.000000000000e+00
  0.000000000000e+00
  0.000000000000e+00
  0.000000000000e+00
  0.000000000000e+00
  0.000000000000e+00
  0.000000000000e+00
  0.000000000000e+00
  0.000000000000e+00
  0.000000000000e+00
  0.000000000000e+00
  0.000000000000e+00
  0.000000000000e+00
  0.000000000000e+00
  0.000000000000e+00
  0.000000000000e+00
  0.000000000000e+00
  0.000000000000e+00
  0.000000000000e+00
  0.000000000000e+00
  0.000000000000e+00
  0.000000000000e+00
  0.000000000000e+00
  0.000000000000e+00
  0.000000000000e+00
  0.000000000000e+00
  0.000000000000e+00
  0.000000000000e+00
  0.000000000000e+00
  0.000000000000e+00
  0.000000000000e+00
  0.000000000000e+00
  0.000000000000e+00
  0.000000000000e+00
  0.000000000000e+00
  0.000000000000e+00
  0.000000000000e+00
  0.000000000000e+00
  0.000000000000e+00
  0.000000000000e+00
  0.000000000000e+00
  0.000000000000e+00
  0.000000000000e+00
  0.000000000000e+00
  0.000000000000e+00
  0.000000000000e+00
  0.000000000000e+00
  0.000000000000e+00
  0.000000000000e+00
  0.000000000000e+00
  0.000000000000e+00
  0.000000000000e+00
  0.000000000000e+00
  0.000000000000e+00
  0.000000000000e+00
  0.000000000000e+00
  0.000000000000e+00
  0.000000000000e+00
  0.000000000000e+00
  0.000000000000e+00
  0.000000000000e+00
  0.000000000000e+00
  0.000000000000e+00
  0.000000000000e+00
  0.000000000000e+00
  0.000000000000e+00
  0.000000000000e+00
  0.000000000000e+00
  0.000000000000e+00
  0.000000000000e+00
  0.000000000000e+00
  0.000000000000e+00
  0.000000000000e+00
  0.000000000000e+00
  0.000000000000e+00
  0.000000000000e+00
  0.000000000000e+00
  0.000000000000e+00
  0.000000000000e+00
  0.000000000000e+00
  0.000000000000e+00
  0.000000000000e+00
  0.000000000000e+00
  0.000000000000e+00
  0.000000000000e+00
  0.000000000000e+00
  0.000000000000e+00
  0.000000000000e+00
  0.000000000000e+00
  0.000000000000e+00
  0.000000000000e+00
  0.000000000000e+00
  0.000000000000e+00
  0.000000000000e+00
  0.000000000000e+00
  0.000000000000e+00
  0.000000000000e+00
  0.000000000000e+00
  0.000000000000e+00
  0.000000000000e+00
  0.000000000000e+00
  0.000000000000e+00
  0.000000000000e+00
  0.000000000000e+00
  0.000000000000e+00
  0.000000000000e+00
  0.000000000000e+00
  0.000000000000e+00
  0.000000000000e+00
  0.000000000000e+00
  0.000000000000e+00
  0.000000000000e+00
  0.000000000000e+00
  0.000000000000e+00
  0.000000000000e+00
  0.000000000000e+00
  0.000000000000e+00
  3.225135833449e-04
  4.424730618649e-04
  4.818443392914e-04
  5.026208061171e-04
  4.973911238377e-04
  4.978350725133e-04
  5.771316223227e-04
  7.495331967703e-04
  6.869812950581e-04
  6.020553736734e-04
  6.109850798758e-04
  7.119607469886e-04
  8.002384884012e-04
  7.033971591922e-04
  7.967073727231e-04
  7.387905119649e-04
  8.591490776124e-04
  7.381136746486e-04
  8.543615375033e-04
  9.146858676479e-04
  8.166933429412e-04
  8.475653140513e-04
  9.542680545673e-04
  9.575881102105e-04
  9.156383475633e-04
  1.040083529266e-03
  1.083889777186e-03
  1.024259897784e-03
  1.224050651680e-03
  1.008566786309e-03
  1.077082263076e-03
  1.252374547075e-03
  1.205233038760e-03
  1.272978041019e-03
  1.386292891989e-03
  1.375398912366e-03
  1.494789191177e-03
  1.330799307539e-03
  1.402830544689e-03
  1.368727036695e-03
  1.313238420134e-03
  1.384820289092e-03
  1.411730594096e-03
  1.760362630958e-03
  1.686229675443e-03
  1.794311381665e-03
  1.771565974613e-03
  1.714519548321e-03
  1.793328341702e-03
  1.803471868919e-03
  1.895334168458e-03
  2.203803979660e-03
  1.923947706868e-03
  2.160682698330e-03
  1.844234155420e-03
  2.042404775153e-03
  2.181817304830e-03
  2.212532411064e-03
  2.170175883642e-03
  2.153664425269e-03
  2.265092682546e-03
  2.263527044626e-03
  2.430588137803e-03
  2.624387014728e-03
  2.540504952318e-03
  2.445672456994e-03
  2.613194209021e-03
  2.540992708747e-03
  2.699400641574e-03
  2.600062420966e-03
  2.709536641685e-03
  2.875175111944e-03
  2.897322866829e-03
  2.705660182412e-03
  2.787321748733e-03
  2.641724949272e-03
  2.797922923957e-03
  3.045953089760e-03
  3.120229060278e-03
  3.236831449796e-03
  3.706099802495e-03
  3.576848865087e-03
  3.655820243944e-03
  2.605633984372e-02
  2.648987100547e-02
  3.472634585612e-02
  1.433515693043e-02
  2.300727504860e-02
  1.703111467400e-02
  2.150316368794e-02
  4.238630465111e-02
  3.004457663194e-02
  1.399477219240e-02
  2.283260104103e-02
  1.676701865446e-02
  2.040450738595e-02
  1.938964282111e-02
  1.879512192939e-02
  1.737334204743e-02
  1.916510926748e-02
  1.585607330657e-02
  1.628444087402e-02
  2.171006876076e-02
  2.183643380597e-02
  1.461338283220e-02
  8.649976384965e-03
  2.267021126946e-02
  1.311383289740e-02
  1.929160980058e-02
  1.654420128086e-02
  1.213557114063e-02
  2.034483249446e-02
  7.239589529722e-03
  1.152231528360e-02
  1.300956291735e-02
  9.940727427219e-03
  1.316721362337e-02
  7.953479774905e-03
  1.257150194358e-02
  7.090491120836e-03
  1.158060067144e-02
  6.227850219036e-03
  3.869577993508e-03
  5.873982929836e-03
  4.788065501002e-03
  3.119074402312e-03
  3.058473676857e-03
  3.549542032172e-03
  5.152558052163e-03
  2.758806062693e-03
  5.048140540842e-03
  3.127834447559e-03
  2.714856799771e-03
  2.662177600024e-03
  4.044188773386e-03
  3.940570640657e-03
  4.912583394543e-03
  3.552972886806e-03
  5.103818539374e-03
  4.148101968647e-03
  2.192240840367e-03
  2.473817809450e-03
  2.579916876114e-03
  2.502467477966e-03
  2.842760385314e-03
  1.943208064127e-03
  2.288268640026e-03
  2.238597271591e-03
  2.667937341064e-03
  1.001336098334e-03
  1.543377258605e-03
  1.509874112536e-03
  2.287032689322e-03
  6.350403538071e-04
  1.413625768690e-03
  1.364079199662e-03
  1.229468812678e-03
  9.079718401866e-04
  2.947900498752e-04
  1.176641780581e-03
  1.151089817015e-03
  1.126096364669e-03
  1.044858273296e-03
  9.298221238665e-04
  9.583278741277e-04
  1.785269822677e-03
  1.083314104166e-03
  1.119802951856e-03
  7.145953844155e-04
  7.049266670064e-04
  6.953819962940e-04
  6.859723618523e-04
  8.251434219884e-04
  1.177601185434e-03
  1.290414129017e-03
  6.321407622707e-04
  6.235877124218e-04
  5.435721735060e-04
  4.411448288487e-04
  4.276600195515e-04
  4.218796542422e-04
  4.161635704129e-04
  4.105361558850e-04
  7.026951813440e-04
  4.958894663134e-04
  3.887671649433e-04
  3.835100840003e-04
  3.783174350794e-04
  3.731971969124e-04
  3.681493694991e-04
  1.841190194003e-04
  1.790471052498e-04
  3.582551400127e-04
  3.534085873974e-04
  3.637697985019e-04
  3.586334523293e-04
  3.535776461844e-04
  3.789453462106e-04
  3.849781706346e-04
  4.978954398985e-04
  4.908678332269e-04
  4.839466598255e-04
  4.770965422988e-04
  7.335569155907e-04
  2.005589702715e-04
  4.571849398819e-04
  4.507251780405e-04
  4.443720000114e-04
  4.380897273150e-04
  4.319140384309e-04
  4.443128369631e-04
  3.135212516257e-05
  4.681641263385e-04
  4.607934342034e-04
  4.535172825120e-04
  9.810848729223e-04
  2.199499980801e-04
  1.098507415843e-04
  2.302783910051e-04
  2.283144186680e-04
  2.263623391575e-04
  2.244457875844e-04
  3.308063458896e-04
  3.266181139113e-04
  3.491443316547e-04
  3.589759356244e-04
  4.333219082221e-04
  4.398406825697e-04
  3.527109752704e-04
  6.043886258006e-04
  5.979768868916e-04
  5.916220528993e-04
  5.853242743658e-04
  1.453336819653e-04
  4.337497488922e-04
  5.729281855916e-04
  5.668298753508e-04
  6.607269020175e-04
  6.524342900149e-04
  9.377157992837e-04
  9.206461307759e-04
  3.274281809928e-05
  8.710902281372e-04
  8.873334204737e-04
  7.327667200674e-04
  7.215105361326e-04
  7.104252174901e-04
  4.342627963952e-04
  2.653051737455e-04
  9.931419408700e-04
  8.009595850971e-04
  3.763572262951e-04
  3.730800751526e-04
  3.698315270105e-04
  3.665828283264e-04
  4.287058355737e-04
  3.671527807461e-04
  7.806413684473e-04
  7.657375492430e-04
  6.819284997553e-04
  3.209024817083e-04
  3.182237354439e-04
  3.140062982967e-04
  7.571599610305e-05
  8.493471304380e-04
  1.776776236960e-03
  6.793068089497e-04
  1.235621318078e-04
  3.945097441835e-04
  3.899216723672e-04
  3.015816065220e-04
  2.988459553409e-04
  3.209595371671e-04
  3.178247988585e-04
  2.729138729528e-04
  2.705771583571e-04
  3.238662041826e-04
  4.596533788218e-04
  3.844503700050e-04
  3.796343774376e-04
  7.007078749802e-04
  3.441844208324e-04
  4.806841112674e-04
  2.236965395144e-03
  1.327294988356e-04
  7.846354011067e-06
  4.425764842929e-07
  6.726769345267e-08
  1.022409735280e-08
  1.553970906724e-09
  2.361900290323e-10
  3.589872262824e-11
  5.456293314077e-12
  9.779471237715e-13
