411
  7.059332030839e-02
  6.962469335336e-02
  6.783736983949e-02
  6.569193879464e-02
  6.341659571409e-02
  6.111493534786e-02
  5.875981834918e-02
  5.631200527605e-02
  5.384785389216e-02
  5.139488224436e-02
  4.910115459902e-02
  4.692406514964e-02
  4.490782057138e-02
  4.329362202955e-02
  4.202668148144e-02
  4.132045042734e-02
  4.112484923390e-02
  4.127636571303e-02
  4.166752735624e-02
  4.206866211625e-02
  4.238462475261e-02
  4.280202474417e-02
  4.332081933061e-02
  4.393691131764e-02
  4.459252229819e-02
  4.527257990753e-02
  4.595730588647e-02
  4.668363019340e-02
  4.742595894483e-02
  4.822823644556e-02
  4.904046945742e-02
  4.988957757650e-02
  5.073749262870e-02
  5.159716959968e-02
  5.245696689240e-02
  5.334155350231e-02
  5.421971325566e-02
  5.509529892906e-02
  5.596071587216e-02
  5.678064342315e-02
  5.757891818892e-02
  5.816978352998e-02
  5.860059468017e-02
  5.881685842762e-02
  5.851381798292e-02
  5.820082530120e-02
  5.799998236835e-02
  5.783344443666e-02
  5.745135482957e-02
  5.673622386724e-02
  5.600286826924e-02
  5.496581236331e-02
  5.384362285957e-02
  5.277283608610e-02
  5.182641220217e-02
  5.090080984451e-02
  5.003415342661e-02
  4.923538154222e-02
  4.844857988239e-02
  4.772766755165e-02
  4.705501349092e-02
  4.639302741525e-02
  4.586585533173e-02
  4.556745792162e-02
  4.529791609519e-02
  4.523843594818e-02
  4.534288108058e-02
  4.553185758399e-02
  4.626042523501e-02
  4.712154899102e-02
  4.797286550781e-02
  4.876601097986e-02
  4.927183525184e-02
  4.972561095978e-02
  5.004889646688e-02
  5.023178729522e-02
  5.041122445873e-02
  5.058827193605e-02
  5.076996247614e-02
  5.104003646316e-02
  5.133634681434e-02
  5.162918284359e-02
  5.191888722602e-02
  5.219931184045e-02
  5.245607970232e-02
  5.270876288741e-02
  5.294998306767e-02
  5.309688817288e-02
  5.321855073939e-02
  5.334093950116e-02
  5.346185629060e-02
  5.358135255903e-02
  5.370145975021e-02
  5.382110640437e-02
  5.393926889456e-02
  5.406650774407e-02
  5.425668296161e-02
  5.445517594502e-02
  5.465101783273e-02
  5.484525042796e-02
  5.504015543905e-02
  5.523290503587e-02
  5.542312860747e-02
  5.561419972024e-02
  5.581913265036e-02
  5.602637739646e-02
  5.625313948434e-02
  5.648184442813e-02
  5.670975126753e-02
  5.693551424844e-02
  5.715838377160e-02
  5.737840057326e-02
  5.759588153812e-02
  5.781225008649e-02
  5.802582005092e-02
  5.823682559881e-02
  5.844478554544e-02
  5.867405873562e-02
  5.894729373414e-02
  5.921824777250e-02
  5.948557817580e-02
  5.974966436349e-02
  5.999870351659e-02
  6.020053779677e-02
  6.039514890498e-02
  6.058731482551e-02
  6.077697095398e-02
  6.096393800601e-02
  6.111526829179e-02
  6.123416834502e-02
  6.135146321881e-02
  6.146333333820e-02
  6.157044335615e-02
  6.167600653286e-02
  6.179786798172e-02
  6.193583786276e-02
  6.207190932533e-02
  6.220641139092e-02
  6.233891768290e-02
  6.246976100557e-02
  6.259850996312e-02
  6.271951188255e-02
  6.283823132428e-02
  6.295496112175e-02
  6.307051781646e-02
  6.318449310416e-02
  6.329668911231e-02
  6.340295583133e-02
  6.340304332062e-02
  6.336007702545e-02
  6.331763696521e-02
  6.327567477227e-02
  6.323459057173e-02
  6.319381005341e-02
  6.315355859183e-02
  6.311480571599e-02
  6.308759810640e-02
  6.306441077257e-02
  6.303165308989e-02
  6.299419402235e-02
  6.295472185500e-02
  6.291294839867e-02
  6.287160218740e-02
  6.283092836709e-02
  6.278718834475e-02
  6.271424613796e-02
  6.263578506300e-02
  6.255839467033e-02
  6.248206822494e-02
  6.240336058592e-02
  6.231059999749e-02
  6.221719129740e-02
  6.212494099898e-02
  6.203394072997e-02
  6.194613699336e-02
  6.188074828089e-02
  6.182206580782e-02
  6.176429914383e-02
  6.170718763931e-02
  6.165084383881e-02
  6.159602411323e-02
  6.154370202216e-02
  6.149220769779e-02
  6.143661645307e-02
  6.137306322177e-02
  6.130995336201e-02
  6.125197493123e-02
  6.120526530338e-02
  6.115959664576e-02
  6.111465890606e-02
  6.107016738014e-02
  6.102628770291e-02
  6.098532227949e-02
  6.103139795504e-02
  6.112105975978e-02
  6.120984319537e-02
  6.129728059204e-02
  6.138366592215e-02
  6.146877396390e-02
  6.155293968316e-02
  6.091913174210e-02
  5.852834719577e-02
  5.820285420262e-02
  5.857918019822e-02
  5.871959106727e-02
  5.879999564689e-02
  5.889146546239e-02
  5.936297984434e-02
  6.006580375878e-02
  6.053213163536e-02
  6.105080626527e-02
  6.154685206579e-02
  6.235199093684e-02
  6.366976476826e-02
  6.490838333346e-02
  6.565958267115e-02
  6.631763898893e-02
  6.689331310590e-02
  6.736523959935e-02
  6.794713089050e-02
  6.848483644628e-02
  6.852127054759e-02
  6.859690553726e-02
  6.913681941681e-02
  7.021562741001e-02
  7.154610895203e-02
  7.289680092493e-02
  7.361638506263e-02
  7.496202651447e-02
  7.619916481711e-02
  7.672061546198e-02
  7.770330658610e-02
  7.866493642237e-02
  7.934844126583e-02
  8.054789262481e-02
  8.159861118903e-02
  8.258653949772e-02
  8.358165268417e-02
  8.461002374065e-02
  8.525666972870e-02
  8.593217840808e-02
  8.667024388125e-02
  8.721734838066e-02
  8.764399122269e-02
  8.810033472024e-02
  8.895791020486e-02
  8.994260591407e-02
  9.091252637513e-02
  9.197208972404e-02
  9.275470963701e-02
  9.347479106193e-02
  9.437305873478e-02
  9.549525285945e-02
  9.487305406852e-02
  9.435893021918e-02
  9.531298480500e-02
  9.597233535239e-02
  9.710050190726e-02
  9.870990188366e-02
  9.858969354303e-02
  1.002003555760e-01
  1.009838578116e-01
  1.031715143625e-01
  1.035504913233e-01
  1.035384541896e-01
  1.040599179602e-01
  1.052252404574e-01
  1.059496217885e-01
  1.063148475419e-01
  1.072703785237e-01
  1.081894595107e-01
  1.085978041105e-01
  1.088812308302e-01
  1.092904850443e-01
  1.104791104181e-01
  1.106159692959e-01
  1.110065263123e-01
  1.118736546235e-01
  1.123170220843e-01
  1.122635636214e-01
  1.114195476326e-01
  1.111972452066e-01
  1.116834301740e-01
  1.125166448454e-01
  1.132523790808e-01
  1.136182308991e-01
  1.133289747174e-01
  1.140316615090e-01
  1.148013207374e-01
  1.155902857609e-01
  1.163477640907e-01
  1.169815339797e-01
  1.188992142478e-01
  1.189089398872e-01
  1.181997445560e-01
  1.182348810416e-01
  1.186498928119e-01
  1.195631207783e-01
  1.203793050188e-01
  1.201229436328e-01
  1.207172129794e-01
  1.225965057303e-01
  1.226259703771e-01
  1.228093228529e-01
  1.238753299890e-01
  1.249317834844e-01
  1.257938274865e-01
  1.264345696343e-01
  1.268559965799e-01
  1.276860910525e-01
  1.291201815949e-01
  1.296334119881e-01
  1.292803773791e-01
  1.291291897551e-01
  1.292722716875e-01
  1.295540135510e-01
  1.307981692015e-01
  1.320174519486e-01
  1.325329923818e-01
  1.322168106618e-01
  1.320400052758e-01
  1.319917675965e-01
  1.321235747975e-01
  1.324159443321e-01
  1.327190346676e-01
  1.330740431881e-01
  1.335138047734e-01
  1.340247802949e-01
  1.343073237034e-01
  1.352088102968e-01
  1.397445374176e-01
  1.406385791664e-01
  1.338451756509e-01
  1.339503963494e-01
  1.377406083783e-01
  1.416438636790e-01
  1.469121329473e-01
  1.521353655453e-01
  1.569485153240e-01
  1.541039009044e-01
  1.478307385053e-01
  1.413810156015e-01
  1.350765230800e-01
  1.340170499633e-01
  1.387016120665e-01
  1.466323367665e-01
  1.505497410030e-01
  1.494316332655e-01
  1.477390002952e-01
  1.521747008243e-01
  1.557687878974e-01
  1.586134154108e-01
  1.604198471908e-01
  1.596165006080e-01
  1.586899399201e-01
  1.574133095545e-01
  1.552379360921e-01
  1.501599538282e-01
  1.473869316158e-01
  1.454531081277e-01
  1.470549972707e-01
  1.497829964618e-01
  1.522317902318e-01
  1.546430882776e-01
  1.554067554175e-01
  1.546767200609e-01
  1.533623833606e-01
  1.543632044357e-01
  1.631290689011e-01
  1.694098634558e-01
  1.745276574717e-01
  1.732893936863e-01
  1.708683569602e-01
  1.684462905428e-01
  1.675112823384e-01
  1.689458014463e-01
  1.722489557398e-01
  1.793493402189e-01
  1.842213568198e-01
  1.883339558308e-01
  1.869537468788e-01
  1.788210632635e-01
  1.631065513700e-01
  1.678804484033e-01
  1.730201032803e-01
  1.728591151206e-01
  1.722376823376e-01
  1.722939213631e-01
  1.761863066884e-01
  1.808848491739e-01
  1.857282913567e-01
  1.899469542590e-01
  1.890757749756e-01
  1.861870090215e-01
  1.828686036252e-01
  1.866007341937e-01
  1.887676813092e-01
  1.829892372826e-01
  1.800833296428e-01
  1.784532716090e-01
  2.489693574476e-01
  5.420626341655e-01
  9.814549385793e-01
  1.386303366173e+00
  9.015254425245e-01
  4.975984034556e+00
  1.764466665829e+01
  5.262854798801e+01
  1.399651619957e+02
  3.613592614833e+02
  9.277913827788e+02
