411
  2.751039666340e-01
  2.745200143550e-01
  2.739196147080e-01
  2.733608754440e-01
  2.728373872750e-01
  2.723451443930e-01
  2.718885296220e-01
  2.714673073260e-01
  2.710745969450e-01
  2.707122364360e-01
  2.703788119850e-01
  2.700732396680e-01
  2.698059817090e-01
  2.696205835760e-01
  2.695081382420e-01
  2.695176107950e-01
  2.696151639560e-01
  2.697812399650e-01
  2.700510899170e-01
  2.703763142470e-01
  2.707874042090e-01
  2.712626813240e-01
  2.717959248100e-01
  2.724002831360e-01
  2.730391856490e-01
  2.737484489690e-01
  2.744790608780e-01
  2.752625023020e-01
  2.760627209840e-01
  2.769160519420e-01
  2.777906372370e-01
  2.787320488030e-01
  2.796949032140e-01
  2.807311816940e-01
  2.817878662230e-01
  2.829364957830e-01
  2.841006301700e-01
  2.853721672880e-01
  2.866547792810e-01
  2.880222672370e-01
  2.894053071470e-01
  2.908902830400e-01
  2.924498611820e-01
  2.940440306380e-01
  2.957554052680e-01
  2.974603234810e-01
  2.992483268260e-01
  3.010435406220e-01
  3.028768331400e-01
  3.047817117690e-01
  3.066694361230e-01
  3.086177659670e-01
  3.105687820580e-01
  3.125230027930e-01
  3.145430130030e-01
  3.165428528020e-01
  3.185520237720e-01
  3.205789145430e-01
  3.225792256120e-01
  3.245971622290e-01
  3.266178793460e-01
  3.286118753800e-01
  3.305823549760e-01
  3.325450114680e-01
  3.344846699200e-01
  3.364255536770e-01
  3.383618661030e-01
  3.402791391680e-01
  3.422113515330e-01
  3.441279176910e-01
  3.460197421050e-01
  3.478867776490e-01
  3.497284116690e-01
  3.515457280890e-01
  3.533128541150e-01
  3.550032100450e-01
  3.566401709350e-01
  3.582551705830e-01
  3.598368513490e-01
  3.612203625300e-01
  3.625280461570e-01
  3.638133915240e-01
  3.649578267700e-01
  3.660101756020e-01
  3.669657724350e-01
  3.678199988090e-01
  3.685834583290e-01
  3.692587429870e-01
  3.698822349280e-01
  3.704286740100e-01
  3.709630014200e-01
  3.714887988190e-01
  3.719414549110e-01
  3.723530632720e-01
  3.727592991400e-01
  3.731495589110e-01
  3.734698348920e-01
  3.737426067260e-01
  3.739819654230e-01
  3.741927650800e-01
  3.743586054530e-01
  3.744635575730e-01
  3.745440035860e-01
  3.745389609830e-01
  3.744197293420e-01
  3.741694842770e-01
  3.738172561010e-01
  3.734456586740e-01
  3.730004015420e-01
  3.725313923350e-01
  3.720685567830e-01
  3.716118006310e-01
  3.711140438740e-01
  3.704851323130e-01
  3.698555609720e-01
  3.692342368790e-01
  3.686211600330e-01
  3.679648204820e-01
  3.671942447650e-01
  3.663473230960e-01
  3.655030876740e-01
  3.646699271270e-01
  3.638216858990e-01
  3.628814053840e-01
  3.619431042090e-01
  3.610171974680e-01
  3.601036380370e-01
  3.592019075150e-01
  3.582271299400e-01
  3.571885893570e-01
  3.561625845910e-01
  3.550813468280e-01
  3.539717385320e-01
  3.528765982650e-01
  3.517527104480e-01
  3.505999808270e-01
  3.494621433790e-01
  3.483094608850e-01
  3.471521599330e-01
  3.460100339160e-01
  3.448794069200e-01
  3.437345475300e-01
  3.425966158280e-01
  3.414712670700e-01
  3.403608576130e-01
  3.392652932020e-01
  3.381839140570e-01
  3.371172857040e-01
  3.360733255010e-01
  3.350471793540e-01
  3.340360196340e-01
  3.330382440190e-01
  3.320537582550e-01
  3.310841175380e-01
  3.301322908760e-01
  3.291938954460e-01
  3.282747750130e-01
  3.273708766430e-01
  3.264856406170e-01
  3.256144484760e-01
  3.247634267470e-01
  3.239321512850e-01
  3.231118093180e-01
  3.223024479730e-01
  3.215050097920e-01
  3.207394766780e-01
  3.199916633650e-01
  3.192536053690e-01
  3.185252084340e-01
  3.178223072770e-01
  3.172030096510e-01
  3.166014318250e-01
  3.160467926220e-01
  3.155776420340e-01
  3.151298871640e-01
  3.148321379510e-01
  3.145783112240e-01
  3.143278305240e-01
  3.140805544680e-01
  3.138366715660e-01
  3.136554206210e-01
  3.136093302870e-01
  3.135692722260e-01
  3.135936840790e-01
  3.137007569210e-01
  3.138081125250e-01
  3.139506249680e-01
  3.141842812830e-01
  3.145018238910e-01
  3.148613567720e-01
  3.152162711950e-01
  3.155664257770e-01
  3.159150722910e-01
  3.163808768530e-01
  3.169027155730e-01
  3.174841701130e-01
  3.181572869240e-01
  3.188223921210e-01
  3.194788259270e-01
  3.201265412140e-01
  3.232006439600e-01
  3.294711443570e-01
  3.369837745420e-01
  3.431235914050e-01
  3.478505368850e-01
  3.529603431760e-01
  3.577899315470e-01
  3.654496926350e-01
  3.739283347480e-01
  3.791148168810e-01
  3.837386010720e-01
  3.890445033540e-01
  3.942275452060e-01
  3.996819450780e-01
  4.049923715650e-01
  4.106417363770e-01
  4.168990883050e-01
  4.226428958870e-01
  4.276211703560e-01
  4.335340229570e-01
  4.405120900970e-01
  4.466388998720e-01
  4.507528156330e-01
  4.567452659580e-01
  4.635477374080e-01
  4.692815540390e-01
  4.756970174910e-01
  4.811703624690e-01
  4.873411889840e-01
  4.925680590680e-01
  4.962133426410e-01
  5.011569786680e-01
  5.058187944530e-01
  5.105258522840e-01
  5.149911479330e-01
  5.194894325740e-01
  5.238468070930e-01
  5.281353760020e-01
  5.324668306000e-01
  5.350418570300e-01
  5.376192398170e-01
  5.405345241320e-01
  5.427033146940e-01
  5.443951786920e-01
  5.462048605180e-01
  5.487520819410e-01
  5.511970374900e-01
  5.536024062490e-01
  5.561632945400e-01
  5.580050228140e-01
  5.597006569830e-01
  5.618925398390e-01
  5.644708651690e-01
  5.673116886170e-01
  5.701129252760e-01
  5.730550720560e-01
  5.762832805200e-01
  5.785533944130e-01
  5.802589252790e-01
  5.821411828860e-01
  5.840790505070e-01
  5.861648973190e-01
  5.880669483210e-01
  5.897767206280e-01
  5.916358859410e-01
  5.938141019290e-01
  5.956515887620e-01
  5.971408060970e-01
  5.989495453800e-01
  6.012356824980e-01
  6.030208582150e-01
  6.042857504070e-01
  6.060313393340e-01
  6.077590199520e-01
  6.092590765270e-01
  6.101101925110e-01
  6.111559435440e-01
  6.128233014340e-01
  6.144694521150e-01
  6.160510386270e-01
  6.174992553590e-01
  6.188923333470e-01
  6.207675218840e-01
  6.223891664570e-01
  6.236771509430e-01
  6.246418433120e-01
  6.255777881310e-01
  6.271197878530e-01
  6.282470688230e-01
  6.295638008600e-01
  6.311138121940e-01
  6.328254695870e-01
  6.345305291810e-01
  6.354820259530e-01
  6.363128772700e-01
  6.373383636380e-01
  6.384062644230e-01
  6.394251529930e-01
  6.404218918100e-01
  6.413380432340e-01
  6.425690038930e-01
  6.439710360360e-01
  6.450954893780e-01
  6.460677220880e-01
  6.469744480860e-01
  6.479132205320e-01
  6.489222124040e-01
  6.496753039550e-01
  6.501706101010e-01
  6.509566906440e-01
  6.520806727150e-01
  6.529072825900e-01
  6.539073203070e-01
  6.548460927540e-01
  6.557033352640e-01
  6.565407843800e-01
  6.575087756470e-01
  6.585022155660e-01
  6.594160106340e-01
  6.603726913900e-01
  6.615207082980e-01
  6.623515596150e-01
  6.627808877770e-01
  6.636447280860e-01
  6.645359021300e-01
  6.653940871840e-01
  6.662433180820e-01
  6.672490110540e-01
  6.678060537410e-01
  6.689196678430e-01
  6.748199846270e-01
  6.827458254960e-01
  6.812490678200e-01
  6.809790293600e-01
  6.831614867900e-01
  6.854085083900e-01
  6.884416105320e-01
  6.914487927520e-01
  6.942241094890e-01
  6.926938915500e-01
  6.892427717570e-01
  6.856945700740e-01
  6.827203768450e-01
  6.892324037880e-01
  6.940077959580e-01
  6.921929301490e-01
  6.867478614490e-01
  6.853397027790e-01
  6.858637564740e-01
  6.882050323350e-01
  6.899105632010e-01
  6.912598129580e-01
  6.931345302230e-01
  6.948273367640e-01
  6.967793425240e-01
  6.994698304250e-01
  7.018648312160e-01
  7.004557300030e-01
  6.994514508440e-01
  6.988260738180e-01
  7.001281964440e-01
  7.019152572460e-01
  7.035199360520e-01
  7.050996374780e-01
  7.051057640050e-01
  7.038173082480e-01
  7.014981821380e-01
  7.007611138110e-01
  7.075163167490e-01
  7.121027291250e-01
  7.158992907870e-01
  7.170232728580e-01
  7.177834334790e-01
  7.185445366420e-01
  7.195045162980e-01
  7.206539470200e-01
  7.236370944030e-01
  7.304493211700e-01
  7.351328154350e-01
  7.391914039450e-01
  7.385108881750e-01
  7.329494154620e-01
  7.227826795210e-01
  7.291825438920e-01
  7.342279745220e-01
  7.334206867710e-01
  7.317570990510e-01
  7.310831810800e-01
  7.355385800310e-01
  7.410298333200e-01
  7.466902730080e-01
  7.516574726010e-01
  7.513450197230e-01
  7.490136405590e-01
  7.462727266280e-01
  7.482817562170e-01
  7.489797090250e-01
  7.430902314810e-01
  7.384439676490e-01
  7.350399749870e-01
  8.099259284710e-01
  1.089542506390e+00
  1.509513576720e+00
  1.888521744910e+00
  1.460005111940e+00
  5.628831521300e+00
  1.834513581670e+01
  5.334640406890e+01
  1.407079458890e+02
  3.622460845330e+02
  9.293545609620e+02
