211
 -1.799889188185e-02
 -1.308755818693e-02
 -8.024020641168e-03
 -3.060294022129e-03
  1.758074052285e-03
  5.914830549844e-03
  9.188790593234e-03
  1.121057054959e-02
  1.161303519980e-02
  1.126057537468e-02
  1.094755483387e-02
  1.063647991872e-02
  1.024363126478e-02
  9.873730377401e-03
  9.552624387593e-03
  9.283535527461e-03
  9.092735191811e-03
  8.849039227637e-03
  8.493858921356e-03
  8.146206342446e-03
  7.816976802258e-03
  7.492226336794e-03
  7.141196916212e-03
  6.781569806749e-03
  6.410036553292e-03
  6.022955170999e-03
  5.659285036278e-03
  5.481461318505e-03
  5.163921211893e-03
  4.745830257502e-03
  4.384736038704e-03
  4.088355182971e-03
  3.749814829822e-03
  3.409533414337e-03
  3.099119011375e-03
  2.821606374361e-03
  2.596477795626e-03
  2.424549170910e-03
  2.299616871704e-03
  2.194890263927e-03
  2.063546611325e-03
  1.934353614144e-03
  1.820254452310e-03
  1.702642860988e-03
  1.631685939245e-03
  1.580315427370e-03
  1.569374743185e-03
  1.534668674444e-03
  1.476477009990e-03
  1.369478132389e-03
  1.280539617563e-03
  1.183451967413e-03
  1.150654290209e-03
  1.040647168555e-03
  1.076896596608e-03
  1.061191856591e-03
  1.102763384282e-03
  1.039071067258e-03
  1.026949844897e-03
  8.556046892428e-04
  7.247666009204e-04
  6.165814920272e-04
  6.324511002027e-04
  5.586133334606e-04
  5.192368288157e-04
  5.006562233864e-04
 -8.219037600338e-05
 -8.321154022911e-05
  2.151453074913e-04
  2.134332756753e-04
  2.975309732945e-04
  2.200200449374e-04
 -5.436698225786e-04
 -1.659309971065e-04
  1.742856471004e-04
 -1.402274517000e-03
 -1.417196880221e-03
 -3.751134342111e-05
 -1.504958314156e-04
 -1.498038594025e-05
 -9.360394475169e-04
 -1.043485659959e-03
 -3.782352440969e-04
 -1.620432903544e-04
 -1.484763271687e-03
 -1.071721342264e-03
 -2.935932270210e-04
 -1.054274735334e-03
  2.334501517343e-04
 -9.894061092861e-04
 -5.073596771315e-04
  4.220144798573e-04
 -1.877053912983e-03
 -9.025558572437e-04
  7.913181590824e-05
 -7.608624940726e-04
 -1.905794812210e-04
 -6.995409246049e-04
 -7.867831843660e-04
 -2.112936736490e-03
 -7.246347448650e-05
  6.206081734783e-04
  3.859848345023e-04
  4.555763282737e-04
  3.690872969928e-04
  3.750036513650e-04
  3.386118107158e-04
  3.477586987466e-04
  2.911940352033e-04
  5.668498478450e-04
  3.124464712248e-04
  3.946662656512e-04
  3.042880130986e-04
  5.677641734427e-04
  4.245405664142e-04
  3.218500168943e-04
  4.397641630373e-04
  3.946115321751e-04
  2.065221638177e-04
  3.331941192317e-04
  6.070957070350e-04
  3.232948438673e-04
  2.007237655270e-04
  5.996562725710e-04
  4.559168845840e-04
  1.723738465080e-03
  3.291615795513e-04
  3.220845486601e-04
  7.230749140989e-04
  2.600689546951e-03
  1.807905197987e-04
  3.976454696120e-05
  6.854420463790e-04
  2.210656602947e-05
  7.680291428555e-04
  3.760946071113e-05
  2.791400424523e-04
  2.220296333516e-03
  1.002083951824e-03
  3.523614329232e-05
  8.081392607662e-06
  1.190381757066e-03
  1.898170013809e-05
 -8.921374846227e-05
  8.578998817010e-06
  9.729022280813e-05
  2.788614419652e-03
  3.582629661603e-05
  2.435932748958e-03
  4.527738617910e-05
  1.251355547037e-04
  5.342458365403e-03
  6.317040639292e-05
  8.393115694794e-05
  2.052074259051e-04
  8.824460222097e-04
  4.883656116461e-04
  1.341092796951e-03
  3.395121623966e-03
  3.260886171383e-03
  1.268744259131e-03
  5.283958146432e-04
  3.604288831240e-04
  2.410075579280e-04
  1.702467783540e-04
  4.566325004220e-03
  1.155795191100e-04
  9.625359913000e-05
  2.986839460170e-04
  2.431070371900e-04
  7.063151671999e-05
  5.895307455003e-05
  5.732717109000e-05
  5.427539574537e-05
  5.750390936002e-05
  8.317607197210e-04
  5.074909524500e-05
  4.799359450297e-05
  4.650107967402e-05
  4.647904335059e-05
  4.725375605596e-05
  4.841160584096e-05
  4.959949134697e-05
  5.047724669599e-05
  3.911574351103e-04
  1.290763763891e-03
  2.525813936900e-03
  6.810338119995e-05
  5.926644041282e-05
  3.187086157886e-04
  7.062810891995e-05
  7.305751950004e-05
  8.108087360403e-05
  9.356839519997e-05
  1.342662452000e-04
  4.095931594617e-03
  1.231197817000e-04
  1.185843427000e-04
  1.332597790000e-04
  1.553101780000e-04
  7.627637398400e-04
  5.103540645710e-03
  3.009093519470e-03
  8.299468701430e-03
  2.153027933511e-02
  5.523431497430e-02
  1.411996409416e-01
  3.593502242361e-01
  9.079556190810e-01
  2.291480748751e+00
  5.835933914460e+00
