599
  1.377937000000e+01
  1.296303000000e+01
  1.219505000000e+01
  1.147257000000e+01
  1.079289500000e+01
  1.015348200000e+01
  9.551950500000e+00
  8.986057500000e+00
  8.453689500000e+00
  7.952861500000e+00
  7.481704500000e+00
  7.038460000000e+00
  6.621475500000e+00
  6.229195000000e+00
  5.860154000000e+00
  5.512976500000e+00
  5.186367500000e+00
  4.879107500000e+00
  4.590051000000e+00
  4.318119500000e+00
  4.062298000000e+00
  3.821632000000e+00
  3.595224000000e+00
  3.382229500000e+00
  3.181853500000e+00
  2.993349000000e+00
  2.816012000000e+00
  2.649181000000e+00
  2.492233500000e+00
  2.344584000000e+00
  2.205682000000e+00
  2.075009000000e+00
  1.952078000000e+00
  1.836430000000e+00
  1.727633000000e+00
  1.625281500000e+00
  1.528993500000e+00
  1.438410000000e+00
  1.353193500000e+00
  1.273025500000e+00
  1.197606500000e+00
  1.126655500000e+00
  1.059908500000e+00
  9.971157500000e-01
  9.380427000000e-01
  8.824695500000e-01
  8.301887500000e-01
  7.810052500000e-01
  7.347356000000e-01
  6.912071500000e-01
  6.502574500000e-01
  6.117337500000e-01
  5.754923500000e-01
  5.413980500000e-01
  5.093236000000e-01
  4.791493500000e-01
  4.507628000000e-01
  4.240579500000e-01
  3.989351500000e-01
  3.753007500000e-01
  3.530665500000e-01
  3.321495500000e-01
  3.124717500000e-01
  2.939597500000e-01
  2.765445000000e-01
  2.601610000000e-01
  2.447481000000e-01
  2.302483000000e-01
  2.166075000000e-01
  2.037748500000e-01
  1.917024500000e-01
  1.803453000000e-01
  1.696610000000e-01
  1.596096500000e-01
  1.501537500000e-01
  1.412580500000e-01
  1.328894000000e-01
  1.250165500000e-01
  1.176101000000e-01
  1.106424500000e-01
  1.040876000000e-01
  9.792105000000e-02
  9.211984000000e-02
  8.666231500000e-02
  8.152811500000e-02
  7.669808500000e-02
  7.215420500000e-02
  6.787952000000e-02
  6.385808500000e-02
  6.007489500000e-02
  5.651583000000e-02
  5.316762000000e-02
  5.001777500000e-02
  4.705453500000e-02
  4.426684500000e-02
  4.164431500000e-02
  3.917715000000e-02
  3.685614500000e-02
  3.467265000000e-02
  3.261851500000e-02
  3.136218000000e-02
  3.088572500000e-02
  3.024717000000e-02
  2.924962000000e-02
  2.843881500000e-02
  2.781412500000e-02
  2.709121500000e-02
  2.637931500000e-02
  2.573516000000e-02
  2.515836000000e-02
  2.454862500000e-02
  2.391344000000e-02
  2.310603000000e-02
  2.241420500000e-02
  2.195475500000e-02
  2.154758000000e-02
  2.052420500000e-02
  1.965890000000e-02
  1.964136000000e-02
  1.951011500000e-02
  1.898866000000e-02
  1.835460000000e-02
  1.786542500000e-02
  1.759584000000e-02
  1.699432000000e-02
  1.638451000000e-02
  1.635348000000e-02
  1.614388500000e-02
  1.545468000000e-02
  1.486402500000e-02
  1.474494500000e-02
  1.459258500000e-02
  1.402557500000e-02
  1.345237500000e-02
  1.320977500000e-02
  1.310922500000e-02
  1.266535500000e-02
  1.220736500000e-02
  1.216803000000e-02
  1.201508000000e-02
  1.170634500000e-02
  1.134017500000e-02
  1.096678000000e-02
  1.077896500000e-02
  1.055800000000e-02
  1.032444500000e-02
  1.030534000000e-02
  1.003655450000e-02
  9.634701500000e-03
  9.374732500000e-03
  9.230832500000e-03
  9.035291000000e-03
  8.755832500000e-03
  8.379899500000e-03
  8.087834500000e-03
  8.050722000000e-03
  7.915318000000e-03
  7.666568500000e-03
  7.420938500000e-03
  7.295148000000e-03
  7.149988000000e-03
  6.824792000000e-03
  6.625883000000e-03
  6.611455000000e-03
  6.373812000000e-03
  6.131017500000e-03
  6.115266500000e-03
  6.050098000000e-03
  5.913085000000e-03
  5.723998500000e-03
  5.604264000000e-03
  5.514097500000e-03
  5.329676000000e-03
  5.083244500000e-03
  4.934882000000e-03
  4.928093500000e-03
  4.791229500000e-03
  4.564536000000e-03
  4.470760000000e-03
  4.467839500000e-03
  4.367296000000e-03
  4.262567000000e-03
  4.155912000000e-03
  4.052432500000e-03
  3.939973500000e-03
  3.826206500000e-03
  3.751745000000e-03
  3.676713500000e-03
  3.544895500000e-03
  3.412141500000e-03
  3.400338000000e-03
  3.361894500000e-03
  3.188484500000e-03
  3.041580000000e-03
  3.030220000000e-03
  3.021886500000e-03
  2.943771000000e-03
  2.866449000000e-03
  2.863233500000e-03
  2.799789000000e-03
  2.632129500000e-03
  2.508641500000e-03
  2.490018000000e-03
  2.485863000000e-03
  2.383536000000e-03
  2.273032000000e-03
  2.258842500000e-03
  2.253602500000e-03
  2.225555000000e-03
  2.165078500000e-03
  2.090885000000e-03
  2.046407500000e-03
  2.006744000000e-03
  1.929416500000e-03
  1.876524500000e-03
  1.858682500000e-03
  1.818820500000e-03
  1.759535500000e-03
  1.711961000000e-03
  1.684948500000e-03
  1.651824000000e-03
  1.601541500000e-03
  1.556848500000e-03
  1.528878500000e-03
  1.484255500000e-03
  1.423341500000e-03
  1.397797000000e-03
  1.387753500000e-03
  1.368077500000e-03
  1.332419500000e-03
  1.304665000000e-03
  1.275980500000e-03
  1.241246000000e-03
  1.211774000000e-03
  1.176177500000e-03
  1.147305500000e-03
  1.125252500000e-03
  1.090436000000e-03
  1.059909500000e-03
  1.041820500000e-03
  1.016434000000e-03
  9.884447500000e-04
  9.688704500000e-04
  9.488866500000e-04
  9.300956000000e-04
  9.164826500000e-04
  8.897207500000e-04
  8.598328000000e-04
  8.348766000000e-04
  8.111087000000e-04
  7.848459500000e-04
  7.691682500000e-04
  7.660192500000e-04
  7.568149500000e-04
  7.329648500000e-04
  7.064009000000e-04
  6.851461000000e-04
  6.608698500000e-04
  6.436229500000e-04
  6.354653500000e-04
  6.180312500000e-04
  5.968070500000e-04
  5.825022500000e-04
  5.743162500000e-04
  5.612899000000e-04
  5.411387000000e-04
  5.268612000000e-04
  5.203439000000e-04
  5.168163500000e-04
  5.077985000000e-04
  4.913025500000e-04
  4.761381000000e-04
  4.618400000000e-04
  4.517004500000e-04
  4.441023500000e-04
  4.323139500000e-04
  4.213899500000e-04
  4.116963000000e-04
  4.043322000000e-04
  3.941421000000e-04
  3.853351000000e-04
  3.787584000000e-04
  3.675033500000e-04
  3.560499500000e-04
  3.476283500000e-04
  3.419170500000e-04
  3.361749500000e-04
  3.255369500000e-04
  3.165770500000e-04
  3.095728000000e-04
  2.977655000000e-04
  2.899446500000e-04
  2.820310500000e-04
  2.714290500000e-04
  2.661582000000e-04
  2.633171500000e-04
  2.578320000000e-04
  2.516182000000e-04
  2.480236000000e-04
  2.420475500000e-04
  2.331564000000e-04
  2.265564000000e-04
  2.224757000000e-04
  2.180222500000e-04
  2.118568000000e-04
  2.069191000000e-04
  2.042810500000e-04
  1.991957500000e-04
  1.924671000000e-04
  1.867879500000e-04
  1.827252000000e-04
  1.793157000000e-04
  1.735987000000e-04
  1.682284500000e-04
  1.637708500000e-04
  1.608997500000e-04
  1.576429500000e-04
  1.525521500000e-04
  1.483425000000e-04
  1.459602500000e-04
  1.420268500000e-04
  1.380174500000e-04
  1.360553000000e-04
  1.332883000000e-04
  1.306598500000e-04
  1.287335000000e-04
  1.246126500000e-04
  1.203943500000e-04
  1.185483500000e-04
  1.165674500000e-04
  1.133516000000e-04
  1.097606500000e-04
  1.073949500000e-04
  1.058268000000e-04
  1.040448500000e-04
  1.005606200000e-04
  9.665958000000e-05
  9.303246000000e-05
  9.035448500000e-05
  8.940020500000e-05
  8.772173500000e-05
  8.536477500000e-05
  8.343453000000e-05
  8.163718500000e-05
  8.017274500000e-05
  7.808115000000e-05
  7.520184500000e-05
  7.352642000000e-05
  7.279428000000e-05
  7.188352000000e-05
  7.042340500000e-05
  6.791832000000e-05
  6.630297500000e-05
  6.581932500000e-05
  6.413304000000e-05
  6.151928500000e-05
  5.921811500000e-05
  5.768126000000e-05
  5.635479500000e-05
  5.508299500000e-05
  5.375371000000e-05
  5.226628000000e-05
  5.145400000000e-05
  5.039461000000e-05
  4.885595500000e-05
  4.788865500000e-05
  4.713701000000e-05
  4.579491500000e-05
  4.415025000000e-05
  4.283226000000e-05
  4.162740000000e-05
  4.085129000000e-05
  4.068070000000e-05
  4.043596500000e-05
  3.955465500000e-05
  3.790050500000e-05
  3.629843500000e-05
  3.526226500000e-05
  3.467149000000e-05
  3.398580000000e-05
  3.335951000000e-05
  3.299745000000e-05
  3.196367000000e-05
  3.076438500000e-05
  2.973132500000e-05
  2.854529500000e-05
  2.788172500000e-05
  2.765197000000e-05
  2.704831500000e-05
  2.638202000000e-05
  2.582360500000e-05
  2.520609500000e-05
  2.475924500000e-05
  2.426328500000e-05
  2.343465000000e-05
  2.276649000000e-05
  2.204982500000e-05
  2.136780000000e-05
  2.106816500000e-05
  2.069459500000e-05
  1.989900500000e-05
  1.914900000000e-05
  1.897826500000e-05
  1.877108000000e-05
  1.851254500000e-05
  1.828561000000e-05
  1.792210500000e-05
  1.728108500000e-05
  1.666637000000e-05
  1.636917000000e-05
  1.603326500000e-05
  1.554342000000e-05
  1.523963500000e-05
  1.491106500000e-05
  1.449890500000e-05
  1.411380500000e-05
  1.380704000000e-05
  1.342432000000e-05
  1.303760000000e-05
  1.277318000000e-05
  1.241501000000e-05
  1.211609000000e-05
  1.188162500000e-05
  1.159373500000e-05
  1.138392500000e-05
  1.094900000000e-05
  1.049383000000e-05
  1.039665000000e-05
  1.014919700000e-05
  9.769942500000e-06
  9.505545500000e-06
  9.402297000000e-06
  9.164655500000e-06
  8.883084000000e-06
  8.707114500000e-06
  8.551166000000e-06
  8.466781000000e-06
  8.372410500000e-06
  8.223609500000e-06
  7.921247000000e-06
  7.502533000000e-06
  7.240736500000e-06
  7.177645500000e-06
  7.079694500000e-06
  6.918546000000e-06
  6.738567000000e-06
  6.590713000000e-06
  6.444481000000e-06
  6.324383500000e-06
  6.288594000000e-06
  6.203454500000e-06
  5.943444500000e-06
  5.515009000000e-06
  5.264682000000e-06
  5.242383000000e-06
  5.224485500000e-06
  5.147712500000e-06
  5.029457000000e-06
  4.951038000000e-06
  4.826074000000e-06
  4.713579000000e-06
  4.674267000000e-06
  4.591143000000e-06
  4.409909500000e-06
  4.224275500000e-06
  4.050615000000e-06
  3.924632000000e-06
  3.898307500000e-06
  3.807767500000e-06
  3.707168500000e-06
  3.651959500000e-06
  3.571216500000e-06
  3.499595500000e-06
  3.451825000000e-06
  3.385342000000e-06
  3.268676000000e-06
  3.184626000000e-06
  3.124885500000e-06
  3.058281500000e-06
  2.968915000000e-06
  2.851598000000e-06
  2.786598500000e-06
  2.756423500000e-06
  2.686216500000e-06
  2.592411000000e-06
  2.534601000000e-06
  2.485304000000e-06
  2.420512000000e-06
  2.345569500000e-06
  2.274391000000e-06
  2.226563000000e-06
  2.186568500000e-06
  2.128222000000e-06
  2.058793000000e-06
  2.014594500000e-06
  1.983215000000e-06
  1.954351500000e-06
  1.939672000000e-06
  1.917231500000e-06
  1.840500000000e-06
  1.676077000000e-06
  1.483418500000e-06
  1.312905000000e-06
  1.161991500000e-06
  1.028425100000e-06
  9.102116500000e-07
  8.055863500000e-07
  7.129873000000e-07
  6.310321500000e-07
  5.584974500000e-07
  4.943003000000e-07
  4.374823500000e-07
  3.871954500000e-07
  3.426888500000e-07
  3.032981000000e-07
  2.684351500000e-07
  2.375795500000e-07
  2.102707000000e-07
  1.861009000000e-07
  1.647093000000e-07
  1.457766000000e-07
  1.290201500000e-07
  1.141897500000e-07
  1.010640750000e-07
  8.944717000000e-08
  7.916556000000e-08
  7.006578500000e-08
  6.201199500000e-08
  5.488395500000e-08
  4.857525500000e-08
  4.299171500000e-08
  3.804998000000e-08
  3.367628000000e-08
  2.980532500000e-08
  2.637932000000e-08
  2.334711500000e-08
  2.066345500000e-08
  1.828827000000e-08
  1.618610000000e-08
  1.432557000000e-08
  1.267890000000e-08
  1.122151000000e-08
  9.931642500000e-09
  8.790039000000e-09
  7.779658000000e-09
  6.885416500000e-09
  6.093964500000e-09
  5.393486500000e-09
  4.773526000000e-09
  4.224828000000e-09
  3.739200000000e-09
  3.309393000000e-09
  2.928991000000e-09
  2.592315000000e-09
  2.294338500000e-09
  2.030613000000e-09
  1.797202000000e-09
  1.590620500000e-09
  1.407784500000e-09
  1.245965000000e-09
  1.102746500000e-09
  9.759902000000e-10
  8.638036500000e-10
  7.645127500000e-10
  6.766349500000e-10
  5.988583500000e-10
  5.300219000000e-10
  4.690979000000e-10
  4.151769000000e-10
  3.674539500000e-10
  3.252165500000e-10
  2.878341500000e-10
  2.547487000000e-10
  2.254663000000e-10
  1.995498500000e-10
  1.766123500000e-10
  1.563114000000e-10
  1.383440000000e-10
  1.224419000000e-10
  1.083677000000e-10
  9.591125500000e-11
  8.488662000000e-11
  7.512923000000e-11
  6.649341500000e-11
  5.885025000000e-11
  5.208564000000e-11
  4.609859500000e-11
  4.079974000000e-11
  3.610997000000e-11
  3.195927000000e-11
  2.828567500000e-11
  2.503434500000e-11
  2.215674500000e-11
  1.960991000000e-11
  1.735582500000e-11
  1.536084000000e-11
  1.359517000000e-11
  1.203246000000e-11
  5.649375000000e-12
