599
  5.141612872542e+03
  4.986981484834e+03
  4.837007362893e+03
  4.691536187226e+03
  4.550441415570e+03
  4.413590504425e+03
  4.280856736420e+03
  4.152113508818e+03
  4.027241874939e+03
  3.906126407719e+03
  3.788652304391e+03
  3.674712940612e+03
  3.564198340509e+03
  3.457010177092e+03
  3.353044765830e+03
  3.252202798260e+03
  3.154397008622e+03
  3.059529884876e+03
  2.967518433483e+03
  2.878271839535e+03
  2.791710740800e+03
  2.707755227592e+03
  2.626321466475e+03
  2.547335219890e+03
  2.470726828536e+03
  2.396422428884e+03
  2.324351110900e+03
  2.254448308318e+03
  2.186648368793e+03
  2.120887175589e+03
  2.057103125665e+03
  1.995236970304e+03
  1.935232415607e+03
  1.877032591668e+03
  1.820583001653e+03
  1.765829781072e+03
  1.712723808043e+03
  1.661215388370e+03
  1.611254808186e+03
  1.562799129521e+03
  1.515799404564e+03
  1.470212250132e+03
  1.425997706425e+03
  1.383111708124e+03
  1.341516044599e+03
  1.301171666050e+03
  1.262039382444e+03
  1.224084748773e+03
  1.187270982848e+03
  1.151565743637e+03
  1.116933436910e+03
  1.083342279935e+03
  1.050761996839e+03
  1.019161458412e+03
  9.885105419707e+02
  9.587828826574e+02
  9.299479508132e+02
  9.019808401230e+02
  8.748538993988e+02
  8.485441951516e+02
  8.230242685166e+02
  7.982731754668e+02
  7.742652803189e+02
  7.509802169281e+02
  7.283952505716e+02
  7.064891024056e+02
  6.852422125649e+02
  6.646346569754e+02
  6.446459894317e+02
  6.252583098393e+02
  6.064546177880e+02
  5.882162635915e+02
  5.705261620477e+02
  5.533679077602e+02
  5.367260142511e+02
  5.205841578953e+02
  5.049283531913e+02
  4.897428262471e+02
  4.750142504275e+02
  4.607288546189e+02
  4.468728508209e+02
  4.334338755447e+02
  4.203989333638e+02
  4.077558423257e+02
  3.954932750324e+02
  3.835988476691e+02
  3.720624276106e+02
  3.608729950799e+02
  3.500198286233e+02
  3.394934418354e+02
  3.292835842913e+02
  3.193806570299e+02
  3.097756202250e+02
  3.004593723344e+02
  2.914231825976e+02
  2.826587446842e+02
  2.741579786003e+02
  2.659131043839e+02
  2.579158900174e+02
  2.501593515069e+02
  2.453209927061e+02
  2.434515193079e+02
  2.409168911410e+02
  2.369051843857e+02
  2.336080174272e+02
  2.310241926224e+02
  2.280034784211e+02
  2.249862027211e+02
  2.222251358407e+02
  2.197193261384e+02
  2.170406892691e+02
  2.142131725249e+02
  2.105597837130e+02
  2.073920757562e+02
  2.052549790240e+02
  2.033440746452e+02
  1.983984074861e+02
  1.952885387703e+02
  1.944135785991e+02
  1.935176210033e+02
  1.908625841451e+02
  1.875344605751e+02
  1.852209639586e+02
  1.852035500083e+02
  1.803333910461e+02
  1.777923820647e+02
  1.777737673375e+02
  1.765108783852e+02
  1.720592868647e+02
  1.694676591884e+02
  1.681491411004e+02
  1.674413501562e+02
  1.639621150357e+02
  1.608238473238e+02
  1.593425667716e+02
  1.594682435737e+02
  1.555307046639e+02
  1.546455553513e+02
  1.543171454294e+02
  1.523384399705e+02
  1.497394388215e+02
  1.475988295623e+02
  1.451117533763e+02
  1.445164810931e+02
  1.422438267289e+02
  1.400408627718e+02
  1.399725276688e+02
  1.388875194151e+02
  1.359073267583e+02
  1.341563481354e+02
  1.324434273296e+02
  1.317715399607e+02
  1.295499734934e+02
  1.265267891677e+02
  1.264325463398e+02
  1.261160393790e+02
  1.232087154158e+02
  1.212289730686e+02
  1.193075889678e+02
  1.200562769240e+02
  1.171368775364e+02
  1.142934572424e+02
  1.145942748559e+02
  1.140188720015e+02
  1.104335763153e+02
  1.102353833532e+02
  1.087829140988e+02
  1.079754833745e+02
  1.064925087683e+02
  1.047362409136e+02
  1.033368952320e+02
  1.030102715254e+02
  1.010742238949e+02
  9.873074761073e+01
  9.872802284667e+01
  9.797708103441e+01
  9.580487759928e+01
  9.366010080591e+01
  9.414907543266e+01
  9.306576306015e+01
  9.154060684868e+01
  9.022003155666e+01
  8.929194172896e+01
  8.909938414772e+01
  8.687914169007e+01
  8.555893659536e+01
  8.488902807569e+01
  8.502791975349e+01
  8.235591334674e+01
  8.191932382740e+01
  8.153274474800e+01
  8.050686821263e+01
  7.801449556932e+01
  7.817410425436e+01
  7.832456783895e+01
  7.776991086644e+01
  7.505351970365e+01
  7.438666336390e+01
  7.426951410845e+01
  7.340865957357e+01
  7.096580975034e+01
  6.973262915649e+01
  7.027182996611e+01
  7.026332643699e+01
  6.744458933487e+01
  6.690620530127e+01
  6.703178363964e+01
  6.669613558717e+01
  6.470037467421e+01
  6.405539548645e+01
  6.396796044400e+01
  6.368560515324e+01
  6.125393550890e+01
  6.097117828349e+01
  6.119702319772e+01
  6.092481480363e+01
  5.834309861443e+01
  5.815295508832e+01
  5.800394476161e+01
  5.800988995771e+01
  5.547791664361e+01
  5.534848434105e+01
  5.531833684204e+01
  5.534755440548e+01
  5.311605107657e+01
  5.250388916533e+01
  5.233553407648e+01
  5.222976443186e+01
  5.036967582564e+01
  5.030261506484e+01
  5.033948571773e+01
  5.007606302667e+01
  4.817027159525e+01
  4.806624003340e+01
  4.775009612367e+01
  4.742162227010e+01
  4.562815361349e+01
  4.560306913939e+01
  4.548108341450e+01
  4.538045577024e+01
  4.348555900650e+01
  4.333677097386e+01
  4.337183385245e+01
  4.335404786937e+01
  4.156248316927e+01
  4.135654761785e+01
  4.128802503560e+01
  4.125265680298e+01
  3.968938747116e+01
  3.931812219967e+01
  3.920002546281e+01
  3.881121051509e+01
  3.767420910665e+01
  3.751106296361e+01
  3.741452218651e+01
  3.743941259891e+01
  3.566736385770e+01
  3.563128740284e+01
  3.559965331470e+01
  3.572145721157e+01
  3.420485258378e+01
  3.388143542582e+01
  3.379304472659e+01
  3.362840014891e+01
  3.235272360611e+01
  3.244715074312e+01
  3.218471766896e+01
  3.201789776869e+01
  3.082766960175e+01
  3.087167734572e+01
  3.077154968263e+01
  3.074879760880e+01
  2.940634087652e+01
  2.936318317785e+01
  2.941376273607e+01
  2.908196918174e+01
  2.801885571520e+01
  2.790108163345e+01
  2.782941022183e+01
  2.784626676455e+01
  2.670040379320e+01
  2.674502641182e+01
  2.661208911418e+01
  2.645000564897e+01
  2.529501524124e+01
  2.533093926700e+01
  2.535159501198e+01
  2.532085744900e+01
  2.413938084247e+01
  2.410842890504e+01
  2.410942341571e+01
  2.396925593022e+01
  2.317402653208e+01
  2.286343413396e+01
  2.281396442923e+01
  2.275591897015e+01
  2.202325641262e+01
  2.187039563889e+01
  2.187969647415e+01
  2.173278934923e+01
  2.083465504461e+01
  2.089026011077e+01
  2.090857644884e+01
  2.080648562834e+01
  1.978561889088e+01
  1.986293950575e+01
  1.993969940025e+01
  1.981097408803e+01
  1.893567068309e+01
  1.893873397760e+01
  1.890278224481e+01
  1.875142130020e+01
  1.798198942466e+01
  1.795641596454e+01
  1.804842251556e+01
  1.769675604286e+01
  1.719703185174e+01
  1.706411941422e+01
  1.708579371365e+01
  1.702096811325e+01
  1.643405806166e+01
  1.635589502402e+01
  1.614056298189e+01
  1.619261564461e+01
  1.563740543095e+01
  1.565914954455e+01
  1.547674763938e+01
  1.547463209084e+01
  1.490936887881e+01
  1.475178144341e+01
  1.478691483468e+01
  1.468418204099e+01
  1.414017830088e+01
  1.416646289532e+01
  1.409523519114e+01
  1.399497685753e+01
  1.356108865933e+01
  1.335315721696e+01
  1.330123269177e+01
  1.328474809812e+01
  1.276789325039e+01
  1.275278782561e+01
  1.278380926871e+01
  1.273459285853e+01
  1.228155576877e+01
  1.219123230189e+01
  1.210466325663e+01
  1.196098851829e+01
  1.168749495033e+01
  1.164966423758e+01
  1.164254100659e+01
  1.144379237837e+01
  1.125622764865e+01
  1.110597522364e+01
  1.106533128796e+01
  1.098818613440e+01
  1.059729052018e+01
  1.053585491942e+01
  1.046345724908e+01
  1.035482885441e+01
  1.011040914994e+01
  9.962533359630e+00
  9.920477452739e+00
  9.936247036956e+00
  9.604624087072e+00
  9.621573669519e+00
  9.498496600009e+00
  9.418752483137e+00
  9.091887673344e+00
  9.078596771504e+00
  9.034684247764e+00
  8.963264062241e+00
  8.698113652642e+00
  8.695160708308e+00
  8.682355641897e+00
  8.559751650335e+00
  8.263502457486e+00
  8.236581711874e+00
  8.224694417546e+00
  8.191104697438e+00
  7.888265406503e+00
  7.789370970147e+00
  7.871505873696e+00
  7.750966794666e+00
  7.523448846967e+00
  7.427590611365e+00
  7.303310882956e+00
  7.308396046331e+00
  7.181264971963e+00
  7.112618453175e+00
  7.035654455043e+00
  7.010415214201e+00
  6.737883451795e+00
  6.731918460215e+00
  6.785119844772e+00
  6.708428872541e+00
  6.504297714715e+00
  6.403487595484e+00
  6.343881516594e+00
  6.326742159755e+00
  6.163792102683e+00
  6.079256093602e+00
  6.086934759322e+00
  6.084449728451e+00
  5.894272806229e+00
  5.885655832744e+00
  5.889286755468e+00
  5.766058328293e+00
  5.588666521751e+00
  5.555916690140e+00
  5.553941184221e+00
  5.531416894312e+00
  5.360542255640e+00
  5.352748823867e+00
  5.272337138976e+00
  5.218926412932e+00
  5.113881253733e+00
  5.038735277445e+00
  5.060601704629e+00
  4.991333667320e+00
  4.808873219845e+00
  4.808764863462e+00
  4.793205956257e+00
  4.772767123533e+00
  4.673939004161e+00
  4.560870287025e+00
  4.579592036756e+00
  4.538879744207e+00
  4.382486988886e+00
  4.325860311595e+00
  4.350463071157e+00
  4.247704009790e+00
  4.175476799589e+00
  4.115987325797e+00
  4.103776294947e+00
  4.108885241811e+00
  4.030835894594e+00
  4.008305208392e+00
  3.972470777512e+00
  3.898506287316e+00
  3.793993728528e+00
  3.727576761988e+00
  3.711317402627e+00
  3.685849177263e+00
  3.630441396326e+00
  3.590995074119e+00
  3.560939216466e+00
  3.542793150421e+00
  3.483741552362e+00
  3.473873518350e+00
  3.450223453722e+00
  3.376769849497e+00
  3.252427042370e+00
  3.178506178380e+00
  3.171767714957e+00
  3.166351561914e+00
  3.103528791828e+00
  3.089002179607e+00
  3.077139447470e+00
  3.082931197368e+00
  3.007545028212e+00
  2.994974133906e+00
  2.968164946862e+00
  2.908787125941e+00
  2.812541032790e+00
  2.807064032780e+00
  2.744325968843e+00
  2.735112305079e+00
  2.703005877686e+00
  2.667210777665e+00
  2.634367515743e+00
  2.631601800752e+00
  2.542710480599e+00
  2.536731229685e+00
  2.540958921234e+00
  2.535138926881e+00
  2.453079450438e+00
  2.454597313492e+00
  2.422554564408e+00
  2.386753328089e+00
  2.339187852691e+00
  2.312451510782e+00
  2.299899540388e+00
  2.270304238930e+00
  2.230370011694e+00
  2.205401867226e+00
  2.183827620877e+00
  2.155152441475e+00
  2.121508103737e+00
  2.089098810822e+00
  2.067053991244e+00
  2.048388676016e+00
  2.020838482261e+00
  1.975104986706e+00
  1.973477718658e+00
  1.967771213648e+00
  1.936592101415e+00
  1.929303750933e+00
  1.918101294546e+00
  1.879068771098e+00
  1.792588221333e+00
  1.686417994215e+00
  1.586541558346e+00
  1.492574961965e+00
  1.404173118257e+00
  1.321005010044e+00
  1.242765087696e+00
  1.169159763460e+00
  1.099914107707e+00
  1.034769389742e+00
  9.734842363698e-01
  9.158289121693e-01
  8.615861801577e-01
  8.105566903349e-01
  7.625508240124e-01
  7.173873899079e-01
  6.748972637640e-01
  6.349246661884e-01
  5.973201827322e-01
  5.619429740270e-01
  5.286608175634e-01
  4.973496238545e-01
  4.678931706313e-01
  4.401811433441e-01
  4.141105691784e-01
  3.895839282605e-01
  3.665102034608e-01
  3.448029744084e-01
  3.243811699326e-01
  3.051690758748e-01
  2.870948015744e-01
  2.700910612013e-01
  2.540942847335e-01
  2.390451580208e-01
  2.248871853435e-01
  2.115678084347e-01
  1.990372567889e-01
  1.872489459757e-01
  1.761586837423e-01
  1.657253741623e-01
  1.559100187154e-01
  1.466758916024e-01
  1.379886852038e-01
  1.298160623231e-01
  1.221274106424e-01
  1.148942071375e-01
  1.080893881946e-01
  1.016875351521e-01
  9.566485158555e-02
  8.999895601211e-02
  8.466862815655e-02
  7.965391964991e-02
  7.493622926889e-02
  7.049799785686e-02
  6.632258509519e-02
  6.239451427431e-02
  5.869908734659e-02
  5.522250250710e-02
  5.195183026298e-02
  4.887489980646e-02
  4.598020368311e-02
  4.325695452872e-02
  4.069495590091e-02
  3.828469263135e-02
  3.601722920176e-02
  3.388402784860e-02
  3.187717342553e-02
  2.998917990389e-02
  2.821301844595e-02
  2.654206053979e-02
  2.497003595685e-02
  2.349114606959e-02
  2.209983334516e-02
  2.079091985683e-02
  1.955953874696e-02
  1.840108890284e-02
  1.731123611747e-02
  1.628595266553e-02
  1.532138520644e-02
  1.441393654697e-02
  1.356025792153e-02
  1.275711974853e-02
  1.200155012021e-02
  1.129073797054e-02
  1.062202244794e-02
  9.992905037423e-03
  9.401058559194e-03
  8.844258793625e-03
  8.320450502472e-03
  7.827653848623e-03
  7.364041385913e-03
  6.927889674743e-03
  6.517574966777e-03
  6.131557470782e-03
  5.768403225230e-03
  5.426757496116e-03
  5.105348874015e-03
  4.802974770454e-03
  4.518505766291e-03
