1266
  0.000000000000e+00
  0.000000000000e+00
  0.000000000000e+00
  0.000000000000e+00
  0.000000000000e+00
  0.000000000000e+00
  0.000000000000e+00
  0.000000000000e+00
  0.000000000000e+00
  0.000000000000e+00
  0.000000000000e+00
  0.000000000000e+00
  0.000000000000e+00
  0.000000000000e+00
  0.000000000000e+00
  0.000000000000e+00
  0.000000000000e+00
  0.000000000000e+00
  0.000000000000e+00
  0.000000000000e+00
  0.000000000000e+00
  0.000000000000e+00
  0.000000000000e+00
  0.000000000000e+00
  0.000000000000e+00
  0.000000000000e+00
  0.000000000000e+00
  0.000000000000e+00
  0.000000000000e+00
  0.000000000000e+00
  0.000000000000e+00
  0.000000000000e+00
  0.000000000000e+00
  0.000000000000e+00
  0.000000000000e+00
  0.000000000000e+00
  0.000000000000e+00
  0.000000000000e+00
  0.000000000000e+00
  0.000000000000e+00
  0.000000000000e+00
  0.000000000000e+00
  0.000000000000e+00
  0.000000000000e+00
  0.000000000000e+00
  0.000000000000e+00
  0.000000000000e+00
  0.000000000000e+00
  0.000000000000e+00
  0.000000000000e+00
  0.000000000000e+00
  0.000000000000e+00
  0.000000000000e+00
  0.000000000000e+00
  0.000000000000e+00
  0.000000000000e+00
  0.000000000000e+00
  0.000000000000e+00
  0.000000000000e+00
  0.000000000000e+00
  0.000000000000e+00
  0.000000000000e+00
  0.000000000000e+00
  0.000000000000e+00
  0.000000000000e+00
  0.000000000000e+00
  0.000000000000e+00
  0.000000000000e+00
  0.000000000000e+00
  0.000000000000e+00
  0.000000000000e+00
  0.000000000000e+00
  0.000000000000e+00
  0.000000000000e+00
  0.000000000000e+00
  0.000000000000e+00
  0.000000000000e+00
  3.059551334260e-08
  5.061656525468e-06
  4.770242254869e-05
  2.828302368788e-04
  5.487873141203e-04
  3.518946506050e-04
  4.623142562869e-04
  5.653908747804e-04
  1.302581826770e-03
  1.978577981459e-03
  2.418454792881e-03
  3.077835960804e-03
  2.555403532079e-03
  1.934625178506e-03
  2.719147918722e-03
  4.214933490600e-03
  6.886362847398e-03
  8.857923200044e-03
  8.435911391413e-03
  4.462271556299e-03
  5.447941756349e-03
  6.142520473302e-03
  5.088130813674e-03
  6.190572963181e-02
  4.002964936832e-02
  1.404130774856e-02
  5.697959243965e-02
  3.552239323167e-02
  4.671806349433e-02
  2.300226586181e-02
  6.024534500055e-02
  6.402261577346e-02
  1.492450862766e-02
  2.390200602973e-02
  3.306940817437e-02
  6.375018883494e-02
  3.765239083026e-02
  3.180096755311e-02
  1.985045728907e-02
  3.638357886054e-02
  1.920760741169e-02
  2.886251580605e-02
  2.213261063168e-02
  1.586681389793e-02
  7.395313042041e-03
  1.016452987274e-02
  3.432782238739e-03
  6.598544943745e-03
  5.710893596252e-03
  7.601322881394e-03
  7.892008737719e-03
  1.086122813241e-02
  6.092205614383e-03
  6.261834731403e-03
  4.805508931843e-03
  5.846172981325e-03
  3.154370877065e-03
  5.368278943499e-03
  5.972097241898e-03
  5.715541164974e-03
  2.622503626748e-03
  4.739091832676e-03
  4.001988004747e-03
  2.006539663047e-03
  1.952627294572e-03
  3.035153740867e-03
  3.394884700799e-03
  1.727320761313e-03
  1.143110803869e-03
  8.659740243480e-04
  8.426921902312e-04
  7.162888901540e-04
  5.054823713924e-04
  7.872170160724e-04
  7.660527250984e-04
  7.454625959640e-04
  7.254309177731e-04
  7.363782701815e-04
  7.466937589136e-04
  1.610369421987e-03
  1.952519889173e-03
  1.897755990129e-03
  1.844579748550e-03
  1.792849195065e-03
  2.632531177602e-03
  1.000513854693e-03
  9.229534453960e-04
  2.873460054646e-03
  1.121819397463e-03
  9.107020886107e-04
  1.112150911997e-03
  2.072545708041e-03
  1.748914673882e-03
  4.930819039203e-04
  8.938471536129e-04
  8.749503734264e-04
  8.564138012397e-04
  9.125745417741e-04
  1.182128957180e-03
  7.087562296016e-04
  1.307224825049e-03
  1.081120178267e-03
  1.048199280909e-03
  7.383089964869e-04
  5.954392490247e-04
  5.571372269230e-04
  2.749354258885e-04
  5.912233014672e-04
  8.532784776817e-04
  5.692548982651e-04
  7.455117282209e-04
  4.700043114530e-04
  2.008566654298e-03
  5.050016179715e-04
  3.851383354652e-04
  5.140685189420e-04
  4.607677328045e-04
  2.362732814827e-04
  4.040351156517e-04
  5.824740462507e-04
  5.680260205367e-04
  5.209113283288e-04
  6.132131286185e-04
  2.224009030022e-03
  1.319606439445e-04
  7.800905535976e-06
  4.400127820873e-07
  6.687802829327e-08
  1.016486408635e-08
  1.544969531930e-09
  2.348216232476e-10
  3.569087116849e-11
  5.424686773582e-12
  9.722816600393e-13
  0.000000000000e+00
  0.000000000000e+00
  0.000000000000e+00
  0.000000000000e+00
  0.000000000000e+00
  0.000000000000e+00
  0.000000000000e+00
  0.000000000000e+00
  0.000000000000e+00
  0.000000000000e+00
  0.000000000000e+00
  0.000000000000e+00
  0.000000000000e+00
  0.000000000000e+00
  0.000000000000e+00
  0.000000000000e+00
  0.000000000000e+00
  0.000000000000e+00
  0.000000000000e+00
  0.000000000000e+00
  0.000000000000e+00
  0.000000000000e+00
  0.000000000000e+00
  0.000000000000e+00
  0.000000000000e+00
  0.000000000000e+00
  0.000000000000e+00
  0.000000000000e+00
  0.000000000000e+00
  0.000000000000e+00
  0.000000000000e+00
  0.000000000000e+00
  0.000000000000e+00
  0.000000000000e+00
  0.000000000000e+00
  0.000000000000e+00
  0.000000000000e+00
  0.000000000000e+00
  0.000000000000e+00
  0.000000000000e+00
  0.000000000000e+00
  0.000000000000e+00
  0.000000000000e+00
  0.000000000000e+00
  0.000000000000e+00
  0.000000000000e+00
  0.000000000000e+00
  0.000000000000e+00
  0.000000000000e+00
  0.000000000000e+00
  0.000000000000e+00
  0.000000000000e+00
  0.000000000000e+00
  0.000000000000e+00
  0.000000000000e+00
  0.000000000000e+00
  0.000000000000e+00
  0.000000000000e+00
  0.000000000000e+00
  0.000000000000e+00
  0.000000000000e+00
  0.000000000000e+00
  0.000000000000e+00
  0.000000000000e+00
  0.000000000000e+00
  0.000000000000e+00
  0.000000000000e+00
  0.000000000000e+00
  0.000000000000e+00
  0.000000000000e+00
  0.000000000000e+00
  4.188193245749e-09
  4.276126604222e-08
  1.316321877875e-07
  2.966370923298e-07
  5.923971421878e-07
  9.213539247608e-07
  6.321889044587e-05
  2.299343266489e-04
  1.752667109844e-04
  4.281645198069e-04
  7.199424050296e-04
  5.448484683130e-04
  6.698616639380e-04
  7.867687469245e-04
  1.625437843501e-03
  2.459611599343e-03
  2.725477550296e-03
  3.726972282391e-03
  3.180969071005e-03
  2.426965453172e-03
  3.601267104240e-03
  5.340145477193e-03
  8.436901757959e-03
  1.106579893526e-02
  1.039534955103e-02
  5.613829989505e-03
  6.944418749588e-03
  7.803088044883e-03
  6.506174218172e-03
  7.619721530122e-02
  5.128269548010e-02
  1.839335375504e-02
  7.107823804255e-02
  5.196203814582e-02
  6.230294332636e-02
  3.072359248102e-02
  6.912558997506e-02
  8.571391196051e-02
  1.868592998799e-02
  2.661955059711e-02
  2.941095077252e-02
  3.865918322593e-02
  2.183090312857e-02
  2.438143206733e-02
  1.303612288396e-02
  1.691611716268e-02
  1.307005791953e-02
  1.852855155656e-02
  1.345033286556e-02
  1.150827704498e-02
  6.279968318164e-03
  1.141787216223e-02
  6.403533463984e-03
  1.195587972140e-02
  9.894597481012e-03
  8.010029780049e-03
  7.368778250958e-03
  7.881854737845e-03
  4.056889782866e-03
  4.165832757946e-03
  3.154436986690e-03
  3.837548920631e-03
  2.070595005858e-03
  2.772368442317e-03
  2.658496253901e-03
  2.544289253082e-03
  1.167415030348e-03
  2.109620850170e-03
  2.462065967946e-03
  1.372985971595e-03
  1.336095732342e-03
  2.076820302908e-03
  2.322968847106e-03
  1.181928732938e-03
  1.157075691315e-03
  1.129150123314e-03
  1.098792876476e-03
  9.339744154022e-04
  6.591022875271e-04
  1.026458455504e-03
  9.988616124075e-04
  9.720146384108e-04
  9.458948437476e-04
  9.601689202709e-04
  9.736195243069e-04
  8.728398843491e-04
  8.899169771013e-04
  8.649565741458e-04
  8.407200300703e-04
  8.171425960301e-04
  1.199851434534e-03
  4.560129426028e-04
  4.206625636970e-04
  1.309661601407e-03
  5.113013170637e-04
  4.150786122556e-04
  5.068946877793e-04
  9.446220032093e-04
  7.971180473185e-04
  2.313207266995e-04
  4.541283084928e-04
  4.445276043580e-04
  4.351098572153e-04
  4.636429021982e-04
  6.005925750274e-04
  3.600909602072e-04
  6.641488235569e-04
  5.492743008873e-04
  5.325484014419e-04
  3.751054978784e-04
  3.025189991389e-04
  2.830592595809e-04
  1.396837896464e-04
  3.003771405583e-04
  4.335169249521e-04
  2.892157679009e-04
  3.787649697668e-04
  2.387905850915e-04
  1.020472784521e-03
  2.565712266159e-04
  1.956734992438e-04
  2.611778578875e-04
  2.340978433904e-04
  1.200410930962e-04
  2.052742033786e-04
  2.959319940125e-04
  2.885915226283e-04
  2.646543727838e-04
  3.115492493490e-04
  9.891481788737e-03
  5.869067721964e-04
  3.469522021031e-05
  1.956995094635e-06
  2.974457887987e-07
  4.520911548817e-08
  6.871385373137e-09
  1.044387798008e-09
  1.587381571634e-10
  2.412674774380e-11
  4.324309706094e-12
  0.000000000000e+00
  0.000000000000e+00
  0.000000000000e+00
  0.000000000000e+00
  0.000000000000e+00
  0.000000000000e+00
  0.000000000000e+00
  0.000000000000e+00
  0.000000000000e+00
  0.000000000000e+00
  0.000000000000e+00
  0.000000000000e+00
  0.000000000000e+00
  0.000000000000e+00
  0.000000000000e+00
  0.000000000000e+00
  0.000000000000e+00
  0.000000000000e+00
  0.000000000000e+00
  0.000000000000e+00
  0.000000000000e+00
  0.000000000000e+00
  0.000000000000e+00
  0.000000000000e+00
  0.000000000000e+00
  0.000000000000e+00
  0.000000000000e+00
  0.000000000000e+00
  0.000000000000e+00
  0.000000000000e+00
  0.000000000000e+00
  0.000000000000e+00
  0.000000000000e+00
  0.000000000000e+00
  0.000000000000e+00
  0.000000000000e+00
  0.000000000000e+00
  0.000000000000e+00
  0.000000000000e+00
  0.000000000000e+00
  0.000000000000e+00
  0.000000000000e+00
  0.000000000000e+00
  0.000000000000e+00
  0.000000000000e+00
  0.000000000000e+00
  0.000000000000e+00
  0.000000000000e+00
  0.000000000000e+00
  0.000000000000e+00
  0.000000000000e+00
  0.000000000000e+00
  0.000000000000e+00
  0.000000000000e+00
  0.000000000000e+00
  0.000000000000e+00
  0.000000000000e+00
  0.000000000000e+00
  1.063583991718e-06
  4.104832353808e-06
  7.181829903872e-06
  1.157498431928e-05
  1.764998119760e-05
  2.590257090026e-05
  1.836395052439e-05
  5.331512197402e-05
  7.643918489983e-05
  4.077745841404e-05
  9.656744257039e-05
  2.822402767154e-05
  1.373006253447e-04
  1.575768742541e-04
  2.440962160259e-04
  2.486299766100e-04
  3.388458531679e-04
  4.484300903537e-04
  3.369106633845e-04
  4.951428031943e-04
  8.832051050381e-04
  1.339707934872e-03
  9.906909157274e-04
  1.158017821469e-03
  1.215031257834e-03
  1.482474555467e-03
  1.287513923339e-03
  9.688011971190e-04
  1.650414178559e-03
  1.707018363790e-03
  2.005241868202e-03
  1.890273601928e-03
  2.186386506651e-03
  2.403899426858e-03
  2.974342757724e-03
  3.213226586674e-03
  3.376375189049e-03
  3.541549178767e-03
  3.344675036732e-03
  3.645173189092e-03
  3.931571886293e-03
  4.736230336992e-03
  4.702163947945e-02
  6.524929662322e-02
  3.103189622666e-02
  1.111123206354e-01
  4.309452124254e-02
  4.190360623817e-02
  2.182668465891e-02
  6.185158472630e-02
  6.717637094507e-02
  2.272144907963e-02
  3.078531372305e-02
  4.498090232129e-02
  3.490320327487e-02
  2.814854808201e-02
  3.249049973154e-02
  1.871111258089e-02
  2.648869272324e-02
  1.821002920184e-02
  2.200935210576e-02
  1.695785985275e-02
  1.415413597980e-02
  7.681290190600e-03
  1.386626896372e-02
  6.721938289149e-03
  1.157265402245e-02
  8.286170323366e-03
  6.251861770132e-03
  5.613654914675e-03
  6.124043250108e-03
  3.176908157036e-03
  3.335672091450e-03
  3.304728995764e-03
  4.020388077597e-03
  2.169247811127e-03
  2.995514837657e-03
  2.938041718361e-03
  2.811825422325e-03
  1.290170577658e-03
  2.331450962227e-03
  2.579467583844e-03
  1.417614627098e-03
  1.379525867482e-03
  2.144327547291e-03
  2.398477139165e-03
  1.220347464851e-03
  1.199137126313e-03
  1.172223936981e-03
  1.140708701252e-03
  9.696028887888e-04
  6.842452893743e-04
  1.065614596143e-03
  1.036965277707e-03
  1.009093884232e-03
  9.819778083601e-04
  9.967966412213e-04
  1.010760452237e-03
  8.988621491463e-04
  9.140473371307e-04
  8.884100142957e-04
  8.635164155477e-04
  8.392992984908e-04
  1.232385592766e-03
  4.683777790040e-04
  4.320688560500e-04
  1.345173118576e-03
  5.251653156988e-04
  4.263334854424e-04
  5.206391488680e-04
  9.702358947927e-04
  8.187318204455e-04
  2.365226933684e-04
  4.588454737569e-04
  4.491450625197e-04
  4.396295099041e-04
  4.684588756523e-04
  6.068313216025e-04
  3.638312725670e-04
  6.710478098034e-04
  5.549797245812e-04
  5.380801453361e-04
  3.790017947529e-04
  3.056613829256e-04
  2.859994744585e-04
  1.411347172048e-04
  3.034972211902e-04
  4.380199820007e-04
  2.922199757664e-04
  3.826992570204e-04
  2.412709340089e-04
  1.031072872918e-03
  2.592363052308e-04
  1.977060348159e-04
  2.638908122900e-04
  2.365294755756e-04
  1.212879501162e-04
  2.074064460530e-04
  2.990058928766e-04
  2.915892304982e-04
  2.674034159359e-04
  3.147854224872e-04
  6.925479862556e-03
  4.109204268901e-04
  2.429170394570e-05
  1.370182072814e-06
  2.082554392704e-07
  3.165297829882e-08
  4.810973158549e-09
  7.312262761880e-10
  1.111395074317e-10
  1.689221736201e-11
  3.027646848467e-12
  0.000000000000e+00
  0.000000000000e+00
  0.000000000000e+00
  0.000000000000e+00
  0.000000000000e+00
  0.000000000000e+00
  0.000000000000e+00
  0.000000000000e+00
  0.000000000000e+00
  0.000000000000e+00
  0.000000000000e+00
  0.000000000000e+00
  0.000000000000e+00
  0.000000000000e+00
  0.000000000000e+00
  0.000000000000e+00
  0.000000000000e+00
  0.000000000000e+00
  0.000000000000e+00
  0.000000000000e+00
  0.000000000000e+00
  0.000000000000e+00
  0.000000000000e+00
  0.000000000000e+00
  0.000000000000e+00
  0.000000000000e+00
  0.000000000000e+00
  0.000000000000e+00
  0.000000000000e+00
  0.000000000000e+00
  0.000000000000e+00
  0.000000000000e+00
  0.000000000000e+00
  0.000000000000e+00
  0.000000000000e+00
  0.000000000000e+00
  0.000000000000e+00
  0.000000000000e+00
  0.000000000000e+00
  0.000000000000e+00
  0.000000000000e+00
  0.000000000000e+00
  0.000000000000e+00
  0.000000000000e+00
  0.000000000000e+00
  0.000000000000e+00
  0.000000000000e+00
  0.000000000000e+00
  0.000000000000e+00
  0.000000000000e+00
  0.000000000000e+00
  0.000000000000e+00
  0.000000000000e+00
  0.000000000000e+00
  0.000000000000e+00
  0.000000000000e+00
  0.000000000000e+00
  0.000000000000e+00
  5.968815493606e-05
  1.678091870089e-04
  1.945625190795e-04
  2.523893934722e-04
  1.666847037448e-04
  1.980099381686e-04
  2.916200092161e-04
  4.208690096427e-04
  5.428601768107e-04
  7.514223095724e-04
  7.978859383984e-04
  8.216859021626e-04
  9.003149283847e-04
  1.020057542694e-03
  1.165821009471e-03
  1.330197540225e-03
  1.753653019087e-03
  2.548542179725e-03
  1.758170549741e-03
  1.814776323162e-03
  2.054222511712e-03
  2.480637538070e-03
  2.674417963048e-03
  3.204075357257e-03
  2.738360942583e-03
  4.170960842814e-03
  4.351150152847e-03
  5.697461158447e-03
  6.232325618838e-03
  6.852793833571e-03
  5.534811439760e-03
  5.007620550584e-03
  5.549504467121e-03
  6.240074167668e-03
  6.589319904430e-03
  7.873929502679e-03
  8.302636000117e-03
  8.136159837563e-03
  7.827308937946e-03
  7.666949914708e-03
  9.194075905623e-03
  1.100157164370e-02
  7.137894926864e-02
  5.077137728076e-02
  2.464326545457e-02
  8.941696078260e-02
  4.672692953101e-02
  5.154261255472e-02
  2.267633369357e-02
  5.668509456812e-02
  5.386996947362e-02
  2.172275027132e-02
  2.865861671833e-02
  3.928958951722e-02
  3.018722933439e-02
  2.367193819161e-02
  2.856024091486e-02
  1.649192394242e-02
  2.442220041647e-02
  1.812567327460e-02
  1.977207572588e-02
  1.327602797614e-02
  1.033916508710e-02
  5.429747115832e-03
  9.444035765783e-03
  4.508448020991e-03
  8.044578557396e-03
  6.164959523302e-03
  5.065288679265e-03
  4.682287502553e-03
  5.405325096396e-03
  2.864519831044e-03
  2.989644545487e-03
  2.774934506731e-03
  3.375862003394e-03
  1.821486561278e-03
  2.227121929092e-03
  1.983205781893e-03
  1.898008457939e-03
  8.708774235047e-04
  1.573751467974e-03
  1.928894064987e-03
  1.089243267414e-03
  1.059977176877e-03
  1.647622776626e-03
  1.842901719757e-03
  9.376700695469e-04
  9.136948132866e-04
  8.897035273291e-04
  8.657841164659e-04
  7.359169385199e-04
  5.193337520743e-04
  8.087884594401e-04
  7.870441750803e-04
  7.658901455413e-04
  7.453093069518e-04
  7.565567250285e-04
  7.671549403654e-04
  7.310888971167e-04
  7.597013896738e-04
  7.383935267496e-04
  7.177033242577e-04
  6.975754538881e-04
  1.024285504623e-03
  3.892876620233e-04
  3.591099470899e-04
  1.118027691402e-03
  4.364860714891e-04
  3.543429219537e-04
  4.327242634985e-04
  8.064021028935e-04
  6.804813330004e-04
  1.973590807504e-04
  3.868692460821e-04
  3.786904808604e-04
  3.706676173720e-04
  3.949748434920e-04
  5.116415657281e-04
  3.067592826662e-04
  5.657847122686e-04
  4.679236689200e-04
  4.536748192995e-04
  3.195502054648e-04
  2.577142003650e-04
  2.411365718363e-04
  1.189958113965e-04
  2.558895554363e-04
  3.693105225168e-04
  2.463812819514e-04
  3.226677230422e-04
  2.034243303857e-04
  8.693349529568e-04
  2.185715669757e-04
  1.666931581174e-04
  2.224959212677e-04
  1.994266273016e-04
  1.022623069889e-04
  1.748719233390e-04
  2.521027462888e-04
  2.458494579626e-04
  2.254575112575e-04
  2.654070589243e-04
  4.412311204274e-03
  2.618027039279e-04
  1.547657706238e-05
  8.729615426946e-07
  1.326823806035e-07
  2.016654072158e-08
  3.065136663369e-09
  4.658721262117e-10
  7.080860229770e-11
  1.076228704484e-11
  1.928954305624e-12
  0.000000000000e+00
  0.000000000000e+00
  0.000000000000e+00
  0.000000000000e+00
  0.000000000000e+00
  0.000000000000e+00
  0.000000000000e+00
  0.000000000000e+00
  0.000000000000e+00
  0.000000000000e+00
  0.000000000000e+00
  0.000000000000e+00
  0.000000000000e+00
  0.000000000000e+00
  0.000000000000e+00
  0.000000000000e+00
  0.000000000000e+00
  0.000000000000e+00
  0.000000000000e+00
  0.000000000000e+00
  0.000000000000e+00
  0.000000000000e+00
  0.000000000000e+00
  0.000000000000e+00
  0.000000000000e+00
  0.000000000000e+00
  0.000000000000e+00
  0.000000000000e+00
  0.000000000000e+00
  0.000000000000e+00
  0.000000000000e+00
  0.000000000000e+00
  0.000000000000e+00
  0.000000000000e+00
  0.000000000000e+00
  0.000000000000e+00
  0.000000000000e+00
  0.000000000000e+00
  0.000000000000e+00
  0.000000000000e+00
  0.000000000000e+00
  0.000000000000e+00
  0.000000000000e+00
  0.000000000000e+00
  0.000000000000e+00
  0.000000000000e+00
  0.000000000000e+00
  0.000000000000e+00
  0.000000000000e+00
  0.000000000000e+00
  0.000000000000e+00
  0.000000000000e+00
  0.000000000000e+00
  0.000000000000e+00
  0.000000000000e+00
  0.000000000000e+00
  0.000000000000e+00
  0.000000000000e+00
  1.700627164002e-04
  4.505307138486e-04
  5.219138159464e-04
  5.331418008490e-04
  7.173435499538e-04
  5.950231021673e-04
  6.943967089540e-04
  8.706928715241e-04
  9.032919151277e-04
  1.037220798217e-03
  1.234443309357e-03
  1.202211914657e-03
  1.325653029453e-03
  1.551484048584e-03
  1.680668810401e-03
  1.703769521611e-03
  1.952435132163e-03
  2.132581203063e-03
  2.000297596113e-03
  2.098501473995e-03
  2.199983922460e-03
  2.424574520676e-03
  2.967467719965e-03
  3.148280351570e-03
  3.037027775381e-03
  3.489807895129e-03
  3.445052474314e-03
  4.091804912321e-03
  4.299573839007e-03
  4.717413439372e-03
  4.459398321712e-03
  4.550876684060e-03
  4.745192687830e-03
  5.206376391263e-03
  5.444860712710e-03
  5.780920188271e-03
  5.984500566041e-03
  5.588640442322e-03
  5.611743045379e-03
  6.153248890314e-03
  7.068683939725e-03
  7.740100385052e-03
  5.387057224204e-02
  4.420807168534e-02
  2.219075810205e-02
  8.039964416157e-02
  4.539699022283e-02
  4.596603252922e-02
  2.223220846643e-02
  5.930993461721e-02
  5.591859104421e-02
  2.227090934672e-02
  2.937436543146e-02
  4.040904772954e-02
  3.623337598534e-02
  2.705403419441e-02
  3.503673871272e-02
  2.022656072744e-02
  2.879878364115e-02
  1.916984444748e-02
  2.159883706116e-02
  1.513476845466e-02
  1.215347637918e-02
  6.590595323500e-03
  1.202370199176e-02
  5.924375781457e-03
  1.038446714973e-02
  7.700258090494e-03
  6.493102149415e-03
  6.051635273802e-03
  7.239473566745e-03
  3.885196318368e-03
  4.023912835207e-03
  3.411590117934e-03
  4.150390364189e-03
  2.239391722859e-03
  2.818261542986e-03
  2.572815225149e-03
  2.462288487533e-03
  1.129790125579e-03
  2.041629404753e-03
  2.241183932437e-03
  1.228962629046e-03
  1.195942334212e-03
  1.858966546934e-03
  2.079294183592e-03
  1.057946611021e-03
  9.368942681747e-04
  8.692790313152e-04
  8.459084166220e-04
  7.190228793367e-04
  5.074116747706e-04
  7.902212741209e-04
  7.689764646660e-04
  7.483080378832e-04
  7.281995977667e-04
  7.391887054742e-04
  7.495434138731e-04
  7.538366449802e-04
  7.956161907075e-04
  7.733005959383e-04
  7.516326434057e-04
  7.305530552420e-04
  1.072708061338e-03
  4.076910402110e-04
  3.760865404939e-04
  1.170881669671e-03
  4.571207100873e-04
  3.710943350390e-04
  4.531810020939e-04
  8.445242153470e-04
  7.126505085468e-04
  2.408684268409e-04
  6.477361983664e-04
  6.340423802860e-04
  6.206098262548e-04
  6.613070464019e-04
  8.566427556211e-04
  5.136081038040e-04
  9.472950115135e-04
  7.834459399529e-04
  7.595891206206e-04
  5.350238100905e-04
  4.314916086305e-04
  4.037356929504e-04
  1.992349947516e-04
  4.284366543450e-04
  6.183377812554e-04
  4.125168892666e-04
  5.402434155361e-04
  3.405939171407e-04
  1.455530207216e-03
  3.659550069612e-04
  2.790948319467e-04
  3.725255802389e-04
  3.339005630028e-04
  1.712180672685e-04
  2.927885869656e-04
  4.220963818899e-04
  4.116264600182e-04
  3.774841738815e-04
  4.443717433828e-04
  2.948904288105e-03
  1.749719959016e-04
  1.034353389016e-05
  5.834305583777e-07
  8.867622186264e-08
  1.347800249853e-08
  2.048535906969e-09
  3.113595231512e-10
  4.732385515304e-11
  7.192801705076e-12
  1.289186420282e-12
  0.000000000000e+00
  0.000000000000e+00
  0.000000000000e+00
  0.000000000000e+00
  0.000000000000e+00
  0.000000000000e+00
  0.000000000000e+00
  0.000000000000e+00
  0.000000000000e+00
  0.000000000000e+00
  0.000000000000e+00
  0.000000000000e+00
  0.000000000000e+00
  0.000000000000e+00
  0.000000000000e+00
  0.000000000000e+00
  0.000000000000e+00
  0.000000000000e+00
  0.000000000000e+00
  0.000000000000e+00
  0.000000000000e+00
  0.000000000000e+00
  0.000000000000e+00
  0.000000000000e+00
  0.000000000000e+00
  0.000000000000e+00
  0.000000000000e+00
  0.000000000000e+00
  0.000000000000e+00
  0.000000000000e+00
  0.000000000000e+00
  0.000000000000e+00
  0.000000000000e+00
  0.000000000000e+00
  0.000000000000e+00
  0.000000000000e+00
  0.000000000000e+00
  0.000000000000e+00
  0.000000000000e+00
  0.000000000000e+00
  0.000000000000e+00
  0.000000000000e+00
  0.000000000000e+00
  0.000000000000e+00
  0.000000000000e+00
  0.000000000000e+00
  0.000000000000e+00
  0.000000000000e+00
  0.000000000000e+00
  0.000000000000e+00
  0.000000000000e+00
  0.000000000000e+00
  0.000000000000e+00
  0.000000000000e+00
  0.000000000000e+00
  0.000000000000e+00
  0.000000000000e+00
  0.000000000000e+00
  3.225135731490e-04
  9.243173719351e-04
  1.000011898341e-03
  1.074966811394e-03
  1.436514446415e-03
  1.213040264658e-03
  1.512198434873e-03
  1.500104484491e-03
  1.597939689602e-03
  1.592475011266e-03
  1.731378704227e-03
  1.801833913824e-03
  1.873227000722e-03
  2.123972938221e-03
  2.248310177302e-03
  2.085649435076e-03
  2.457607357598e-03
  2.659270547854e-03
  2.870187561178e-03
  2.733629314181e-03
  2.681964769873e-03
  2.796551396946e-03
  3.446593702862e-03
  3.565875738126e-03
  3.507847779127e-03
  3.698805920443e-03
  4.127753061455e-03
  4.004916727140e-03
  4.224220441019e-03
  4.382709661573e-03
  4.418758473543e-03
  4.694115034030e-03
  5.164891803764e-03
  5.058866506085e-03
  5.240393184652e-03
  5.309597389373e-03
  5.772497796282e-03
  5.492981757491e-03
  5.439647701261e-03
  6.166181955101e-03
  6.942931032798e-03
  7.232670385800e-03
  5.254620918801e-02
  4.906149069758e-02
  2.300727432125e-02
  8.092059550906e-02
  4.446131544120e-02
  3.917764892906e-02
  2.040450674089e-02
  5.555810504152e-02
  5.130562182610e-02
  2.171006807442e-02
  3.019079722670e-02
  3.757922298846e-02
  3.560745263258e-02
  2.547777560996e-02
  3.301245302473e-02
  1.910383802570e-02
  2.601990783107e-02
  1.761301958029e-02
  2.087716378149e-02
  1.376533655256e-02
  1.096561172808e-02
  5.888556725123e-03
  1.062048944083e-02
  5.842691062620e-03
  1.064693667748e-02
  8.465554508299e-03
  7.195346482218e-03
  6.722632235619e-03
  7.925145994271e-03
  4.231475064959e-03
  4.330218641120e-03
  3.121029845623e-03
  3.796906681824e-03
  2.048665756646e-03
  2.593548381974e-03
  2.379403745963e-03
  2.277185658067e-03
  1.044858240264e-03
  1.888150239387e-03
  2.529670356855e-03
  1.458715341961e-03
  1.419522006545e-03
  2.206497108211e-03
  2.468015838596e-03
  1.255728434994e-03
  9.847169712240e-04
  8.495394963944e-04
  8.266997001627e-04
  7.026951591291e-04
  4.958894506365e-04
  7.722772245289e-04
  7.515144576914e-04
  7.313153204874e-04
  7.116637049117e-04
  7.224032279933e-04
  7.325229692372e-04
  8.828735826221e-04
  9.748144622347e-04
  9.474730054988e-04
  9.209243034769e-04
  8.950971497545e-04
  1.314316561158e-03
  4.995161604384e-04
  4.607934196360e-04
  1.434602260623e-03
  5.600790979090e-04
  4.546767434514e-04
  5.552519653782e-04
  1.034738348478e-03
  8.731625631877e-04
  3.527109641198e-04
  1.202365474681e-03
  1.176946290057e-03
  1.152011700463e-03
  1.227556588018e-03
  1.590150641196e-03
  9.533890090601e-04
  1.758423593020e-03
  1.454277210225e-03
  1.409993143056e-03
  9.931419094729e-04
  8.009595597757e-04
  7.494372777551e-04
  3.698315153187e-04
  7.952886387580e-04
  1.147794112907e-03
  7.657375250351e-04
  1.002830949760e-03
  6.322300137534e-04
  2.701839338303e-03
  6.793067874742e-04
  5.180718295047e-04
  6.915034075702e-04
  6.198054729136e-04
  3.178247888108e-04
  5.434910141281e-04
  7.835195582343e-04
  7.640847232869e-04
  7.007078528282e-04
  8.248683554804e-04
  2.236965324425e-03
  1.327294946395e-04
  7.846353763013e-06
  4.425764703013e-07
  6.726769132608e-08
  1.022409702958e-08
  1.553970857597e-09
  2.361900215654e-10
  3.589872149335e-11
  5.456293141583e-12
  9.779470928548e-13
