411
 -1.914324436006e-02
 -1.683704627826e-02
 -1.430166873678e-02
 -1.185590823820e-02
 -9.295898795868e-03
 -6.734323619284e-03
 -4.219807703082e-03
 -1.884991309043e-03
  5.879477675453e-04
  2.944330949052e-03
  4.994689901382e-03
  6.847750469257e-03
  8.519414697306e-03
  9.866701260971e-03
  1.090856781742e-02
  1.151620508511e-02
  1.168861030977e-02
  1.153646150503e-02
  1.134831961546e-02
  1.117191591000e-02
  1.102039646906e-02
  1.087406619924e-02
  1.072921784635e-02
  1.054255251089e-02
  1.034138431103e-02
  1.014456882548e-02
  9.955799729037e-03
  9.790511028353e-03
  9.630759007908e-03
  9.473441422631e-03
  9.332597227214e-03
  9.233833491447e-03
  9.139173676973e-03
  9.046002609058e-03
  8.936064711886e-03
  8.760776788876e-03
  8.581786031116e-03
  8.402066796920e-03
  8.229194756508e-03
  8.061950503792e-03
  7.897835398634e-03
  7.734788186521e-03
  7.574311921403e-03
  7.409443812206e-03
  7.230108215955e-03
  7.050990167685e-03
  6.870542708600e-03
  6.692089273985e-03
  6.507292085675e-03
  6.311762374174e-03
  6.117688551266e-03
  5.926957040208e-03
  5.735099326500e-03
  5.580987836069e-03
  5.517939516312e-03
  5.443729178279e-03
  5.262564913042e-03
  5.059260408676e-03
  4.850762476379e-03
  4.634373831886e-03
  4.450817347426e-03
  4.311467603445e-03
  4.166012590548e-03
  4.008888846499e-03
  3.833215225524e-03
  3.653933131047e-03
  3.487959741420e-03
  3.327537458966e-03
  3.174498589411e-03
  3.021791341810e-03
  2.876897290552e-03
  2.763583030572e-03
  2.636124468484e-03
  2.544688461857e-03
  2.450328253393e-03
  2.392270721298e-03
  2.318613911116e-03
  2.280449885390e-03
  2.226115519491e-03
  2.155295495127e-03
  2.094874883143e-03
  2.009901909112e-03
  1.965338721392e-03
  1.843518589872e-03
  1.845718318322e-03
  1.785819645867e-03
  1.723832331676e-03
  1.697248719564e-03
  1.637192956122e-03
  1.629646649316e-03
  1.584895594569e-03
  1.550707821660e-03
  1.573629791102e-03
  1.562221066549e-03
  1.534707200531e-03
  1.542187768215e-03
  1.495292921841e-03
  1.457863271119e-03
  1.374123278303e-03
  1.274839899253e-03
  1.275518358268e-03
  1.245493150108e-03
  1.176109988612e-03
  1.190553168130e-03
  1.166242825792e-03
  1.119592270363e-03
  9.720715218302e-04
  1.108669523902e-03
  1.072843904777e-03
  1.085029959892e-03
  1.059534446006e-03
  1.067469204446e-03
  1.065827073595e-03
  1.069889930372e-03
  1.043304192103e-03
  1.028775370023e-03
  9.940263888699e-04
  9.923570781863e-04
  9.003374632532e-04
  8.239818889624e-04
  7.090976956434e-04
  5.734392726306e-04
  5.656824669305e-04
  6.464009279697e-04
  6.412363934162e-04
  6.160443486751e-04
  5.650669465129e-04
  5.626831117327e-04
  5.279981779656e-04
  4.923373290166e-04
  4.990052382104e-04
 -1.623355506782e-04
  1.126524301959e-04
 -1.539015624849e-04
 -8.410311574097e-05
 -8.159553704501e-05
  1.447783110803e-04
  2.566466935657e-04
  1.764542411565e-04
  2.422784632618e-04
  3.142966175274e-04
  3.189387672883e-04
  4.078057181286e-04
  4.783076292891e-05
  6.918568585773e-05
 -1.116482283363e-03
 -2.015963609205e-04
  2.073565753095e-04
 -9.420862334061e-05
  4.354469731705e-04
 -4.361439440654e-04
 -2.695573555465e-04
 -1.753982185401e-03
 -2.430173043532e-04
  9.118804253622e-05
 -3.579697653594e-04
 -5.023142792257e-05
 -1.786236749782e-04
  1.061197453622e-05
 -1.527887230236e-04
 -6.522514699863e-04
 -1.413145100456e-04
 -1.086965267675e-03
 -5.073802068590e-04
 -2.945918990763e-04
  3.702125591171e-06
 -1.715113777748e-04
 -1.315081136357e-04
 -3.918050047805e-04
 -8.078014311317e-04
 -1.584692553452e-03
 -1.969462730593e-04
 -2.369687301061e-04
 -2.950707644952e-04
 -1.400909415495e-03
  3.453934886259e-04
  2.566166953597e-04
  7.905567757660e-05
 -2.843178750669e-04
 -9.506934987518e-04
 -1.073543027285e-03
 -3.261753158843e-04
  3.738474191500e-04
  9.662025769358e-05
 -1.707212459639e-03
 -7.827060748830e-04
 -5.589197606773e-04
 -1.522597614355e-04
 -1.071086095344e-04
  2.151905196290e-04
 -1.539528597643e-04
 -1.374736814161e-03
 -1.809335546420e-04
 -3.313284081258e-04
 -1.091061189176e-03
 -5.026126342700e-04
 -5.211566349982e-04
 -2.706368118810e-05
 -8.461981031826e-05
 -1.235401371241e-03
 -4.135737433741e-04
 -1.564213643012e-04
  6.284821693287e-04
  5.998764633980e-04
  3.859054508336e-04
  6.145643928254e-04
  4.921825272587e-04
  3.675397162386e-04
  3.816101963343e-04
  3.473269043311e-04
  3.706197235968e-04
  3.754418579049e-04
  3.388598609951e-04
  3.902122858557e-04
  3.567264346630e-04
  2.896063578506e-04
  2.199536327466e-04
  2.824332649759e-04
  3.731101839074e-04
  5.664529942359e-04
  3.556022241485e-04
  3.090329663436e-04
  2.182369455453e-04
  4.926770449535e-04
  2.392330829992e-04
  3.859660124697e-04
  4.719797101599e-04
  5.904775038759e-04
  3.958955165343e-04
  3.100469080156e-04
  5.636157635995e-04
  2.596971692482e-04
  3.910634734557e-04
  4.721706689996e-04
  7.018804886954e-04
  2.720233881385e-04
  2.497563198373e-04
  1.821533293780e-04
  9.283675593567e-04
  2.623740463076e-04
  1.185637014393e-04
  5.941467837160e-04
  2.250371514043e-04
  1.107547736742e-03
  4.916927092870e-04
  4.761901466654e-05
  6.107679979284e-05
  4.310407185460e-04
  3.937139775004e-05
  1.272342859691e-03
  1.091251827341e-04
  9.802618090874e-04
  1.383464437256e-04
  1.638632230751e-03
  1.844481691392e-03
  4.330251358134e-04
  7.219060103758e-05
  7.082459052457e-04
  3.393811807646e-04
  1.541426020144e-03
 -2.033580119906e-05
  5.659811398879e-04
  3.874845700604e-04
  3.958301600231e-03
  2.686660388030e-04
  7.855255696787e-05
  3.320574496218e-05
  3.942329019482e-05
  9.821528787118e-06
  1.158022600815e-03
  2.483647198570e-05
  2.829180758740e-05
  3.214400766510e-05
  1.564805185110e-03
  2.921891473850e-05
  2.961818057995e-05
  4.751783118667e-05
  2.253208879014e-04
  3.316014026331e-04
  2.219358747876e-03
  2.016114270071e-03
  1.158177579972e-04
  3.781884888177e-05
  2.639145862093e-05
  2.451583345447e-05
  5.720331178105e-05
  2.404126760859e-03
  2.819769942769e-05
  2.091562441986e-05
  2.003636326231e-05
  1.063877684909e-05
  2.010845596945e-05
  7.019123697050e-05
  3.710276437291e-05
  2.675722398937e-05
  1.693061013759e-04
  5.729284875278e-04
  5.089208205680e-03
  3.564489008590e-05
  3.604528250101e-05
  2.435861496900e-03
  4.406210759988e-05
  4.253208697735e-05
  2.042630309241e-04
  2.537692392525e-04
  1.071343235583e-02
  5.592837911006e-05
  9.305067805410e-05
  8.805285116531e-05
  1.092760865795e-04
  1.321408642602e-04
  2.099492111396e-04
  1.946911887645e-04
  2.988050592574e-04
  1.471775287120e-03
  4.863519522764e-04
  6.062020145605e-04
  9.913613611063e-04
  1.600997811342e-03
  2.699285759876e-03
  4.362125220243e-03
  3.288024962480e-03
  2.752346322186e-03
  1.627841365613e-03
  1.043319768013e-03
  7.109945847539e-04
  5.565081976543e-04
  3.915088706580e-04
  3.417568810520e-04
  3.618002768132e-04
  2.410187140180e-04
  1.991815009338e-04
  1.564625044277e-04
  1.562415939800e-04
  7.862125491677e-04
  1.085495289966e-02
  1.227232161350e-04
  1.082252943900e-04
  9.619754783401e-05
  9.347585449000e-05
  8.689132232000e-05
  7.287227485330e-04
  7.492037106999e-05
  6.518625590407e-05
  4.172195249800e-04
  7.063656116002e-05
  5.684723489000e-05
  5.605604337999e-05
  5.696446672002e-05
  5.663008854001e-05
  5.586467818999e-05
  5.503735582998e-05
  5.445712404459e-05
  5.413128242998e-05
  5.912635710997e-05
  8.361547717213e-04
  8.370907098290e-04
  5.074385442402e-05
  4.890574990599e-05
  4.740009443230e-05
  4.704877726197e-05
  4.620966400198e-05
  4.721470664798e-05
  4.584357215570e-05
  4.616703723792e-05
  4.652888409806e-05
  4.724733585826e-05
  4.841648334092e-05
  4.915920793791e-05
  4.994084417903e-05
  5.046760069599e-05
  5.390527021204e-05
  6.798217252283e-04
  3.886846285079e-03
  8.342035150843e-05
  2.525067961920e-03
  7.156924381002e-05
  6.059298607003e-05
  5.941399780002e-05
  5.909899462347e-05
  5.927251615007e-05
  6.031401202977e-05
  4.536907633120e-04
  7.029411936516e-05
  7.349802434997e-05
  7.393511791004e-05
  7.833224080006e-05
  8.351323387001e-05
  8.846918856154e-05
  9.815116230000e-05
  1.342909354000e-04
  6.822591594600e-03
  1.503786249543e-03
  1.351880064000e-04
  1.141253390000e-04
  1.153553009000e-04
  1.217498496001e-04
  1.332597493000e-04
  1.473093858000e-04
  1.611163455000e-04
  7.627637398400e-04
  5.103540645710e-03
  3.009093519470e-03
  8.299468701430e-03
  2.153027933511e-02
  5.523431497430e-02
  1.411996409416e-01
  3.593502242361e-01
  9.079556190810e-01
  2.291480748751e+00
  5.835933914460e+00
