411
  2.192522283010e-01
  2.210064984010e-01
  2.225862982470e-01
  2.241922885480e-01
  2.257790141340e-01
  2.273493943970e-01
  2.288874132500e-01
  2.301822707240e-01
  2.314097072690e-01
  2.326916913330e-01
  2.346883358260e-01
  2.368286148530e-01
  2.389942198350e-01
  2.413067016730e-01
  2.436455417110e-01
  2.459435458360e-01
  2.479353380430e-01
  2.497113144660e-01
  2.514610881370e-01
  2.532107779670e-01
  2.549928764500e-01
  2.567548702240e-01
  2.584892288430e-01
  2.600786941020e-01
  2.616022846670e-01
  2.631125647390e-01
  2.646512219080e-01
  2.663849278750e-01
  2.681235927220e-01
  2.698397428590e-01
  2.715018454940e-01
  2.730507495900e-01
  2.745734587230e-01
  2.760763604890e-01
  2.771002245580e-01
  2.763873127280e-01
  2.755198133720e-01
  2.768088179590e-01
  2.828315400800e-01
  2.888913061640e-01
  2.906927985820e-01
  2.847455955630e-01
  2.882261017970e-01
  2.919805843640e-01
  2.951653239550e-01
  2.946501770870e-01
  2.934482005800e-01
  3.008589367740e-01
  2.979483843880e-01
  3.033359590290e-01
  2.995216458320e-01
  3.029485245240e-01
  3.021489451160e-01
  3.001531462550e-01
  3.075936656990e-01
  3.057402310110e-01
  3.042571094460e-01
  3.107755262380e-01
  3.117257780580e-01
  3.082752870040e-01
  3.153132861090e-01
  3.036876166360e-01
  3.053501051750e-01
  3.073674573140e-01
  3.129701581740e-01
  3.138768366120e-01
  3.063215713120e-01
  3.122413106550e-01
  3.081799994250e-01
  3.158017898710e-01
  3.117842752180e-01
  3.136134415580e-01
  3.119035274230e-01
  3.131880427870e-01
  3.158076323270e-01
  3.102372358230e-01
  3.150792188310e-01
  3.128254934220e-01
  3.094198842460e-01
  3.119126380370e-01
  3.151151508800e-01
  3.203543932760e-01
  3.097882513830e-01
  3.106229393920e-01
  3.162674855160e-01
  3.221355586180e-01
  3.215195155940e-01
  2.920117343860e-01
  3.078559258670e-01
  3.218610778920e-01
  3.178322770130e-01
  2.940078975360e-01
  3.200620753790e-01
  3.172704392590e-01
  3.194881428400e-01
  2.957691801080e-01
  3.072660112220e-01
  3.045419182040e-01
  3.136472636540e-01
  3.074002372160e-01
  2.934697974090e-01
  2.989898534140e-01
  2.939687034720e-01
  2.913420725920e-01
  2.739138111110e-01
  2.885564624440e-01
  2.926763299070e-01
  2.967345172390e-01
  2.890938987940e-01
  2.697163823270e-01
  2.941517290140e-01
  2.809787650050e-01
  2.922550164390e-01
  3.185603698730e-01
  2.894916094640e-01
  2.949015076830e-01
  2.952891433980e-01
  2.659536347210e-01
  2.923924818960e-01
  2.692837833400e-01
  2.854427857240e-01
  2.927331906570e-01
  2.641527846170e-01
  2.861749194690e-01
  3.003882129750e-01
  2.888788886170e-01
  2.647715089130e-01
  2.741444945990e-01
  3.269830835700e-01
  3.446467566480e-01
  3.041944120180e-01
  2.920338035990e-01
  3.116135480840e-01
  2.585606171890e-01
  2.801174870740e-01
  2.355625566820e-01
  2.859456717700e-01
  2.548446728210e-01
  2.429497266400e-01
  2.322470102710e-01
  2.741527719890e-01
  2.475240615420e-01
  2.772076429220e-01
  2.671116601520e-01
  2.675242969780e-01
  2.639222346050e-01
  3.137045683810e-01
  2.717304744900e-01
  2.420705268300e-01
  2.464464808930e-01
  3.348496148200e-01
  1.927267612350e-01
  2.924347337520e-01
  2.449359268250e-01
  2.115349086360e-01
  2.026245839260e-01
  2.473027439000e-01
  2.597225491140e-01
  1.892988667970e-01
  2.290383184960e-01
  2.133370836370e-01
  2.884036355630e-01
  2.089037290440e-01
  2.825837430990e-01
  2.569733029260e-01
  1.927907624670e-01
  3.116121122430e-01
  3.070944044750e-01
  2.539223799470e-01
  1.613856546400e-01
  2.186504370930e-01
  3.133162428330e-01
  2.618710919030e-01
  2.285220115950e-01
  1.637082332610e-01
  2.547587607480e-01
  1.911423887580e-01
  2.341989109390e-01
  2.904023382500e-01
  1.836416295380e-01
  2.322405440430e-01
  2.862043917290e-01
  2.748466707550e-01
  1.794114729220e-01
  2.847342973730e-01
  1.987165973380e-01
  1.465575150380e-01
  2.093281587160e-01
  1.415248016560e-01
  2.028725732690e-01
  2.003772247870e-01
  2.200199714590e-01
  1.492489687150e-01
  1.657629842080e-01
  2.299605287250e-01
  2.804839070370e-01
  2.868371592300e-01
  2.126517952720e-01
  1.290250327940e-01
  2.789849251910e-01
  1.719013043480e-01
  2.063082775960e-01
  2.889625247380e-01
  2.850922315100e-01
  2.190582034840e-01
  2.727883604600e-01
  1.192370486280e-01
  1.657247919660e-01
  2.138752442980e-01
  2.307904429230e-01
  2.774463852000e-01
  2.580715549790e-01
  2.377238645400e-01
  3.330184047350e-01
  3.288190915150e-01
  4.159289025120e-01
  4.121664943310e-01
  2.095859347970e-01
  1.544945206120e-01
  1.840609234630e-01
  3.487958724560e-01
  5.967942540100e-02
  1.156536040510e-01
  3.352831785420e-01
  9.355407167690e-02
  1.961464460770e-01
  2.287975180110e-01
  2.336040306400e-01
  2.655659897640e-01
  2.570234733120e-01
  3.519815943320e-01
  5.637037742860e-01
  3.711788321030e-01
  1.642469341970e-01
  3.771686202340e-01
  1.544233764220e-01
  2.614776391210e-01
  4.375605877210e-01
  9.993242331630e-01
  8.334864345080e-02
  1.383524404130e-01
  3.348963049100e-01
  9.707654934530e-02
  1.597911217690e-01
  1.919352252340e-01
  1.769818553380e-01
  2.050084425180e-01
  2.447516666350e-01
  2.472836341790e-01
  2.562437247380e-01
  2.647636103720e-01
  3.096202383890e-01
  3.335242898710e-01
  3.516279868800e-01
  3.893096365200e-01
  4.960124331630e-01
  8.115211319550e-01
  1.831287720720e+00
  1.101133764340e-01
  1.454015417130e-01
  2.472373086360e-01
  3.928956395430e-01
  7.948900302510e-01
  5.738076114070e-01
  2.013931598770e-01
  1.490656179670e-01
  1.739248313310e-01
  1.993510044690e-01
  2.280230061250e-01
  2.688354205770e-01
  3.009105418690e-01
  3.248130055450e-01
  3.267569219360e-01
  3.332855897430e-01
  3.207437691820e-01
  3.284957593490e-01
  3.426251533420e-01
  3.855340747710e-01
  4.598757032160e-01
  5.608188201690e-01
  5.006491169240e-01
  3.561852214490e-01
  3.486389703100e-01
  3.631736807580e-01
  4.066206319170e-01
  3.731483421620e-01
  4.212690042020e-01
  3.868177552340e-01
  3.982940430470e-01
  4.126907606160e-01
  4.385538270840e-01
  5.035666505530e-01
  5.205488224890e-01
  4.839924898280e-01
  4.822256150230e-01
  4.930515622900e-01
  5.036247209020e-01
  5.225697655890e-01
  5.317143018060e-01
  5.493230225270e-01
  5.822800707960e-01
  6.112470947180e-01
  6.413433942090e-01
  6.717855062050e-01
  7.062286551220e-01
  7.579722133400e-01
  7.919900592990e-01
  8.318299700290e-01
  8.614268319560e-01
  9.114203284480e-01
  9.904850998390e-01
  1.090836058690e+00
  1.220747909490e+00
  1.391645716460e+00
  1.644496132310e+00
  1.951400753050e+00
  2.386242779370e+00
  3.073922128900e+00
  4.192671167150e+00
  5.947882708190e+00
  7.097511877580e+00
  4.973958907780e+00
  2.853614020770e+00
  1.270926052380e+00
  5.827860622190e-01
  2.788631025580e-01
  1.396361145260e-01
  7.457125880390e-02
  5.542898867150e-02
  4.530578258610e-02
  3.836905437240e-02
  4.186421426060e-02
  5.711901928650e-02
  7.359537265620e-02
  7.914867554000e-02
  9.539038943020e-02
  9.006292715060e-02
  9.670232001830e-02
  1.032831477990e-01
  1.113165905640e-01
  1.206731884730e-01
  1.329507325000e-01
  1.398351405500e-01
  1.503900362700e-01
  1.620921313020e-01
  1.705226484280e-01
  1.767360172860e-01
  1.827922449730e-01
  1.886659990300e-01
  1.943892242100e-01
  1.979507372970e-01
  2.007497237790e-01
  2.055240185160e-01
  2.109286961160e-01
  2.167681931810e-01
  2.290159174490e-01
  2.308555223230e-01
  2.384281252200e-01
  2.427110979610e-01
  2.467382357620e-01
  2.545722818190e-01
  2.617744583810e-01
  2.682031549470e-01
  2.746375503550e-01
  2.797715416780e-01
  2.828480204260e-01
  2.883074970670e-01
  2.962683166340e-01
  3.016349879630e-01
  3.050883096250e-01
  3.085034318170e-01
  3.119472536170e-01
  3.176517192000e-01
  3.310839623050e-01
  3.259805685640e-01
  3.529909896390e-01
  3.407705317670e-01
  3.465777821330e-01
  3.503559671400e-01
  3.541601104950e-01
  3.565442886130e-01
  3.623503896720e-01
  3.808154765110e-01
  3.985135109250e-01
  4.051180265210e-01
  4.096024607230e-01
  4.166455182500e-01
  4.231827904670e-01
  4.291623392650e-01
  4.356902073410e-01
  4.430785491240e-01
  5.300547372070e-01
  4.725956843450e-01
  4.638182955750e-01
  4.742523546010e-01
  4.867470483450e-01
  4.991906815300e-01
  5.189729789880e-01
  5.407670427310e-01
  5.605352308520e-01
  6.971441058540e-01
  7.669320072520e-01
  9.203957308930e-01
  9.592587154570e-01
  9.780035154270e-01
  1.013048087430e+00
  1.102431254140e+00
  1.341833665920e+00
  2.023063312180e+00
  4.067847904360e+00
  9.815986255310e+00
