599
  5.812750000000e+00
  5.764390000000e+00
  5.730442000000e+00
  5.721821000000e+00
  5.750570000000e+00
  5.808739000000e+00
  5.886807000000e+00
  5.983800000000e+00
  6.104633000000e+00
  6.252363000000e+00
  6.424720000000e+00
  6.612006000000e+00
  6.807172000000e+00
  7.002440000000e+00
  7.192268000000e+00
  7.377814000000e+00
  7.549900000000e+00
  7.694560000000e+00
  7.798049000000e+00
  7.863402000000e+00
  7.908477000000e+00
  7.937290000000e+00
  7.945219000000e+00
  7.916931000000e+00
  7.869412000000e+00
  7.807568000000e+00
  7.728060000000e+00
  7.638843000000e+00
  7.540597000000e+00
  7.431861000000e+00
  7.319988000000e+00
  7.210380000000e+00
  7.107142000000e+00
  7.011052000000e+00
  6.922094000000e+00
  6.840591000000e+00
  6.766540000000e+00
  6.706096000000e+00
  6.671294000000e+00
  6.654877000000e+00
  6.662915000000e+00
  6.692618000000e+00
  6.739685000000e+00
  6.804862000000e+00
  6.882996000000e+00
  6.971739000000e+00
  7.071622000000e+00
  7.183934000000e+00
  7.312624000000e+00
  7.446550000000e+00
  7.582937000000e+00
  7.722210000000e+00
  7.862477000000e+00
  8.006532000000e+00
  8.153618000000e+00
  8.303447000000e+00
  8.456628000000e+00
  8.612476000000e+00
  8.771744000000e+00
  8.933080000000e+00
  9.097246000000e+00
  9.264484000000e+00
  9.435984000000e+00
  9.605515000000e+00
  9.773777000000e+00
  9.937051000000e+00
  1.009496000000e+01
  1.024790000000e+01
  1.039599000000e+01
  1.053919000000e+01
  1.067773000000e+01
  1.081173000000e+01
  1.094183000000e+01
  1.106803000000e+01
  1.119051000000e+01
  1.130961000000e+01
  1.142627000000e+01
  1.154063000000e+01
  1.165210000000e+01
  1.176443000000e+01
  1.187728000000e+01
  1.199045000000e+01
  1.210410000000e+01
  1.221742000000e+01
  1.233008000000e+01
  1.244170000000e+01
  1.255194000000e+01
  1.266033000000e+01
  1.276656000000e+01
  1.287018000000e+01
  1.297077000000e+01
  1.306793000000e+01
  1.316088000000e+01
  1.324169000000e+01
  1.334780000000e+01
  1.344432000000e+01
  1.353867000000e+01
  1.363073000000e+01
  1.372105000000e+01
  1.381513000000e+01
  1.387367000000e+01
  1.390391000000e+01
  1.394100000000e+01
  1.397984000000e+01
  1.400980000000e+01
  1.404067000000e+01
  1.407273000000e+01
  1.410649000000e+01
  1.413358000000e+01
  1.417633000000e+01
  1.431898000000e+01
  1.449380000000e+01
  1.443842000000e+01
  1.457564000000e+01
  1.470111000000e+01
  1.464740000000e+01
  1.455592000000e+01
  1.471229000000e+01
  1.457234000000e+01
  1.454442000000e+01
  1.459242000000e+01
  1.468400000000e+01
  1.479209000000e+01
  1.488790000000e+01
  1.483865000000e+01
  1.487317000000e+01
  1.492809000000e+01
  1.496364000000e+01
  1.490594000000e+01
  1.486945000000e+01
  1.506104000000e+01
  1.521292000000e+01
  1.526073000000e+01
  1.532123000000e+01
  1.554862000000e+01
  1.566490000000e+01
  1.552543000000e+01
  1.533710000000e+01
  1.543423000000e+01
  1.555414000000e+01
  1.553301000000e+01
  1.561622000000e+01
  1.589242000000e+01
  1.587866000000e+01
  1.588952000000e+01
  1.576796000000e+01
  1.563951000000e+01
  1.568207000000e+01
  1.592886000000e+01
  1.610736000000e+01
  1.627504000000e+01
  1.609492000000e+01
  1.610653000000e+01
  1.638118000000e+01
  1.652080000000e+01
  1.632513000000e+01
  1.609037000000e+01
  1.619504000000e+01
  1.636137000000e+01
  1.655558000000e+01
  1.610458000000e+01
  1.631466000000e+01
  1.652930000000e+01
  1.641045000000e+01
  1.665295000000e+01
  1.662075000000e+01
  1.685907000000e+01
  1.723929000000e+01
  1.752669000000e+01
  1.773090000000e+01
  1.744201000000e+01
  1.724024000000e+01
  1.703908000000e+01
  1.695150000000e+01
  1.689083000000e+01
  1.689094000000e+01
  1.697883000000e+01
  1.711136000000e+01
  1.735022000000e+01
  1.757424000000e+01
  1.764394000000e+01
  1.766218000000e+01
  1.799575000000e+01
  1.771449000000e+01
  1.782969000000e+01
  1.793757000000e+01
  1.839753000000e+01
  1.796670000000e+01
  1.765222000000e+01
  1.785696000000e+01
  1.805213000000e+01
  1.821159000000e+01
  1.835256000000e+01
  1.838505000000e+01
  1.805771000000e+01
  1.788806000000e+01
  1.786007000000e+01
  1.793870000000e+01
  1.796643000000e+01
  1.797573000000e+01
  1.798656000000e+01
  1.827682000000e+01
  1.885760000000e+01
  1.923640000000e+01
  1.924793000000e+01
  1.907869000000e+01
  1.880709000000e+01
  1.813226000000e+01
  1.478355507690e+01
  1.825050744170e+01
  2.322774626010e+01
  3.253550795390e+01
  1.682852371670e+01
  2.168674212830e+01
  2.780789760440e+01
  3.728142657700e+01
  1.664327318580e+01
  2.570913014760e+01
  2.075702681180e+01
  3.198303924280e+01
  2.827499771330e+01
  1.687181019310e+01
  2.219078016000e+01
  3.709532696180e+01
  1.722804357110e+01
  2.352892084370e+01
  5.061184268310e+01
  2.973331013640e+01
  3.578639219390e+01
  1.530234929080e+01
  1.904766878630e+01
  2.475887641780e+01
  1.802990324520e+01
  2.878717762910e+01
  2.320305774530e+01
  4.003688866700e+01
  2.759314112220e+01
  2.149185723380e+01
  4.269119016820e+01
  1.656053330900e+01
  1.656030241180e+01
  3.928490473800e+01
  2.344967776190e+01
  3.042000563450e+01
  2.656999531310e+01
  4.720613975230e+01
  3.434936070870e+01
  1.747179847530e+01
  1.717247098780e+01
  2.313923221750e+01
  3.225635662490e+01
  5.345681184390e+01
  6.849922807740e+01
  3.519385178210e+01
  1.769194463110e+01
  2.502578884820e+01
  2.373879795720e+01
  1.645899858600e+01
  3.325244460690e+01
  5.148051638490e+01
  1.771701476520e+01
  2.621884321250e+01
  4.311553719260e+01
  7.589163551000e+01
  2.680742330850e+01
  1.691147524070e+01
  4.394573454150e+01
  6.978456671910e+01
  4.175972837300e+01
  2.988744128060e+01
  6.854244859750e+01
  1.950191102170e+01
  1.702425740250e+01
  2.586661931190e+01
  5.755578871320e+01
  3.546178504850e+01
  3.470276225880e+01
  5.247460647190e+01
  1.622312225900e+01
  2.527799500050e+01
  5.615064473200e+01
  1.737440678830e+01
  2.742166318050e+01
  3.786730886400e+01
  8.894093176360e+01
  1.897902858650e+01
  3.003073415690e+01
  5.551027064540e+01
  4.071064751270e+01
  2.556590251300e+01
  1.803795475340e+01
  7.155957083870e+01
  1.989712655610e+01
  3.511736526720e+01
  5.474025742080e+01
  1.099050503600e+02
  1.889598694370e+01
  1.029029958920e+02
  3.668367986630e+01
  6.419336030790e+01
  1.785246863970e+01
  4.640231340520e+01
  2.560225830030e+01
  8.857504911430e+01
  1.117847041880e+02
  5.898790880700e+01
  3.769869401720e+01
  1.998845610570e+01
  1.837566821520e+01
  3.697546451420e+01
  7.916485929420e+01
  1.665020906960e+02
  3.821570363680e+01
  2.099966189470e+01
  6.264705202170e+01
  1.114529202230e+02
  3.091540328830e+01
  1.693804758440e+01
  4.439384576120e+01
  7.555097664420e+01
  1.819189090310e+01
  3.060757654660e+01
  6.023886225630e+01
  1.110576336350e+02
  5.683878186490e+01
  3.333957319480e+01
  2.172723731280e+01
  1.196143099290e+02
  7.137521895650e+01
  2.894053653870e+01
  4.537225542400e+01
  1.728834704200e+01
  1.386978481590e+02
  7.069681172170e+01
  3.897697434130e+01
  2.100326727680e+01
  2.748856440340e+01
  5.656732340520e+01
  9.586343397840e+01
  1.690347805790e+02
  3.047173790990e+01
  8.913490784250e+01
  1.815791020510e+01
  5.599061959610e+01
  3.591739915710e+01
  1.864585420190e+01
  6.298350432270e+01
  1.308589000000e+02
  1.217026575870e+02
  4.572043396620e+01
  3.004015405790e+01
  1.613654114410e+01
  1.824839638940e+01
  2.622754102440e+01
  3.900613343750e+01
  6.953407307340e+01
  3.086470852810e+01
  6.912618895260e+01
  1.492884771910e+02
  3.042557542040e+02
  2.711369963740e+01
  5.105399153070e+01
  2.389049000000e+02
  1.046316043660e+02
  1.113455778590e+02
  6.325438155340e+01
  4.515111060120e+01
  2.584258682900e+01
  6.410015456050e+01
  9.345497303210e+01
  3.810111551590e+01
  1.938424000000e+02
  5.705730783670e+01
  3.236272000000e+02
  1.279960648230e+02
  2.741331094440e+01
  3.003318000000e+01
  4.539558260220e+02
  2.057161396750e+02
  6.009615698250e+01
  2.685725285670e+02
  1.800986606500e+01
  4.620117044270e+01
  1.147625425600e+02
  1.744680544740e+01
  4.221101175260e+01
  1.289283000000e+02
  6.486041825590e+01
  3.200605375230e+01
  4.871028767610e+01
  9.516379749290e+01
  6.744620858780e+01
  1.567484642040e+02
  9.494785323390e+01
  5.096764282410e+01
  2.844384000000e+02
  1.960388000000e+01
  4.993601000000e+01
  3.697076000000e+02
  8.076061361730e+01
  4.105125817370e+01
  6.317301000000e+02
  1.865674539230e+02
  7.481281301760e+01
  4.727922391310e+01
  9.874842000000e+01
  3.101273580190e+01
  2.017086000000e+01
  5.136737551910e+01
  2.700124844850e+01
  9.669237177090e+01
  1.649631589790e+02
  4.860627991460e+01
  2.605259000000e+01
  6.683137765790e+01
  9.647853507670e+01
  8.618094271210e+01
  4.511256939970e+01
  3.677271949970e+01
  5.819266392350e+01
  6.270283717590e+02
  3.464756816130e+02
  1.689537361810e+02
  5.582864381800e+01
  3.415902000000e+01
  2.880415286020e+01
  2.661219000000e+01
  3.115393851060e+01
  3.733298297430e+01
  5.114937498010e+01
  6.720316461150e+01
  9.079104000000e+01
  1.365320119210e+02
  2.596782792400e+02
  4.912119001210e+02
  8.338893000000e+02
  6.613711000000e+01
  4.426180000000e+01
  3.100756000000e+01
  1.861131000000e+01
  1.982681000000e+01
  4.606501000000e+01
  8.661134000000e+01
  1.606251000000e+02
  2.846140000000e+01
  6.249099997490e+01
  2.118205000000e+02
  5.085663000000e+02
  2.652989000000e+02
  1.225014000000e+02
  8.296507000000e+01
  3.697270000000e+01
  3.046153000000e+01
  2.671350000000e+01
  2.455121000000e+01
  2.296539000000e+01
  2.320297000000e+01
  4.722952678060e+01
  1.795384000000e+02
  9.875845217530e+01
  2.653062000000e+01
  2.215513000000e+01
  1.941870000000e+01
  1.743911000000e+01
  1.672609000000e+01
  1.685946558440e+01
  1.723187000000e+01
  1.777259000000e+01
  2.260264000000e+01
  4.591314000000e+01
  7.338703000000e+01
  1.246190000000e+02
  6.864139252400e+01
  5.965225060130e+01
  4.829399226010e+01
  3.813986000000e+01
  7.712422000000e+01
  5.653311000000e+01
  4.618427000000e+01
  3.824850000000e+01
  3.279455000000e+01
  2.809454000000e+01
  2.546050000000e+01
  2.315035000000e+01
  2.331365000000e+01
  2.391890000000e+01
  2.432121000000e+01
  2.486878000000e+01
  2.552792000000e+01
  2.632523000000e+01
  2.730054000000e+01
  2.870221000000e+01
  3.264693000000e+01
  4.437762907500e+01
  6.699681906140e+01
  9.385561000000e+01
  3.810056000000e+01
  3.609653000000e+01
  3.395941000000e+01
  3.028943000000e+01
  3.020871000000e+01
  3.314121000000e+01
  4.598502000000e+01
  1.181496000000e+02
  1.017524000000e+02
  7.795240000000e+01
  7.492779000000e+01
  7.811988000000e+01
  8.473275000000e+01
  9.450177000000e+01
  1.082914000000e+02
  1.284014000000e+02
  1.588119000000e+02
  2.020925000000e+02
  2.435274000000e+02
  2.524468000000e+02
  2.382302000000e+02
  2.277542000000e+02
  2.274231000000e+02
  2.349269000000e+02
  2.477662000000e+02
  2.646568000000e+02
  2.848646000000e+02
  3.068856000000e+02
  3.310940000000e+02
  3.572723000000e+02
  3.854323000000e+02
  4.155094000000e+02
  4.475007000000e+02
  4.814368000000e+02
  5.173481000000e+02
  5.553208000000e+02
  5.954792000000e+02
  6.379474000000e+02
  6.828332000000e+02
  7.303783000000e+02
  7.807631000000e+02
  8.341783000000e+02
  8.908499000000e+02
  9.509075000000e+02
  1.014742000000e+03
  1.082548000000e+03
  1.154568000000e+03
  1.231050000000e+03
  1.312240000000e+03
  1.398357000000e+03
  1.489741000000e+03
  1.586825000000e+03
  1.689927000000e+03
  1.799299000000e+03
  1.915264000000e+03
  2.038499000000e+03
  2.169354000000e+03
  2.308287000000e+03
  2.455831000000e+03
  2.612456000000e+03
  2.778686000000e+03
  2.955375000000e+03
  3.143006000000e+03
  3.342110000000e+03
  3.553854000000e+03
  3.778826000000e+03
  4.017862000000e+03
  4.271890000000e+03
  4.541552000000e+03
  4.828123000000e+03
  5.132830000000e+03
  5.456846000000e+03
  5.800947000000e+03
  6.166266000000e+03
  6.554966000000e+03
  6.968096000000e+03
  7.407261000000e+03
  7.874033000000e+03
  8.369849000000e+03
  8.896863000000e+03
  9.457345000000e+03
  1.005272000000e+04
  1.068526000000e+04
  1.135819000000e+04
  1.207350000000e+04
  1.283394000000e+04
  1.364223000000e+04
  1.450044000000e+04
  1.541316000000e+04
  1.638374000000e+04
  1.741562000000e+04
  1.851272000000e+04
  1.967668000000e+04
  2.091557000000e+04
  2.223346000000e+04
  2.363327000000e+04
  2.511973000000e+04
  2.670160000000e+04
  2.838324000000e+04
  3.017075000000e+04
  3.206909000000e+04
  3.408716000000e+04
  3.623342000000e+04
