1602
  2.193415794810e-01
  2.209356633710e-01
  2.221076298260e-01
  2.233068569150e-01
  2.245086173600e-01
  2.256921181430e-01
  2.268715057440e-01
  2.280391607880e-01
  2.291634522360e-01
  2.301080115680e-01
  2.310277552200e-01
  2.319327471590e-01
  2.329673890940e-01
  2.345412504760e-01
  2.361415840920e-01
  2.377420111430e-01
  2.393746507390e-01
  2.411225707090e-01
  2.428788681940e-01
  2.446178725050e-01
  2.463240108380e-01
  2.477813616520e-01
  2.491130340290e-01
  2.504301556210e-01
  2.517346573000e-01
  2.530379918620e-01
  2.543744291200e-01
  2.557004049470e-01
  2.570135371600e-01
  2.583147596450e-01
  2.595326490880e-01
  2.606763896450e-01
  2.618140558480e-01
  2.629442911360e-01
  2.640648787050e-01
  2.653025159640e-01
  2.666156090710e-01
  2.679160403030e-01
  2.692038833310e-01
  2.704793151370e-01
  2.717016250590e-01
  2.728567486840e-01
  2.739996443490e-01
  2.751312777640e-01
  2.762517038310e-01
  2.771527384860e-01
  2.767252112380e-01
  2.760718441880e-01
  2.754248833400e-01
  2.760267196430e-01
  2.804092398640e-01
  2.849950719500e-01
  2.895046662160e-01
  2.919176382620e-01
  2.854044960510e-01
  2.856643209670e-01
  2.885997002910e-01
  2.914196782390e-01
  2.941732389790e-01
  2.954329717970e-01
  2.945443194420e-01
  2.935470568170e-01
  2.980731459660e-01
  3.002168973150e-01
  2.975885151270e-01
  3.032614228570e-01
  3.003191835020e-01
  3.007458847980e-01
  3.032061188860e-01
  3.030886943190e-01
  2.987139234650e-01
  3.025047321990e-01
  3.084180454390e-01
  3.053454353760e-01
  3.065933609780e-01
  3.038120751350e-01
  3.120476571110e-01
  3.104539229990e-01
  3.080238421300e-01
  3.120835010700e-01
  3.153085546130e-01
  3.050913011560e-01
  3.061730313400e-01
  3.045225921820e-01
  3.065743431780e-01
  3.153258180180e-01
  3.101431000140e-01
  3.123649145310e-01
  3.071603317190e-01
  3.120779508680e-01
  3.116015051310e-01
  3.058168956720e-01
  3.168023469060e-01
  3.160842924590e-01
  3.076824248640e-01
  3.174359234240e-01
  3.110194093070e-01
  3.086177631250e-01
  3.209628292350e-01
  3.112186478730e-01
  3.095824601070e-01
  3.199956396120e-01
  3.045413817170e-01
  3.204333247000e-01
  3.054519281490e-01
  3.090931195140e-01
  3.143432177840e-01
  3.196775169050e-01
  3.204404350550e-01
  3.125879924940e-01
  3.125044707090e-01
  3.074093860190e-01
  3.157675491250e-01
  3.170448205630e-01
  3.255769986470e-01
  3.223298520570e-01
  2.912496891290e-01
  2.941774663400e-01
  3.221576222930e-01
  3.181333691090e-01
  3.257256591430e-01
  2.907416694280e-01
  3.050152448640e-01
  3.234016550340e-01
  3.200261531100e-01
  3.139356997760e-01
  3.218921248070e-01
  2.863122863360e-01
  3.093310666630e-01
  3.027379275250e-01
  3.116177027640e-01
  3.090533260460e-01
  3.119339320680e-01
  2.893754499330e-01
  2.967069667280e-01
  3.030028307220e-01
  2.985885666740e-01
  2.887730519150e-01
  2.729459429250e-01
  2.851350497470e-01
  2.779572051660e-01
  3.126785804120e-01
  2.740638339790e-01
  3.086833043330e-01
  2.888020834330e-01
  2.727190407930e-01
  2.834102027310e-01
  2.906754027220e-01
  2.876450406160e-01
  2.779232898560e-01
  2.996082998750e-01
  3.249031882030e-01
  2.860275636060e-01
  3.022288255270e-01
  2.871168716250e-01
  2.985552423910e-01
  2.693990143620e-01
  2.674127100140e-01
  3.021383620070e-01
  2.648385996890e-01
  2.820862820740e-01
  3.098652349380e-01
  2.611545620530e-01
  2.705186602580e-01
  2.827961531720e-01
  3.074555902820e-01
  2.850456438040e-01
  2.929490785550e-01
  2.648921439120e-01
  2.695353882060e-01
  2.781277403340e-01
  3.436045359610e-01
  3.547735370070e-01
  3.154109190100e-01
  2.926371190000e-01
  2.922888972960e-01
  3.133114979280e-01
  2.585483853130e-01
  2.832871212540e-01
  2.812263939740e-01
  2.203430601710e-01
  2.973913693940e-01
  2.687569404450e-01
  2.506565415170e-01
  2.677474556810e-01
  1.926336415840e-01
  2.644602059810e-01
  2.806970923320e-01
  2.692948068170e-01
  2.512684191560e-01
  2.540021558130e-01
  2.775515158790e-01
  2.615072699680e-01
  2.970608987730e-01
  2.494352334550e-01
  3.254792390150e-01
  2.697842596020e-01
  2.671519199700e-01
  2.220320553670e-01
  2.409556416570e-01
  3.819125909780e-01
  2.559228855300e-01
  1.788118855090e-01
  3.032417744620e-01
  2.429058369040e-01
  2.377418684620e-01
  1.858952440850e-01
  2.145378707150e-01
  2.503199150060e-01
  2.368532098810e-01
  2.493279699420e-01
  1.929920049600e-01
  2.104473239090e-01
  2.479115073860e-01
  2.293889982010e-01
  2.783402079280e-01
  2.025651736750e-01
  2.397793939970e-01
  2.976120600400e-01
  2.562930066590e-01
  2.091112456770e-01
  2.393512813470e-01
  3.350699281830e-01
  2.980624368330e-01
  2.592459840970e-01
  1.837640277880e-01
  1.876588854850e-01
  1.929633158770e-01
  3.546493187640e-01
  3.020792556230e-01
  2.215566165340e-01
  2.286970613440e-01
  1.871223606640e-01
  2.147666695990e-01
  2.049768468830e-01
  1.899007441560e-01
  2.357519796680e-01
  2.611411127340e-01
  3.149682835020e-01
  1.529374303540e-01
  2.752546686920e-01
  2.009386155820e-01
  2.981837739650e-01
  2.664377701780e-01
  1.970379875880e-01
  2.413537420850e-01
  2.444861527500e-01
  2.182064280620e-01
  1.465792222340e-01
  1.959222038920e-01
  1.979733772750e-01
  1.404478588090e-01
  1.815694312470e-01
  2.279731868130e-01
  1.883181478400e-01
  2.457298846810e-01
  1.309691670910e-01
  1.698720936610e-01
  1.596283920570e-01
  2.259791331960e-01
  3.106765618220e-01
  2.365620226560e-01
  3.063992666660e-01
  2.361044701250e-01
  1.125763698890e-01
  1.913987854630e-01
  2.801515982750e-01
  1.760765259530e-01
  1.988641905050e-01
  2.334349780400e-01
  2.824193638840e-01
  7.805533376450e-02
  1.496817298730e-01
  1.520215961230e-01
  1.485847406740e-01
  1.784831943800e-01
  1.619590722810e-01
  2.011340276440e-01
  1.753721344610e-01
  1.736302457500e-01
  2.507393478470e-01
  2.938373087280e-01
  1.794208428880e-01
  2.402195855050e-01
  2.120487261540e-01
  2.288457902310e-01
  1.973856710850e-01
  2.364750132920e-01
  2.781105789040e-01
  2.642273613080e-01
  4.440612917810e-01
  3.584951878120e-01
  3.551080470930e-01
  2.621387053970e-01
  3.084782014610e-01
  3.868188316970e-01
  3.016357775650e-01
  1.837173051090e-01
  3.229954090690e-01
  3.929269453070e-01
  3.181084932500e-01
  1.082625632250e-01
  7.288089093240e-02
  2.466213374220e-01
  1.856279022800e-01
  3.248687835790e-01
  3.573786171430e-01
  2.613780695170e-01
  1.257715263810e-01
  1.587764380120e-01
  1.332932175000e-01
  6.788876836470e-02
  1.208334678970e-01
  1.102585252250e-01
  1.320211933150e-01
  2.551411021220e-01
  8.630182792510e-02
  1.158824994680e-01
  1.326212706440e-01
  1.552553859320e-01
  1.737816094850e-01
  2.583806035640e-01
  3.176669293000e-01
  2.022461148910e-01
  2.871481219210e-01
  2.322804617710e-01
  1.469031544380e-01
  2.460529899200e-01
  2.113260463430e-01
  2.540203157170e-01
  2.154654589270e-01
  2.239540515370e-01
  2.226651586480e-01
  2.527918241310e-01
  3.769090066270e-01
  2.744902956240e-01
  3.128974593650e-01
  1.499347871280e-01
  3.472891385630e-01
  2.523974752350e-01
  2.983542802280e-01
  3.055242890180e-01
  4.099753964040e-01
  8.552457904700e-02
  2.111593237330e-01
  2.912439498400e-01
  2.735574486260e-01
  4.336922744430e-01
  3.634378844400e-01
  4.634745462980e-01
  1.575579904920e-01
  2.566245568050e-01
  3.091516597190e-01
  3.349525066240e-01
  5.978907828160e-01
  4.156710860020e-01
  4.549879820100e-01
  4.773540824000e-01
  3.613611980740e-01
  3.617763302040e-01
  4.569653360080e-01
  5.213367128160e-01
  5.914053675490e-01
  4.751716711790e-01
  1.936011601520e-01
  4.551692107850e-02
  1.371433528720e-01
  3.341169529380e-01
  5.684508079700e-01
  3.750436775520e-01
  1.738676570360e-01
  6.156821720390e-02
  1.128751262880e-01
  1.045208834350e-01
  1.259249075360e-01
  2.053349857420e-01
  1.955619472970e-01
  2.807579091200e-01
  2.228801196270e-01
  3.446742322030e-01
  5.052156223620e-01
  6.831999789010e-01
  3.632834978160e-01
  8.203190426730e-02
  5.002535520140e-02
  6.193750578760e-02
  7.566066163170e-02
  7.846016856580e-02
  1.142149125580e-01
  1.299268342630e-01
  2.230395718680e-01
  1.992654023440e-01
  2.367875361110e-01
  3.086765009070e-01
  4.289671716910e-01
  6.996204128920e-01
  3.643468711460e-01
  3.312111361360e-02
  1.013499611370e-01
  1.403397575700e-01
  1.334373712610e-01
  1.892358426340e-01
  1.735926824540e-01
  1.781927268720e-01
  2.068495515720e-01
  2.556041949680e-01
  2.441579574760e-01
  2.871270316440e-01
  3.269007014620e-01
  1.373491747650e-01
  1.899837763850e-01
  1.913389634370e-01
  2.310503929400e-01
  2.391532513230e-01
  2.507016091290e-01
  2.690074156430e-01
  3.443101007290e-01
  4.140990476340e-01
  6.207032326740e-01
  1.852074825980e-01
  1.019025082440e-01
  1.784152587200e-01
  2.279165115910e-01
  2.626765523830e-01
  2.847697878820e-01
  3.201581054280e-01
  3.357481270860e-01
  3.620473348470e-01
  4.245339422810e-01
  4.284355396210e-01
  4.744519517180e-01
  5.816798951770e-01
  6.583686484270e-01
  7.988512151460e-01
  1.122200697380e+00
  8.186624761020e-01
  1.565887091150e-01
  5.193733004740e-02
  9.075614443100e-02
  1.728926063510e-01
  1.455615641110e-01
  1.745241507720e-01
  2.637396192300e-01
  3.646195257350e-01
  4.103877711930e-01
  8.938773070840e-01
  8.896552776450e-02
  8.814110497800e-02
  1.436560638920e-01
  1.628948196670e-01
  1.975917740630e-01
  2.103931176960e-01
  2.329415719070e-01
  2.467484513840e-01
  2.660732909190e-01
  2.977427306120e-01
  3.177082806450e-01
  3.544534074990e-01
  4.238387900800e-01
  5.080308091290e-01
  5.321285944540e-01
  6.222672289360e-01
  8.164376432280e-01
  1.206270437460e+00
  1.296718795690e+00
  3.077888867500e-01
  4.245529111040e-02
  4.452775210870e-02
  9.658744590940e-02
  1.411032788360e-01
  2.242219776890e-01
  4.325640966780e-01
  7.945869156940e-01
  6.948038409410e-02
  7.666328425780e-02
  1.154273699420e-01
  1.639091095420e-01
  1.546919572590e-01
  2.505862195530e-01
  1.535739509950e-01
  1.628290440980e-01
  1.706229117390e-01
  1.792723344730e-01
  1.890127626910e-01
  2.017978541380e-01
  2.092251326180e-01
  2.396710464030e-01
  2.371757796160e-01
  2.539071870470e-01
  2.535833781970e-01
  2.477728070560e-01
  2.445347227730e-01
  2.477416287400e-01
  2.664217040030e-01
  2.613631637520e-01
  2.749653780300e-01
  3.497516794880e-01
  2.851592564780e-01
  2.975943462850e-01
  3.453993468960e-01
  3.431145740780e-01
  3.116829978680e-01
  3.699732327100e-01
  3.336491342530e-01
  3.487315004250e-01
  3.727518929140e-01
  3.898852029850e-01
  3.944140508870e-01
  4.230704704700e-01
  5.251536397890e-01
  4.797975565220e-01
  5.296171485680e-01
  5.971043171810e-01
  7.065411361630e-01
  9.067105528610e-01
  1.357206692950e+00
  2.264461058340e+00
  7.081908374480e-01
  6.525005577030e-02
  5.433965376630e-02
  1.666161046340e-01
  1.649060277510e-01
  2.187163363530e-01
  2.770000003690e-01
  3.397047818170e-01
  4.019590456640e-01
  4.655305867280e-01
  6.799939850180e-01
  1.554182801180e+00
  9.993693945180e-01
  1.556776407880e-01
  2.099742601860e-01
  2.062035473030e-01
  1.508784335600e-01
  1.442232987130e-01
  1.554744183630e-01
  1.701323196200e-01
  1.847423138420e-01
  1.985579352450e-01
  2.118551630910e-01
  2.245305401720e-01
  2.372323108480e-01
  2.502268387660e-01
  2.647844049690e-01
  2.886558856520e-01
  2.952599884460e-01
  3.125893675610e-01
  3.271865895660e-01
  3.329961393830e-01
  3.282306577550e-01
  3.202059227470e-01
  3.554259133350e-01
  3.151527789980e-01
  3.189847393610e-01
  3.254540091330e-01
  3.339683382610e-01
  3.450395718180e-01
  3.586440421200e-01
  3.947991024850e-01
  4.036691907430e-01
  4.462984965000e-01
  5.315939825180e-01
  5.654373810890e-01
  5.324107980800e-01
  5.935055064250e-01
  3.956624275720e-01
  3.582877363560e-01
  3.483685223190e-01
  3.461759037740e-01
  3.477227750200e-01
  3.515567324750e-01
  3.573478049760e-01
  3.658420258790e-01
  3.818801638820e-01
  4.252793202820e-01
  3.854301670560e-01
  3.756918768200e-01
  4.353662995630e-01
  3.850408974440e-01
  3.931818919650e-01
  4.018772764550e-01
  4.113965730480e-01
  4.222220510600e-01
  4.351937963520e-01
  4.518628994510e-01
  4.754220726140e-01
  5.126131523340e-01
  5.429766122550e-01
  5.132598618990e-01
  4.855150335230e-01
  4.807903622230e-01
  4.840825041580e-01
  4.944866267750e-01
  5.013330211990e-01
  5.085871378080e-01
  5.285223702410e-01
  5.308746115550e-01
  5.435146524380e-01
  5.570267532720e-01
  5.851359674290e-01
  5.872062076400e-01
  6.042029814640e-01
  6.229893741110e-01
  6.427167973290e-01
  6.649031720960e-01
  6.884103335750e-01
  7.306838438340e-01
  7.446199196170e-01
  7.769236790900e-01
  8.138316422550e-01
  8.552623374160e-01
  9.027909827200e-01
  9.574213492920e-01
  1.021002145840e+00
  1.095557484230e+00
  1.183257958670e+00
  1.289231540840e+00
  1.418432822090e+00
  1.596251320990e+00
  1.773962009450e+00
  2.023708701650e+00
  2.347189709530e+00
  2.779105137610e+00
  3.377714253300e+00
  4.228819288030e+00
  5.415441227780e+00
  6.807842639070e+00
  7.546491303050e+00
  6.418500780880e+00
  4.204562914040e+00
  2.432066525970e+00
  1.375190516570e+00
  7.894238575780e-01
  4.632353423480e-01
  2.775313043650e-01
  1.700207184660e-01
  1.071748443560e-01
  7.097807421240e-02
  5.104937488960e-02
  4.147840759560e-02
  3.819064795370e-02
  3.918743544320e-02
  4.285992846430e-02
  4.825912505540e-02
  5.475889324670e-02
  6.197421617490e-02
  6.957483444700e-02
  8.754018875960e-02
  8.533106545970e-02
  9.294367190320e-02
  1.006100615580e-01
  1.081577545880e-01
  1.155468199400e-01
  1.227305309440e-01
  1.336750229160e-01
  1.366796553900e-01
  1.433172357310e-01
  1.498341065150e-01
  1.561933279070e-01
  1.623595028530e-01
  1.690473055430e-01
  1.742015755540e-01
  1.799047189230e-01
  1.854370295930e-01
  1.908123902270e-01
  1.961058410800e-01
  2.013209260910e-01
  2.063777147920e-01
  2.113894905070e-01
  2.163542284100e-01
  2.290186013940e-01
  2.258900827760e-01
  2.304608129080e-01
  2.365329509790e-01
  2.394723164720e-01
  2.438808697050e-01
  2.482400491010e-01
  2.525275150940e-01
  2.568178142230e-01
  2.610150912260e-01
  2.651491639010e-01
  2.692665269430e-01
  2.734024129390e-01
  2.775117276380e-01
  2.815088820340e-01
  2.853702956640e-01
  2.892347939030e-01
  2.931020244830e-01
  2.969796722920e-01
  3.008922594530e-01
  3.048053526300e-01
  3.086722704300e-01
  3.125775144380e-01
  3.286690980770e-01
  3.206265178620e-01
  3.248671834320e-01
  3.307758776290e-01
  3.707409852970e-01
  3.364804976400e-01
  3.407723419210e-01
  3.452203298240e-01
  3.497021289500e-01
  3.542323632940e-01
  3.588260510830e-01
  3.634954730090e-01
  3.682478360660e-01
  3.761615043600e-01
  3.780398281400e-01
  3.836858115910e-01
  3.882801243160e-01
  3.935907569240e-01
  3.990885185620e-01
  4.047396963280e-01
  4.105724906550e-01
  4.166016526780e-01
  4.228622316310e-01
  4.293949206560e-01
  4.362614223230e-01
  4.438231575080e-01
  5.334283514750e-01
  4.602388391370e-01
  4.665747526330e-01
  4.749937140830e-01
  4.839995777200e-01
  4.935720982820e-01
  5.037237062620e-01
  5.145657436380e-01
  5.261659378850e-01
  5.385997830600e-01
  5.519502351550e-01
  5.663083126390e-01
  5.819782938460e-01
  5.990115978950e-01
  6.175305729580e-01
  6.378500059810e-01
  6.604448421080e-01
  7.293428228060e-01
  7.124270435150e-01
  7.428907250710e-01
  7.770607619520e-01
  8.154852276330e-01
  8.588592771630e-01
  9.080568924690e-01
  9.638457951480e-01
  1.027442686500e+00
  1.099813761320e+00
  1.182179119770e+00
  1.275509156280e+00
  1.380237804100e+00
  1.495839183480e+00
  1.620455861550e+00
  1.748890687700e+00
  1.873525847590e+00
  1.982888513070e+00
  2.062571886120e+00
  2.102404638470e+00
  2.079652589660e+00
  2.009407404360e+00
  1.897667312640e+00
  1.758859232170e+00
  1.609429707980e+00
  1.462354270500e+00
  1.326642893700e+00
  1.205911181270e+00
  1.113843893790e+00
  1.013508704340e+00
  9.405965610940e-01
  8.813821421300e-01
  8.345289144960e-01
  7.991033395110e-01
  7.747298472150e-01
  7.618199293260e-01
  7.617550524350e-01
  7.771533824570e-01
  8.125710862550e-01
  8.734375692190e-01
  9.602338685700e-01
  1.054309772270e+00
  1.104402808460e+00
  1.063955027750e+00
  9.568233263450e-01
  8.415240658300e-01
  7.478498327290e-01
  6.793791754670e-01
  6.306337623420e-01
  5.956379616870e-01
  5.701262414490e-01
  5.511129823750e-01
  5.366875256180e-01
  5.256174137160e-01
  5.170412169840e-01
  5.103113184090e-01
  5.050040654110e-01
  5.008371931720e-01
  4.975664952430e-01
  4.950870303110e-01
  4.932264663130e-01
  4.918870560670e-01
  4.909922475340e-01
  4.905080006950e-01
  4.903776328790e-01
  4.906075175120e-01
  4.911214628860e-01
  4.918806273310e-01
  4.928953403900e-01
  4.957500420950e-01
  4.961093844030e-01
  4.975207049810e-01
  4.996351801220e-01
  5.020892689730e-01
  5.049202525830e-01
  5.082033874490e-01
  5.120584510340e-01
  5.165872610010e-01
  5.219864237090e-01
  5.285918092630e-01
  5.368638591370e-01
  5.474788079960e-01
  5.615546813690e-01
  5.809415595450e-01
  6.086474306420e-01
  6.489344603150e-01
  7.053972663770e-01
  7.688730029180e-01
  7.958286933480e-01
  7.469964680150e-01
  6.656795821750e-01
  6.025736359490e-01
  5.644519479200e-01
  5.427808512120e-01
  5.305324020180e-01
  5.235848288110e-01
  5.197940525830e-01
  5.178980680090e-01
  5.171697003130e-01
  5.171926143370e-01
  5.177248347340e-01
  5.186561054480e-01
  5.198274612480e-01
  5.211587492300e-01
  5.226020513810e-01
  5.241440375100e-01
  5.258047923480e-01
  5.275082649360e-01
  5.292346178050e-01
  5.309761221310e-01
  5.327355305680e-01
  5.345481966980e-01
  5.363669610040e-01
  5.381957543570e-01
  5.400398967860e-01
  5.418915603060e-01
  5.437567837670e-01
  5.456310035320e-01
  5.474931938630e-01
  5.493698495990e-01
  5.512484863990e-01
  5.531180588720e-01
  5.550201561280e-01
  5.569163672480e-01
  5.587948871300e-01
  5.606573353100e-01
  5.625469369420e-01
  5.644437017050e-01
  5.663230361760e-01
  5.681841070120e-01
  5.700454742940e-01
  5.719452094990e-01
  5.738336125110e-01
  5.757035818400e-01
  5.775559485200e-01
  5.794189642300e-01
  5.812946418370e-01
  5.831567131700e-01
  5.850255033360e-01
  5.868982185470e-01
  5.910225640300e-01
  5.908463263690e-01
  5.924916092000e-01
  5.943513946640e-01
  5.962103611330e-01
  5.980702791460e-01
  5.999283802240e-01
  6.018005591900e-01
  6.036604366360e-01
  6.055035028540e-01
  6.073551185910e-01
  6.091999668530e-01
  6.110262268420e-01
  6.128545671520e-01
  6.146907695110e-01
  6.165231032800e-01
  6.183543330160e-01
  6.201951054290e-01
  6.220443842750e-01
  6.238753440550e-01
  6.256881104670e-01
  6.275006142900e-01
  6.293318259390e-01
  6.311465139390e-01
  6.329443815940e-01
  6.347321126780e-01
  6.365444177090e-01
  6.383453090060e-01
  6.401341855730e-01
  6.419382716320e-01
  6.437300156850e-01
  6.455092160230e-01
  6.473039290240e-01
  6.490897888750e-01
  6.508610985590e-01
  6.526507268490e-01
  6.544824147400e-01
  6.707160488540e-01
  6.582405411540e-01
  6.597306430120e-01
  6.614633706970e-01
  6.631986628310e-01
  6.649521129370e-01
  6.666967136920e-01
  6.684245763840e-01
  6.701528059890e-01
  6.718835392250e-01
  6.736126252050e-01
  6.753338566430e-01
  6.770554325770e-01
  6.787672572640e-01
  6.804760401020e-01
  6.821794234900e-01
  6.838842488540e-01
  6.855837508110e-01
  6.872803074240e-01
  6.889684724860e-01
  6.906549353910e-01
  6.923381774570e-01
  6.940193724820e-01
  6.956983696080e-01
  6.973745966050e-01
  6.990513087940e-01
  7.007309657330e-01
  7.024155916670e-01
  7.041138496380e-01
  7.058342659820e-01
  7.076026017450e-01
  7.094720450230e-01
  7.115876470190e-01
  7.144856782190e-01
  7.217103336300e-01
  1.172907594180e+00
  8.890762997070e-01
  7.245236748170e-01
  7.221402970950e-01
  7.226684628800e-01
  7.238128997380e-01
  7.251636084910e-01
  7.266018954140e-01
  7.280809000430e-01
  7.295805910210e-01
  7.310901809310e-01
  7.326049138310e-01
  7.341209374400e-01
  7.356342059730e-01
  7.371450158430e-01
  7.386559026880e-01
  7.401590549190e-01
  7.416590315450e-01
  7.431551125560e-01
  7.446488394360e-01
  7.461297220800e-01
  7.476140557720e-01
  7.490895458410e-01
  7.505572506880e-01
  7.520206361630e-01
  7.534704017530e-01
  7.549195115610e-01
  7.563600338070e-01
  7.577910515020e-01
  7.592279324080e-01
  7.606543118440e-01
  7.620665248630e-01
  7.634771099280e-01
  7.648899920700e-01
  7.662888170720e-01
  7.676740942660e-01
  7.690629442540e-01
  7.704487202060e-01
  7.718211587840e-01
  7.731803070100e-01
  7.745435520520e-01
  7.759034327690e-01
  7.772501217810e-01
  7.785832893360e-01
  7.799188853730e-01
  7.812536556340e-01
  7.825752006310e-01
  7.838840008510e-01
  7.851880046550e-01
  7.864973202660e-01
  7.877946079610e-01
  7.890792329150e-01
  7.903521719600e-01
  7.916320114520e-01
  7.929062522490e-01
  7.941674666040e-01
  7.954169984140e-01
  7.966583886510e-01
  7.979072538220e-01
  7.991464246930e-01
  8.003727737180e-01
  8.015878739160e-01
  8.027966813190e-01
  8.040128593430e-01
  8.052183584980e-01
  8.064126211420e-01
  8.075945418750e-01
  8.087681163990e-01
  8.099497546250e-01
  8.111227373250e-01
  8.122841741180e-01
  8.134344745130e-01
  8.145737894710e-01
  8.157160200410e-01
  8.168580061010e-01
  8.179893362510e-01
  8.191091328720e-01
  8.202174882840e-01
  8.213169898230e-01
  8.224225262020e-01
  8.235239171550e-01
  8.246146593860e-01
  8.256938867080e-01
  8.267624686650e-01
  8.278222074540e-01
  8.288887853190e-01
  8.299535807870e-01
  8.310079708680e-01
  8.320519651130e-01
  8.330855590060e-01
  8.341095385970e-01
  8.351223400210e-01
  8.361271045350e-01
  8.371371708620e-01
  8.381423484780e-01
  8.391371414260e-01
  8.401231144230e-01
  8.411080839780e-01
  8.420881486140e-01
  8.430593974840e-01
  8.440202747060e-01
  8.449765218470e-01
  8.459323823560e-01
  8.468792090810e-01
  8.478166853010e-01
  8.487445732360e-01
  8.496735997950e-01
  8.505966265530e-01
  8.515106328300e-01
  8.524158435000e-01
  8.533138417890e-01
  8.542132902430e-01
  8.551055208720e-01
  8.559881848460e-01
  8.568628483780e-01
  8.577302915770e-01
  8.585991216320e-01
  8.594615134270e-01
  8.603145711970e-01
  8.611599674480e-01
  8.619968124590e-01
  8.628343290150e-01
  8.636677817520e-01
  8.644924665270e-01
  8.653094005420e-01
  8.661181175160e-01
  8.669219908270e-01
  8.677262968930e-01
  8.685236387030e-01
  8.693127753790e-01
  8.700943868410e-01
  8.708683520510e-01
  8.716387350310e-01
  8.724095613840e-01
  8.731731909470e-01
  8.739288484200e-01
  8.746765424910e-01
  8.754178303480e-01
  8.761535086780e-01
  8.768898716240e-01
  8.776214141050e-01
  8.783449853780e-01
  8.790613896700e-01
  8.797713931540e-01
  8.804742201390e-01
  8.811751547650e-01
  8.818754438580e-01
  8.825687874990e-01
  8.832547304240e-01
  8.839350691140e-01
  8.846074551110e-01
  8.852742356180e-01
  8.859377964540e-01
  8.866026157580e-01
  8.872599495900e-01
  8.879114489020e-01
  8.885565749600e-01
  8.891953178350e-01
  8.898276842910e-01
  8.904536756950e-01
  8.910803872680e-01
  8.917054572460e-01
  8.923235962890e-01
  8.929356909320e-01
  8.935424195300e-01
  8.941427766740e-01
  8.947367673290e-01
  8.953251748400e-01
  8.959119439220e-01
  8.964994436980e-01
  8.970813632330e-01
  8.976569141460e-01
  8.982274389390e-01
  8.987920737760e-01
  8.993508995850e-01
  8.999041461770e-01
  9.004520485090e-01
  9.009980912500e-01
  9.015438549620e-01
  9.020834973590e-01
  9.026183443560e-01
  9.031483989240e-01
  9.036720955690e-01
  9.041917938180e-01
  9.047114658790e-01
  9.052263616000e-01
  9.057372539610e-01
  9.062425731070e-01
  9.067431096340e-01
  9.072380793160e-01
  9.077290531010e-01
  9.082200116390e-01
  9.087077736200e-01
  9.091899709510e-01
  9.096681680870e-01
  9.101415821180e-01
  9.106102211730e-01
  9.110735272360e-01
  9.115355557910e-01
  9.119970095740e-01
  9.124529053040e-01
  9.129053595490e-01
  9.133527110290e-01
  9.137958409450e-01
  9.142341984210e-01
  9.146685624670e-01
  9.151013318350e-01
  9.155333065630e-01
  9.159612953570e-01
  9.163847389800e-01
  9.168045246780e-01
  9.172197810670e-01
  9.176310525900e-01
  9.180377860690e-01
  9.184410910170e-01
  9.188441626490e-01
  9.192458735660e-01
  9.196428219630e-01
  9.200365609990e-01
  9.204263212080e-01
  9.208121195150e-01
  9.211939365550e-01
  9.215723269350e-01
  9.219464156430e-01
  9.223178675910e-01
  9.226893391680e-01
  9.230573928260e-01
  9.234219220650e-01
  9.237822480860e-01
  9.241396114890e-01
  9.244957344690e-01
  9.248494655420e-01
  9.251988987890e-01
  9.255451325870e-01
  9.258885014300e-01
  9.262297272930e-01
  9.265686030960e-01
  9.269042843290e-01
  9.272375536660e-01
  9.275668562490e-01
  9.278935178970e-01
  9.282182971190e-01
  9.285412584390e-01
  9.288610313980e-01
  9.291773896870e-01
  9.294902291830e-01
  9.298012221250e-01
  9.301098693170e-01
  9.304177320550e-01
  9.307224040440e-01
  9.310238946800e-01
  9.313221934160e-01
  9.316175386160e-01
  9.319108198870e-01
  9.322035929720e-01
  9.324934226940e-01
  9.327806196170e-01
  9.330651855990e-01
  9.333467986450e-01
  9.336254585920e-01
  9.339020612850e-01
  9.341781661010e-01
  9.344518830380e-01
  9.347231971220e-01
  9.349913346710e-01
  9.352570669750e-01
  9.355219695490e-01
  9.357844745200e-01
  9.360446775420e-01
  9.363025436560e-01
  9.365577844120e-01
  9.368110896390e-01
  9.370625463450e-01
  9.373123861250e-01
  9.375598331200e-01
  9.378048850890e-01
  9.380492029010e-01
  9.382927749340e-01
  9.385339452030e-01
  9.387719427790e-01
  9.390080921330e-01
  9.392420816420e-01
  9.394731286390e-01
  9.397023263210e-01
  9.399299187030e-01
  9.401568157910e-01
  9.403837227030e-01
  9.406074458610e-01
  9.408295620360e-01
  9.410492869900e-01
  9.412666422330e-01
  9.414823986210e-01
  9.416957595930e-01
  9.419067269480e-01
  9.421169049090e-01
  9.423271457960e-01
  9.425350105690e-01
  9.427412679570e-01
  9.429451339320e-01
  9.431474009130e-01
  9.433497181960e-01
  9.435504490340e-01
  9.437487858400e-01
  9.439447342580e-01
  9.441398573800e-01
  9.443334548320e-01
  9.445265125710e-01
  9.447180614100e-01
  9.449071288840e-01
  9.450943548830e-01
  9.452799868930e-01
  9.454656748040e-01
  9.456505840950e-01
  9.458330982330e-01
  9.460140122940e-01
  9.461933177120e-01
  9.463710230530e-01
  9.465480216920e-01
  9.467250430970e-01
  9.468996748900e-01
  9.470734854160e-01
  9.472449040760e-01
  9.474147259430e-01
  9.475829375630e-01
  9.477495609540e-01
  9.479170862860e-01
  9.480838422370e-01
  9.482497710900e-01
  9.484133148370e-01
  9.485752569090e-01
  9.487355936200e-01
  9.488943302530e-01
  9.490520152930e-01
  9.492086371850e-01
  9.493667216670e-01
  9.495234338290e-01
  9.496788683430e-01
  9.498321489920e-01
  9.499838259630e-01
  9.501346776380e-01
  9.502833803960e-01
  9.504308017060e-01
  9.505776680800e-01
  9.507246952320e-01
  9.508717149530e-01
  9.510163530520e-01
  9.511601708180e-01
  9.513023909700e-01
  9.514453886540e-01
  9.515867877080e-01
  9.517273735460e-01
  9.518663531010e-01
  9.520037425080e-01
  9.521417946980e-01
  9.522787671360e-01
  9.524146926840e-01
  9.525490163540e-01
  9.526817398460e-01
  9.528144696430e-01
  9.529480755430e-01
  9.530800874700e-01
  9.532107251830e-01
  9.533400922000e-01
  9.534688665480e-01
  9.535968900090e-01
  9.537255571940e-01
  9.538522982120e-01
  9.539787769490e-01
  9.541036507230e-01
  9.542269323720e-01
  9.543502115150e-01
  9.544738354270e-01
  9.545977747860e-01
  9.547195546100e-01
  9.548405184100e-01
  9.549601090920e-01
  9.550789826130e-01
  9.551970433190e-01
  9.553165378000e-01
  9.554352157700e-01
  9.555522880410e-01
  9.556685442880e-01
  9.557832042790e-01
  9.558968112890e-01
  9.560109395100e-01
  9.561257462440e-01
  9.562399724510e-01
  9.563534776870e-01
  9.564652837840e-01
  9.565765965100e-01
  9.566859814470e-01
  9.567951124090e-01
  9.569059600270e-01
  9.570160947470e-01
  9.571261936660e-01
  9.572346882890e-01
  9.573431476040e-01
  9.574492214680e-01
  9.575552641900e-01
  9.576597049500e-01
  9.577650255570e-01
  9.578720749860e-01
  9.579783078990e-01
  9.580837237270e-01
  9.581883208580e-01
  9.582913150430e-01
  9.583934914110e-01
  9.584948480960e-01
  9.585946034030e-01
  9.586960085900e-01
  9.587989078340e-01
  9.589006589010e-01
  9.590013671010e-01
  9.591010251760e-01
  9.591995450660e-01
  9.592978084600e-01
  9.593978073660e-01
  9.594978286560e-01
  9.595962464810e-01
  9.596938481540e-01
  9.597908536460e-01
  9.598865871100e-01
  9.599817536900e-01
  9.600796899660e-01
  9.601771850140e-01
  9.602738646280e-01
  9.603693993400e-01
  9.604638805890e-01
  9.605575506430e-01
  9.606509490800e-01
  9.607449227810e-01
  9.608406161630e-01
  9.609358278390e-01
  9.610296552100e-01
  9.611226664240e-01
  9.612150775170e-01
  9.613062183440e-01
  9.613967693540e-01
  9.614882109890e-01
  9.615829855710e-01
  9.616761642320e-01
  9.617685159530e-01
  9.618608303280e-01
  9.619513142180e-01
  9.620406530040e-01
  9.621297194310e-01
  9.622179696400e-01
  9.623087961740e-01
  9.624013294800e-01
  9.624930429260e-01
  9.625839334680e-01
  9.626739897620e-01
  9.627632371680e-01
  9.628511004400e-01
  9.629384749320e-01
  9.630252554570e-01
  9.631112600420e-01
  9.632006365650e-01
  9.632900181170e-01
  9.633785742430e-01
  9.634663132660e-01
  9.635532436850e-01
  9.636418963780e-01
  9.637305711640e-01
  9.638184226590e-01
  9.639054525400e-01
  9.639916591300e-01
  9.640787252740e-01
  9.641674951970e-01
  9.642554429890e-01
  9.643425668480e-01
  9.644288697360e-01
  9.645143499700e-01
  9.646015518380e-01
  9.646896211870e-01
  9.647776476260e-01
  9.648640715480e-01
  9.649496647740e-01
  9.650352185750e-01
  9.651216990520e-01
  9.652098747430e-01
  9.652972220620e-01
  9.653837522140e-01
  9.654700022980e-01
  9.655551025200e-01
  9.656392007350e-01
  9.657274606180e-01
  9.658157196610e-01
  9.659031535540e-01
  9.659897641520e-01
  9.660747593440e-01
  9.661597171130e-01
  9.662446970290e-01
  9.663330911620e-01
  9.664206969850e-01
  9.665082587280e-01
  9.665947660890e-01
  9.666801188370e-01
  9.667652006020e-01
  9.668486719240e-01
  9.669362992600e-01
  9.670256501370e-01
  9.671141764480e-01
  9.672020954130e-01
  9.672895115630e-01
  9.673753179130e-01
  9.674607539780e-01
  9.675449019160e-01
  9.676326564130e-01
  9.677224174890e-01
  9.678121305740e-01
  9.679013353080e-01
  9.679886004820e-01
  9.680761473840e-01
  9.681617547490e-01
  9.682468570220e-01
  9.683319339980e-01
  9.684217674470e-01
  9.685136228620e-01
  9.686043097240e-01
  9.686939381800e-01
  9.687829630020e-01
  9.688714813830e-01
  9.689586113760e-01
  9.690449114960e-01
  9.691303789700e-01
  9.692172513110e-01
  9.693080308400e-01
  9.693985680020e-01
  9.694882695030e-01
  9.695771353420e-01
  9.696660000110e-01
  9.697580077140e-01
  9.698496861900e-01
  9.699400785480e-01
  9.700293090190e-01
  9.701182567020e-01
  9.702097302550e-01
  9.703036908480e-01
  9.703952559390e-01
  9.704875410670e-01
  9.705779887450e-01
  9.706672837880e-01
  9.707607604520e-01
  9.708554080330e-01
  9.709486627460e-01
  9.710410806250e-01
  9.711326577610e-01
  9.712234092820e-01
  9.713183795050e-01
  9.714150505690e-01
  9.715116598280e-01
  9.716060975400e-01
  9.717000193500e-01
  9.717933361530e-01
  9.718858079210e-01
  9.719774754610e-01
  9.720752906400e-01
  9.721750993330e-01
  9.722735091370e-01
  9.723708575890e-01
  9.724670284550e-01
  9.725629159480e-01
  9.726574039290e-01
  9.727513835070e-01
  9.728473460310e-01
  9.729500234720e-01
  9.730518679320e-01
  9.731528718780e-01
  9.732522457110e-01
  9.733515580490e-01
  9.734492490470e-01
  9.735460925660e-01
  9.736420912960e-01
  9.737389230870e-01
  9.738441850620e-01
  9.739500599900e-01
  9.740547567910e-01
  9.741583812010e-01
  9.742619349610e-01
  9.743633051930e-01
  9.744641626160e-01
  9.745641710410e-01
  9.746630018750e-01
  9.747610120480e-01
  9.748652736310e-01
  9.749722582020e-01
  9.750776125010e-01
  9.751821240620e-01
  9.752850057380e-01
  9.753895126200e-01
  9.754982636540e-01
  9.756069848210e-01
  9.757146271670e-01
  9.758210865170e-01
  9.759256853270e-01
  9.760333288570e-01
  9.761448863990e-01
  9.762553763730e-01
  9.763657890270e-01
  9.764737857990e-01
  9.765817148780e-01
  9.766896827920e-01
  9.768035431740e-01
  9.769173873940e-01
  9.770303850210e-01
  9.771417421520e-01
  9.772522445410e-01
  9.773618911880e-01
  9.774741347020e-01
  9.775922038480e-01
  9.777086336940e-01
  9.778242057860e-01
  9.779381385780e-01
  9.780519987470e-01
  9.781634394630e-01
  9.782789980250e-01
  9.784005099180e-01
  9.785211726200e-01
  9.786409775680e-01
  9.787591364520e-01
  9.788764375820e-01
  9.789928759920e-01
  9.791076886320e-01
  9.792300527030e-01
  9.793558048270e-01
  9.794806868570e-01
  9.796047055580e-01
  9.797270776150e-01
  9.798478097620e-01
  9.799676773900e-01
  9.800866811090e-01
  9.802099194550e-01
  9.803415590630e-01
  9.804715551680e-01
  9.806006804130e-01
  9.807287179500e-01
  9.808547688670e-01
  9.809805142240e-01
  9.811038287820e-01
  9.812270603880e-01
  9.813536917520e-01
  9.814879040140e-01
  9.816207032800e-01
  9.817529552350e-01
  9.818830064900e-01
  9.820121866160e-01
  9.821413271950e-01
  9.822772549650e-01
  9.824148391650e-01
  9.825507700990e-01
  9.826858283860e-01
  9.828192264750e-01
  1.015609256010e+00
