299
  8.412600000000e-01
  7.914200000000e-01
  7.445400000000e-01
  7.004200000000e-01
  6.589300000000e-01
  6.198960000000e-01
  5.831670000000e-01
  5.486190000000e-01
  5.161170000000e-01
  4.855390000000e-01
  4.567750000000e-01
  4.297140000000e-01
  4.042550000000e-01
  3.803060000000e-01
  3.577760000000e-01
  3.365790000000e-01
  3.166390000000e-01
  2.978810000000e-01
  2.802320000000e-01
  2.636310000000e-01
  2.480120000000e-01
  2.333200000000e-01
  2.194960000000e-01
  2.064930000000e-01
  1.942590000000e-01
  1.827500000000e-01
  1.719240000000e-01
  1.617380000000e-01
  1.521570000000e-01
  1.431420000000e-01
  1.346620000000e-01
  1.266840000000e-01
  1.191780000000e-01
  1.121180000000e-01
  1.054760000000e-01
  9.922700000000e-02
  9.334900000000e-02
  8.781800000000e-02
  8.261500000000e-02
  7.772100000000e-02
  7.311700000000e-02
  6.878500000000e-02
  6.470900000000e-02
  6.087650000000e-02
  5.726960000000e-02
  5.387670000000e-02
  5.068490000000e-02
  4.768210000000e-02
  4.485720000000e-02
  4.219970000000e-02
  3.969970000000e-02
  3.734770000000e-02
  3.513510000000e-02
  3.305350000000e-02
  3.109540000000e-02
  2.925310000000e-02
  2.752000000000e-02
  2.588970000000e-02
  2.435590000000e-02
  2.291290000000e-02
  2.155550000000e-02
  2.027850000000e-02
  1.907710000000e-02
  1.794690000000e-02
  1.688360000000e-02
  1.588340000000e-02
  1.494240000000e-02
  1.405720000000e-02
  1.322440000000e-02
  1.244090000000e-02
  1.170390000000e-02
  1.101040000000e-02
  1.035820000000e-02
  9.744500000000e-03
  9.167300000000e-03
  8.624100000000e-03
  8.113200000000e-03
  7.632500000000e-03
  7.180400000000e-03
  6.754900000000e-03
  6.354800000000e-03
  5.978300000000e-03
  5.624120000000e-03
  5.290930000000e-03
  4.977470000000e-03
  4.682590000000e-03
  4.405170000000e-03
  4.144200000000e-03
  3.898670000000e-03
  3.667710000000e-03
  3.450420000000e-03
  3.246000000000e-03
  3.053690000000e-03
  2.872790000000e-03
  2.702590000000e-03
  2.542470000000e-03
  2.391860000000e-03
  2.250150000000e-03
  2.116840000000e-03
  1.991430000000e-03
  2.948010000000e-03
  2.673180000000e-03
  2.423970000000e-03
  2.198000000000e-03
  1.993100000000e-03
  1.807290000000e-03
  1.638810000000e-03
  1.486030000000e-03
  1.347500000000e-03
  1.221880000000e-03
  1.107970000000e-03
  1.004681000000e-03
  9.110210000000e-04
  8.260910000000e-04
  7.490800000000e-04
  6.792480000000e-04
  6.159260000000e-04
  5.585060000000e-04
  5.064400000000e-04
  4.592280000000e-04
  4.164170000000e-04
  3.775970000000e-04
  3.423950000000e-04
  3.104760000000e-04
  2.815330000000e-04
  2.552860000000e-04
  2.314880000000e-04
  2.099080000000e-04
  1.903390000000e-04
  1.725950000000e-04
  1.565050000000e-04
  1.419150000000e-04
  1.286850000000e-04
  1.166880000000e-04
  1.058110000000e-04
  9.594610000000e-05
  8.700180000000e-05
  7.889120000000e-05
  7.153650000000e-05
  6.486770000000e-05
  5.882040000000e-05
  5.333700000000e-05
  4.836460000000e-05
  4.385590000000e-05
  3.976750000000e-05
  3.606020000000e-05
  3.269860000000e-05
  2.965020000000e-05
  2.688610000000e-05
  2.437970000000e-05
  2.210690000000e-05
  2.004600000000e-05
  1.817730000000e-05
  1.648270000000e-05
  1.494610000000e-05
  1.355280000000e-05
  1.228930000000e-05
  1.114370000000e-05
  1.010476000000e-05
  9.162800000000e-06
  8.308610000000e-06
  7.534040000000e-06
  6.831690000000e-06
  6.194810000000e-06
  5.617310000000e-06
  5.093640000000e-06
  4.618790000000e-06
  4.188200000000e-06
  3.797770000000e-06
  3.443720000000e-06
  3.122690000000e-06
  2.831570000000e-06
  2.567610000000e-06
  2.328240000000e-06
  2.111190000000e-06
  1.914380000000e-06
  1.735910000000e-06
  1.574090000000e-06
  1.427340000000e-06
  1.294280000000e-06
  1.173620000000e-06
  1.064210000000e-06
  9.650060000000e-07
  8.750400000000e-07
  7.934660000000e-07
  7.194950000000e-07
  6.524220000000e-07
  5.915990000000e-07
  5.364490000000e-07
  4.864390000000e-07
  4.410910000000e-07
  3.999700000000e-07
  3.626840000000e-07
  3.288730000000e-07
  2.982140000000e-07
  2.704130000000e-07
  2.452040000000e-07
  2.223460000000e-07
  2.016170000000e-07
  1.828220000000e-07
  2.044060000000e-07
  1.809110000000e-07
  1.601160000000e-07
  1.417110000000e-07
  1.254218000000e-07
  1.110051000000e-07
  9.824550000000e-08
  8.695260000000e-08
  7.695770000000e-08
  6.811170000000e-08
  6.028260000000e-08
  5.335330000000e-08
  4.722050000000e-08
  4.179270000000e-08
  3.698880000000e-08
  3.273710000000e-08
  2.897410000000e-08
  2.564360000000e-08
  2.269600000000e-08
  2.008720000000e-08
  1.777820000000e-08
  1.573470000000e-08
  1.392610000000e-08
  1.232525000000e-08
  1.090856000000e-08
  9.654660000000e-09
  8.544890000000e-09
  7.562690000000e-09
  6.693390000000e-09
  5.924010000000e-09
  5.243070000000e-09
  4.640400000000e-09
  4.107000000000e-09
  3.634910000000e-09
  3.217100000000e-09
  2.847310000000e-09
  2.520010000000e-09
  2.230360000000e-09
  1.973980000000e-09
  1.747080000000e-09
  1.546260000000e-09
  1.368520000000e-09
  1.211215000000e-09
  1.071992000000e-09
  9.487700000000e-10
  8.397130000000e-10
  7.431910000000e-10
  6.577650000000e-10
  5.821560000000e-10
  5.152400000000e-10
  4.560160000000e-10
  4.035980000000e-10
  3.572060000000e-10
  3.161460000000e-10
  2.798070000000e-10
  2.476440000000e-10
  2.191780000000e-10
  1.939850000000e-10
  1.716870000000e-10
  1.519520000000e-10
  1.344850000000e-10
  1.190276000000e-10
  1.053455000000e-10
  9.323630000000e-11
  8.251930000000e-11
  7.303390000000e-11
  6.463900000000e-11
  5.720900000000e-11
  5.063300000000e-11
  4.481290000000e-11
  3.966190000000e-11
  3.510290000000e-11
  3.106800000000e-11
  2.749680000000e-11
  2.433610000000e-11
  2.153890000000e-11
  1.906300000000e-11
  1.687180000000e-11
  1.493240000000e-11
  1.321600000000e-11
  1.169689000000e-11
  1.035238000000e-11
  9.162400000000e-12
  8.109230000000e-12
  7.177100000000e-12
  6.352120000000e-12
  5.621970000000e-12
  4.975740000000e-12
  4.403800000000e-12
  3.897600000000e-12
  3.449590000000e-12
  3.053070000000e-12
  2.702130000000e-12
  2.391540000000e-12
  2.116630000000e-12
  1.873340000000e-12
  1.658000000000e-12
  1.467420000000e-12
  1.129875000000e-11
