299
  5.134311928394e+03
  4.979902412084e+03
  4.830136029766e+03
  4.684874132830e+03
  4.543981402107e+03
  4.407324937855e+03
  4.274778346054e+03
  4.146218316080e+03
  4.021524467747e+03
  3.900580801215e+03
  3.783274426725e+03
  3.669495780252e+03
  3.559139065507e+03
  3.452101307996e+03
  3.348282428624e+03
  3.247585845033e+03
  3.149917743007e+03
  3.055186755426e+03
  2.963304801411e+03
  2.874186185340e+03
  2.787747651986e+03
  2.703908565805e+03
  2.622590878120e+03
  2.543718835275e+03
  2.467218762777e+03
  2.393019550284e+03
  2.321051729779e+03
  2.251248233300e+03
  2.183543930659e+03
  2.117875701344e+03
  2.054182470035e+03
  1.992404718456e+03
  1.932485093826e+03
  1.874367557235e+03
  1.817997638343e+03
  1.763322971140e+03
  1.710292490266e+03
  1.658856871241e+03
  1.608968422337e+03
  1.560580301651e+03
  1.513647128834e+03
  1.468125357146e+03
  1.423973006573e+03
  1.381148440303e+03
  1.339611518842e+03
  1.299323919702e+03
  1.260247925311e+03
  1.222347098109e+03
  1.185586132333e+03
  1.149930730625e+03
  1.115347601037e+03
  1.081804515875e+03
  1.049270219085e+03
  1.017714384196e+03
  9.871075399542e+02
  9.574211583649e+02
  9.286276339069e+02
  9.007000232761e+02
  8.736122615921e+02
  8.473391745392e+02
  8.218562385285e+02
  7.971396349000e+02
  7.731663585156e+02
  7.499140732926e+02
  7.273611186270e+02
  7.054864320947e+02
  6.842695805586e+02
  6.636907813932e+02
  6.437308374227e+02
  6.243711969158e+02
  6.055937729356e+02
  5.873811206464e+02
  5.697162151386e+02
  5.525825189720e+02
  5.359640505717e+02
  5.198453607618e+02
  5.042114915185e+02
  4.890478163741e+02
  4.743401415193e+02
  4.600748160854e+02
  4.462385303949e+02
  4.328182852176e+02
  4.198016649628e+02
  4.071765068499e+02
  3.949310408222e+02
  3.830538480579e+02
  3.715338536267e+02
  3.603603088854e+02
  3.495228029730e+02
  3.390112258128e+02
  3.288157594953e+02
  3.189269203209e+02
  3.093354929298e+02
  3.000325079221e+02
  2.910092905387e+02
  2.822574610220e+02
  2.737688230480e+02
  2.655354584768e+02
  2.575497229477e+02
  2.498041573808e+02
  2.401610361263e+02
  2.286928187399e+02
  2.177722547781e+02
  2.073731789233e+02
  1.974706611544e+02
  1.880410066108e+02
  1.790616442468e+02
  1.705110675996e+02
  1.623687989198e+02
  1.546153315812e+02
  1.472321151865e+02
  1.402014665264e+02
  1.335065434990e+02
  1.271313193748e+02
  1.210605275674e+02
  1.152796259367e+02
  1.097747725712e+02
  1.045327906277e+02
  9.954112799326e+01
  9.478782529887e+01
  9.026150057449e+01
  8.595131659610e+01
  8.184695775854e+01
  7.793859366250e+01
  7.421685439548e+01
  7.067283960043e+01
  6.729806314844e+01
  6.408443198297e+01
  6.102426065083e+01
  5.811022195221e+01
  5.533533343722e+01
  5.269295152766e+01
  5.017674980066e+01
  4.778070789043e+01
  4.549907547999e+01
  4.332639197151e+01
  4.125746536464e+01
  3.928733160695e+01
  3.741127701239e+01
  3.562480836832e+01
  3.392364675805e+01
  3.230371920069e+01
  3.076114718569e+01
  2.929223739262e+01
  2.789347011018e+01
  2.656149678476e+01
  2.529312683238e+01
  2.408532474776e+01
  2.293519971342e+01
  2.183999475621e+01
  2.079708809189e+01
  1.980398323081e+01
  1.885829969709e+01
  1.795777374445e+01
  1.710025130165e+01
  1.628367682065e+01
  1.550609603462e+01
  1.476564623826e+01
  1.406055521593e+01
  1.338913499704e+01
  1.274977475167e+01
  1.214094550510e+01
  1.156118933685e+01
  1.100911772083e+01
  1.048340858276e+01
  9.982803015896e+00
  9.506102531002e+00
  9.052165938913e+00
  8.619905634128e+00
  8.208286440358e+00
  7.816322884831e+00
  7.443076599082e+00
  7.087653614314e+00
  6.749202601513e+00
  6.426914015324e+00
  6.120015297225e+00
  5.827771675882e+00
  5.549482919602e+00
  5.284482903320e+00
  5.032137630296e+00
  4.791842355017e+00
  4.563021954277e+00
  4.345127629056e+00
  4.137638019252e+00
  3.940056887126e+00
  3.751910696042e+00
  3.572748846418e+00
  3.402142409317e+00
  3.239682847598e+00
  3.084980898483e+00
  2.937666335346e+00
  2.797386510858e+00
  2.663805335004e+00
  2.536602821317e+00
  2.415474550105e+00
  2.300130500235e+00
  2.190294444530e+00
  2.085703097284e+00
  1.986106232795e+00
  1.891265446082e+00
  1.790665855137e+00
  1.684610156193e+00
  1.584835607980e+00
  1.490970479778e+00
  1.402664814645e+00
  1.319589235420e+00
  1.241433951669e+00
  1.167907550771e+00
  1.098735893766e+00
  1.033661085231e+00
  9.724404289492e-01
  9.148456710079e-01
  8.606621256576e-01
  8.096877266865e-01
  7.617323745892e-01
  7.166172548163e-01
  6.741741509946e-01
  6.342448499464e-01
  5.966804463220e-01
  5.613408267529e-01
  5.280942971539e-01
  4.968168769101e-01
  4.673918446448e-01
  4.397096247208e-01
  4.136669950018e-01
  3.891667372721e-01
  3.661175649900e-01
  3.444335285949e-01
  3.240337665131e-01
  3.048422186505e-01
  2.867873257424e-01
  2.698017644949e-01
  2.538222123106e-01
  2.387891007754e-01
  2.246463503280e-01
  2.113412055602e-01
  1.988241061078e-01
  1.870483500371e-01
  1.759700181380e-01
  1.655478423381e-01
  1.557429359605e-01
  1.465187549638e-01
  1.378409026232e-01
  1.296770045910e-01
  1.219966266083e-01
  1.147711351748e-01
  1.079735869563e-01
  1.015786337538e-01
  9.556243676835e-02
  8.990256559422e-02
  8.457790369193e-02
  7.956860447181e-02
  7.485599506008e-02
  7.042250278088e-02
  6.625159153560e-02
  6.232770708087e-02
  5.863622677642e-02
  5.516337850642e-02
  5.189621197135e-02
  4.882255357238e-02
  4.593094842483e-02
  4.321060009065e-02
  4.065136065766e-02
  3.824370288756e-02
  3.597864327670e-02
  3.384773591408e-02
  3.184303663573e-02
  2.995706857584e-02
  2.818280139165e-02
  2.651362010730e-02
  2.494329875130e-02
  2.346598176766e-02
  2.207616124097e-02
  2.076865576946e-02
  1.953859235427e-02
  1.838137959741e-02
  1.729270351925e-02
  1.626850830806e-02
  1.530497411029e-02
  1.439850817119e-02
  1.354572816914e-02
  1.274345500410e-02
  1.198869849145e-02
  1.127864398820e-02
  1.061064354994e-02
  9.982207002541e-03
  9.390990771142e-03
  8.834790732949e-03
  8.311532989939e-03
  7.819266128736e-03
  7.356154511188e-03
  6.920471519501e-03
  6.510593030163e-03
  6.124989794845e-03
  5.762224841812e-03
  5.420945635851e-03
  5.099879215590e-03
  4.797829191566e-03
  3.287515211994e-03
