1601
 -2.000199527595e-02
 -1.962319407060e-02
 -1.924523097206e-02
 -1.886820014091e-02
 -1.849203620770e-02
 -1.811629361202e-02
 -1.768846533983e-02
 -1.722067140639e-02
 -1.675384870732e-02
 -1.628837422121e-02
 -1.582360545130e-02
 -1.535979854508e-02
 -1.490740934889e-02
 -1.446349593639e-02
 -1.402083322451e-02
 -1.357916198213e-02
 -1.313853044631e-02
 -1.269896889054e-02
 -1.226109922803e-02
 -1.182418826114e-02
 -1.138832876043e-02
 -1.093739507663e-02
 -1.045926605235e-02
 -9.981808273307e-03
 -9.509037340530e-03
 -9.044745358152e-03
 -8.582297546579e-03
 -8.121177673580e-03
 -7.660330660068e-03
 -7.200739351230e-03
 -6.742443423557e-03
 -6.284687771246e-03
 -5.827948356525e-03
 -5.372394072363e-03
 -4.917694490731e-03
 -4.463927259465e-03
 -4.011217013983e-03
 -3.581165351693e-03
 -3.168960484377e-03
 -2.757776029716e-03
 -2.347753313400e-03
 -1.937777445900e-03
 -1.529162293203e-03
 -1.111649484616e-03
 -6.505788381242e-04
 -1.852493490906e-04
  2.789339978842e-04
  7.422641301860e-04
  1.204515569958e-03
  1.665633936977e-03
  2.090045188390e-03
  2.476242709823e-03
  2.861449594561e-03
  3.245232123904e-03
  3.627841904693e-03
  4.009250196086e-03
  4.388084542204e-03
  4.738744366626e-03
  5.079048594108e-03
  5.418531194339e-03
  5.756861535652e-03
  6.095311651281e-03
  6.432613255923e-03
  6.765118445607e-03
  7.072517437479e-03
  7.374872682396e-03
  7.676905792932e-03
  7.978337930312e-03
  8.278682819999e-03
  8.578523975310e-03
  8.865687064725e-03
  9.098488844078e-03
  9.324215346142e-03
  9.549566113240e-03
  9.773807485192e-03
  9.997642314203e-03
  1.022091042193e-02
  1.043517680333e-02
  1.060626332566e-02
  1.077090106897e-02
  1.093519806744e-02
  1.107571672436e-02
  1.119121249728e-02
  1.130630059208e-02
  1.141733458682e-02
  1.149205687655e-02
  1.155763512961e-02
  1.162300366609e-02
  1.167294796671e-02
  1.168817069956e-02
  1.170195007538e-02
  1.171476719123e-02
  1.169592629637e-02
  1.166126085787e-02
  1.162662812078e-02
  1.159201383991e-02
  1.155769869411e-02
  1.152345273812e-02
  1.148916375643e-02
  1.145510877306e-02
  1.142130576899e-02
  1.138748887860e-02
  1.135376494207e-02
  1.132012912782e-02
  1.128670474760e-02
  1.125340807698e-02
  1.122021577687e-02
  1.119058418635e-02
  1.116289685111e-02
  1.113549247319e-02
  1.110836857472e-02
  1.108114133817e-02
  1.105411451871e-02
  1.102734452410e-02
  1.100073321088e-02
  1.097409669786e-02
  1.094760995737e-02
  1.092132998568e-02
  1.089513473882e-02
  1.086907758567e-02
  1.084327346274e-02
  1.081741866726e-02
  1.079163143324e-02
  1.076595544838e-02
  1.074043701288e-02
  1.071512504107e-02
  1.068683966902e-02
  1.064999302329e-02
  1.061292237136e-02
  1.057602042609e-02
  1.053933961015e-02
  1.050270624265e-02
  1.046631602860e-02
  1.043008075786e-02
  1.039395000477e-02
  1.035801279222e-02
  1.032218127791e-02
  1.028646095219e-02
  1.025091630857e-02
  1.021540901587e-02
  1.018022699433e-02
  1.014514926771e-02
  1.011014838068e-02
  1.007526241342e-02
  1.004020471543e-02
  1.000550483843e-02
  9.971101522866e-03
  9.940277650450e-03
  9.910785328605e-03
  9.881452905112e-03
  9.852150446979e-03
  9.822955127541e-03
  9.793853115478e-03
  9.764848470383e-03
  9.735951608162e-03
  9.707114425157e-03
  9.678405472727e-03
  9.649763916697e-03
  9.621124131376e-03
  9.592697020740e-03
  9.564248587201e-03
  9.535882463636e-03
  9.507594215117e-03
  9.479428954450e-03
  9.451382820619e-03
  9.423342495553e-03
  9.395405043305e-03
  9.367557889434e-03
  9.343437003737e-03
  9.326047805396e-03
  9.308557171684e-03
  9.291191780253e-03
  9.273901803681e-03
  9.256642834694e-03
  9.239342495920e-03
  9.222339749040e-03
  9.205177485644e-03
  9.188145764406e-03
  9.170949513379e-03
  9.154083192893e-03
  9.137108266747e-03
  9.120156311649e-03
  9.103267323609e-03
  9.086449453010e-03
  9.069638687628e-03
  9.052893504853e-03
  9.036034114435e-03
  9.019491266953e-03
  9.002828482832e-03
  8.986259561560e-03
  8.969345055300e-03
  8.941328408105e-03
  8.908477472033e-03
  8.875658149682e-03
  8.842859264495e-03
  8.810222309951e-03
  8.777712910784e-03
  8.745192487931e-03
  8.712725593010e-03
  8.680445948761e-03
  8.648195125028e-03
  8.616005108101e-03
  8.583893205818e-03
  8.551856634685e-03
  8.519887130938e-03
  8.488035383286e-03
  8.456039134378e-03
  8.424332689395e-03
  8.392731737019e-03
  8.361187967175e-03
  8.329632380243e-03
  8.298042195295e-03
  8.266950488210e-03
  8.235656224115e-03
  8.204445543622e-03
  8.173809795346e-03
  8.143987513143e-03
  8.113989384805e-03
  8.083945843370e-03
  8.053861088366e-03
  8.024257787031e-03
  7.994481925762e-03
  7.964806727674e-03
  7.935597103420e-03
  7.905132949453e-03
  7.875906832945e-03
  7.846510432180e-03
  7.817181739366e-03
  7.787300544784e-03
  7.759066083805e-03
  7.729719182044e-03
  7.700897912888e-03
  7.671865771601e-03
  7.642940040191e-03
  7.614080076561e-03
  7.585733105756e-03
  7.556616662409e-03
  7.528022355391e-03
  7.499462546396e-03
  7.470967592224e-03
  7.440474285675e-03
  7.407817217550e-03
  7.375142188670e-03
  7.342476382482e-03
  7.310024949331e-03
  7.277565252483e-03
  7.245452953448e-03
  7.212961450009e-03
  7.180843097621e-03
  7.148605615447e-03
  7.116548870327e-03
  7.084547897948e-03
  7.051776520020e-03
  7.019177108923e-03
  6.986557200139e-03
  6.953978803447e-03
  6.921455207340e-03
  6.889155786399e-03
  6.856838008642e-03
  6.824556569413e-03
  6.788391755764e-03
  6.760323543813e-03
  6.728224882532e-03
  6.696400571187e-03
  6.664467019963e-03
  6.632805424578e-03
  6.601065391115e-03
  6.567670982379e-03
  6.531971319334e-03
  6.496344125603e-03
  6.460801125458e-03
  6.424526271567e-03
  6.389352999555e-03
  6.353321139509e-03
  6.319745323347e-03
  6.284818808524e-03
  6.249284300616e-03
  6.214354029726e-03
  6.179475616912e-03
  6.144907709467e-03
  6.110300624671e-03
  6.075687565702e-03
  6.041223993671e-03
  6.006868773430e-03
  5.972487069453e-03
  5.939025257843e-03
  5.903690489905e-03
  5.869536654237e-03
  5.834975857991e-03
  5.801326981591e-03
  5.767460886947e-03
  5.729281037292e-03
  5.698551618189e-03
  5.667382090607e-03
  5.631106067612e-03
  5.600231101240e-03
  5.579318774880e-03
  5.567002694070e-03
  5.559962324055e-03
  5.548756872310e-03
  5.537992964735e-03
  5.528083255697e-03
  5.518725507161e-03
  5.507735185919e-03
  5.497528389338e-03
  5.487353762330e-03
  5.477186607584e-03
  5.467427174877e-03
  5.444997059459e-03
  5.409201114870e-03
  5.373086157927e-03
  5.337759822691e-03
  5.299862416071e-03
  5.265023242932e-03
  5.228820485779e-03
  5.193474393399e-03
  5.154600915506e-03
  5.119079023849e-03
  5.088171232936e-03
  5.047619100994e-03
  5.016279714993e-03
  4.970507306095e-03
  4.928476971527e-03
  4.886407059544e-03
  4.857777041768e-03
  4.808518794089e-03
  4.777718186747e-03
  4.714351458718e-03
  4.685209948695e-03
  4.667864434840e-03
  4.625110355423e-03
  4.591748491597e-03
  4.554659764314e-03
  4.517748854018e-03
  4.495228135874e-03
  4.465349555893e-03
  4.439774573224e-03
  4.412999859672e-03
  4.381543317390e-03
  4.360866533579e-03
  4.322783465085e-03
  4.313066252079e-03
  4.286575277710e-03
  4.261348757412e-03
  4.236330349522e-03
  4.201173834587e-03
  4.190719652428e-03
  4.121706756678e-03
  4.125979189400e-03
  4.098760878218e-03
  4.050602982876e-03
  4.031903887846e-03
  4.006702410987e-03
  3.973953830914e-03
  3.946493822894e-03
  3.916440703066e-03
  3.885049366463e-03
  3.833629888055e-03
  3.821407092285e-03
  3.788906828874e-03
  3.763930777247e-03
  3.727327464353e-03
  3.698862492044e-03
  3.655616859719e-03
  3.629171092884e-03
  3.592142562731e-03
  3.555550081813e-03
  3.531354021822e-03
  3.504995308815e-03
  3.465619110400e-03
  3.445243857658e-03
  3.411398296552e-03
  3.386141826306e-03
  3.328636469157e-03
  3.331702883525e-03
  3.304296259557e-03
  3.276930358760e-03
  3.249548350394e-03
  3.227882731439e-03
  3.195471872764e-03
  3.165920595011e-03
  3.136629884449e-03
  3.107088402208e-03
  3.079727848872e-03
  3.052651318363e-03
  2.988477439923e-03
  2.988193594107e-03
  2.974030113388e-03
  2.949339518197e-03
  2.922875581159e-03
  2.901751770242e-03
  2.878377713944e-03
  2.854070966417e-03
  2.833767144613e-03
  2.813858055351e-03
  2.791884607519e-03
  2.771479549716e-03
  2.750009161138e-03
  2.728708615925e-03
  2.707684820681e-03
  2.689607494461e-03
  2.648810256917e-03
  2.649041987509e-03
  2.629315600646e-03
  2.608257010252e-03
  2.590661941073e-03
  2.573190052799e-03
  2.558726175540e-03
  2.537081412694e-03
  2.526842614537e-03
  2.506786626962e-03
  2.501061834877e-03
  2.483100725649e-03
  2.471035397982e-03
  2.446144266586e-03
  2.440224640235e-03
  2.430835866531e-03
  2.417608395955e-03
  2.402344216312e-03
  2.377209376522e-03
  2.378737706615e-03
  2.343872822082e-03
  2.353948663049e-03
  2.341860745748e-03
  2.330253856286e-03
  2.320362839055e-03
  2.316515857480e-03
  2.307348025987e-03
  2.274387913195e-03
  2.270595457146e-03
  2.270275476724e-03
  2.265107934306e-03
  2.250050416626e-03
  2.249182013241e-03
  2.212035900882e-03
  2.223904851808e-03
  2.220404607441e-03
  2.209706605634e-03
  2.191206214181e-03
  2.178309527132e-03
  2.170477713559e-03
  2.154426964076e-03
  2.138650517063e-03
  2.131973952639e-03
  2.115191490242e-03
  2.103913184685e-03
  2.097022505860e-03
  2.084014573116e-03
  2.069432576763e-03
  2.062536433362e-03
  2.050502100865e-03
  2.033901656942e-03
  2.022414280661e-03
  2.019164455092e-03
  2.001333977962e-03
  1.987367926984e-03
  1.979456545892e-03
  1.919057315070e-03
  1.946461792703e-03
  1.935424466913e-03
  1.936974590019e-03
  1.921733858053e-03
  1.915477205853e-03
  1.880335780670e-03
  1.860598881232e-03
  1.825111922327e-03
  1.870870904132e-03
  1.858870064243e-03
  1.846148001820e-03
  1.838409580045e-03
  1.830208781854e-03
  1.815909431101e-03
  1.815029833679e-03
  1.782869675491e-03
  1.782809866143e-03
  1.776586971124e-03
  1.771950898714e-03
  1.760585729357e-03
  1.700234156230e-03
  1.735340400105e-03
  1.733104303749e-03
  1.720741229373e-03
  1.723362309788e-03
  1.710295402534e-03
  1.693493448105e-03
  1.603612027925e-03
  1.669772462364e-03
  1.670444688186e-03
  1.678467267663e-03
  1.671309549667e-03
  1.662878525914e-03
  1.636477861867e-03
  1.656601841940e-03
  1.650449007973e-03
  1.551418484715e-03
  1.636362080428e-03
  1.629477672200e-03
  1.616113697791e-03
  1.620754336879e-03
  1.617785327367e-03
  1.516860789231e-03
  1.603983183046e-03
  1.514430607642e-03
  1.534319527764e-03
  1.575546801250e-03
  1.570146534431e-03
  1.508271649565e-03
  1.554001345890e-03
  1.560031905929e-03
  1.571636097497e-03
  1.542642952603e-03
  1.349700469856e-03
  1.520913364117e-03
  1.571177841282e-03
  1.571068833477e-03
  1.572344957064e-03
  1.564640349621e-03
  1.565152959104e-03
  1.570255838759e-03
  1.567308901780e-03
  1.560803883940e-03
  1.565309126047e-03
  1.538010855140e-03
  1.557729018686e-03
  1.432847100084e-03
  1.470000509300e-03
  1.491633212264e-03
  1.556649124320e-03
  1.218460654310e-03
  1.548901561530e-03
  1.543925665622e-03
  1.535971556030e-03
  1.527951019588e-03
  1.519413383082e-03
  1.511083352070e-03
  1.493851089460e-03
  1.499769867328e-03
  1.479015858796e-03
  1.443559457164e-03
  1.470119628022e-03
  1.458510942580e-03
  1.453792321436e-03
  1.436139307178e-03
  1.391363200627e-03
  1.409354950613e-03
  1.398487654867e-03
  1.413258214655e-03
  1.363408915446e-03
  1.380013929316e-03
  1.335631619565e-03
  1.215118305394e-03
  1.356601117398e-03
  1.193129261679e-03
  1.353051163771e-03
  1.344958393803e-03
  1.332718260744e-03
  1.327872218033e-03
  1.322781865698e-03
  1.314591219896e-03
  1.306457846698e-03
  1.298722013724e-03
  1.172432709957e-03
  1.276578225179e-03
  1.253168437175e-03
  1.250481144250e-03
  1.258607988442e-03
  1.255526130241e-03
  1.232703998226e-03
  1.236889092087e-03
  1.162517378836e-03
  1.197784073912e-03
  1.129876814138e-03
  1.200547846748e-03
  1.198503233359e-03
  1.190879306777e-03
  1.183476522188e-03
  1.143730121355e-03
  1.139623883009e-03
  1.083838649569e-03
  1.146477038543e-03
  1.143491898155e-03
  1.129234484429e-03
  1.120472637772e-03
  9.454156436897e-04
  1.104053910684e-03
  1.094909942295e-03
  1.059568843739e-03
  1.044404487218e-03
  1.001311641600e-03
  1.102307126169e-03
  1.097811630453e-03
  8.471664994352e-04
  1.101045934309e-03
  1.083724549745e-03
  1.103675230949e-03
  1.095044050439e-03
  1.112444263465e-03
  1.051245953685e-03
  1.112861716021e-03
  1.075752562610e-03
  1.101676249362e-03
  8.404752605473e-04
  1.010246672009e-03
  1.097385690022e-03
  1.080984527469e-03
  1.092743767416e-03
  1.085187217270e-03
  1.087274292666e-03
  1.066415168162e-03
  1.053559956813e-03
  9.765906567396e-04
  1.054071117888e-03
  9.716060881906e-04
  1.061566363371e-03
  1.063005747723e-03
  1.022040557924e-03
  1.034344473500e-03
  9.229153023217e-04
  8.227566923426e-04
  9.057595295474e-04
  1.101665143785e-03
  7.977405808399e-04
  1.077821041776e-03
  9.635608071739e-04
  1.082268221812e-03
  1.046393199553e-03
  1.055798155132e-03
  6.978415097299e-04
  8.886446772469e-04
  1.072489294755e-03
  1.065518161151e-03
  1.066228784828e-03
  1.011718801229e-03
  1.044953541615e-03
  1.002138630172e-03
  1.030520745839e-03
  1.038555792033e-03
  1.045334473326e-03
  9.377790930803e-04
  9.819501399911e-04
  1.021282206197e-03
  1.030132913933e-03
  1.014793719171e-03
  1.010766378843e-03
  1.019499025914e-03
  9.891370743479e-04
  9.624204617970e-04
  1.007050694672e-03
  9.990840710865e-04
  1.000693351239e-03
  9.308092039704e-04
  9.885027365719e-04
  9.029326315398e-04
  3.902872745957e-04
  7.253677815658e-04
  9.478329381572e-04
  8.598891249502e-04
  8.918077076369e-04
  9.032085672190e-04
  9.080910149127e-04
  8.949869348119e-04
 -3.136871791721e-04
  8.656348946565e-04
  8.912671114383e-04
  8.369671325362e-04
  8.573591635501e-04
  8.414879097892e-04
  7.894613930732e-04
  8.225750852475e-04
  8.334425359274e-04
  8.060456908733e-04
  7.532035919378e-04
  7.066176990130e-04
  5.998444735907e-04
  3.004764210969e-04
  7.508024733898e-04
  6.699132408692e-04
  7.442810705186e-04
  7.434374597469e-04
  6.659718280699e-04
  6.368912977930e-04
  6.423736925341e-04
  6.994230564734e-04
  4.163193962358e-04
  6.166251860709e-04
  5.906023830358e-04
  4.221963323262e-04
  6.667587297534e-04
  6.194211255536e-04
  5.136385705248e-04
  6.425687443228e-04
  5.856293532652e-04
  6.176480254109e-04
  6.337156233501e-04
  6.091686717755e-04
  6.249880010902e-04
  6.184951437673e-04
  6.067333494666e-04
  6.118948659349e-04
  4.678044537092e-04
  6.075482751967e-04
  5.677255366218e-04
  5.021343431433e-04
  5.824239894159e-04
  1.667519477730e-04
 -1.121193167253e-06
  5.738863948563e-04
  5.625348612783e-04
  5.497518673471e-04
  5.624811233771e-04
  5.261426377272e-04
  2.678160064428e-04
  4.694739691284e-04
  5.455995204286e-04
  4.426576261648e-04
  5.158745036809e-04
  4.080760164291e-04
  5.247652845953e-04
  4.312116911808e-04
  4.562040625745e-04
  3.996372903920e-04
  3.980204124366e-04
  3.464628112491e-04
  1.626009812128e-04
  4.713017953946e-04
  4.146555703194e-04
  4.715442096457e-04
  4.430911365026e-04
  4.809822905750e-04
  2.963719555439e-04
 -7.774862596441e-04
  4.998766207692e-05
 -5.396704576269e-04
  1.506795679414e-04
  4.243235887404e-04
  2.286527501630e-04
  4.250231464570e-05
  1.714747224620e-04
  2.572906148456e-04
 -1.520073182838e-04
 -1.296594959169e-03
 -1.008896806181e-03
  3.942998593582e-04
  4.501576223085e-04
  4.145187202230e-04
  2.465466220530e-04
 -1.644705242350e-03
  4.272460236578e-04
  4.006819575489e-04
  4.233007785631e-04
  1.876094916310e-04
  1.219591456040e-04
 -1.687705117892e-03
  4.098239276208e-04
  3.129835620680e-04
  3.660049394693e-04
  3.457356426973e-04
  3.120918176950e-04
  3.976772310586e-04
  3.796379310969e-04
  3.884683728278e-04
  1.168709442236e-04
  3.759436133300e-04
  1.382915694800e-04
  3.832651210517e-04
  3.771579455432e-04
  3.586957767049e-04
  3.738766654547e-04
  2.830185452507e-04
  3.613633901546e-04
  3.712028739665e-04
  3.571830077109e-04
  3.389213608693e-04
  3.599917053813e-04
  3.550719331693e-04
  3.403131004616e-04
  3.232847906647e-04
  3.227474462335e-04
  3.765359483843e-04
  3.403571140232e-04
  3.462337555526e-04
  3.074567521291e-04
 -6.411303205922e-05
  2.099153993782e-04
  3.177826619995e-04
  3.404265725961e-04
 -7.575123646841e-04
  8.916721399466e-05
  3.346341919216e-04
  3.437318365882e-04
  2.619740897279e-04
  2.164374347879e-04
  3.720073875562e-04
  2.752426619342e-04
  2.771822310867e-04
  1.707236102567e-04
  2.579807465392e-04
  3.329683992035e-04
 -7.934799127590e-05
 -1.313126820246e-05
  2.773432094154e-04
  2.143542042544e-04
  7.535005030701e-05
  1.714658358969e-04
  3.941403100381e-04
  2.220841100073e-04
  2.717584733322e-04
  2.476175429633e-05
 -1.905938191728e-03
  1.785042637651e-04
 -4.588841442684e-04
  2.271968614475e-04
  1.895939635925e-04
  2.421961336203e-04
  2.952019022800e-04
  3.282635854307e-05
  7.839407059079e-05
  5.634810596890e-04
  3.233212859060e-04
 -2.284389178779e-04
  2.364472483543e-04
  6.100572380818e-06
 -5.963558154098e-05
 -6.525422043677e-04
 -3.268508307077e-04
  5.543770375038e-04
 -1.097457394494e-04
  9.710807789629e-05
  2.887849880872e-04
  2.238800077951e-04
  4.047803597595e-05
 -9.565526037197e-05
 -5.917767418850e-05
 -1.213273979661e-04
  2.814669473852e-04
 -1.648195066745e-04
  2.021396871391e-04
  2.251049258241e-04
 -2.412272908492e-05
  2.079050976569e-04
  3.711061648111e-04
 -1.992865737707e-04
  1.046689029526e-04
 -2.430019161905e-04
 -6.231978296021e-04
 -7.513175863211e-04
  8.160531981122e-05
 -4.282654447271e-04
 -4.800543617800e-05
 -2.001990025129e-04
  4.184781283441e-04
  2.748734375219e-04
  2.116963090587e-04
 -1.461965413265e-03
  2.330479279762e-04
  3.415052106213e-04
 -5.706957077730e-04
  2.486677047374e-04
 -1.893504966632e-04
  2.020256743049e-05
 -3.312370412012e-05
  1.103755376244e-04
 -9.134746285944e-06
 -3.357234865994e-04
  1.223600115227e-04
  9.253382384777e-07
  1.112633884923e-04
 -1.550249531986e-04
  2.029549833135e-04
 -9.541843146806e-04
  1.105447427557e-04
  8.926452285116e-05
  2.537707565270e-04
  1.625216575531e-04
 -2.977851247394e-04
 -3.505863603412e-04
 -1.310380690597e-04
  1.948961953694e-04
  4.887446326240e-05
  1.561538191371e-04
  3.032611522641e-05
  6.693690408446e-05
 -3.846393011039e-05
 -4.561358128338e-05
  1.463402654773e-04
 -3.168316701556e-04
  1.424734120992e-04
  1.543507582812e-04
 -4.790150198306e-04
  3.922602672106e-04
 -9.935149374826e-05
  4.010622559728e-05
  7.400425042317e-05
 -5.473641836240e-04
  1.675422835453e-04
 -8.640453825535e-04
 -1.115979170458e-04
 -9.881474832190e-04
 -4.343932984907e-04
  4.768480250831e-04
  2.210644465294e-04
 -3.190468404484e-04
  1.444988727338e-04
 -1.634607501350e-03
  1.628388436052e-04
  4.839361257192e-05
  7.419255925717e-05
  1.852197198590e-04
 -3.405152590023e-04
  1.992791223959e-04
 -9.655650531878e-04
 -3.512631722673e-04
 -6.430678663364e-04
 -1.275961073954e-04
  1.847839801353e-04
 -6.351257987208e-05
 -2.915421743888e-04
 -1.099082829734e-04
  2.449821440445e-05
 -2.760050565804e-04
 -5.060670035300e-04
 -5.120512146412e-03
  2.607805623397e-04
 -3.585838328807e-05
  1.996704580563e-04
 -2.922544057340e-04
  2.146878169447e-04
  3.250648974573e-04
 -5.812956588395e-04
  1.800285782261e-04
 -1.416015705504e-04
  1.502012594768e-04
 -3.690572527008e-04
 -1.079428968428e-04
 -2.384828403822e-04
  3.161378845686e-04
 -8.431021012089e-04
 -4.717748551634e-04
 -5.115850446728e-04
 -4.844695951166e-04
 -4.682289446443e-04
 -8.221248635679e-05
  1.954278451934e-04
 -1.138648386665e-04
  6.713944486322e-05
  1.012666817534e-04
  1.301392846172e-04
  4.735182230139e-05
 -1.058915961849e-02
  1.046508491305e-04
 -1.779566319707e-04
 -2.077485411309e-04
  1.622732660281e-04
  1.277173266376e-04
 -4.033137269489e-04
 -2.691782515057e-04
 -4.145339054419e-04
  3.217448647823e-04
  2.735145205868e-05
  7.629341581508e-05
  2.907422482798e-04
  1.056465372950e-04
 -2.694487518929e-03
  1.783750196098e-04
 -8.061167510958e-04
 -7.536055651613e-04
  1.893304299017e-04
 -1.224945451271e-03
 -7.785209049421e-04
  1.009141577713e-04
 -1.792837058119e-04
 -1.574175568416e-04
 -5.717732591999e-04
 -1.156579899833e-04
  2.668999150149e-05
  1.470914554064e-04
  2.496723014665e-04
 -2.181137199085e-04
  5.848081001739e-05
  2.070199638118e-04
  1.472907776524e-04
 -4.138230621681e-04
 -3.272278303905e-04
 -8.762980898978e-04
  4.604811100932e-04
 -1.837612860344e-04
  8.512989371626e-05
 -7.340178607529e-04
  3.065077604614e-06
 -8.948193498134e-04
 -2.513613489907e-04
  1.571996599723e-04
  4.155815154316e-05
 -1.054419272549e-03
 -1.967003404178e-04
  5.074657948181e-05
  1.521456716664e-04
  6.841673746012e-05
 -5.333608254809e-04
  1.881559339804e-04
  2.142795733248e-04
  2.234290740898e-04
 -4.084478346495e-04
  2.813245840752e-04
  1.673949941233e-04
  2.939451711492e-05
 -6.804829673362e-04
 -1.315883843328e-05
  1.377679830963e-04
  1.878582106187e-04
  2.032861963092e-04
 -1.797294422901e-04
  3.926846983353e-04
 -2.191033785770e-05
  1.104441000283e-04
  3.704367053955e-04
  2.910481511351e-05
  1.696749653132e-05
  7.489550851117e-05
  2.747836412330e-04
  1.215548938748e-04
  1.896475026603e-04
  2.583846551321e-04
 -1.261729908492e-03
  3.188135059988e-04
 -4.177978370470e-04
  1.832813593683e-05
  3.984889874706e-04
  1.468804531221e-04
 -1.398268631952e-03
  2.012392487638e-04
 -1.418277163461e-03
  1.281735312627e-04
  9.984556695344e-05
 -1.309018612869e-04
  2.346234324074e-04
 -3.203982709329e-04
  2.704884504950e-04
  2.264729735153e-04
  1.954760939862e-05
  2.294593496600e-04
  1.207629575837e-04
  4.774165024590e-05
  1.130989101269e-04
 -1.480566795180e-04
  6.538894106678e-05
  2.190608490113e-04
  2.998910464126e-04
  2.008779492126e-04
  3.813893210658e-05
  2.784821146027e-04
  3.975634568037e-04
 -5.101294140298e-04
  1.663951565522e-04
  2.751378552356e-04
 -3.913655927107e-04
 -1.291094674911e-04
  2.100533330790e-04
 -7.214445543635e-05
 -4.311220083254e-04
  6.792813863760e-05
  2.711459697321e-04
 -9.062999825703e-04
 -3.070267077956e-04
  4.177361993476e-04
  3.008835913868e-04
  2.041154573792e-04
  2.168893741066e-04
  1.517435033197e-04
  1.712113732856e-04
  1.150869348138e-04
 -2.481627063222e-04
  6.367661208878e-04
  1.902019364529e-04
  1.820012467853e-04
  1.082714974057e-04
  3.973081102866e-04
 -2.392368386167e-04
  1.496757574960e-04
 -4.726946970221e-05
 -2.405246310249e-04
 -3.720793778008e-04
  7.243331548518e-05
  5.496573563979e-05
  2.213104851558e-04
  1.965640391646e-04
  8.681152353762e-05
  1.567526327714e-04
  2.364770349444e-04
  2.519740532756e-04
 -1.294781403160e-04
  5.199077384526e-04
  2.064541942440e-04
  3.215808606378e-04
  1.813731720053e-04
  2.024094508766e-04
  1.724891842112e-04
  7.317635912360e-05
  2.062507939953e-04
  1.264173853716e-04
  1.941666525424e-04
  2.297472121066e-04
 -4.104378530850e-06
  1.851749289256e-04
  1.417320995438e-04
  2.066804879245e-04
  9.831006693867e-05
 -1.153153898562e-04
  2.018983790179e-04
 -3.351920551588e-03
 -1.227815077540e-04
  1.471162305144e-04
  6.838119550767e-06
  1.600590151195e-04
  1.617408279848e-04
  1.351265358367e-04
  1.737263699058e-04
  1.359384624635e-04
  2.548070641417e-04
  9.433607194900e-05
 -1.309381216334e-03
  1.673689458019e-04
  2.955911467737e-04
 -5.101798172630e-05
  1.656871831468e-04
 -1.873380912690e-04
 -2.304335283434e-04
  1.469521635643e-04
  2.118812797372e-04
  2.304266196138e-04
  7.746933112408e-05
  4.406018717125e-04
  1.592894545787e-04
  3.966827134595e-04
 -2.730238094052e-04
  1.953920084671e-04
  3.091235304320e-04
 -1.059134512635e-03
 -2.056467415555e-03
 -1.875909888579e-04
  2.622460042542e-04
 -8.051847784379e-05
  9.166816122189e-05
  2.331469114205e-04
  1.677726144546e-04
  1.943099428049e-04
 -3.375901606462e-05
  7.052065526653e-05
  2.399458018783e-04
 -4.866954666649e-05
  2.923724498935e-04
  2.220115072796e-04
  1.999370654147e-04
 -2.188130554326e-05
  2.458474573100e-05
  2.614458310288e-04
  2.940916183592e-04
  2.034271779033e-04
  2.226821402586e-04
  2.391413166843e-04
  2.824374957560e-04
  3.231478916569e-04
  1.677034871775e-04
  2.110492965954e-04
  3.173035682153e-04
 -3.067783474711e-04
 -2.623886026704e-04
  1.304282053301e-04
  6.128909611270e-04
  4.836080649798e-04
 -5.268602116674e-04
  4.880746315682e-04
  3.296599051187e-04
  3.719322231460e-04
 -1.542289473792e-03
  4.582451107299e-04
  3.124336301547e-04
  4.750248910047e-04
  4.723419956909e-04
  5.034054290644e-04
  7.052316314028e-04
  4.785507554969e-04
  5.150192831019e-04
  8.515290534597e-04
  5.617144152702e-04
  6.601499723980e-04
  5.115959944928e-04
  4.758079741555e-04
  7.512829582066e-04
  5.412002636132e-04
  6.866536022306e-04
  4.571936243184e-04
  7.473896589414e-04
  7.331169875852e-04
  8.166595047193e-04
  5.701440449462e-04
  4.743149234541e-04
  4.455258915952e-04
  4.499846327966e-04
  5.640045258787e-04
  6.043846852336e-04
  5.772474788536e-04
  5.418337848790e-04
  4.447826426381e-04
  7.239681071889e-04
  8.193720829417e-04
  7.048516068216e-04
  4.510216488084e-04
  5.611599487087e-04
  7.735641079273e-04
  1.317625850368e-03
  6.539374453705e-04
  9.915740337562e-04
  7.082755348594e-04
  7.367253601493e-04
  5.607783173131e-04
  4.492313564708e-04
  4.729845057367e-04
  9.140815459951e-04
  6.125369431557e-04
  5.355289808806e-04
  7.283972258563e-04
  6.621957184593e-04
  4.496981439205e-04
  4.604621988493e-04
  6.510504877800e-04
  6.882343715752e-04
  5.882611493738e-04
  4.776426856509e-04
  5.459812755624e-04
  4.098923323120e-04
  2.115177714326e-04
  3.473017998771e-04
  3.513977836117e-04
 -1.329213967688e-04
  2.868660066200e-04
  3.072543787917e-03
  6.459584833844e-04
  2.177812917412e-04
  2.133016050025e-04
  6.239661509874e-04
  2.394513255253e-04
  4.637884619966e-04
  3.820152511857e-04
  2.215327667373e-04
  2.244927187400e-04
  7.311425162908e-04
  2.317062151355e-04
  2.455009333167e-04
  4.871284754686e-04
  5.560007033283e-04
  2.134977851709e-04
  2.141103705293e-04
  2.110165026208e-04
  4.157957078646e-04
  2.171390182925e-04
  3.210634141282e-04
  5.087505329156e-04
  2.397898814279e-04
  4.018010189688e-04
  4.423071281248e-04
  8.508365338896e-04
  6.121112233484e-04
  4.913697154666e-04
  8.271962656683e-04
  6.132335965172e-04
  5.436006345897e-04
  4.615687280672e-04
  1.212521893532e-03
  4.300276314895e-04
  9.968884468295e-04
  4.583948875527e-04
  3.938649245825e-04
  4.111858392523e-04
  4.129587308683e-04
  7.635296951518e-04
  7.313692602210e-04
  4.378289704079e-04
  7.828374989015e-04
  4.046081240253e-04
  6.125629286243e-04
  7.832353434258e-04
  4.019719026402e-04
  4.043936962072e-04
  7.350476638929e-04
  6.043355313845e-04
  1.203797307010e-03
  6.935157463968e-04
  4.842160200277e-04
  3.757205469398e-04
  2.464482564139e-04
  3.189963467821e-04
  9.813591746128e-04
  4.020239916314e-04
  3.568887439251e-04
  3.543656391022e-04
  2.292105444288e-04
  2.633846180693e-04
  8.219685773447e-04
  5.030649283043e-04
  2.810920081328e-04
  2.990344954510e-04
  5.758063275217e-04
  3.649008511564e-04
  2.272738444851e-04
  4.495053037381e-04
  2.241338563387e-04
  9.399809908099e-04
  2.217009032092e-04
  2.392519426277e-04
  2.285912127958e-04
  2.326150885026e-04
  7.026315383988e-04
  8.000895034755e-04
  8.697373021362e-04
  2.456508601549e-04
  7.620587037252e-04
  2.343986717099e-04
  3.677310164964e-04
  2.258594873532e-04
  2.661834734673e-04
  4.467127854461e-04
  2.183169165780e-04
  1.800445638760e-04
  1.760353553490e-04
  3.286535551853e-04
  6.092680403515e-04
  2.817719020422e-04
  1.613073751546e-04
  6.326430269381e-04
  7.252469143385e-04
  1.865364493401e-04
  1.630373261350e-04
  1.766147992609e-04
  1.751394048654e-04
  1.590044854068e-04
  1.722288398418e-04
  6.752759197103e-04
  5.108364041504e-04
  3.237530262056e-04
  2.944184220339e-04
  5.248274776118e-04
  1.686122066644e-04
  1.789862875719e-04
  1.724468016449e-04
  7.977315206423e-04
  2.003492074430e-04
  3.379769936095e-04
  8.334234580353e-04
  1.790074505210e-04
  2.208157582632e-04
  6.447088694386e-04
  3.493407746943e-04
  9.169820430747e-04
  3.426307352607e-04
  5.694186268530e-04
  1.647165296559e-04
  1.965297601008e-04
  8.038221085946e-04
  1.729664311421e-04
  1.806914518978e-04
  1.576431559962e-04
  2.235095358761e-04
  1.141629460741e-03
  6.927329954781e-04
  1.613806778952e-04
  1.648318804837e-04
  1.574768959464e-04
  4.302722148549e-04
  2.213844671822e-04
  3.912855688215e-04
  3.170371348512e-04
  4.670425983678e-04
  2.389726710125e-04
  7.869073653149e-04
  1.724254929896e-04
  1.566739914194e-04
  8.328673520647e-04
  1.990398326125e-04
  1.563161118908e-04
  1.637051846380e-04
  7.421412424198e-04
  1.674795659474e-04
  1.437061860702e-04
  1.847125477451e-04
  1.404190470665e-04
  1.457299873755e-04
  7.566142704668e-04
  8.939738245370e-04
  5.043399851168e-04
  5.017895518558e-04
  2.216396889231e-04
  1.598182633860e-04
  3.771354549523e-04
  1.547674656445e-04
  1.625517789530e-04
  2.623283059638e-04
  8.964039502075e-04
  2.196734639531e-04
  3.598339477785e-04
  3.118208014257e-04
  3.634257854932e-04
  2.469417308624e-03
  2.443851557052e-04
  2.754459662656e-04
  2.981931741440e-04
  7.220327268668e-03
  3.175545066647e-04
  1.577497841301e-03
  2.663851202458e-04
  1.210511306132e-03
  3.201490850323e-04
  1.577867005176e-03
  2.100197380281e-04
  3.824807958932e-04
  2.194387913305e-04
  1.579506175237e-03
  1.927444646641e-04
  3.481332874872e-03
  9.233366453538e-05
  2.097878704827e-04
  4.350766734957e-04
  8.139828882781e-04
  4.600445218452e-04
  6.479545231755e-04
  1.250029645725e-04
  2.075577758713e-04
  1.618557354515e-04
  4.267190969954e-03
  2.290270669219e-03
  3.662728743714e-04
  1.206258820186e-02
  3.341375982591e-03
  1.343725034052e-03
  2.813329151876e-04
  2.297400837896e-02
  3.613046295427e-04
  5.132148813246e-04
  2.010213207090e-04
  1.201956731326e-04
  1.488987324717e-04
  5.238938551076e-03
  8.800198615797e-04
  1.591290099227e-04
  5.451471265494e-03
  3.297545540069e-03
  2.079593475938e-04
  1.542932592087e-03
  4.098254991446e-04
  1.320439275920e-04
  1.501489820688e-03
  1.365438625434e-04
  6.487914615742e-03
  3.663618104506e-03
  2.054726784890e-04
  2.024669905642e-04
  9.797641708942e-03
  1.640379727674e-02
  3.008388147590e-04
  1.655338467249e-03
  3.348842258593e-04
  3.587922154844e-02
  1.233406426712e-02
  3.431125830421e-04
  4.283318067104e-04
  1.307910287163e-03
  7.142440914066e-04
  3.324302070455e-04
  1.799551111027e-04
  1.409455842782e-04
  2.439638260719e-02
  2.886230780800e-04
  1.795774177613e-04
  1.157339665571e-02
  2.104644225673e-04
  1.359677156517e-03
  2.967988465657e-03
  1.479651685927e-04
  5.549665965315e-04
  2.069581657634e-03
  1.160684675529e-02
  1.922620553657e-04
  2.565036969596e-04
  3.804402567308e-04
  5.471052347154e-04
  3.668912018309e-03
  4.095790560527e-04
  2.781938075077e-04
  1.560641732111e-04
  6.465405824447e-03
  4.623967469372e-02
  7.909850962820e-05
  3.607722810198e-04
  1.265697964291e-04
  1.380831941377e-03
  6.131461312537e-04
  4.236416240993e-04
  3.145927187585e-04
  2.276725032334e-04
  1.370694013697e-04
  1.027851026558e-04
  3.700514773671e-04
  4.272825966023e-03
  3.060178241912e-04
  1.398640219886e-04
  1.923843401992e-04
  1.083209549678e-03
  1.035130622848e-02
  2.370208426749e-02
  1.309605238905e-04
  4.680253541767e-05
  4.328637969276e-02
  1.238444823489e-04
  1.444593427428e-04
  8.616713932701e-02
  6.539447498163e-04
  2.051044554835e-02
  4.633378745115e-03
  1.160774512363e-04
  6.859754972509e-02
  8.081937217166e-04
  1.524990946070e-03
  1.417939483174e-02
  4.246340134341e-02
  4.179904355539e-05
  4.941342888203e-04
  5.122092628274e-04
  4.318842405360e-04
  1.926567419261e-04
  4.624546881232e-04
  1.634592139309e-01
  1.435451268281e-02
  5.529643813004e-02
  1.126276832203e-04
  3.265266697559e-02
  3.762875150438e-04
  4.334380861591e-04
  1.650913989377e-03
  1.407116289590e-03
  4.704847023917e-05
  2.588267617645e-05
  1.013672146904e-03
  2.772426952402e-05
  2.650806016277e-04
  5.386952337233e-02
  1.461766569446e-01
  3.887619831039e-05
  1.826842900571e-04
  1.764272267624e-03
  2.938956855376e-02
  9.100403892631e-02
  1.455238825557e-04
  2.924755893174e-05
  2.288792367627e-04
  1.396866863291e-01
  5.511744592942e-02
  4.552360312615e-05
  2.285637332178e-07
  4.663903026003e-05
  5.820711303500e-05
  1.969411477683e-03
  1.456249852830e-03
  1.006718038635e-04
  3.727810010477e-03
  8.135820544508e-05
  1.695448086179e-04
  7.677313794887e-04
  8.555602414542e-04
  3.205852798178e-03
  3.104359210658e-03
  1.874093161878e-03
  9.765571126256e-04
  6.885299192863e-04
  5.116915819656e-04
  3.644170115847e-04
  2.017766878391e-04
  6.075944749360e-04
  1.406770250483e-01
  1.195863088200e-04
  3.100722363500e-04
  7.036915079997e-05
  2.371283434800e-04
  5.494431946002e-05
  3.031445274100e-04
  4.283272538990e-04
  4.742278749098e-05
  4.700341876601e-05
  4.716185863402e-05
  4.897614896904e-05
  1.081400927559e-03
  1.273862878100e-03
  6.060606840003e-05
  3.969734563000e-04
  2.197559909000e-04
  7.465658019001e-05
  1.087274980700e-04
  6.875812948328e-02
  8.109905437500e-04
  1.218779511000e-04
  1.504825040000e-04
  1.283387188000e-03
