# upper_energy mg_flux
1.420000000000000000e+07 4.746757198773936433e-03
1.416609859999999963e+07 4.735429859567219686e-03
1.413227809999999963e+07 4.724116522015836366e-03
1.409853840000000037e+07 4.712845189430973740e-03
1.406487919999999925e+07 4.701587858500923256e-03
1.403130040000000037e+07 4.690372532537652808e-03
1.399780169999999925e+07 4.679171208229196237e-03
1.396438300000000000e+07 4.667997887231926067e-03
1.393104409999999963e+07 4.656852569545060806e-03
1.389778480000000075e+07 4.645735255169384549e-03
1.386460490000000037e+07 4.634631942448779775e-03
1.383150430000000075e+07 4.623584636350029121e-03
1.379848259999999963e+07 4.612537330250756316e-03
1.376553980000000075e+07 4.601532029118266150e-03
1.373267559999999963e+07 4.590540729640586390e-03
1.369988990000000037e+07 4.579591435129428192e-03
1.366718240000000037e+07 4.568642140618269995e-03
1.363455309999999963e+07 4.557748852728444634e-03
1.360200159999999963e+07 4.546855564838618406e-03
1.356952790000000037e+07 4.536004281915313741e-03
1.353713169999999925e+07 4.525181002302152908e-03
1.350481280000000075e+07 4.514371724345107861e-03
1.347257109999999963e+07 4.503590449698207515e-03
1.344040640000000037e+07 4.492851180017827864e-03
1.340831840000000037e+07 4.482111910337448213e-03
1.337630709999999963e+07 4.471414645623067972e-03
1.334437219999999925e+07 4.460745384219353717e-03
1.331251350000000000e+07 4.450090124471233963e-03
1.328073090000000037e+07 4.439462868034040402e-03
1.324902419999999925e+07 4.428863614907252617e-03
1.321739319999999925e+07 4.418306366746724452e-03
1.318583759999999963e+07 4.407735116930863728e-03
1.315435750000000000e+07 4.397233875391928608e-03
1.312295240000000037e+07 4.386718632197660929e-03
1.309162240000000037e+07 4.376245393969652869e-03
1.306036719999999925e+07 4.365814160707384012e-03
1.302918650000000000e+07 4.355382927445375363e-03
1.299808030000000075e+07 4.344979697494293774e-03
1.296704840000000037e+07 4.334604470853879038e-03
1.293609059999999963e+07 4.324271249179462845e-03
1.290520659999999963e+07 4.313924025849713226e-03
1.287439650000000000e+07 4.303646810796890078e-03
1.284365980000000075e+07 4.293355594088995447e-03
1.281299659999999963e+07 4.283120384002171710e-03
1.278240650000000000e+07 4.272885173915609049e-03
1.275188950000000000e+07 4.262691968795044931e-03
1.272144530000000075e+07 4.252498763674741888e-03
1.269107390000000037e+07 4.242361565175771683e-03
1.266077490000000037e+07 4.232224366676801477e-03
1.263054830000000075e+07 4.222129173144090891e-03
1.260039380000000075e+07 4.212047981266713731e-03
1.257031130000000075e+07 4.201980791044930205e-03
1.254030069999999925e+07 4.191969607444218440e-03
1.251036159999999963e+07 4.181944422188434325e-03
1.248049409999999963e+07 4.171961241898648753e-03
1.245069790000000037e+07 4.162006064919791110e-03
1.242097280000000075e+07 4.152064889596527100e-03
1.239131869999999925e+07 4.142151717583407791e-03
1.236173540000000037e+07 4.132266548881736827e-03
1.233222269999999925e+07 4.122409383490210563e-03
1.230278040000000037e+07 4.112552218099205584e-03
1.227340850000000000e+07 4.102751059329533441e-03
1.224410659999999963e+07 4.092935898904266796e-03
1.221487480000000075e+07 4.083176745101115349e-03
1.218571269999999925e+07 4.073431592952775175e-03
1.215662019999999925e+07 4.063700442460029504e-03
1.212759719999999925e+07 4.053997295277948949e-03
1.209864350000000000e+07 4.044322151406796323e-03
1.206975890000000037e+07 4.034661009190976255e-03
1.204094330000000075e+07 4.025027870286083248e-03
1.201219650000000000e+07 4.015422734691596017e-03
1.198351830000000075e+07 4.005831600752962629e-03
1.195490859999999963e+07 3.996282471780068443e-03
1.192636709999999963e+07 3.986733342807174257e-03
1.189789380000000075e+07 3.977212217145467341e-03
1.186948850000000000e+07 3.967719094794166200e-03
1.184115100000000000e+07 3.958239974098458694e-03
1.181288119999999925e+07 3.948802858368489523e-03
1.178467880000000075e+07 3.939365742639042503e-03
1.175654380000000075e+07 3.929956630220260601e-03
1.172847600000000000e+07 3.920589522767478977e-03
1.170047509999999963e+07 3.911222415314697352e-03
1.167254109999999963e+07 3.901883311172581279e-03
1.164467380000000075e+07 3.892558208686320350e-03
1.161687309999999963e+07 3.883275111165797756e-03
1.158913869999999925e+07 3.874006015300608154e-03
1.156147050000000000e+07 3.864750921091012620e-03
1.153386840000000037e+07 3.855537831847677139e-03
1.150633209999999963e+07 3.846324742604080582e-03
1.147886159999999963e+07 3.837139656671411086e-03
1.145145669999999925e+07 3.827968572393813940e-03
1.142411730000000075e+07 3.818839493082998564e-03
1.139684309999999963e+07 3.809724415426994897e-03
1.136963400000000000e+07 3.800637341081917423e-03
1.134248980000000075e+07 3.791550266737101459e-03
1.131541050000000000e+07 3.782505197358023829e-03
1.128839580000000075e+07 3.773474129634800910e-03
1.126144559999999963e+07 3.764457063566389265e-03
1.123455980000000075e+07 3.755468000809425964e-03
1.120773819999999925e+07 3.746520943017940791e-03
1.118098050000000000e+07 3.737559883571383267e-03
1.115428680000000075e+07 3.728640829091085795e-03
1.112765680000000075e+07 3.719735776266120883e-03
1.110109040000000037e+07 3.710858726751822823e-03
1.107458740000000037e+07 3.702009680548451389e-03
1.104814759999999963e+07 3.693160634344819313e-03
1.102177100000000000e+07 3.684339591452114298e-03
1.099545740000000037e+07 3.675546551870335910e-03
1.096920659999999963e+07 3.666781515598963297e-03
1.094301840000000037e+07 3.658016479327851327e-03
1.091689280000000075e+07 3.649279446367665984e-03
1.089082959999999963e+07 3.640584418373219409e-03
1.086482850000000000e+07 3.631875388723700918e-03
1.083888959999999963e+07 3.623208364040180970e-03
1.081301259999999963e+07 3.614569342667327875e-03
1.078719730000000075e+07 3.605930321294995630e-03
1.076144369999999925e+07 3.597319303232808518e-03
1.073575159999999963e+07 3.588736288481548468e-03
1.071012080000000075e+07 3.580167275386142694e-03
1.068455119999999925e+07 3.571612263945548628e-03
1.065904269999999925e+07 3.563099257471214615e-03
1.063359500000000000e+07 3.554586250997141244e-03
1.060820809999999963e+07 3.546101247833473216e-03
1.058288180000000075e+07 3.537630246325660331e-03
1.055761600000000000e+07 3.529187248128252356e-03
1.053241050000000000e+07 3.520758251586438448e-03
1.050726519999999925e+07 3.512357258355029883e-03
1.048217990000000037e+07 3.503970266779476029e-03
1.045715450000000000e+07 3.495611278514327517e-03
1.043218880000000075e+07 3.487252290249440081e-03
1.040728280000000075e+07 3.478935306950811830e-03
1.038243619999999925e+07 3.470632325306995721e-03
1.035764890000000037e+07 3.462343345319034323e-03
1.033292080000000075e+07 3.454068366986405916e-03
1.030825180000000075e+07 3.445835393620037563e-03
1.028364159999999963e+07 3.437602420253408567e-03
1.025909019999999925e+07 3.429397450197445556e-03
1.023459740000000037e+07 3.421206481797337256e-03
1.021016309999999963e+07 3.413043516707634732e-03
1.018578709999999963e+07 3.404894553273264766e-03
1.016146930000000075e+07 3.396759591494749510e-03
1.013720959999999963e+07 3.388652633026378955e-03
1.011300780000000075e+07 3.380573677869456745e-03
1.008886369999999925e+07 3.372480721056419616e-03
1.006477740000000037e+07 3.364443770865496817e-03
1.004074850000000000e+07 3.356406820674312941e-03
1.001677700000000000e+07 3.348403474456085327e-03
9.992862660000000149e+06 3.351964926167353993e-03
9.969005470000000671e+06 3.367367214895724062e-03
9.945205230000000447e+06 3.382620981122901917e-03
9.921461810000000522e+06 3.397728128305739764e-03
9.897775080000000075e+06 3.414125937901908107e-03
9.874144900000000373e+06 3.431616395204591888e-03
9.850571130000000820e+06 3.449874570927656623e-03
9.827053650000000373e+06 3.470061460613922850e-03
9.803592310000000522e+06 3.490142875424082081e-03
9.780186980000000447e+06 3.510040514077874749e-03
9.756837529999999329e+06 3.530051584050900287e-03
9.733543830000000075e+06 3.556268741977650343e-03
9.710305740000000224e+06 3.584843946625544328e-03
9.687123130000000820e+06 3.613175339478051726e-03
9.663995859999999404e+06 3.641261274326112844e-03
9.640923810000000522e+06 3.669106349139979184e-03
9.617906839999999851e+06 3.696710462004634823e-03
9.594944820000000298e+06 3.724073426802990139e-03
9.572037630000000820e+06 3.751201571209938739e-03
9.549185119999999180e+06 3.778091463585229147e-03
9.526387169999999925e+06 3.804746154547223019e-03
9.503643650000000373e+06 3.831167072000075512e-03
9.480954429999999702e+06 3.857357350927158920e-03
9.458319369999999180e+06 3.883313289219656253e-03
9.435738359999999404e+06 3.911414117173606098e-03
9.413211259999999776e+06 3.946464523940870946e-03
9.390737929999999702e+06 3.981708584283049496e-03
9.368318269999999553e+06 4.016661124963131352e-03
9.345952119999999180e+06 4.051680451892270343e-03
9.323639380000000820e+06 4.103746126602782207e-03
9.301379900000000373e+06 4.164874423599113952e-03
9.279173570000000298e+06 4.225520972505229962e-03
9.257020250000000000e+06 4.285684858658297784e-03
9.234919820000000298e+06 4.345368813479322592e-03
9.212872160000000149e+06 4.404579595947257301e-03
9.190877130000000820e+06 4.463316071759710311e-03
9.168934609999999404e+06 4.521580944171956634e-03
9.147044480000000447e+06 4.579379020076646684e-03
9.125206609999999404e+06 4.636710965882003335e-03
9.103420880000000820e+06 4.693581632530760030e-03
9.081687160000000149e+06 4.749991605035957382e-03
9.060005330000000075e+06 4.805945778179365399e-03
9.038375259999999776e+06 4.864761764205063378e-03
9.016796830000000075e+06 4.936812381155990075e-03
8.995269910000000149e+06 5.009779986396600479e-03
8.973794400000000373e+06 5.082175495932269617e-03
8.952370150000000373e+06 5.153992994857076529e-03
8.930997050000000745e+06 5.225238122373136902e-03
8.909674980000000447e+06 5.295916702588799110e-03
8.888403810000000522e+06 5.366029646764781946e-03
8.867183419999999925e+06 5.435971052842567507e-03
8.846013699999999255e+06 5.514048404803801283e-03
8.824894519999999553e+06 5.595065333764461142e-03
8.803825759999999776e+06 5.675439580981085294e-03
8.782807300000000745e+06 5.755174895533511983e-03
8.761839019999999553e+06 5.834275013722431923e-03
8.740920800000000745e+06 5.912743659107592975e-03
8.720052519999999553e+06 5.990584542528499742e-03
8.699234060000000522e+06 6.067801362144847367e-03
8.678465300000000745e+06 6.145938767832623967e-03
8.657746130000000820e+06 6.225344568902039036e-03
8.637076419999999925e+06 6.304114616032341877e-03
8.616456060000000522e+06 6.382247574661458790e-03
8.595884939999999478e+06 6.459756548684979921e-03
8.575362919999999925e+06 6.536636013639718877e-03
8.554889890000000596e+06 6.612886276608227754e-03
8.534465750000000000e+06 6.688523934036344834e-03
8.514090359999999404e+06 6.764703057970821234e-03
8.493763619999999180e+06 6.849886350732269091e-03
8.473485410000000149e+06 6.936523811376538867e-03
8.453255619999999180e+06 7.022471681408354836e-03
8.433074109999999404e+06 7.107716784717546185e-03
8.412940789999999106e+06 7.192273514969755102e-03
8.392855539999999106e+06 7.276146040992238946e-03
8.372818240000000224e+06 7.359334810400595082e-03
8.352828780000000261e+06 7.441847519444036961e-03
8.332887040000000037e+06 7.539051171567732849e-03
8.312992910000000149e+06 7.658943189411217267e-03
8.293146269999999553e+06 7.778138920623939474e-03
8.273347019999999553e+06 7.896397007364889392e-03
8.253595040000000037e+06 8.013723122906126622e-03
8.233890209999999963e+06 8.129605338823536753e-03
8.214232429999999702e+06 8.238289895282446471e-03
8.194621580000000075e+06 8.344240311840259508e-03
8.175057540000000037e+06 8.449329397646037840e-03
8.155540219999999739e+06 8.553579304964191443e-03
8.136069490000000224e+06 8.656982025324708174e-03
8.116645250000000000e+06 8.759551338374619092e-03
8.097267379999999888e+06 8.861287795670092990e-03
8.077935769999999553e+06 8.962191614464239467e-03
8.058650320000000298e+06 9.062281647223910039e-03
8.039410900000000373e+06 9.164762913382437301e-03
8.020217429999999702e+06 9.278845156923879248e-03
8.001069769999999553e+06 9.393229497666948785e-03
7.981967830000000075e+06 9.506694887611917555e-03
7.962911490000000224e+06 9.619236890307573951e-03
7.943900650000000373e+06 9.730871005159130380e-03
7.924935190000000410e+06 9.841587236756703383e-03
7.906015019999999553e+06 9.951411663960539611e-03
7.887140009999999776e+06 1.006032873461377118e-02
7.868310070000000298e+06 1.016835960735348529e-02
7.849525080000000075e+06 1.028078255604301765e-02
7.830784940000000410e+06 1.041394357501629168e-02
7.812089540000000037e+06 1.054837023256901749e-02
7.793438769999999553e+06 1.068171260307454982e-02
7.774832530000000261e+06 1.081398268374681587e-02
7.756270709999999963e+06 1.094518096878003416e-02
7.737753209999999963e+06 1.107531958271626600e-02
7.719279919999999925e+06 1.120440492944548873e-02
7.700850730000000447e+06 1.133244339064468434e-02
7.682465530000000261e+06 1.145942874617625167e-02
7.664124230000000447e+06 1.158537941098252907e-02
7.645826719999999739e+06 1.171029524582087485e-02
7.627572900000000373e+06 1.183419529387698399e-02
7.609362650000000373e+06 1.195706629237316791e-02
7.591195879999999888e+06 1.207892724263393697e-02
7.573072480000000447e+06 1.219977758815022663e-02
7.554992349999999627e+06 1.232088491294216701e-02
7.536955379999999888e+06 1.246564297943962910e-02
7.518961480000000447e+06 1.261878299943171126e-02
7.501010530000000261e+06 1.277067642874715747e-02
7.483102440000000410e+06 1.292133733394480559e-02
7.465237110000000335e+06 1.307078026492098505e-02
7.447414429999999702e+06 1.321901276623172611e-02
7.429634290000000037e+06 1.334709959204842360e-02
7.411896610000000335e+06 1.344126734466819136e-02
7.394201269999999553e+06 1.353409563002732491e-02
7.376548179999999702e+06 1.366868629643571385e-02
7.358937240000000224e+06 1.383753339994998888e-02
7.341368339999999851e+06 1.400501639185136246e-02
7.323841379999999888e+06 1.417113512690603566e-02
7.306356269999999553e+06 1.433590541476884896e-02
7.288912910000000149e+06 1.449935199668124855e-02
7.271511179999999702e+06 1.466144120422725738e-02
7.254151009999999776e+06 1.482222266320218189e-02
7.236832280000000261e+06 1.498096833454139708e-02
7.219554889999999665e+06 1.513517648118811038e-02
7.202318759999999776e+06 1.528774216663736363e-02
7.185123769999999553e+06 1.543902754765096377e-02
7.167969839999999851e+06 1.558906684346604565e-02
7.150856860000000335e+06 1.573785879327951540e-02
7.133784730000000447e+06 1.588539218337940012e-02
7.116753370000000112e+06 1.603171162937613164e-02
7.099762660000000149e+06 1.617924439558082045e-02
7.082812519999999553e+06 1.643955799154802819e-02
7.065902849999999627e+06 1.671652593917309984e-02
7.049033549999999814e+06 1.687252049361110187e-02
7.032204519999999553e+06 1.702038597279972518e-02
7.015415669999999925e+06 1.716700525409388736e-02
6.998666900000000373e+06 1.731237560562853134e-02
6.981958120000000112e+06 1.745651476933390497e-02
6.965289230000000447e+06 1.759943037857317552e-02
6.948660129999999888e+06 1.774110854103659596e-02
6.932070740000000224e+06 1.790026663268270285e-02
6.915520950000000186e+06 1.809999322499381350e-02
6.899010669999999925e+06 1.829965771681129130e-02
6.882539809999999590e+06 1.849769373425596761e-02
6.866108269999999553e+06 1.869408835423286286e-02
6.849715969999999739e+06 1.888889689848120834e-02
6.833362790000000037e+06 1.908207165200213537e-02
6.817048660000000149e+06 1.927365654054390143e-02
6.800773480000000447e+06 1.946366146228911340e-02
6.784537150000000373e+06 1.965207187032146433e-02
6.768339589999999851e+06 1.983892113668457927e-02
6.752180700000000186e+06 2.002421905961492693e-02
6.736060379999999888e+06 2.020795012759636633e-02
6.719978549999999814e+06 2.039013570325299424e-02
6.703935120000000112e+06 2.057081076148760401e-02
6.687929980000000447e+06 2.073877295085002279e-02
6.671963059999999590e+06 2.082544033107740916e-02
6.656034259999999776e+06 2.089553119257292133e-02
6.640143490000000224e+06 2.097007363734545299e-02
6.624290650000000373e+06 2.124280378376768030e-02
6.608475669999999925e+06 2.161512775407107428e-02
6.592698440000000410e+06 2.190408189168159547e-02
6.576958870000000112e+06 2.186987250846773867e-02
6.561256889999999665e+06 2.208595778056247905e-02
6.545592389999999665e+06 2.236932477522419679e-02
6.529965290000000037e+06 2.260023592438480111e-02
6.514375490000000224e+06 2.264231464621879741e-02
6.498822919999999925e+06 2.318070782218240034e-02
6.483307480000000447e+06 2.353185275716551325e-02
6.467829080000000075e+06 2.334974592622078918e-02
6.452387629999999888e+06 2.377853029879011676e-02
6.436983049999999814e+06 2.388782933301747402e-02
6.421615240000000224e+06 2.392200242628670856e-02
6.406284129999999888e+06 2.421696123638614195e-02
6.390989610000000335e+06 2.427150328107009758e-02
6.375731620000000112e+06 2.445874649714179991e-02
6.360510040000000037e+06 2.479299639432740870e-02
6.345324809999999590e+06 2.512458027854885118e-02
6.330175839999999851e+06 2.545354808677141589e-02
6.315063019999999553e+06 2.567992962451857292e-02
6.299986290000000037e+06 2.595170417853248299e-02
6.284945559999999590e+06 2.637024836423680282e-02
6.269940730000000447e+06 2.645976562354112813e-02
6.254971730000000447e+06 2.654586075035434908e-02
6.240038459999999963e+06 2.663101131146395142e-02
6.225140849999999627e+06 2.699566343162408677e-02
6.210278799999999814e+06 2.767153482882883653e-02
6.195452230000000447e+06 2.789735331028150508e-02
6.180661070000000298e+06 2.768093775605937057e-02
6.165905209999999963e+06 2.793329530400908908e-02
6.151184580000000075e+06 2.824322569057310592e-02
6.136499099999999627e+06 2.855063143845572304e-02
6.121848679999999702e+06 2.851092665603975965e-02
6.107233230000000447e+06 2.859366827824471463e-02
6.092652679999999702e+06 2.911494143230405549e-02
6.078106940000000410e+06 2.916141059421290330e-02
6.063595919999999925e+06 2.930466302430913966e-02
6.049119549999999814e+06 2.952090413865615312e-02
6.034677740000000224e+06 2.959553677644150352e-02
6.020270410000000149e+06 3.018257210520652878e-02
6.005897469999999739e+06 3.065888089794223045e-02
5.991558849999999627e+06 3.066754968938361151e-02
5.977254459999999963e+06 3.068809592940105468e-02
5.962984230000000447e+06 3.107267774226121076e-02
5.948748059999999590e+06 3.087876391782798380e-02
5.934545879999999888e+06 3.141054581902384679e-02
5.920377599999999627e+06 3.209920627703552465e-02
5.906243150000000373e+06 3.241182066058147931e-02
5.892142450000000186e+06 3.257268366979194918e-02
5.878075410000000149e+06 3.291437666838691045e-02
5.864041950000000186e+06 3.274603671234628532e-02
5.850042000000000000e+06 3.322108671918328621e-02
5.836075469999999739e+06 3.347957184894143762e-02
5.822142290000000037e+06 3.376106560228247372e-02
5.808242370000000112e+06 3.333557937586439229e-02
5.794375639999999665e+06 3.389710847258131654e-02
5.780542009999999776e+06 3.417298313723332592e-02
5.766741410000000149e+06 3.441763430728873863e-02
5.752973750000000000e+06 3.466297824908629033e-02
5.739238969999999739e+06 3.496237574613517141e-02
5.725536969999999739e+06 3.528083442816313392e-02
5.711867690000000410e+06 3.559664639790439955e-02
5.698231040000000037e+06 3.590977599405319881e-02
5.684626950000000186e+06 3.622026507846699828e-02
5.671055339999999851e+06 3.652812979363431051e-02
5.657516129999999888e+06 3.638603929583980601e-02
5.644009240000000224e+06 3.642556877495779083e-02
5.630534599999999627e+06 3.705943917763808437e-02
5.617092129999999888e+06 3.716611747958344092e-02
5.603681750000000000e+06 3.735697429145613119e-02
5.590303389999999665e+06 3.777269351269037234e-02
5.576956969999999739e+06 3.819724448598454947e-02
5.563642410000000149e+06 3.861830976574573415e-02
5.550359639999999665e+06 3.903593859363785334e-02
5.537108580000000075e+06 3.935387539454186789e-02
5.523889160000000149e+06 3.951405075057972532e-02
5.510701299999999814e+06 3.967054130962935354e-02
5.497544919999999925e+06 3.982544669005957938e-02
5.484419950000000186e+06 3.997877650068503569e-02
5.471326320000000298e+06 4.013060195213183357e-02
5.458263940000000410e+06 4.029097991721764666e-02
5.445232759999999776e+06 4.074956396677614084e-02
5.432232679999999702e+06 4.134327377946772630e-02
5.419263639999999665e+06 4.193228937616728935e-02
5.406325559999999590e+06 4.241172702137886719e-02
5.393418370000000112e+06 4.228478697601176228e-02
5.380542000000000000e+06 4.252331749607247968e-02
5.367696370000000112e+06 4.316262881107064964e-02
5.354881400000000373e+06 4.326306473773591094e-02
5.342097030000000261e+06 4.305561575639616639e-02
5.329343179999999702e+06 4.284911552117588729e-02
5.316619790000000037e+06 4.336842275995015511e-02
5.303926759999999776e+06 4.382515662550180019e-02
5.291264040000000037e+06 4.406166735643719801e-02
5.278631549999999814e+06 4.487758024205956708e-02
5.266029230000000447e+06 4.574699212133874482e-02
5.253456980000000447e+06 4.602307943829414549e-02
5.240914759999999776e+06 4.603030502275482633e-02
5.228402469999999739e+06 4.619113006099036245e-02
5.215920059999999590e+06 4.649744641501791370e-02
5.203467450000000186e+06 4.659632773149119389e-02
5.191044570000000298e+06 4.651941827226532128e-02
5.178651349999999627e+06 4.633596651656236853e-02
5.166287719999999739e+06 4.717049290805593043e-02
5.153953599999999627e+06 4.744463562861007261e-02
5.141648929999999702e+06 4.878541180012157391e-02
5.129373629999999888e+06 4.881381044644517164e-02
5.117127650000000373e+06 4.886456897773669428e-02
5.104910900000000373e+06 4.977157323813076462e-02
5.092723309999999590e+06 5.019359623096452533e-02
5.080564830000000075e+06 4.968052279976429425e-02
5.068435370000000112e+06 4.909576291927791186e-02
5.056334860000000335e+06 4.861858356784350826e-02
5.044263250000000000e+06 4.981089255377333519e-02
5.032220459999999963e+06 5.113510289734337494e-02
5.020206419999999925e+06 5.166767170369770956e-02
5.008221059999999590e+06 5.216402827974450651e-02
4.996264309999999590e+06 5.192059910850943538e-02
4.984336110000000335e+06 5.194322475594435190e-02
4.972436389999999665e+06 5.267684267746935295e-02
4.960565080000000075e+06 5.301305784419526462e-02
4.948722110000000335e+06 5.287642051561530082e-02
4.936907419999999925e+06 5.273923715779646471e-02
4.925120929999999702e+06 5.292309717962810633e-02
4.913362580000000075e+06 5.375863248811783152e-02
4.901632299999999814e+06 5.459249134969028361e-02
4.889930030000000261e+06 5.432426714559725200e-02
4.878255690000000410e+06 5.424206325560335801e-02
4.866609230000000447e+06 5.424917701228920697e-02
4.854990570000000298e+06 5.426474816831699383e-02
4.843399660000000149e+06 5.532425580797083187e-02
4.831836410000000149e+06 5.570110924459584223e-02
4.820300769999999553e+06 5.548806231156245411e-02
4.808792669999999925e+06 5.567175397823528188e-02
4.797312040000000037e+06 5.686279568610669299e-02
4.785858830000000075e+06 5.674911000268741817e-02
4.774432959999999963e+06 5.694920546484862067e-02
4.763034360000000335e+06 5.834405543398772653e-02
4.751662980000000447e+06 5.977744116655905882e-02
4.740318750000000000e+06 5.910496321951425047e-02
4.729001599999999627e+06 5.856009891686985575e-02
4.717711469999999739e+06 5.876331299261181029e-02
4.706448299999999814e+06 5.868130456410694529e-02
4.695212009999999776e+06 5.972437676861554884e-02
4.684002549999999814e+06 6.147651631171338615e-02
4.672819860000000335e+06 6.137779615884032119e-02
4.661663860000000335e+06 6.027404817089414280e-02
4.650534490000000224e+06 6.070872745560289274e-02
4.639431690000000410e+06 6.117610839461807420e-02
4.628355410000000149e+06 6.169438495152471114e-02
4.617305559999999590e+06 6.173564068138261834e-02
4.606282099999999627e+06 6.193138416885176495e-02
4.595284950000000186e+06 6.176527533104191059e-02
4.584314059999999590e+06 6.358733800583446505e-02
4.573369360000000335e+06 6.295445444087366393e-02
4.562450790000000037e+06 6.263704690128550634e-02
4.551558290000000037e+06 6.245039044034722542e-02
4.540691790000000037e+06 6.393245421823220975e-02
4.529851240000000224e+06 6.410064583934095561e-02
4.519036559999999590e+06 6.331441051204533821e-02
4.508247709999999963e+06 6.463444992897784958e-02
4.497484610000000335e+06 6.641435716681391710e-02
4.486747209999999963e+06 6.460252075568248542e-02
4.476035450000000186e+06 6.667744637856104495e-02
4.465349250000000000e+06 6.699302424277159274e-02
4.454688570000000298e+06 6.972033352799529571e-02
4.444053349999999627e+06 6.910390264505210378e-02
4.433443509999999776e+06 7.140365527140946078e-02
4.422859000000000000e+06 6.986464939699785215e-02
4.412299759999999776e+06 6.926714514793694266e-02
4.401765730000000447e+06 6.959993306337729224e-02
4.391256860000000335e+06 6.881231468805687479e-02
4.380773070000000298e+06 6.818829168022326470e-02
4.370314309999999590e+06 6.860106225234366417e-02
4.359880509999999776e+06 6.977270268510779583e-02
4.349471629999999888e+06 6.784660381178628241e-02
4.339087599999999627e+06 6.867196874187586619e-02
4.328728360000000335e+06 7.061036812438961641e-02
4.318393849999999627e+06 7.038801973664013389e-02
4.308084019999999553e+06 7.206279397256470931e-02
4.297798799999999814e+06 7.227436489317866364e-02
4.287538129999999888e+06 6.988883203098965324e-02
4.277301959999999963e+06 7.101924346838604796e-02
4.267090230000000447e+06 7.071474880624317727e-02
4.256902879999999888e+06 7.456988429338780311e-02
4.246739849999999627e+06 7.396549231248907008e-02
4.236601080000000075e+06 7.427902701787642004e-02
4.226486519999999553e+06 7.816075840222437565e-02
4.216396110000000335e+06 7.713101668848527936e-02
4.206329790000000037e+06 7.464932479266264687e-02
4.196287490000000224e+06 7.484694215445830690e-02
4.186269180000000168e+06 7.474351175965471272e-02
4.176274779999999795e+06 7.560192806027843382e-02
4.166304250000000000e+06 7.387212685301125514e-02
4.156357509999999776e+06 7.479761525041594972e-02
4.146434529999999795e+06 7.497315284010550029e-02
4.136535229999999981e+06 7.661547410112698464e-02
4.126659569999999832e+06 7.744646131797630617e-02
4.116807490000000224e+06 7.507649156052893791e-02
4.106978919999999925e+06 7.583523426451355132e-02
4.097173819999999832e+06 7.885730398891445392e-02
4.087392140000000130e+06 7.881251571388708799e-02
4.077633799999999814e+06 7.736823936600767393e-02
4.067898759999999776e+06 7.969692245453131874e-02
4.058186959999999963e+06 7.883106506014846138e-02
4.048498350000000093e+06 7.622410141797358873e-02
4.038832870000000112e+06 8.066060670770348884e-02
4.029190470000000205e+06 7.925570313200393235e-02
4.019571080000000075e+06 8.070678868315593613e-02
4.009974660000000149e+06 8.488614018228031466e-02
4.000401160000000149e+06 8.451990169426103205e-02
3.990850509999999776e+06 8.409015064515398818e-02
3.981322649999999907e+06 8.366229790498293239e-02
3.971817549999999814e+06 8.323668735307401811e-02
3.962335140000000130e+06 8.281313359591363499e-02
3.952875370000000112e+06 8.228375674897524250e-02
3.943438180000000168e+06 8.231075708745375086e-02
3.934023520000000019e+06 8.522134680291004738e-02
3.924631339999999851e+06 8.353473504023828378e-02
3.915261589999999851e+06 8.583282128121927368e-02
3.905914200000000186e+06 8.545311457960907964e-02
3.896589129999999888e+06 8.437010595257810053e-02
3.887286319999999832e+06 8.584453843630585057e-02
3.878005720000000205e+06 8.581562455201474648e-02
3.868747279999999795e+06 8.401519491642082949e-02
3.859510939999999944e+06 8.670787564472859366e-02
3.850296649999999907e+06 8.746735488967471994e-02
3.841104359999999870e+06 8.362244837455537483e-02
3.831934020000000019e+06 8.629682553609789586e-02
3.822785569999999832e+06 8.944447969561822309e-02
3.813658959999999963e+06 9.042967643011778911e-02
3.804554140000000130e+06 8.477231317145851597e-02
3.795471060000000056e+06 8.426212266181405675e-02
3.786409669999999925e+06 9.025290024081254747e-02
3.777369899999999907e+06 8.995148539831696044e-02
3.768351720000000205e+06 8.924757928607182644e-02
3.759355069999999832e+06 8.995315646931897891e-02
3.750379899999999907e+06 9.558331914729584211e-02
3.741426149999999907e+06 9.091983841852942227e-02
3.732493779999999795e+06 9.047315126985139289e-02
3.723582740000000224e+06 9.075204531030173216e-02
3.714692970000000205e+06 9.256996326984208434e-02
3.705824419999999925e+06 9.429677818990959970e-02
3.696977049999999814e+06 9.024672628793900531e-02
3.688150799999999814e+06 9.264649464821034242e-02
3.679345620000000112e+06 9.149891848304250730e-02
3.670561470000000205e+06 9.176084120358211915e-02
3.661798279999999795e+06 9.179003293533476160e-02
3.653056020000000019e+06 9.422608188759956649e-02
3.644334629999999888e+06 9.540024661700327591e-02
3.635634060000000056e+06 9.609774395715990625e-02
3.626954259999999776e+06 9.744547032326751623e-02
3.618295180000000168e+06 9.437724851113514501e-02
3.609656779999999795e+06 9.562653220581635027e-02
3.601039000000000000e+06 9.583871689407183481e-02
3.592441799999999814e+06 9.598411468718941186e-02
3.583865120000000112e+06 9.705553638107936032e-02
3.575308910000000149e+06 1.006924551303078619e-01
3.566773129999999888e+06 1.026913728884965155e-01
3.558257740000000224e+06 9.762236182405710505e-02
3.549762669999999925e+06 9.737045740469886523e-02
3.541287879999999888e+06 9.927578779979971679e-02
3.532833330000000075e+06 9.815693206214176625e-02
3.524398959999999963e+06 9.968653614491676529e-02
3.515984729999999981e+06 1.032204801069480787e-01
3.507590580000000075e+06 1.002159071931050666e-01
3.499216479999999981e+06 9.713842233380481916e-02
3.490862359999999870e+06 9.452069353481530600e-02
3.482528200000000186e+06 9.516791636791309406e-02
3.474213930000000168e+06 9.891914381448375926e-02
3.465919509999999776e+06 9.772237064395317141e-02
3.457644890000000130e+06 1.008366996332734217e-01
3.449390029999999795e+06 1.034693221317425360e-01
3.441154870000000112e+06 1.015543691444854707e-01
3.432939379999999888e+06 1.039514416767949173e-01
3.424743500000000000e+06 1.033094822716694311e-01
3.416567189999999944e+06 9.905097184553064704e-02
3.408410390000000130e+06 1.000671997095471666e-01
3.400273069999999832e+06 9.710582350334440171e-02
3.392155180000000168e+06 1.004989223949994404e-01
3.384056669999999925e+06 1.057606366049886615e-01
3.375977490000000224e+06 1.031394088022389161e-01
3.367917609999999870e+06 1.006004953984047240e-01
3.359876959999999963e+06 1.036265432204400982e-01
3.351855509999999776e+06 1.044615158922821002e-01
3.343853209999999963e+06 1.063310131300460454e-01
3.335870020000000019e+06 1.094434188842669520e-01
3.327905879999999888e+06 1.061881291318725051e-01
3.319960759999999776e+06 1.051134852026689021e-01
3.312034609999999870e+06 1.079736892289402117e-01
3.304127379999999888e+06 1.114197300141955838e-01
3.296239029999999795e+06 1.012547012072090719e-01
3.288369509999999776e+06 1.028206020080819627e-01
3.280518779999999795e+06 1.065797425167984563e-01
3.272686790000000037e+06 1.044213666626680609e-01
3.264873500000000000e+06 1.100426595509160915e-01
3.257078870000000112e+06 1.060652110986001345e-01
3.249302839999999851e+06 1.060205102224591189e-01
3.241545379999999888e+06 1.097616867803978130e-01
3.233806439999999944e+06 1.073821223907432676e-01
3.226085970000000205e+06 1.144244302265390589e-01
3.218383939999999944e+06 1.103167810592066839e-01
3.210700290000000037e+06 1.066711456091531257e-01
3.203034990000000224e+06 1.098323110672765057e-01
3.195387990000000224e+06 1.123829370745684092e-01
3.187759250000000000e+06 1.092773102672601193e-01
3.180148709999999963e+06 1.063118834110448330e-01
3.172556350000000093e+06 1.060302863066499429e-01
3.164982120000000112e+06 1.096088815808363981e-01
3.157425959999999963e+06 1.031536717503335338e-01
3.149887850000000093e+06 1.056522827639835294e-01
3.142367729999999981e+06 1.067814466000431978e-01
3.134865569999999832e+06 1.103632239010999272e-01
3.127381319999999832e+06 1.132546722867411870e-01
3.119914939999999944e+06 1.110879245076898392e-01
3.112466379999999888e+06 1.147906627963279358e-01
3.105035600000000093e+06 1.127208773030000111e-01
3.097622569999999832e+06 1.116910252742369380e-01
3.090227229999999981e+06 1.101685476010815512e-01
3.082849549999999814e+06 1.109617223718519785e-01
3.075489479999999981e+06 1.148620870205230293e-01
3.068146990000000224e+06 1.128155746624592837e-01
3.060822020000000019e+06 1.158963667518030372e-01
3.053514540000000037e+06 1.177537405650741498e-01
3.046224509999999776e+06 1.161240657256453479e-01
3.038951879999999888e+06 1.135054380031393639e-01
3.031696620000000112e+06 1.168496339884180085e-01
3.024458669999999925e+06 1.148694136559941237e-01
3.017238009999999776e+06 1.146774317134443277e-01
3.010034580000000075e+06 1.138152707320373852e-01
3.002848359999999870e+06 1.195738054003826767e-01
2.995679279999999795e+06 1.252347731228677652e-01
2.988527330000000075e+06 1.234305756569200746e-01
2.981392450000000186e+06 1.193092678597198059e-01
2.974274600000000093e+06 1.242290810550701063e-01
2.967173750000000000e+06 1.185785608355391374e-01
2.960089850000000093e+06 1.233933848121594873e-01
2.953022859999999870e+06 1.184649727464442137e-01
2.945972740000000224e+06 1.150653498708949646e-01
2.938939459999999963e+06 1.151469530430352106e-01
2.931922970000000205e+06 1.136345353946301706e-01
2.924923229999999981e+06 1.235031364751335015e-01
2.917940189999999944e+06 1.291893728211135628e-01
2.910973839999999851e+06 1.236851406161200706e-01
2.904024109999999870e+06 1.215945978660541993e-01
2.897090970000000205e+06 1.173500513821519875e-01
2.890174390000000130e+06 1.173023510870451758e-01
2.883274319999999832e+06 1.196864934119694357e-01
2.876390720000000205e+06 1.265077864129402485e-01
2.869523560000000056e+06 1.209010720514996917e-01
2.862672790000000037e+06 1.192750290992016654e-01
2.855838379999999888e+06 1.157859516262355060e-01
2.849020279999999795e+06 1.174897675946210834e-01
2.842218470000000205e+06 1.182216705548444352e-01
2.835432890000000130e+06 1.195688703594668112e-01
2.828663509999999776e+06 1.253204234160834596e-01
2.821910290000000037e+06 1.258842003957319211e-01
2.815173189999999944e+06 1.295951494526872971e-01
2.808452180000000168e+06 1.267266200361577555e-01
2.801747220000000205e+06 1.274158336756642529e-01
2.795058259999999776e+06 1.228139298498076848e-01
2.788385270000000019e+06 1.251542895396559607e-01
2.781728220000000205e+06 1.249824520448727522e-01
2.775087049999999814e+06 1.222056759567848455e-01
2.768461750000000000e+06 1.230720252881287585e-01
2.761852250000000000e+06 1.236004597936475047e-01
2.755258540000000037e+06 1.301303776697069758e-01
2.748680569999999832e+06 1.224312126239557041e-01
2.742118310000000056e+06 1.244575638740571810e-01
2.735571709999999963e+06 1.188403310395628187e-01
2.729040740000000224e+06 1.216196531961919874e-01
2.722525370000000112e+06 1.240925991252354310e-01
2.716025549999999814e+06 1.276685082092185453e-01
2.709541240000000224e+06 1.269163081446439967e-01
2.703072419999999925e+06 1.290236314948240426e-01
2.696619040000000037e+06 1.261301788182226380e-01
2.690181069999999832e+06 1.261763516833028786e-01
2.683758470000000205e+06 1.251364129601305053e-01
2.677351200000000186e+06 1.284818561067816167e-01
2.670959229999999981e+06 1.289442412984026509e-01
2.664582520000000019e+06 1.276974544406847267e-01
2.658221029999999795e+06 1.377538472393157187e-01
2.651874729999999981e+06 1.360659323875899052e-01
2.645543580000000075e+06 1.290052582378229395e-01
2.639227549999999814e+06 1.365056724357950890e-01
2.632926600000000093e+06 1.352041226593728163e-01
2.626640689999999944e+06 1.263566500812713378e-01
2.620369779999999795e+06 1.296091971111597851e-01
2.614113850000000093e+06 1.296854033127256278e-01
2.607872850000000093e+06 1.322373440486141472e-01
2.601646759999999776e+06 1.334951078845598160e-01
2.595435520000000019e+06 1.274268692832107863e-01
2.589239120000000112e+06 1.180343748915434754e-01
2.583057509999999776e+06 1.211196905809542451e-01
2.576890660000000149e+06 1.207942228619932196e-01
2.570738529999999795e+06 1.260821177315812613e-01
2.564601089999999851e+06 1.205866535220388169e-01
2.558478299999999814e+06 1.224742183877469970e-01
2.552370129999999888e+06 1.193651834689776342e-01
2.546276540000000037e+06 1.222469977945272179e-01
2.540197500000000000e+06 1.289481671223266235e-01
2.534132970000000205e+06 1.274204947898727180e-01
2.528082919999999925e+06 1.302568022729418407e-01
2.522047319999999832e+06 1.249835943676799038e-01
2.516026120000000112e+06 1.358996011677402749e-01
2.510019299999999814e+06 1.297057856469447379e-01
2.504026819999999832e+06 1.320196920978269350e-01
2.498048649999999907e+06 1.333842218604031626e-01
2.492084750000000000e+06 1.315839956427084512e-01
2.486135089999999851e+06 1.269528536858362255e-01
2.480199629999999888e+06 1.325836773477998831e-01
2.474278339999999851e+06 1.422986023835703384e-01
2.468371189999999944e+06 1.273364992778540650e-01
2.462478149999999907e+06 1.245319528519682473e-01
2.456599169999999925e+06 1.370544542182809966e-01
2.450734229999999981e+06 1.307241083425325634e-01
2.444883279999999795e+06 1.352538818942864429e-01
2.439046310000000056e+06 1.310492564062386012e-01
2.433223279999999795e+06 1.429322924987791177e-01
2.427414140000000130e+06 1.454073818945149643e-01
2.421618879999999888e+06 1.468117468956830485e-01
2.415837450000000186e+06 1.323369274328564105e-01
2.410069819999999832e+06 1.433075006025512077e-01
2.404315959999999963e+06 1.308380792450676844e-01
2.398575839999999851e+06 1.395605248077448346e-01
2.392849419999999925e+06 1.285424729609814243e-01
2.387136680000000168e+06 1.265882286674629709e-01
2.381437569999999832e+06 1.410347933181653191e-01
2.375752069999999832e+06 1.471425296029895136e-01
2.370080149999999907e+06 1.438369196584822207e-01
2.364421759999999776e+06 1.494872628576475460e-01
2.358776890000000130e+06 1.531102140389951904e-01
2.353145490000000224e+06 1.443380420466191805e-01
2.347527529999999795e+06 1.322407074048714826e-01
2.341922990000000224e+06 1.355646945618179666e-01
2.336331830000000075e+06 1.311099490602803119e-01
2.330754009999999776e+06 1.261891247857495069e-01
2.325189520000000019e+06 1.431004353202893209e-01
2.319638299999999814e+06 1.323796891454666336e-01
2.314100350000000093e+06 1.348953342014969081e-01
2.308575609999999870e+06 1.340505064165523341e-01
2.303064060000000056e+06 1.452147350617540855e-01
2.297565669999999925e+06 1.413402269477917472e-01
2.292080410000000149e+06 1.325749787531784463e-01
2.286608240000000224e+06 1.421412430854839537e-01
2.281149140000000130e+06 1.361328636813932957e-01
2.275703069999999832e+06 1.282436353789325745e-01
2.270270000000000000e+06 1.296326738219473751e-01
2.264849910000000149e+06 1.372721854749785197e-01
2.259442750000000000e+06 1.517478377644484733e-01
2.254048500000000000e+06 1.521478065077131459e-01
2.248667140000000130e+06 1.539568511029800746e-01
2.243298620000000112e+06 1.451356785946666395e-01
2.237942910000000149e+06 1.497900717699900408e-01
2.232599990000000224e+06 1.301594382941833328e-01
2.227269830000000075e+06 1.347190617356896769e-01
2.221952399999999907e+06 1.382264605401086754e-01
2.216647649999999907e+06 1.366329582814947985e-01
2.211355580000000075e+06 1.239487746511570565e-01
2.206076140000000130e+06 1.301867894559283756e-01
2.200809299999999814e+06 1.329531816407429901e-01
2.195555029999999795e+06 1.395256307947710939e-01
2.190313310000000056e+06 1.361715009837798918e-01
2.185084109999999870e+06 1.348306645526545500e-01
2.179867390000000130e+06 1.416442898598508360e-01
2.174663120000000112e+06 1.309496478005595099e-01
2.169471279999999795e+06 1.360726034646017046e-01
2.164291830000000075e+06 1.517338863203417099e-01
2.159124750000000000e+06 1.299007935441045258e-01
2.153970009999999776e+06 1.284845215886530334e-01
2.148827569999999832e+06 1.355526754265548028e-01
2.143697410000000149e+06 1.347294259623330048e-01
2.138579490000000224e+06 1.334446314106967901e-01
2.133473799999999814e+06 1.372803645452392585e-01
2.128380290000000037e+06 1.424234320516657715e-01
2.123298950000000186e+06 1.356307830087365995e-01
2.118229729999999981e+06 1.289001238497035073e-01
2.113172620000000112e+06 1.350778587973373579e-01
2.108127580000000075e+06 1.287992808304736780e-01
2.103094589999999851e+06 1.373054080105831909e-01
2.098073609999999870e+06 1.419491125431729117e-01
2.093064620000000112e+06 1.366666729166578498e-01
2.088067590000000084e+06 1.293995415651169878e-01
2.083082489999999991e+06 1.291304265089879555e-01
2.078109290000000037e+06 1.338615489730534402e-01
2.073147959999999963e+06 1.276437198012181362e-01
2.068198479999999981e+06 1.320508517973990048e-01
2.063260810000000056e+06 1.274572599777136772e-01
2.058334939999999944e+06 1.355385130002945970e-01
2.053420820000000065e+06 1.566158439977912709e-01
2.048518429999999935e+06 1.415053857160434025e-01
2.043627750000000000e+06 1.205177582685520582e-01
2.038748750000000000e+06 1.218902678721208305e-01
2.033881389999999898e+06 1.305490786692849459e-01
2.029025649999999907e+06 1.279250154961535935e-01
2.024181510000000009e+06 1.363937344701714460e-01
2.019348929999999935e+06 1.351329061837979462e-01
2.014527889999999898e+06 1.369752611123649932e-01
2.009718360000000102e+06 1.355289911783442713e-01
2.004920310000000056e+06 1.360311138251801277e-01
2.000133719999999972e+06 1.370083481146790461e-01
1.995358550000000047e+06 1.328026474071975493e-01
1.990594780000000028e+06 1.400843848372184952e-01
1.985842389999999898e+06 1.365047190836695123e-01
1.981101340000000084e+06 1.460691374685998134e-01
1.976371620000000112e+06 1.373751292384554901e-01
1.971653179999999935e+06 1.518633381317008868e-01
1.966946010000000009e+06 1.470488606921891428e-01
1.962250080000000075e+06 1.457881271266213974e-01
1.957565350000000093e+06 1.392472279981777916e-01
1.952891820000000065e+06 1.512847324085486445e-01
1.948229439999999944e+06 1.309420207290431792e-01
1.943578189999999944e+06 1.076214306145885369e-01
1.938938040000000037e+06 1.117879815709432595e-01
1.934308979999999981e+06 1.272354300907831415e-01
1.929690959999999963e+06 1.216523358215609585e-01
1.925083969999999972e+06 1.392768498400066557e-01
1.920487979999999981e+06 1.367867887945336813e-01
1.915902959999999963e+06 1.294363220878679555e-01
1.911328889999999898e+06 1.545873736057986891e-01
1.906765739999999991e+06 1.385997759345939939e-01
1.902213479999999981e+06 1.637791866117492556e-01
1.897672090000000084e+06 1.686894473748156154e-01
1.893141550000000047e+06 1.539628950336870972e-01
1.888621820000000065e+06 1.362388851020086555e-01
1.884112879999999888e+06 1.266124729681681049e-01
1.879614699999999953e+06 1.204949570241055090e-01
1.875127260000000009e+06 1.258562473358345590e-01
1.870650540000000037e+06 1.432312925935378956e-01
1.866184510000000009e+06 1.457803403713554546e-01
1.861729129999999888e+06 1.456617723677920972e-01
1.857284399999999907e+06 1.354071234380003208e-01
1.852850270000000019e+06 1.311847780024027466e-01
1.848426739999999991e+06 1.345130309395267953e-01
1.844013760000000009e+06 1.456519712730414973e-01
1.839611320000000065e+06 1.458959516987067828e-01
1.835219379999999888e+06 1.388043316836931051e-01
1.830837939999999944e+06 1.421762280825903946e-01
1.826466949999999953e+06 1.426793099744648741e-01
1.822106399999999907e+06 1.575884134614437548e-01
1.817756260000000009e+06 1.617992514307043106e-01
1.813416510000000009e+06 1.543432525281389078e-01
1.809087120000000112e+06 1.328392140942661059e-01
1.804768060000000056e+06 1.391648389736661884e-01
1.800459310000000056e+06 1.514610863778096395e-01
1.796160850000000093e+06 1.453114298458163534e-01
1.791872659999999916e+06 1.398475351683690915e-01
1.787594699999999953e+06 1.327530614378337193e-01
1.783326949999999953e+06 1.285473895795327115e-01
1.779069399999999907e+06 1.361902458278690942e-01
1.774822000000000000e+06 1.401883614146778034e-01
1.770584750000000000e+06 1.432553849515479372e-01
1.766357620000000112e+06 1.303221970484517434e-01
1.762140570000000065e+06 1.448639344814884877e-01
1.757933600000000093e+06 1.309014082444499572e-01
1.753736669999999925e+06 1.111872138008458966e-01
1.749549750000000000e+06 1.511469315307397976e-01
1.745372840000000084e+06 1.521746288885241494e-01
1.741205889999999898e+06 1.353902117717145359e-01
1.737048899999999907e+06 1.462450562125862386e-01
1.732901830000000075e+06 1.446562974561995396e-01
1.728764649999999907e+06 1.594923992329004836e-01
1.724637360000000102e+06 1.398569253575172866e-01
1.720519919999999925e+06 1.423940773338713550e-01
1.716412310000000056e+06 1.514815493511462996e-01
1.712314510000000009e+06 1.336528121990327722e-01
1.708226489999999991e+06 1.338484712627089623e-01
1.704148229999999981e+06 1.291019382101455948e-01
1.700079709999999963e+06 1.313257073065766389e-01
1.696020889999999898e+06 1.404614573872258465e-01
1.691971770000000019e+06 1.381597583615970792e-01
1.687932320000000065e+06 1.542146918194002569e-01
1.683902510000000009e+06 1.460787862841774476e-01
1.679882320000000065e+06 1.235219331800563453e-01
1.675871729999999981e+06 1.116707536004283574e-01
1.671870719999999972e+06 1.180791433450673195e-01
1.667879250000000000e+06 1.397528272514991232e-01
1.663897320000000065e+06 1.422817703558391933e-01
1.659924889999999898e+06 1.242794012453246888e-01
1.655961949999999953e+06 1.406995631920742451e-01
1.652008469999999972e+06 1.244709355174225401e-01
1.648064419999999925e+06 1.550959562280233850e-01
1.644129790000000037e+06 1.544491974633013798e-01
1.640204560000000056e+06 1.367196726495325254e-01
1.636288699999999953e+06 1.269620922080141878e-01
1.632382179999999935e+06 1.342525475887275943e-01
1.628485000000000000e+06 1.295662476172616817e-01
1.624597110000000102e+06 1.252113878298296568e-01
1.620718510000000009e+06 1.261426905868556492e-01
1.616849169999999925e+06 1.122473803957623473e-01
1.612989070000000065e+06 1.316176400629487098e-01
1.609138179999999935e+06 1.394539633295013015e-01
1.605296479999999981e+06 1.357722053995956413e-01
1.601463959999999963e+06 1.274620060052193415e-01
1.597640590000000084e+06 1.242214986722892239e-01
1.593826340000000084e+06 1.267581000835213134e-01
1.590021199999999953e+06 1.391737995680401574e-01
1.586225149999999907e+06 1.396232748383909594e-01
1.582438159999999916e+06 1.488223012494009068e-01
1.578660209999999963e+06 1.420947916610477424e-01
1.574891280000000028e+06 1.458515411571388032e-01
1.571131350000000093e+06 1.337197547736054815e-01
1.567380389999999898e+06 1.176021905436165915e-01
1.563638389999999898e+06 1.205671872516578397e-01
1.559905320000000065e+06 1.140915389145283898e-01
1.556181169999999925e+06 1.255711421910491454e-01
1.552465899999999907e+06 1.181544045160827228e-01
1.548759510000000009e+06 1.110548920364232972e-01
1.545061969999999972e+06 1.181916242521165866e-01
1.541373250000000000e+06 1.291514111919102037e-01
1.537693340000000084e+06 1.259173167709285723e-01
1.534022209999999963e+06 1.285498857379226145e-01
1.530359850000000093e+06 1.247094492109869501e-01
1.526706229999999981e+06 1.102371836079375361e-01
1.523061340000000084e+06 1.485720860004901001e-01
1.519425149999999907e+06 1.416128521710889598e-01
1.515797639999999898e+06 1.342697696713731903e-01
1.512178790000000037e+06 1.323706514128081824e-01
1.508568570000000065e+06 1.530964284036112344e-01
1.504966979999999981e+06 1.548431911182355236e-01
1.501373989999999991e+06 1.596310861091277677e-01
1.497789570000000065e+06 1.349525895418021981e-01
1.494213719999999972e+06 1.441095222722150460e-01
1.490646389999999898e+06 1.304174819069913172e-01
1.487087590000000084e+06 1.390543766018908778e-01
1.483537280000000028e+06 1.427737166417615278e-01
1.479995449999999953e+06 1.409815063487963316e-01
1.476462070000000065e+06 1.365553421226477493e-01
1.472937129999999888e+06 1.100550680241427215e-01
1.469420610000000102e+06 1.150070159509325729e-01
1.465912479999999981e+06 1.024099579038584423e-01
1.462412729999999981e+06 1.145426189660192773e-01
1.458921330000000075e+06 1.321076885769997822e-01
1.455438260000000009e+06 1.229203116273642760e-01
1.451963520000000019e+06 1.189338912365501683e-01
1.448497060000000056e+06 1.171198371073633726e-01
1.445038889999999898e+06 1.198717157810194750e-01
1.441588969999999972e+06 1.290819403297493728e-01
1.438147290000000037e+06 1.257936739364894640e-01
1.434713820000000065e+06 1.434955942156686537e-01
1.431288550000000047e+06 1.332513491524282556e-01
1.427871459999999963e+06 1.391494186745544925e-01
1.424462520000000019e+06 1.200836152451704719e-01
1.421061729999999981e+06 1.358077413421979185e-01
1.417669050000000047e+06 1.202854165866387853e-01
1.414284479999999981e+06 1.333263522908996190e-01
1.410907979999999981e+06 1.480357195532429337e-01
1.407539540000000037e+06 1.418167358935371603e-01
1.404179149999999907e+06 1.204496334289320708e-01
1.400826780000000028e+06 1.519376729157613237e-01
1.397482409999999916e+06 1.451444661410357662e-01
1.394146030000000028e+06 1.311784041837159853e-01
1.390817620000000112e+06 1.067609411038080158e-01
1.387497139999999898e+06 1.063290050530361214e-01
1.384184600000000093e+06 1.316564919105049913e-01
1.380879969999999972e+06 1.379865007330658977e-01
1.377583219999999972e+06 1.424566140724075336e-01
1.374294350000000093e+06 1.486189084190036591e-01
1.371013320000000065e+06 1.381219797310536956e-01
1.367740129999999888e+06 1.456991609241910512e-01
1.364474760000000009e+06 1.259458685900457786e-01
1.361217179999999935e+06 1.192334641344565405e-01
1.357967379999999888e+06 1.245665860624271815e-01
1.354725340000000084e+06 1.276417302409128818e-01
1.351491030000000028e+06 1.186091669645410601e-01
1.348264449999999953e+06 1.297973780046328962e-01
1.345045570000000065e+06 1.235413229726824713e-01
1.341834379999999888e+06 1.147954869972785952e-01
1.338630850000000093e+06 1.116588880713829252e-01
1.335434969999999972e+06 1.237078100675568088e-01
1.332246719999999972e+06 1.053046328675447535e-01
1.329066090000000084e+06 1.158156623224504689e-01
1.325893040000000037e+06 1.194470824136808357e-01
1.322727580000000075e+06 1.085274881826963911e-01
1.319569659999999916e+06 1.228419960960030199e-01
1.316419290000000037e+06 1.381379548791466239e-01
1.313276439999999944e+06 1.477420556495568915e-01
1.310141100000000093e+06 1.486195215369895406e-01
1.307013229999999981e+06 1.273397679787665882e-01
1.303892840000000084e+06 1.219007930807771839e-01
1.300779889999999898e+06 1.249055157125840282e-01
1.297674379999999888e+06 1.091478369212511290e-01
1.294576280000000028e+06 1.085075546790563727e-01
1.291485580000000075e+06 1.496825405686569299e-01
1.288402260000000009e+06 1.346428267383031063e-01
1.285326300000000047e+06 1.195856723463128990e-01
1.282257679999999935e+06 1.103329619659679656e-01
1.279196389999999898e+06 9.874036526503557343e-02
1.276142399999999907e+06 1.203106612972579537e-01
1.273095709999999963e+06 1.241865675014188902e-01
1.270056290000000037e+06 1.258706351919728905e-01
1.267024129999999888e+06 1.283820041928723232e-01
1.263999209999999963e+06 1.307333077170927393e-01
1.260981510000000009e+06 1.104761665508604829e-01
1.257971010000000009e+06 1.082191549795271240e-01
1.254967699999999953e+06 1.185146243691607010e-01
1.251971560000000056e+06 1.367290065060272619e-01
1.248982570000000065e+06 1.456406228752652465e-01
1.246000719999999972e+06 1.350037002816040776e-01
1.243025989999999991e+06 1.299768321735942367e-01
1.240058360000000102e+06 1.337797667718818861e-01
1.237097820000000065e+06 1.130691075039374494e-01
1.234144340000000084e+06 1.158799671637187334e-01
1.231197919999999925e+06 1.020803367848824028e-01
1.228258520000000019e+06 9.603421871094178219e-02
1.225326149999999907e+06 1.194694484784951938e-01
1.222400780000000028e+06 1.581629245315491761e-01
1.219482389999999898e+06 1.425160453729420185e-01
1.216570969999999972e+06 1.410560983974374349e-01
1.213666500000000000e+06 1.304753025298488467e-01
1.210768959999999963e+06 1.128417677360183113e-01
1.207878350000000093e+06 1.096669966961292819e-01
1.204994629999999888e+06 1.382618873251180713e-01
1.202117800000000047e+06 1.261517425475529031e-01
1.199247830000000075e+06 1.492391650172911755e-01
1.196384719999999972e+06 1.578259666937458505e-01
1.193528439999999944e+06 1.393027252433811092e-01
1.190678979999999981e+06 1.134929121595475987e-01
1.187836330000000075e+06 1.209001354391057159e-01
1.185000459999999963e+06 1.186650356672680762e-01
1.182171360000000102e+06 1.060430609301967753e-01
1.179349020000000019e+06 1.365152539111709196e-01
1.176533409999999916e+06 1.335841846494094931e-01
1.173724530000000028e+06 1.211493424671597485e-01
1.170922350000000093e+06 1.326620970609613259e-01
1.168126860000000102e+06 1.320721253964526887e-01
1.165338050000000047e+06 1.348582923821123603e-01
1.162555899999999907e+06 1.303476075222037289e-01
1.159780379999999888e+06 1.355679640734384628e-01
1.157011500000000000e+06 1.248737282640567381e-01
1.154249219999999972e+06 1.026774716843900509e-01
1.151493540000000037e+06 1.252968909553561216e-01
1.148744429999999935e+06 1.120334279999946614e-01
1.146001899999999907e+06 1.180764372656186029e-01
1.143265899999999907e+06 1.253294761460991835e-01
1.140536439999999944e+06 1.003403611310745847e-01
1.137813500000000000e+06 1.178628215577919580e-01
1.135097060000000056e+06 1.279925191809938856e-01
1.132387100000000093e+06 1.154629378410404472e-01
1.129683610000000102e+06 1.156718019756717147e-01
1.126986580000000075e+06 9.604890120817202726e-02
1.124295979999999981e+06 9.000306691823536931e-02
1.121611810000000056e+06 1.165483756480178296e-01
1.118934050000000047e+06 1.224339397765964177e-01
1.116262679999999935e+06 1.134289944160554037e-01
1.113597689999999944e+06 1.269909862999113737e-01
1.110939060000000056e+06 1.356837343616633107e-01
1.108286780000000028e+06 1.246005583174459308e-01
1.105640830000000075e+06 1.147479857054067437e-01
1.103001199999999953e+06 1.293098469656116800e-01
1.100367860000000102e+06 1.131356415995874581e-01
1.097740820000000065e+06 1.084461848010641605e-01
1.095120050000000047e+06 1.180494825581627494e-01
1.092505530000000028e+06 1.122457671837625293e-01
1.089897260000000009e+06 1.297461825261987944e-01
1.087295209999999963e+06 1.222861083427064371e-01
1.084699379999999888e+06 1.096232212970263409e-01
1.082109739999999991e+06 1.086779976803705222e-01
1.079526290000000037e+06 9.433604318312717452e-02
1.076949000000000000e+06 1.059173177273721317e-01
1.074377870000000112e+06 1.171093915010860131e-01
1.071812870000000112e+06 1.073459475518453443e-01
1.069254000000000000e+06 8.800105959115946119e-02
1.066701239999999991e+06 9.034299888934824163e-02
1.064154570000000065e+06 9.738445177943193254e-02
1.061613979999999981e+06 1.095203606946165975e-01
1.059079459999999963e+06 1.042212447297225786e-01
1.056550989999999991e+06 1.067758102956344740e-01
1.054028560000000056e+06 1.052092337252538978e-01
1.051512139999999898e+06 1.056818319934662298e-01
1.049001739999999991e+06 1.019948324153734792e-01
1.046497329999999958e+06 8.885682690372730119e-02
1.043998900000000023e+06 8.944086805593788603e-02
1.041506430000000051e+06 9.880670540558605941e-02
1.039019910000000033e+06 9.979325093838842253e-02
1.036539329999999958e+06 1.061938148488767025e-01
1.034064670000000042e+06 1.077462391686914989e-01
1.031595920000000042e+06 1.175321010826027857e-01
1.029133069999999949e+06 1.277484515837714607e-01
1.026676089999999967e+06 1.215822625397534607e-01
1.024224979999999981e+06 1.374232103003795724e-01
1.021779719999999972e+06 1.275512226273145255e-01
1.019340300000000047e+06 1.260543219150949967e-01
1.016906699999999953e+06 1.155202296121030925e-01
1.014478910000000033e+06 1.097472596142819168e-01
1.012056920000000042e+06 1.002817879924227523e-01
1.009640719999999972e+06 1.142596816937331422e-01
1.007230280000000028e+06 9.765747040919628419e-02
1.004825589999999967e+06 9.170174041420542377e-02
1.002426650000000023e+06 8.979284961352396177e-02
1.000033430000000051e+06 1.201004929701750407e-01
9.976459250000000466e+05 1.194393407664175177e-01
9.952641219999999739e+05 1.186977874886105400e-01
9.928880050000000047e+05 1.067279361049554426e-01
9.905175609999999870e+05 9.569841327249840879e-02
9.881527759999999544e+05 9.972395287927625362e-02
9.857936369999999879e+05 1.064044261687646653e-01
9.834401300000000047e+05 1.168578493567725141e-01
9.810922419999999693e+05 1.244989465068107592e-01
9.787499590000000317e+05 1.095985165440352682e-01
9.764132680000000400e+05 1.104807601019742180e-01
9.740821559999999590e+05 8.864747970872989546e-02
9.717566099999999860e+05 8.585572787334432021e-02
9.694366149999999907e+05 9.965894046115011951e-02
9.671221589999999851e+05 9.930749392153348509e-02
9.648132290000000503e+05 8.347569895350419322e-02
9.625098109999999870e+05 9.990019180196341164e-02
9.602118930000000400e+05 1.223431491322775622e-01
9.579194599999999627e+05 1.319254358535700555e-01
9.556325010000000475e+05 1.319552243551276871e-01
9.533510010000000475e+05 1.250738656002038096e-01
9.510749490000000224e+05 1.006016622773092534e-01
9.488043299999999581e+05 1.110944597791049954e-01
9.465391319999999832e+05 1.213648138535418780e-01
9.442793419999999460e+05 1.095245199079228210e-01
9.420249479999999749e+05 1.250437161329746028e-01
9.397759350000000559e+05 1.179940588491797115e-01
9.375322920000000158e+05 1.077109853349100116e-01
9.352940050000000047e+05 8.898344905598352950e-02
9.330610629999999655e+05 1.118958924175664643e-01
9.308334510000000009e+05 1.137486041256482033e-01
9.286111570000000065e+05 1.008180048731629613e-01
9.263941689999999944e+05 1.042356426707344158e-01
9.241824740000000456e+05 1.070696438745456225e-01
9.219760590000000084e+05 9.937841014648632343e-02
9.197749109999999637e+05 1.142396731517127950e-01
9.175790189999999711e+05 8.959766402764959836e-02
9.153883689999999478e+05 1.015554128776790105e-01
9.132029499999999534e+05 1.066641027097382927e-01
9.110227469999999739e+05 1.047437257251826459e-01
9.088477500000000000e+05 1.016320015146868622e-01
9.066779459999999963e+05 9.828569914913921901e-02
9.045133209999999963e+05 9.159486302990313411e-02
9.023538649999999907e+05 8.436176033145129094e-02
9.001995640000000130e+05 1.037368304957217713e-01
8.980504070000000065e+05 1.012868786832479134e-01
8.959063800000000047e+05 1.071929811827435214e-01
8.937674719999999506e+05 1.035885722514437168e-01
8.916336709999999730e+05 9.141181076336034328e-02
8.895049629999999888e+05 8.910113894345403351e-02
8.873813379999999888e+05 9.431701792914612414e-02
8.852627830000000540e+05 8.704620291821806022e-02
8.831492859999999637e+05 1.073414168311001143e-01
8.810408349999999627e+05 1.052749882787567259e-01
8.789374170000000158e+05 9.706355749134856770e-02
8.768390209999999497e+05 8.967466976385811417e-02
8.747456350000000093e+05 8.154852571609627621e-02
8.726572469999999739e+05 8.752197843954538647e-02
8.705738440000000410e+05 9.132862971934427310e-02
8.684954159999999683e+05 8.475701072886411558e-02
8.664219490000000224e+05 7.280463747119733653e-02
8.643534329999999609e+05 8.943941193583158922e-02
8.622898560000000289e+05 9.221327641374611750e-02
8.602312040000000270e+05 8.467692263247421358e-02
8.581774679999999935e+05 9.268650522193581931e-02
8.561286350000000093e+05 1.157680814504346012e-01
8.540846940000000177e+05 1.054103246574736169e-01
8.520456319999999832e+05 9.983038799151994214e-02
8.500114379999999655e+05 1.037232274281940647e-01
8.479821010000000242e+05 8.805644129564270395e-02
8.459576080000000075e+05 7.124563162204240740e-02
8.439379490000000224e+05 9.514223441568794848e-02
8.419231119999999646e+05 8.571326155059998120e-02
8.399130849999999627e+05 1.046963561268002135e-01
8.379078560000000289e+05 9.750098352516894940e-02
8.359074159999999683e+05 8.859097203387603092e-02
8.339117510000000475e+05 1.060471385556067125e-01
8.319208499999999767e+05 1.029176445058379852e-01
8.299347029999999795e+05 7.168525360268947211e-02
8.279532970000000205e+05 8.649613692660321207e-02
8.259766219999999739e+05 1.060880356071877556e-01
8.240046659999999683e+05 1.042554622358975169e-01
8.220374179999999469e+05 9.269689185028276435e-02
8.200748660000000382e+05 9.100355729006241734e-02
8.181170000000000000e+05 7.978871198974915591e-02
8.161638079999999609e+05 9.157638237022878991e-02
8.142152800000000279e+05 1.006559158981397695e-01
8.122714030000000494e+05 9.834796145962934610e-02
8.103321670000000158e+05 9.520535630534025795e-02
8.083975609999999870e+05 8.425314858229428217e-02
8.064675740000000224e+05 8.110312534355224034e-02
8.045421940000000177e+05 8.266101919666625497e-02
8.026214109999999637e+05 9.092034856364404616e-02
8.007052140000000363e+05 9.036934614321434633e-02
7.987935910000000149e+05 8.714455318411741536e-02
7.968865330000000540e+05 8.229866029740466604e-02
7.949840270000000019e+05 7.982004092660795191e-02
7.930860640000000130e+05 8.197157777277351565e-02
7.911926310000000522e+05 6.774641287467703110e-02
7.893037190000000410e+05 5.557124800054104308e-02
7.874193170000000391e+05 7.121965850220871030e-02
7.855394139999999898e+05 9.264969782586690572e-02
7.836639980000000214e+05 8.008128347805308633e-02
7.817930609999999870e+05 7.593360723455309935e-02
7.799265890000000363e+05 8.339841661053451483e-02
7.780645740000000224e+05 8.159222385929586208e-02
7.762070050000000047e+05 8.261385753590377856e-02
7.743538699999999953e+05 8.096452095565126461e-02
7.725051589999999851e+05 7.265233433829197673e-02
7.706608619999999646e+05 1.023471927786875069e-01
7.688209679999999935e+05 9.810116119773107379e-02
7.669854669999999460e+05 8.877320661236860755e-02
7.651543479999999981e+05 9.620025622237646235e-02
7.633275999999999767e+05 9.601123581684653518e-02
7.615052140000000363e+05 8.804610085011412013e-02
7.596871790000000037e+05 8.036098361551752278e-02
7.578734840000000549e+05 5.927339687357576631e-02
7.560641189999999478e+05 6.707238723173811201e-02
7.542590729999999749e+05 8.966308243480086704e-02
7.524583379999999888e+05 1.012120806987341776e-01
7.506619009999999544e+05 7.920118927985371482e-02
7.488697530000000261e+05 9.082777646890458079e-02
7.470818839999999618e+05 7.803286356290677073e-02
7.452982830000000540e+05 8.741180909493047324e-02
7.435189399999999441e+05 1.004550369521724912e-01
7.417438460000000196e+05 1.186645968320046984e-01
7.399729889999999432e+05 1.028256686034346584e-01
7.382063599999999860e+05 8.083416710915670989e-02
7.364439490000000224e+05 1.087275842934178477e-01
7.346857449999999953e+05 9.993354879084120901e-02
7.329317389999999432e+05 8.620143701855347007e-02
7.311819209999999730e+05 8.741864584376858593e-02
7.294362800000000279e+05 6.727382034178104597e-02
7.276948059999999823e+05 6.975748632662959192e-02
7.259574910000000382e+05 8.012857543990202502e-02
7.242243229999999749e+05 7.929580316929457640e-02
7.224952920000000158e+05 7.010412022903562967e-02
7.207703900000000140e+05 8.143077563980248568e-02
7.190496060000000289e+05 7.754122019881024008e-02
7.173329300000000512e+05 7.503043913342465066e-02
7.156203530000000028e+05 9.052234395798029742e-02
7.139118639999999432e+05 9.866831321388969123e-02
7.122074540000000270e+05 1.050004357851915537e-01
7.105071130000000121e+05 1.109797283375362487e-01
7.088108320000000531e+05 1.158600271878061500e-01
7.071185999999999767e+05 1.186291988716051404e-01
7.054304080000000540e+05 1.174726305119420389e-01
7.037462469999999739e+05 1.124963696835563076e-01
7.020661069999999600e+05 1.098480740669628697e-01
7.003899780000000028e+05 1.017699016964418168e-01
6.987178499999999767e+05 8.894869039968783531e-02
6.970497149999999674e+05 5.518967223406612971e-02
6.953855620000000345e+05 7.285901097321435815e-02
6.937253819999999832e+05 1.069712712057250964e-01
6.920691659999999683e+05 9.171715577450591239e-02
6.904169039999999804e+05 8.467794892204348611e-02
6.887685860000000102e+05 9.316905420250115588e-02
6.871242040000000270e+05 8.385284767354057867e-02
6.854837469999999739e+05 6.845689686609823799e-02
6.838472070000000531e+05 7.668638614373840534e-02
6.822145740000000224e+05 7.047815811278565490e-02
6.805858390000000363e+05 7.135971798208862182e-02
6.789609919999999693e+05 6.950667765947757260e-02
6.773400250000000233e+05 6.770786874041864745e-02
6.757229279999999562e+05 6.722738700969874137e-02
6.741096909999999916e+05 6.721176917146803875e-02
6.725003050000000512e+05 6.499589977718397971e-02
6.708947619999999879e+05 7.453386154569570377e-02
6.692930520000000251e+05 7.780477627165152676e-02
6.676951659999999683e+05 8.085825016191856840e-02
6.661010949999999721e+05 7.920093339768854990e-02
6.645108299999999581e+05 8.884694863901097805e-02
6.629243610000000335e+05 9.239142882889080088e-02
6.613416800000000512e+05 9.364181068853678902e-02
6.597627770000000019e+05 7.497157911773826011e-02
6.581876439999999711e+05 7.882509712792987178e-02
6.566162709999999497e+05 8.002323877122799467e-02
6.550486500000000233e+05 8.853774278225014227e-02
6.534847719999999972e+05 9.900769204193715645e-02
6.519246269999999786e+05 1.049356570394679167e-01
6.503682070000000531e+05 1.006976927101593672e-01
6.488155019999999786e+05 8.667590914835671123e-02
6.472665050000000047e+05 5.285493950482386682e-02
6.457212060000000056e+05 8.982642535280123408e-02
6.441795960000000196e+05 9.619639852923293766e-02
6.426416659999999683e+05 9.558499597405353820e-02
6.411074080000000540e+05 9.682889318769090370e-02
6.395768129999999655e+05 9.352538345896120597e-02
6.380498730000000214e+05 7.548877334852946430e-02
6.365265770000000484e+05 8.440297808051895612e-02
6.350069189999999944e+05 8.196628248798393246e-02
6.334908880000000354e+05 8.501748108697412820e-02
6.319784769999999553e+05 7.640050012034795002e-02
6.304696770000000251e+05 8.237216016569007260e-02
6.289644790000000503e+05 8.191021187148243843e-02
6.274628739999999525e+05 7.740292270510107375e-02
6.259648549999999814e+05 7.785757790543261503e-02
6.244704109999999637e+05 7.180709729817140452e-02
6.229795359999999637e+05 7.388701137786828077e-02
6.214922199999999721e+05 7.109313715225400176e-02
6.200084549999999581e+05 6.718162491817394888e-02
6.185282319999999600e+05 6.475153685540059600e-02
6.170515429999999469e+05 5.660795437349286363e-02
6.155783800000000047e+05 4.712466773398094055e-02
6.141087340000000549e+05 7.569077981619090623e-02
6.126425960000000196e+05 8.336240969714989180e-02
6.111799590000000317e+05 7.787984018896444705e-02
6.097208129999999655e+05 7.969684800306343908e-02
6.082651509999999544e+05 7.588977498999867344e-02
6.068129649999999674e+05 7.318380373161742503e-02
6.053642449999999953e+05 7.167899401359420497e-02
6.039189849999999860e+05 7.005028396419712977e-02
6.024771739999999991e+05 7.290714921086954847e-02
6.010388059999999823e+05 7.039795207096288809e-02
5.996038719999999739e+05 6.863675207800017108e-02
5.981723630000000121e+05 6.693739672503627725e-02
5.967442730000000447e+05 6.324498677185011464e-02
5.953195910000000149e+05 6.567182964287052171e-02
5.938983109999999870e+05 7.036896955534448217e-02
5.924804239999999991e+05 6.945891792705899404e-02
5.910659229999999516e+05 6.294661878110549558e-02
5.896547979999999516e+05 6.557796718983047168e-02
5.882470420000000158e+05 6.565321615188725313e-02
5.868426480000000447e+05 6.495287163878010750e-02
5.854416060000000289e+05 6.381749550082034539e-02
5.840439089999999851e+05 6.252166984871004862e-02
5.826495479999999516e+05 6.082423088153066093e-02
5.812585169999999925e+05 5.243696686284402692e-02
5.798708070000000298e+05 4.712170294797621284e-02
5.784864100000000326e+05 3.575870888153077215e-02
5.771053179999999702e+05 5.066938063013575605e-02
5.757275230000000447e+05 6.606353048938613803e-02
5.743530169999999925e+05 6.786565400645239166e-02
5.729817929999999469e+05 6.504423094666769711e-02
5.716138429999999935e+05 6.452718805274784697e-02
5.702491589999999851e+05 5.725672299168188539e-02
5.688877330000000075e+05 6.277044203192630456e-02
5.675295570000000298e+05 6.201270420442808046e-02
5.661746230000000214e+05 5.643152884467013408e-02
5.648229250000000466e+05 5.788395599598834124e-02
5.634744529999999795e+05 5.157221192394231823e-02
5.621292010000000009e+05 4.279706746913561344e-02
5.607871609999999637e+05 7.250523615193159299e-02
5.594483240000000224e+05 5.043986277412609853e-02
5.581126840000000084e+05 7.524927113519205846e-02
5.567802330000000075e+05 7.327247596411640140e-02
5.554509620000000577e+05 7.355826151050970374e-02
5.541248660000000382e+05 7.061774778319468426e-02
5.528019350000000559e+05 6.366732468693118985e-02
5.514821629999999423e+05 6.790272620735099407e-02
5.501655409999999683e+05 6.569989897609880558e-02
5.488520629999999655e+05 6.490978826063363571e-02
5.475417210000000196e+05 5.980536641994769337e-02
5.462345069999999832e+05 4.510331046262179566e-02
5.449304139999999898e+05 5.948771681091961222e-02
5.436294340000000084e+05 6.778280960987252690e-02
5.423315600000000559e+05 6.617497606306306512e-02
5.410367850000000326e+05 6.245722569736988916e-02
5.397451010000000242e+05 4.490793943300824126e-02
5.384565010000000475e+05 6.013250196937516140e-02
5.371709769999999553e+05 5.728710157214328413e-02
5.358885230000000447e+05 7.285533338215310906e-02
5.346091300000000047e+05 6.100833278646314306e-02
5.333327909999999683e+05 6.425685013300984350e-02
5.320595000000000000e+05 5.681296078784021236e-02
5.307892489999999525e+05 6.274571059891488611e-02
5.295220300000000279e+05 6.300112213136313533e-02
5.282578370000000577e+05 5.563545031503591698e-02
5.269966609999999637e+05 6.114991871208585311e-02
5.257384969999999739e+05 6.107207026130314492e-02
5.244833370000000577e+05 6.056154172568372490e-02
5.232311730000000098e+05 5.928774453004839046e-02
5.219819990000000107e+05 5.890961568948462068e-02
5.207358059999999823e+05 5.839706581691916920e-02
5.194925900000000256e+05 5.760235966813256892e-02
5.182523410000000149e+05 5.772471022694244253e-02
5.170150530000000144e+05 5.726927668367044755e-02
5.157807189999999828e+05 5.494614869378398186e-02
5.145493319999999949e+05 4.988061401528239708e-02
5.133208850000000093e+05 4.571159727111988313e-02
5.120953699999999953e+05 4.017945681328225632e-02
5.108727820000000065e+05 5.702548469655885355e-02
5.096531120000000228e+05 5.868068557767196908e-02
5.084363539999999921e+05 5.721002837985448425e-02
5.072225009999999893e+05 5.668798791523139979e-02
5.060115470000000205e+05 5.416024809957316333e-02
5.048034830000000075e+05 5.160743197767189705e-02
5.035983030000000144e+05 4.336108616471704563e-02
5.023960009999999893e+05 4.758212123995306242e-02
5.011965680000000284e+05 5.113893801043652154e-02
5.000000000000000000e+05 3.156400784619418226e-02
4.994749990000000107e+05 5.184559095699255854e-03
4.993613499999999767e+05 2.248578051542969320e-03
4.992853869999999879e+05 4.181844013989630300e-03
4.991915989999999874e+05 1.568771599803640560e-01
4.965340000000000000e+05 1.392868306093558717e-01
4.938479000000000233e+05 1.551720149831630532e-03
4.937954369999999763e+05 1.396801421935936482e-01
4.908230219999999972e+05 1.494823664325644133e-02
4.902555999999999767e+05 8.115045221769309064e-03
4.900116500000000233e+05 7.784215562383953353e-03
4.897213420000000042e+05 4.012626425434710487e-01
4.812777249999999767e+05 5.650877607201028503e-03
4.810453499999999767e+05 9.290460570746620489e-03
4.808175420000000158e+05 4.827314143198861984e-01
4.697134000000000233e+05 3.265194543502657892e-02
4.691848229999999749e+05 3.206429538069127672e-02
4.687194500000000116e+05 5.936439184341216722e-03
4.686212999999999884e+05 5.683018297709181016e-02
4.677912320000000182e+05 1.770699876347398005e-01
4.647800999999999767e+05 1.617603871542804689e-02
4.644522500000000000e+05 3.738695773073215031e-03
4.643091250000000000e+05 9.934086441877368334e-02
4.623710179999999818e+05 1.985608549097298559e-01
4.582619490000000224e+05 1.041269539221011294e-02
4.579228499999999767e+05 3.659790126339199090e-02
4.571237989999999991e+05 4.856256184194075558e-03
4.569830499999999884e+05 8.553404201566090770e-02
4.551820499999999884e+05 8.868633180177452717e-04
4.551590999999999767e+05 1.688452290752175400e-01
4.514572999999999884e+05 8.433170845510800512e-03
4.511847000000000116e+05 8.276377482701662014e-02
4.492822999999999884e+05 3.886785183012435307e-02
4.479635999999999767e+05 1.406675921103915372e-01
4.446321930000000284e+05 1.698545503002164281e-01
4.403727249999999767e+05 6.112505827204613162e-02
4.386422000000000116e+05 2.857394354505880113e-02
4.380159319999999716e+05 1.480126160440446981e-01
4.356128400000000256e+05 3.669526922979832184e-02
4.348911500000000233e+05 6.227554865356556973e-03
4.346725929999999935e+05 2.915452751500036133e-01
4.286199500000000116e+05 1.204271835030807768e-03
4.285865000000000000e+05 4.609451038597811579e-02
4.275739170000000158e+05 3.650996649588615917e-01
4.191940499999999884e+05 3.562002476465523596e-03
4.190365000000000000e+05 8.129760624980237466e-03
4.187731979999999749e+05 2.378752156016270686e-02
4.177819359999999870e+05 2.691951996493763821e-01
4.111700800000000163e+05 2.332703958226818863e-01
4.051954579999999842e+05 7.875117231213912827e-02
4.039301730000000098e+05 2.199901210096154650e-02
4.034219990000000107e+05 1.442852728039371174e-02
4.028677519999999786e+05 4.249850327732594690e-02
4.018752750000000233e+05 4.402383308348102424e-03
4.017061620000000112e+05 2.905148810579079588e-01
3.953955740000000224e+05 3.412272333448673756e-01
3.869222989999999991e+05 3.017170658806812063e-03
3.867938750000000000e+05 2.923389944397858375e-01
3.802262569999999832e+05 5.929856775192842572e-02
3.792432000000000116e+05 4.572799176659923456e-03
3.791209249999999884e+05 9.265601356044740611e-03
3.789700999999999767e+05 7.426555787672975417e-02
3.779054440000000177e+05 4.512902285757869336e-02
3.772955499999999884e+05 1.596624381234201372e-03
3.772723119999999763e+05 2.369316127730490898e-03
3.772324000000000233e+05 1.236673330083909840e-03
3.772141369999999879e+05 2.346321693477629866e-01
3.740793879999999772e+05 2.049990460953010282e-02
3.737790000000000000e+05 3.214445486616590575e-03
3.737205750000000116e+05 1.078071315720617179e-01
3.720313670000000275e+05 1.823658810831299548e-01
3.685801979999999749e+05 1.163002066701429166e-01
3.656389089999999851e+05 1.106910341689525124e-01
3.622833969999999972e+05 9.113799352615227500e-02
3.601382010000000009e+05 6.767744548981691199e-02
3.589573900000000140e+05 4.850278664853215765e-02
3.582309239999999991e+05 1.126026386049181621e-02
3.580318989999999758e+05 8.422412820484245430e-03
3.578240000000000000e+05 1.005214407058029578e-02
3.575087920000000158e+05 3.447243920848001852e-02
3.566684000000000233e+05 9.327416696464958801e-02
3.550317409999999800e+05 6.736515750763988342e-02
3.539290000000000000e+05 5.987572663511481902e-03
3.538222999999999884e+05 1.039893786448808704e-03
3.537956250000000000e+05 1.364932101752506502e-03
3.537458250000000116e+05 9.443468212345183105e-04
3.537215499999999884e+05 3.619570287575324570e-03
3.536560869999999995e+05 1.258432130395794601e-01
3.516112029999999795e+05 6.760371651102456414e-02
3.504507229999999981e+05 2.312294549537107120e-03
3.503942999999999884e+05 3.718219293966213822e-03
3.502471620000000112e+05 2.411899000753148312e-03
3.501885489999999991e+05 4.712779046799738664e-02
3.492993460000000196e+05 7.622515485514315230e-03
3.491155999999999767e+05 9.659651181862223199e-03
3.487330999999999767e+05 5.060928056972373128e-03
3.486120000000000000e+05 2.155815401089011263e-01
3.448281250000000000e+05 1.437657712895885074e-03
3.447930999999999767e+05 2.251899861897994730e-03
3.447073499999999767e+05 1.537275225347761341e-03
3.446700499999999884e+05 1.498182987477782724e-01
3.417970000000000000e+05 1.943197596386441557e-03
3.417502000000000116e+05 2.745035696416762636e-02
3.411750999999999767e+05 3.078527265178536854e-03
3.410994749999999767e+05 2.322438010736604767e-03
3.410097619999999879e+05 3.690035424177208478e-03
3.409057000000000116e+05 5.886461984129553841e-03
3.406570979999999981e+05 5.460207447171288621e-03
3.405200000000000000e+05 1.096013635281727211e-01
3.381216689999999944e+05 2.471349849778516072e-01
3.316340989999999874e+05 3.474222940947433586e-03
3.314679369999999763e+05 3.263462160418166124e-03
3.313719749999999767e+05 4.062183507883076333e-03
3.312885499999999884e+05 1.153341380583419555e-02
3.310763319999999949e+05 3.857568112967620783e-02
3.302551830000000191e+05 1.850041995657697447e-01
3.251496599999999744e+05 9.887237416872576845e-02
3.218030750000000116e+05 9.780634217494770747e-04
3.217578369999999995e+05 1.301726563206488940e-01
3.173888090000000084e+05 6.573883740240167584e-02
3.159568470000000088e+05 5.994256384689065215e-02
3.148776250000000000e+05 3.106433568410094190e-03
3.148120000000000000e+05 1.098402454922629140e-03
3.147780499999999884e+05 1.410766851586932628e-03
3.147028499999999767e+05 1.045944119774236576e-03
3.146705640000000130e+05 2.488868548879535555e-03
3.146177299999999814e+05 2.852002383204854663e-02
3.141460200000000186e+05 8.298989751655283520e-02
3.128595499999999884e+05 2.014124732377483261e-03
3.128267000000000116e+05 9.901594831943557121e-03
3.126753209999999963e+05 5.559871184219720985e-02
3.118174000000000233e+05 4.491341967396135677e-03
3.117439249999999884e+05 1.680850169290418195e-02
3.114757170000000042e+05 1.410359710101907575e-02
3.112399990000000107e+05 7.961330260623683194e-03
3.110831749999999884e+05 6.064211548387936530e-03
3.109006500000000233e+05 4.991912244104519843e-03
3.108012000000000116e+05 7.436724032010847557e-03
3.106764239999999991e+05 5.008615627326265529e-02
3.098710729999999749e+05 1.634254828091539491e-01
3.070135499999999884e+05 2.312452818659287493e-03
3.069697000000000116e+05 4.878219798024273357e-02
3.060963499999999767e+05 1.127512288955505836e-02
3.058765000000000000e+05 6.963056990490426590e-02
3.046070000000000000e+05 4.059874846171200591e-03
3.045249000000000233e+05 1.931095237508559338e-03
3.044608499999999767e+05 1.589620636515352500e-03
3.044275999999999767e+05 4.510708686319535310e-02
3.035959249999999884e+05 1.609830502838020599e-03
3.035650000000000000e+05 1.151935726430532297e-01
3.013390860000000102e+05 3.253445446862257562e-02
3.006795580000000191e+05 3.157855752919044856e-02
3.000152750000000233e+05 4.397350385821638483e-04
3.000017750000000233e+05 1.429990963747460216e-03
2.999390000000000000e+05 4.542277415162928396e-04
2.999250999999999767e+05 2.690002943425113813e-01
2.934855740000000224e+05 3.630620141017637005e-03
2.933609099999999744e+05 5.116894872241479868e-03
2.931194859999999753e+05 2.695743856352066092e-03
2.930272500000000000e+05 8.332195881750166511e-02
2.907587000000000116e+05 1.134422359647506385e-03
2.907213250000000116e+05 7.962527362224792321e-03
2.904990499999999884e+05 9.919513710594509912e-04
2.904659500000000116e+05 1.632810350987986452e-03
2.903819500000000116e+05 5.948977217696856242e-04
2.903620000000000000e+05 4.539362940914931643e-02
2.891440129999999772e+05 1.177394226682950545e-02
2.888155619999999763e+05 1.863396450903453266e-03
2.887242310000000289e+05 1.122662360623974259e-01
2.855937750000000233e+05 1.756575911400963400e-03
2.855072999999999884e+05 5.061667845988344211e-02
2.840248250000000116e+05 1.582250112953380696e-03
2.839549000000000233e+05 2.906558065644168631e-02
2.830671250000000000e+05 8.858470594706138084e-04
2.830362249999999767e+05 3.933329201404330705e-02
2.817739000000000233e+05 9.566981802466119345e-02
2.780510270000000019e+05 4.999304412639530432e-02
2.760898449999999721e+05 1.300079125369263920e-02
2.757848599999999860e+05 2.391278549952013249e-02
2.753251699999999837e+05 2.622529232891256945e-01
2.707400800000000163e+05 3.540366201684590208e-02
2.700418109999999870e+05 6.592897151375520966e-03
2.698810000000000000e+05 5.366489894902267202e-03
2.696810999999999767e+05 4.662284683340235138e-03
2.695671250000000000e+05 9.343486017174087999e-02
2.677197500000000000e+05 2.337175379121516662e-03
2.676623119999999763e+05 1.338793312468666841e-02
2.673836230000000214e+05 9.967555404569609923e-03
2.671498800000000047e+05 1.522867309826548329e-03
2.670920000000000000e+05 1.398287288542322425e-03
2.669890750000000116e+05 1.438888970127263391e-03
2.669340599999999977e+05 1.467901754614991949e-01
2.637394349999999977e+05 4.739152558138296813e-03
2.635493989999999758e+05 1.560541297573566355e-01
2.599283999999999942e+05 1.318813330536487563e-03
2.598745000000000000e+05 1.090286288024467642e-01
2.571254729999999981e+05 3.569367770884402519e-02
2.561835000000000000e+05 1.220773668659171736e-03
2.561392000000000116e+05 9.167339345023671482e-02
2.536552000000000116e+05 1.367235022086037925e-03
2.536047000000000116e+05 1.233805614509019336e-03
2.535155810000000056e+05 1.416680592564932692e-03
2.534636000000000058e+05 2.265931784777608371e-01
2.472608759999999893e+05 7.003814543494137068e-02
2.448668999999999942e+05 4.393601040778880723e-03
2.447607000000000116e+05 6.077016603577443249e-02
2.435268610000000044e+05 8.114486825069155973e-02
2.416592000000000116e+05 1.943137873531310166e-03
2.415802369999999937e+05 1.574073106590463955e-01
2.377747330000000075e+05 1.128153315822185698e-01
2.349531499999999942e+05 7.795034841062861665e-04
2.349229750000000058e+05 9.101880699988077828e-04
2.348572500000000000e+05 8.132261459585485340e-04
2.348260249999999942e+05 8.629993091127879934e-02
2.325978999999999942e+05 7.097830523395587572e-04
2.325701749999999884e+05 6.502716445242199194e-04
2.325309619999999995e+05 7.069774186119900331e-04
2.325032000000000116e+05 1.426933026494512091e-01
2.286525260000000126e+05 9.411312815728779813e-02
2.259202500000000000e+05 2.622239749380202156e-03
2.257970750000000116e+05 1.070527994523442772e-01
2.223114880000000121e+05 4.265070084271670864e-02
2.204751959999999963e+05 1.098762817310824751e-02
2.201693990000000049e+05 1.441338051755194395e-02
2.198802909999999974e+05 7.802356058684987300e-03
2.197415709999999963e+05 3.704430642892393016e-02
2.191058250000000116e+05 7.623914193970482422e-02
2.176498820000000123e+05 2.600519130351074404e-01
2.114446020000000135e+05 2.721450528129785648e-02
2.107252939999999944e+05 1.194918495650651056e-03
2.106748120000000054e+05 9.589464066961632394e-02
2.080345000000000000e+05 1.452839416740827000e-03
2.079687500000000000e+05 6.890041504398262961e-02
2.059623500000000058e+05 6.853536648254469552e-04
2.059376000000000058e+05 8.452087638142431747e-02
2.033325480000000098e+05 5.512146422069566509e-02
2.016179370000000054e+05 1.171469993927097813e-03
2.015423750000000000e+05 1.789377583940759964e-01
1.958103999999999942e+05 2.088895693137531647e-03
1.956968500000000058e+05 4.581223214921718162e-03
1.955317119999999995e+05 7.118974812308563604e-02
1.930568999999999942e+05 1.063222305360521109e-03
1.929836000000000058e+05 7.262272863387170263e-02
1.900942999999999884e+05 4.318648578927929832e-02
1.880301549999999988e+05 2.693344753578258421e-02
1.870462500000000000e+05 2.174737528608235507e-02
1.865011359999999986e+05 5.178696108662241004e-02
1.855369640000000072e+05 1.957443610119445621e-01
1.824284750000000058e+05 7.067751678907965157e-03
1.822872999999999884e+05 4.885869890614444322e-02
1.814216969999999856e+05 9.112865746454363106e-03
1.812420000000000000e+05 6.793907770663293452e-04
1.812228999999999942e+05 1.529303647248019590e-03
1.811370620000000054e+05 2.658945165230410749e-03
1.810639249999999884e+05 1.286334043987874889e-02
1.808163940000000002e+05 5.099438635285810650e-02
1.798247000000000116e+05 1.012224527925046063e-03
1.797988999999999942e+05 1.220392003673466961e-03
1.797437000000000116e+05 7.310106324857490326e-04
1.797248999999999942e+05 1.795106782089216924e-01
1.756607999999999884e+05 5.704563708104342518e-02
1.738793880000000063e+05 2.586890327076376509e-03
1.737861000000000058e+05 1.251273604552811903e-03
1.737314500000000116e+05 9.601378120773754101e-04
1.736525249999999942e+05 9.604978705465393044e-04
1.736102999999999884e+05 6.463287949085291806e-02
1.713540000000000000e+05 3.075767400938973425e-02
1.700354219999999914e+05 1.525089050953675092e-02
1.690932999999999884e+05 2.456791653799554262e-03
1.689965000000000000e+05 5.923489422992034292e-03
1.688230370000000112e+05 1.184492598436072582e-02
1.685584459999999963e+05 4.244203715294837115e-02
1.677142319999999891e+05 2.377790633188537825e-02
1.672085199999999895e+05 1.139148597650968542e-01
1.645358740000000107e+05 1.702209459157766596e-03
1.644855119999999879e+05 1.022003350470341854e-01
1.618143999999999942e+05 4.948322251194772672e-04
1.617980000000000000e+05 7.334415744087324253e-04
1.617620000000000000e+05 5.409339201218641780e-04
1.617442000000000116e+05 3.410433082757077794e-02
1.607935789999999979e+05 1.965303475070001860e-01
1.546247470000000030e+05 1.711123725860885236e-01
1.486925819999999949e+05 1.389114870975811655e-01
1.429880039999999863e+05 5.763288891903294714e-02
1.398207550000000047e+05 1.727858511895950452e-02
1.393273420000000042e+05 2.866916817332216746e-02
1.387305469999999914e+05 2.173155147336244125e-02
1.383463440000000119e+05 5.087141365538085797e-02
1.375022809999999881e+05 9.420344617245147989e-02
1.358266499999999942e+05 6.583680564927738010e-03
1.356861000000000058e+05 3.085555120064148796e-02
1.350614420000000100e+05 1.154707492784243228e-01
1.322270180000000109e+05 1.704904408396273191e-02
1.316692300000000105e+05 2.888464640748765813e-02
1.303878969999999972e+05 7.545821031252003021e-03
1.297497489999999962e+05 4.400023636641724883e-03
1.295379750000000058e+05 1.012344367736596473e-02
1.292264689999999973e+05 8.023004817296879032e-02
1.271541389999999956e+05 2.225068213459056518e-02
1.265546499999999942e+05 1.569390484792818671e-03
1.265050500000000029e+05 4.133272393744343715e-02
1.253350000000000000e+05 3.989433818145257833e-03
1.252118369999999995e+05 3.662574905610926565e-04
1.251922869999999966e+05 2.503363035097887364e-04
1.251682250000000058e+05 3.777101395815239790e-04
1.251480690000000031e+05 3.869923294039518367e-03
1.250286999999999971e+05 2.626560868257307030e-02
1.242618999999999942e+05 1.621824560726606648e-03
1.242110500000000029e+05 8.046416587334468415e-04
1.241698999999999942e+05 9.158592607384481808e-04
1.241405000000000000e+05 2.495672372989957838e-02
1.234081260000000038e+05 1.506975741537674995e-02
1.229292489999999962e+05 1.580554614763233232e-03
1.228485000000000000e+05 7.481385809708093011e-04
1.227545749999999971e+05 1.353260047386574709e-03
1.226851970000000001e+05 1.292328855658419172e-02
1.222758819999999978e+05 1.412760745363889903e-01
1.175847780000000057e+05 1.285025349157355168e-01
1.130736480000000010e+05 8.937588691743228453e-03
1.127462749999999942e+05 8.135750257099026066e-04
1.126936000000000058e+05 1.077490521308593768e-01
1.087355869999999995e+05 7.713243318538984261e-02
1.059595749999999971e+05 6.859870453561070979e-04
1.059201619999999966e+05 3.751746478994037043e-02
1.045639550000000017e+05 4.860365383454406246e-02
1.027637500000000000e+05 5.446341532482785455e-04
1.027333429999999935e+05 5.432255320558910345e-04
1.026679370000000054e+05 4.815241447126704963e-04
1.026411499999999942e+05 5.614394353134100069e-02
1.005523680000000022e+05 1.010245500236115340e-01
9.669468489999999292e+04 1.372601090188924674e-03
9.664105490000000282e+04 3.837544893635478249e-04
9.661879249999999593e+04 6.405548974955657497e-03
9.637042740000000049e+04 6.799359647412429484e-04
9.632220990000000165e+04 8.716226950255742678e-02
9.298500149999999849e+04 6.493622609474761220e-02
9.037467750000000524e+04 1.879096686729474360e-04
9.036076119999999355e+04 3.219752583405268201e-04
9.031612750000000233e+04 1.896910479147257322e-04
9.030220500000000175e+04 2.120530658746124300e-02
8.941763980000000447e+04 7.587766204850224239e-02
8.598713959999999497e+04 1.092368091034240547e-02
8.537913240000000224e+04 2.698487952510495932e-02
8.325633520000000135e+04 5.974705828260790975e-03
8.301193429999999353e+04 1.245206609319920305e-02
8.268825029999999970e+04 5.973732833380620416e-03
8.256297999999999593e+04 7.799769713003487648e-02
8.103247289999999339e+04 5.966942406112622950e-03
8.089296110000000044e+04 7.769570740954251029e-04
8.086788999999999942e+04 1.487958175946950314e-04
8.085913999999999942e+04 2.643013196177581930e-04
8.082500000000000000e+04 1.478252200188617468e-04
8.081624249999999302e+04 8.342700071759951699e-04
8.078944239999999991e+04 4.966279788613659624e-02
7.951592260000000533e+04 6.612315689342401770e-02
7.709687989999999991e+04 4.182475128460151213e-04
7.706741490000000340e+04 1.237579237709487447e-02
7.646530100000000675e+04 1.661009827603617678e-02
7.561856660000000556e+04 1.422257155984552046e-02
7.471241879999999946e+04 7.597779613774237849e-03
7.382117600000000675e+04 2.632381836264013810e-03
7.366732550000000629e+04 3.375566574501657167e-03
7.353171619999999530e+04 9.190741058874332681e-02
7.071067810000000463e+04 7.865197305357521373e-02
6.799786890000000130e+04 6.078717741565253102e-02
6.538913650000000052e+04 5.355887850064468270e-02
6.288048780000000261e+04 5.006388725823576746e-02
6.046808320000000094e+04 2.586454850774203354e-02
5.924935869999999704e+04 7.920914143993064308e-05
5.924279000000000087e+04 1.495167553766779656e-04
5.922129000000000087e+04 7.935736757765436916e-05
5.921480619999999908e+04 2.300329050263393710e-02
5.814823030000000290e+04 4.728030064050484094e-02
5.591737840000000142e+04 4.186960059861658673e-02
5.377211290000000008e+04 2.861757205154330172e-02
5.216935970000000088e+04 1.110838999054683876e-04
5.215626000000000204e+04 1.244005991816677574e-04
5.212389620000000286e+04 1.094140355588964507e-04
5.211116350000000239e+04 8.298958155917413038e-03
5.170915039999999863e+04 4.506572793096282059e-02
4.972533320000000094e+04 4.135330734749634307e-02
4.781762500000000000e+04 3.477518141883756408e-02
4.606822499999999854e+04 5.621032835271893516e-05
4.606209999999999854e+04 9.027786503584243904e-05
4.604425740000000224e+04 5.856528078786679307e-05
4.603784999999999854e+04 1.019438242281870462e-03
4.598310590000000229e+04 3.475300644607356992e-02
4.421896790000000328e+04 3.167660751152985565e-02
4.252251090000000113e+04 2.820906350914258523e-02
4.089113840000000346e+04 2.816228761127094818e-02
3.932235339999999997e+04 2.631316887964465709e-02
3.781375460000000021e+04 2.442377581781975462e-02
3.636303310000000056e+04 2.271855463647437859e-02
3.496796839999999793e+04 2.073561056568747063e-02
3.362642530000000261e+04 1.872687900142162507e-02
3.233635029999999824e+04 1.631655666862803084e-02
3.109576900000000023e+04 1.318969665101900682e-02
2.990278240000000005e+04 9.141217381652909021e-03
2.875556469999999899e+04 5.161756323395824859e-03
2.765235989999999947e+04 2.997018058774046558e-03
2.722357180000000153e+04 1.174289697121415690e-02
2.659147950000000128e+04 1.675325837325686990e-02
2.613718609999999899e+04 1.776671690728203953e-02
2.575895430000000124e+04 9.082063055025069165e-03
2.557129959999999846e+04 3.715431599735077167e-02
2.459025890000000072e+04 1.814838819209858151e-02
2.364685570000000007e+04 1.166220093008748723e-02
2.280893500000000131e+04 1.651378836512887934e-04
2.279302000000000044e+04 6.997813594377575667e-04
2.273964610000000175e+04 1.134425104222811648e-02
2.186724150000000009e+04 1.064527208267678111e-02
2.102830659999999989e+04 1.013070955966036135e-02
2.022155740000000151e+04 9.625189161158363704e-03
1.944575909999999931e+04 9.147065190963492645e-03
1.869972420000000056e+04 8.646893546815390824e-03
1.798231079999999929e+04 8.222191737066005673e-03
1.729242099999999846e+04 7.806841376612970104e-03
1.662899870000000010e+04 7.394921551421919023e-03
1.599102859999999964e+04 6.999993060978576716e-03
1.537753420000000006e+04 6.613341371905592271e-03
1.478757639999999992e+04 6.200131724944412011e-03
1.422025230000000010e+04 5.831037930692914949e-03
1.367469349999999940e+04 5.604763655965277341e-03
1.315006500000000051e+04 5.264089325747902184e-03
1.264556389999999919e+04 4.965218318855968947e-03
1.216041790000000037e+04 4.679862236665850023e-03
1.169388450000000012e+04 4.393664738184284782e-03
1.124524959999999919e+04 5.554366905590457908e-04
1.118597479999999996e+04 6.189708079444887013e-05
1.117401490000000013e+04 3.442200958028431186e-03
1.081382660000000033e+04 3.907787057684289009e-03
1.039895499999999993e+04 3.641824342923769778e-03
1.000000000000000000e+04 6.474574959879586533e-02
