1602
  2.000000000000e-01
  5.448800000000e-01
  5.236600000000e-01
  5.032900000000e-01
  4.837000000000e-01
  4.648800000000e-01
  4.467800000000e-01
  4.293900000000e-01
  4.126900000000e-01
  3.966160000000e-01
  3.811840000000e-01
  3.663480000000e-01
  3.520900000000e-01
  3.383870000000e-01
  3.252170000000e-01
  3.125600000000e-01
  3.003950000000e-01
  2.887030000000e-01
  2.774680000000e-01
  2.666680000000e-01
  2.562900000000e-01
  2.463150000000e-01
  2.367290000000e-01
  2.275150000000e-01
  2.186600000000e-01
  2.101500000000e-01
  2.019720000000e-01
  1.941100000000e-01
  1.865560000000e-01
  1.792950000000e-01
  1.723170000000e-01
  1.656110000000e-01
  1.591640000000e-01
  1.529710000000e-01
  1.470170000000e-01
  1.412940000000e-01
  1.357960000000e-01
  1.305110000000e-01
  1.254310000000e-01
  1.205500000000e-01
  1.158570000000e-01
  1.113490000000e-01
  1.070150000000e-01
  1.028500000000e-01
  9.884700000000e-02
  9.500000000000e-02
  9.130200000000e-02
  8.774900000000e-02
  8.433400000000e-02
  8.105200000000e-02
  7.789700000000e-02
  7.486500000000e-02
  7.195200000000e-02
  6.915200000000e-02
  6.646000000000e-02
  6.387300000000e-02
  6.138700000000e-02
  5.899900000000e-02
  5.670200000000e-02
  5.449500000000e-02
  5.237400000000e-02
  5.033600000000e-02
  4.837700000000e-02
  4.649400000000e-02
  4.468500000000e-02
  4.294500000000e-02
  4.127400000000e-02
  3.966800000000e-02
  3.812380000000e-02
  3.664000000000e-02
  3.521400000000e-02
  3.384350000000e-02
  3.252630000000e-02
  3.126040000000e-02
  3.004370000000e-02
  2.887450000000e-02
  2.775060000000e-02
  2.667060000000e-02
  2.563260000000e-02
  2.463500000000e-02
  2.367620000000e-02
  2.275480000000e-02
  2.186910000000e-02
  2.101800000000e-02
  2.020000000000e-02
  1.941380000000e-02
  1.865820000000e-02
  1.793200000000e-02
  1.723420000000e-02
  1.656340000000e-02
  1.591870000000e-02
  1.529920000000e-02
  1.470380000000e-02
  1.413150000000e-02
  1.358150000000e-02
  1.305290000000e-02
  1.254490000000e-02
  1.205660000000e-02
  1.158740000000e-02
  1.113650000000e-02
  1.070300000000e-02
  1.028640000000e-02
  9.886100000000e-03
  9.501400000000e-03
  9.131500000000e-03
  8.776200000000e-03
  8.434500000000e-03
  8.106400000000e-03
  7.790800000000e-03
  7.487600000000e-03
  7.196200000000e-03
  6.916100000000e-03
  6.646900000000e-03
  6.388300000000e-03
  6.139600000000e-03
  5.900700000000e-03
  5.671000000000e-03
  5.450300000000e-03
  5.238100000000e-03
  5.034400000000e-03
  4.838300000000e-03
  4.650100000000e-03
  4.469100000000e-03
  4.295100000000e-03
  4.128000000000e-03
  3.967340000000e-03
  3.812910000000e-03
  3.664520000000e-03
  3.521900000000e-03
  3.384830000000e-03
  3.253090000000e-03
  3.126480000000e-03
  3.004800000000e-03
  2.887850000000e-03
  2.775460000000e-03
  2.667440000000e-03
  2.563630000000e-03
  2.463840000000e-03
  2.367960000000e-03
  2.275800000000e-03
  2.187220000000e-03
  2.102100000000e-03
  2.020280000000e-03
  1.941650000000e-03
  1.866090000000e-03
  1.793460000000e-03
  1.723660000000e-03
  1.656570000000e-03
  1.592100000000e-03
  1.530140000000e-03
  1.470580000000e-03
  1.413350000000e-03
  1.358340000000e-03
  1.305480000000e-03
  1.254660000000e-03
  1.205840000000e-03
  1.158900000000e-03
  1.113800000000e-03
  1.070460000000e-03
  1.028790000000e-03
  9.887500000000e-04
  9.502700000000e-04
  9.132800000000e-04
  8.777400000000e-04
  8.435800000000e-04
  8.107400000000e-04
  7.792000000000e-04
  7.488600000000e-04
  7.197200000000e-04
  6.917100000000e-04
  6.647900000000e-04
  6.389200000000e-04
  6.140400000000e-04
  5.901500000000e-04
  5.671900000000e-04
  5.451000000000e-04
  5.238900000000e-04
  5.035100000000e-04
  4.839000000000e-04
  4.650700000000e-04
  4.469800000000e-04
  4.295700000000e-04
  4.128600000000e-04
  3.967870000000e-04
  3.813460000000e-04
  3.665040000000e-04
  3.522390000000e-04
  3.385310000000e-04
  3.253550000000e-04
  3.126930000000e-04
  3.005220000000e-04
  2.888260000000e-04
  2.775850000000e-04
  2.667820000000e-04
  2.563990000000e-04
  2.464190000000e-04
  2.368300000000e-04
  2.276110000000e-04
  2.187540000000e-04
  2.102390000000e-04
  2.020570000000e-04
  1.941930000000e-04
  1.866350000000e-04
  1.793710000000e-04
  1.723900000000e-04
  1.656810000000e-04
  1.592330000000e-04
  1.530350000000e-04
  1.470790000000e-04
  1.413550000000e-04
  1.358530000000e-04
  1.305660000000e-04
  1.254850000000e-04
  1.206010000000e-04
  1.159060000000e-04
  1.113960000000e-04
  1.070610000000e-04
  1.028930000000e-04
  9.888900000000e-05
  9.504000000000e-05
  9.134200000000e-05
  2.428500000000e-05
  2.017800000000e-05
  2.315000000000e-05
  2.017300000000e-05
  1.360400000000e-05
  3.341500000000e-05
  3.131200000000e-05
  6.039000000000e-06
  3.238000000000e-06
  2.914800000000e-05
  1.949400000000e-05
  2.454200000000e-05
  4.664000000000e-06
  2.462700000000e-05
  2.097000000000e-05
  2.885000000000e-06
  2.045800000000e-05
  8.990000000000e-06
  1.005400000000e-05
  7.444000000000e-06
  2.670700000000e-05
  2.235100000000e-05
  8.342000000000e-06
  1.052500000000e-05
  3.400500000000e-05
  1.554200000000e-05
  1.191000000000e-05
  1.748800000000e-05
  1.550900000000e-05
  1.502300000000e-05
  2.116000000000e-05
  1.136300000000e-05
  1.198800000000e-05
  2.279000000000e-05
  2.034800000000e-05
  2.323900000000e-05
  7.604000000000e-06
  1.578400000000e-05
  4.686000000000e-06
  1.258700000000e-05
  4.945000000000e-06
  1.312300000000e-05
  1.436500000000e-05
  1.961800000000e-05
  9.363000000000e-06
  2.030700000000e-05
  1.544800000000e-05
  1.216300000000e-05
  9.278000000000e-06
  1.827000000000e-06
  1.985400000000e-05
  2.714000000000e-06
  9.562000000000e-06
  3.753000000000e-06
  1.030800000000e-05
  1.053500000000e-05
  1.970300000000e-05
  1.305100000000e-05
  6.026000000000e-06
  8.993000000000e-06
  6.746000000000e-06
  1.502800000000e-05
  1.052500000000e-05
  1.938500000000e-05
  7.458000000000e-06
  7.758000000000e-06
  2.358000000000e-06
  9.074000000000e-06
  1.164500000000e-05
  1.952300000000e-05
  1.028900000000e-05
  1.983400000000e-05
  8.202000000000e-06
  8.036000000000e-06
  2.036000000000e-06
  9.173000000000e-06
  8.383000000000e-06
  8.812000000000e-06
  3.648000000000e-06
  7.731000000000e-06
  8.767000000000e-06
  2.014000000000e-06
  4.073000000000e-06
  8.635000000000e-06
  9.790000000000e-06
  2.019100000000e-05
  7.323000000000e-06
  5.096000000000e-06
  1.664200000000e-05
  2.371000000000e-06
  8.892000000000e-06
  2.640000000000e-06
  3.746000000000e-06
  6.673000000000e-06
  1.146000000000e-05
  1.093800000000e-05
  8.475000000000e-06
  3.708000000000e-06
  9.888000000000e-06
  5.332000000000e-06
  9.834600000000e-06
  3.629400000000e-06
  7.292100000000e-06
  1.626730000000e-05
  1.109390000000e-05
  4.885700000000e-06
  2.793100000000e-06
  3.099900000000e-06
  1.247980000000e-05
  3.676400000000e-06
  3.359100000000e-06
  2.259200000000e-06
  7.680600000000e-06
  2.123300000000e-06
  5.077200000000e-06
  1.795800000000e-06
  6.720700000000e-06
  7.286000000000e-06
  5.316300000000e-06
  1.071820000000e-05
  3.392000000000e-06
  2.153700000000e-06
  4.803100000000e-06
  4.021500000000e-06
  1.113740000000e-05
  7.536000000000e-06
  4.206100000000e-06
  1.239270000000e-05
  5.528400000000e-06
  5.541900000000e-06
  5.195800000000e-06
  3.881300000000e-06
  5.358500000000e-06
  4.725100000000e-06
  2.994300000000e-06
  1.310810000000e-05
  3.116800000000e-06
  1.970900000000e-06
  7.242000000000e-07
  9.271800000000e-06
  2.584400000000e-06
  6.554000000000e-06
  4.763000000000e-06
  6.159100000000e-06
  2.331700000000e-06
  8.794000000001e-07
  4.031000000000e-07
  1.067900000000e-06
  3.353800000000e-06
  5.907700000000e-06
  6.591700000000e-06
  8.351400000000e-06
  1.171410000000e-05
  4.051400000000e-06
  2.713900000000e-06
  6.137700000000e-06
  3.145300000000e-06
  3.856900000000e-06
  5.731900000000e-06
  2.924900000000e-06
  3.223600000000e-06
  6.878300000000e-06
  4.066400000000e-06
  3.428700000000e-06
  4.200800000000e-06
  8.208200000000e-06
  1.931600000000e-06
  1.990200000000e-06
  2.464000000000e-06
  1.718100000000e-06
  1.701900000000e-06
  1.711000000000e-06
  3.109500000000e-06
  2.950000000000e-06
  5.608400000000e-06
  4.447000000000e-06
  5.312900000000e-06
  1.506600000000e-06
  3.977100000000e-06
  9.865000000001e-07
  5.469100000000e-06
  3.323400000000e-06
  3.283500000000e-06
  5.976500000000e-06
  6.702000000000e-07
  2.582300000000e-06
  3.709600000000e-06
  2.563100000000e-06
  1.915100000000e-06
  7.841999999999e-07
  4.153700000000e-06
  6.137000000000e-06
  9.194000000001e-07
  1.940100000000e-06
  3.340000000000e-06
  2.436200000000e-06
  2.975600000000e-06
  7.327500000000e-06
  1.975100000000e-06
  1.417700000000e-06
  4.662000000001e-07
  3.829800000000e-06
  2.757500000000e-06
  3.317600000000e-06
  1.720000000000e-06
  2.714600000000e-06
  3.271200000000e-06
  1.682200000000e-06
  1.734000000000e-06
  2.600000000000e-06
  2.035200000000e-06
  1.845800000000e-06
  2.285500000000e-06
  2.422500000000e-06
  4.144300000000e-06
  4.875300000000e-06
  3.948600000000e-06
  5.712400000000e-06
  4.062900000000e-06
  1.847100000000e-06
  2.478700000000e-06
  1.372300000000e-06
  2.395800000000e-06
  3.867900000000e-06
  2.607800000000e-06
  2.383600000000e-06
  2.578200000000e-06
  1.104100000000e-06
  1.329900000000e-06
  7.195000000000e-07
  1.679400000000e-06
  2.814900000000e-06
  2.202700000000e-06
  3.090800000000e-06
  3.762000000000e-06
  1.606000000000e-06
  4.463200000000e-06
  1.418300000000e-06
  2.372200000000e-06
  2.025800000000e-06
  5.279700000000e-06
  3.181200000000e-06
  1.303900000000e-06
  1.660400000000e-06
  7.458000000001e-07
  1.625200000000e-06
  2.335000000000e-06
  1.198200000000e-06
  1.820200000000e-06
  5.311000000000e-07
  2.772400000000e-06
  1.518700000000e-06
  4.023800000000e-06
  1.396200000000e-06
  2.525200000000e-06
  2.717300000000e-06
  3.256500000000e-06
  2.686100000000e-06
  3.344200000000e-06
  2.842300000000e-06
  2.623500000000e-06
  1.046500000000e-06
  2.143000000000e-06
  1.018500000000e-06
  2.610500000000e-06
  1.040600000000e-06
  1.980800000000e-06
  4.632500000000e-06
  1.196400000000e-06
  2.060300000000e-06
  8.898000000000e-07
  6.542000000000e-07
  2.986200000000e-06
  2.290600000000e-06
  2.769400000000e-06
  4.551400000000e-06
  2.592200000000e-06
  2.044900000000e-06
  2.179600000000e-06
  1.589500000000e-06
  2.233300000000e-06
  2.275400000000e-06
  1.690900000000e-06
  1.153100000000e-06
  1.318400000000e-06
  1.070300000000e-06
  2.256400000000e-06
  5.852000000001e-07
  9.095000000000e-07
  2.024800000000e-06
  1.286100000000e-06
  1.556300000000e-06
  1.400900000000e-06
  1.819900000000e-06
  1.849400000000e-06
  1.626300000000e-06
  2.292800000000e-06
  1.091100000000e-06
  1.366200000000e-06
  1.129400000000e-06
  9.645000000000e-07
  2.528100000000e-06
  2.261400000000e-06
  9.167000000000e-07
  2.744900000000e-06
  1.569900000000e-06
  2.630900000000e-06
  4.614000000000e-07
  1.535800000000e-06
  1.989100000000e-06
  5.191000000000e-07
  2.367000000000e-07
  3.740000000000e-07
  1.912600000000e-06
  1.751000000000e-06
  2.432000000000e-06
  2.139500000000e-06
  1.126300000000e-06
  9.703000000000e-07
  5.650000000000e-07
  6.956000000000e-07
  2.856800000000e-06
  1.201100000000e-06
  1.551400000000e-06
  2.000200000000e-06
  9.952000000000e-07
  1.244100000000e-06
  4.200000000000e-07
  1.498999999999e-07
  3.948000000000e-07
  1.468000000000e-07
  1.809000000001e-07
  6.765000000000e-07
  1.433500000000e-06
  1.878000000000e-07
  4.686000000000e-07
  2.411000000000e-07
  1.679400000000e-06
  1.304400000000e-06
  1.717700000000e-06
  1.814100000000e-06
  1.184400000000e-06
  1.213000000001e-07
  3.281000000000e-07
  3.203000000000e-07
  1.969000000000e-07
  4.431000000000e-07
  1.224700000000e-06
  8.427000000000e-07
  9.828000000000e-07
  8.407000000000e-07
  4.726000000000e-07
  9.631999999999e-07
  2.937100000000e-06
  6.174000000000e-07
  1.334000000000e-06
  8.808000000000e-07
  7.915000000000e-07
  1.039500000000e-06
  2.057600000000e-06
  6.979000000000e-07
  2.714600000000e-06
  3.744000000000e-07
  3.607000000000e-07
  1.514000000000e-07
  4.907000000000e-07
  1.971000000000e-07
  1.979300000000e-06
  2.185000000000e-06
  1.678400000000e-06
  6.724000000000e-07
  1.148400000000e-06
  6.419000000000e-07
  4.808000000000e-07
  5.142000000000e-07
  1.005500000000e-06
  1.030000000000e-06
  1.127300000000e-06
  1.432900000000e-06
  6.013000000000e-07
  4.415000000000e-07
  1.496600000000e-06
  1.005400000000e-06
  4.742000000000e-07
  6.304000000000e-07
  3.525000000000e-07
  1.269000000000e-06
  1.126900000000e-06
  8.884000000000e-07
  5.919000000000e-07
  9.219000000000e-07
  2.524600000000e-06
  2.671300000000e-06
  1.519400000000e-06
  6.472000000000e-07
  5.132000000000e-07
  4.569000000000e-07
  4.210000000000e-07
  5.231000000000e-07
  9.935000000000e-07
  4.382000000000e-07
  2.544000000000e-07
  1.803200000000e-06
  4.389000000000e-07
  1.411600000000e-06
  8.874000000000e-07
  1.295100000000e-06
  6.742000000000e-07
  4.666000000000e-07
  7.488000000000e-07
  8.530000000003e-08
  2.987000000000e-07
  2.529000000000e-07
  8.528000000000e-07
  1.510000000000e-07
  1.258400000000e-06
  6.865000000000e-07
  1.292000000000e-07
  8.863000000000e-07
  4.411000000000e-07
  1.390600000000e-06
  1.147300000000e-06
  5.980000000000e-07
  2.570000000000e-07
  3.339000000000e-07
  1.434000000000e-07
  2.170000000000e-07
  1.408000000000e-07
  1.699000000000e-07
  1.324000000000e-07
  1.922000000000e-07
  2.074000000000e-07
  1.311500000000e-06
  2.048900000000e-06
  1.441000000000e-06
  8.954000000000e-07
  5.134000000000e-07
  1.206700000000e-06
  9.432000000000e-07
  6.654000000000e-07
  9.176000000000e-07
  9.164000000000e-07
  4.199000000000e-07
  4.036000000000e-07
  6.843000000000e-07
  5.287000000000e-07
  3.246000000000e-07
  1.689000000000e-07
  7.849999999999e-08
  5.043000000000e-07
  4.466000000000e-07
  5.145000000000e-07
  3.600000000000e-07
  7.692000000000e-07
  4.614000000000e-07
  7.691000000000e-07
  6.054000000000e-07
  3.433000000000e-07
  1.573300000000e-06
  1.142700000000e-06
  1.102900000000e-06
  5.385000000000e-07
  4.194000000000e-07
  7.427000000000e-07
  1.010200000000e-06
  5.978000000000e-07
  2.868000000000e-07
  8.087000000000e-07
  1.644000000000e-07
  2.582000000000e-07
  2.398000000000e-07
  3.127000000000e-07
  1.032100000000e-06
  8.510000000000e-07
  9.550000000000e-07
  3.182000000000e-07
  8.790000000000e-08
  1.169300000000e-06
  1.002400000000e-06
  5.561000000000e-07
  6.882000000000e-07
  2.371000000000e-07
  9.615000000000e-07
  3.575000000000e-07
  7.696000000000e-07
  3.399000000000e-07
  4.791000000000e-07
  2.683000000000e-07
  7.338000000000e-07
  7.511000000000e-07
  1.197200000000e-06
  1.221800000000e-06
  5.727000000000e-07
  6.190000000000e-07
  5.511000000000e-07
  4.758000000000e-07
  4.210000000000e-07
  2.729000000000e-07
  5.717000000000e-07
  3.212000000000e-07
  4.203000000000e-07
  1.307000000000e-07
  1.464000000000e-07
  1.943000000000e-07
  1.613000000000e-07
  1.948000000000e-06
  7.300000000000e-07
  7.949000000000e-07
  5.106000000000e-07
  3.157000000000e-07
  7.044000000000e-07
  1.087300000000e-06
  8.164000000000e-07
  2.809000000000e-07
  1.303000000000e-07
  1.724000000000e-07
  4.545000000000e-07
  3.147000000000e-07
  3.699000000000e-07
  5.840000000000e-07
  5.378000000000e-07
  1.068000000000e-07
  3.084000000000e-07
  9.620000000001e-08
  3.402000000000e-07
  1.785000000000e-07
  8.402000000000e-07
  1.628200000000e-06
  9.029000000000e-07
  4.759000000000e-07
  3.631000000000e-07
  5.200000000000e-07
  6.027000000000e-07
  4.712000000000e-07
  4.948000000000e-07
  4.032000000000e-07
  3.453000000000e-07
  6.470000000000e-07
  5.139000000000e-07
  5.851000000000e-07
  4.533000000000e-07
  1.534100000000e-06
  1.192300000000e-06
  5.168000000000e-07
  6.662000000000e-07
  6.860000000000e-08
  9.490000000000e-08
  9.500000000001e-08
  2.726000000000e-07
  1.550000000000e-07
  7.590000000001e-08
  4.989999999999e-08
  1.191000000000e-07
  3.675000000000e-07
  4.451000000000e-07
  5.755000000000e-07
  3.587000000000e-07
  4.415000000000e-07
  7.627000000000e-07
  9.017000000000e-07
  7.993000000000e-07
  5.401000000000e-07
  4.255000000000e-07
  4.720000000000e-07
  5.908000000000e-07
  2.973000000000e-07
  4.461000000000e-07
  1.699200000000e-06
  4.659000000000e-07
  3.655000000000e-07
  1.056100000000e-06
  2.746000000000e-07
  3.241000000000e-07
  3.177000000000e-07
  7.070000000000e-07
  3.449000000000e-07
  1.014000000000e-07
  2.672000000000e-07
  7.260000000000e-08
  4.087000000000e-07
  6.407000000000e-07
  3.983000000000e-07
  3.816000000000e-07
  4.127000000000e-07
  2.969000000000e-07
  4.667000000000e-07
  6.150000000000e-07
  1.529000000000e-07
  3.562000000000e-07
  4.359000000000e-07
  9.435000000000e-07
  4.126000000000e-07
  3.543100000000e-07
  5.554600000000e-07
  6.791800000000e-07
  3.533200000000e-07
  2.347700000000e-07
  5.538400000000e-07
  1.390800000000e-07
  3.123500000000e-07
  1.288220000000e-06
  1.610300000000e-07
  1.092000000000e-07
  5.853100000000e-07
  5.621600000000e-07
  3.904000000001e-08
  6.430000000000e-08
  2.901900000000e-07
  5.342900000000e-07
  2.268300000000e-07
  1.919700000000e-07
  1.766700000000e-07
  2.076600000000e-07
  3.098600000000e-07
  4.324800000000e-07
  2.511000000000e-07
  7.823800000000e-07
  2.626500000000e-07
  6.501999999999e-08
  2.010900000000e-07
  4.573000000000e-08
  4.531000000000e-08
  3.565000000000e-08
  2.139500000000e-07
  5.574500000000e-07
  3.187200000000e-07
  2.207700000000e-07
  2.282800000000e-07
  5.153100000000e-07
  5.928600000000e-07
  4.832500000000e-07
  1.762400000000e-07
  9.968999999999e-08
  2.065900000000e-07
  4.132400000000e-07
  5.118300000000e-07
  1.622800000000e-07
  2.844800000000e-07
  5.019800000000e-07
  1.472400000000e-07
  1.883700000000e-07
  3.142700000000e-07
  3.800600000000e-07
  4.795100000000e-07
  3.716200000000e-07
  2.485300000000e-07
  5.233300000000e-07
  3.205400000000e-07
  3.506000000000e-07
  2.858700000000e-07
  2.308100000000e-07
  4.436600000000e-07
  4.184200000000e-07
  8.535700000000e-07
  5.068000000000e-07
  5.258700000000e-07
  6.211000000000e-07
  2.020500000000e-07
  1.548600000000e-07
  6.448600000000e-07
  5.407600000000e-07
  7.276000000001e-08
  7.764999999998e-08
  8.801000000002e-08
  5.550200000000e-07
  2.965300000000e-07
  6.907000000002e-08
  5.948999999999e-08
  7.680000000001e-08
  1.664700000000e-07
  6.234000000001e-08
  1.196600000000e-07
  2.178999999999e-08
  9.281200000000e-07
  4.837400000000e-07
  2.246400000000e-07
  1.087000000000e-07
  2.569600000000e-07
  7.175000000000e-08
  8.848000000000e-08
  8.540000000000e-08
  8.167999999999e-08
  2.722400000000e-07
  2.873700000000e-07
  1.662400000000e-07
  7.119999999999e-08
  1.268000000000e-07
  2.838900000000e-07
  7.252000000000e-08
  2.157100000000e-07
  2.580300000000e-07
  2.405700000000e-07
  4.306900000000e-07
  4.578600000000e-07
  6.072000000001e-08
  3.924100000000e-07
  3.137500000000e-07
  3.601700000000e-07
  8.251600000000e-07
  4.129800000000e-07
  1.791800000000e-07
  3.049000000000e-07
  2.724300000000e-07
  2.323900000000e-07
  2.254300000000e-07
  6.784900000000e-07
  1.226700000000e-07
  1.329800000000e-07
  9.052000000000e-08
  1.472800000000e-07
  9.934000000000e-08
  1.242200000000e-07
  7.114000000000e-07
  6.019100000000e-07
  9.730900000000e-07
  1.704700000000e-07
  3.071100000000e-07
  1.546600000000e-07
  2.576500000000e-07
  2.602100000000e-07
  3.011200000000e-07
  3.688000000000e-07
  1.624200000000e-07
  3.864500000000e-07
  1.485100000000e-07
  4.824900000000e-07
  2.589600000000e-07
  1.716300000000e-07
  2.229100000000e-07
  1.221000000000e-07
  2.061100000000e-07
  1.198400000000e-07
  1.312600000000e-07
  9.964000000000e-08
  4.096700000000e-07
  1.225500000000e-07
  2.870700000000e-07
  8.064000000000e-08
  1.141900000000e-07
  1.891500000000e-07
  2.746100000000e-07
  3.470500000000e-07
  1.116700000000e-07
  1.105800000000e-07
  1.691300000000e-07
  1.751500000000e-07
  7.130000000000e-08
  6.717000000000e-08
  1.455400000000e-07
  4.548000000000e-08
  4.687000000000e-08
  3.328700000000e-07
  2.907400000000e-07
  5.010900000000e-07
  2.638000000000e-07
  2.084800000000e-07
  1.889300000000e-07
  1.397100000000e-07
  1.759000000000e-07
  5.828000000000e-08
  1.379800000000e-07
  1.804400000000e-07
  2.483700000000e-07
  2.775100000000e-07
  1.321200000000e-07
  1.559000000000e-07
  2.141500000000e-07
  4.038600000000e-07
  1.754100000000e-07
  1.642400000000e-07
  3.407400000000e-07
  8.976000000000e-08
  6.746000000000e-08
  2.163300000000e-07
  1.808600000000e-07
  8.633000000001e-08
  2.078600000000e-07
  1.977700000000e-07
  5.217900000000e-07
  2.375200000000e-07
  2.940100000000e-07
  1.543500000000e-07
  9.939000000000e-08
  3.047600000000e-07
  1.393800000000e-07
  6.658000000000e-08
  8.458000000000e-08
  1.445800000000e-07
  1.108900000000e-07
  1.552000000000e-07
  2.974900000000e-07
  3.096800000000e-07
  1.377700000000e-07
  2.659500000000e-07
  3.001800000000e-07
  1.960500000000e-07
  8.112000000000e-08
  2.493300000000e-07
  1.118900000000e-07
  9.346000000000e-08
  1.649900000000e-07
  1.934800000000e-07
  3.396600000000e-07
  1.705600000000e-07
  3.736500000000e-07
  1.601100000000e-07
  3.697800000000e-07
  6.430000000000e-08
  2.463300000000e-07
  7.933999999999e-08
  1.491600000000e-07
  4.082000000000e-08
  6.102999999999e-08
  1.139600000000e-07
  1.058700000000e-07
  8.197000000000e-08
  6.060000000000e-08
  1.911500000000e-07
  4.655100000000e-07
  3.078700000000e-07
  3.155800000000e-07
  1.333500000000e-07
  1.748300000000e-07
  2.038600000000e-07
  3.834500000000e-07
  3.721000000001e-08
  3.028000000000e-08
  2.270000000000e-08
  2.850000000000e-08
  2.818000000000e-08
  2.320000000000e-08
  1.920000000001e-08
  2.877000000000e-08
  1.916999999999e-08
  1.445000000000e-07
  2.040000000000e-08
  3.951000000000e-08
  1.994000000000e-08
  2.409000000000e-08
  1.204000000000e-08
  2.688000000000e-08
  3.243000000001e-08
  2.674999999999e-08
  2.662000000000e-08
  3.720000000000e-08
  2.827900000000e-07
  1.727100000000e-07
  2.734400000000e-07
  2.512800000000e-07
  2.847000000000e-07
  5.546800000000e-07
  9.165300000000e-07
  9.422000000000e-08
  1.405900000000e-07
  1.400500000000e-07
  9.317000000000e-08
  9.294000000001e-08
  5.128000000000e-08
  8.465000000000e-08
  5.014000000000e-08
  5.008000000000e-08
  5.802000000000e-08
  3.483000000000e-08
  3.398000000000e-08
  3.398000000001e-08
  6.755000000000e-08
  8.037000000000e-08
  7.011000000001e-08
  9.908999999999e-08
  9.296000000000e-08
  4.594000000000e-08
  1.156800000000e-07
  1.281500000000e-07
  1.052900000000e-07
  2.351500000000e-07
  1.325400000000e-07
  9.989000000000e-08
  5.989000000000e-08
  4.205000000000e-08
  6.393000000000e-08
  6.470999999999e-08
  2.266400000000e-07
  6.150000000000e-08
  2.350000000000e-08
  9.174999999999e-08
  3.278000000000e-08
  2.435000000000e-08
  3.473000000000e-08
  1.803000000000e-08
  2.231000000000e-08
  1.674000000000e-08
  1.549000000000e-08
  2.627000000001e-08
  2.644000000000e-08
  6.673000000000e-08
  9.413999999999e-08
  5.697500000000e-07
  1.190700000000e-07
  6.327000000000e-08
  3.355000000000e-08
  3.209000000000e-08
  1.854000000000e-08
  2.565000000000e-08
  5.636000000000e-08
  1.430300000000e-07
  5.964000000000e-08
  5.268000000000e-08
  2.777000000000e-08
  2.777000000000e-08
  4.448000000000e-08
  3.576000000000e-08
  4.252000000000e-08
  6.093000000000e-08
  1.014300000000e-07
  8.940000000000e-08
  3.876400000000e-07
  2.657000000000e-08
  2.362000000000e-08
  2.953000000000e-08
  2.042000000000e-08
  1.945000000001e-08
  5.341000000000e-08
  1.350700000000e-07
  4.072000000000e-08
  5.056000000000e-08
  1.825400000000e-07
  5.022000000000e-08
  3.375000000000e-08
  5.360000000000e-08
  7.306000000000e-08
  1.005100000000e-07
  3.650200000000e-07
  3.303000000000e-08
  1.541000000000e-08
  6.327000000000e-08
  1.212900000000e-07
  3.722000000000e-08
  6.472000000000e-08
  1.427100000000e-07
  2.776400000000e-07
  3.223600000000e-07
  1.301800000000e-07
  1.359700000000e-07
  4.984000000000e-08
  1.597400000000e-07
  2.658000000000e-07
  6.817000000000e-08
  5.823000000000e-08
  5.262000000000e-08
  8.615000000000e-08
  1.451900000000e-07
  9.257000000000e-08
  2.560300000000e-07
  2.858800000000e-07
  1.841300000000e-07
  9.747000000000e-08
  5.716000000000e-08
  3.330000000000e-08
  5.614000000000e-08
  1.007900000000e-07
  9.869000000000e-08
  1.951200000000e-07
  5.283000000000e-08
  7.731000000000e-08
  1.020400000000e-07
  7.912000000000e-08
  8.101000000000e-08
  3.431100000000e-07
  2.360200000000e-07
  1.429800000000e-07
  6.101700000000e-07
  6.535000000000e-08
  1.121100000000e-07
  1.263500000000e-07
  1.260700000000e-07
  2.219300000000e-07
  1.069000000000e-07
  1.412300000000e-07
  5.073000000000e-08
  9.769000000000e-08
  2.773000000000e-08
  2.432000000000e-08
  1.117100000000e-07
  7.197000000000e-08
  7.118000000000e-08
  8.134000000000e-08
  5.846000000000e-08
  5.223000000000e-08
  1.238200000000e-07
  4.488000000000e-08
  5.182000000000e-08
  9.652000000000e-08
  1.022800000000e-07
  1.509400000000e-07
  6.249000000000e-07
  1.349800000000e-07
  1.185100000000e-07
  8.235000000000e-08
  3.293000000000e-08
  3.287000000000e-08
  2.092000000000e-08
  2.789000000000e-08
  1.786000000000e-08
  1.917000000000e-08
  1.917000000000e-08
  3.139000000000e-08
  9.776000000000e-08
  7.077000000000e-08
  2.917000000000e-08
  1.832000000000e-08
  2.489000000000e-08
  3.365000000000e-08
  3.133000000000e-08
  1.058500000000e-07
  7.247000000000e-08
  1.517300000000e-07
  1.785300000000e-07
  1.491100000000e-07
  1.534000000000e-07
  2.511800000000e-07
  7.574000000000e-08
  4.165000000000e-08
  2.878000000000e-08
  2.874000000000e-08
  2.870000000000e-08
  2.865000000000e-08
  2.777000000000e-08
  2.429000000000e-08
  1.389000000000e-08
  1.388000000000e-08
  1.042000000000e-08
  1.389000000000e-08
  1.263000000000e-08
  1.136000000000e-08
  1.655000000000e-08
  1.653000000000e-08
  3.302000000000e-08
  1.018600000000e-07
  2.709000000000e-08
  2.500000000000e-08
  1.774000000000e-08
  2.296999999999e-08
  1.628000000000e-08
  1.270000000000e-08
  1.593000000000e-08
  2.569000000000e-08
  1.832000000000e-08
  4.894000000000e-08
  5.304000000000e-08
  6.277000000000e-08
  3.731000000000e-08
  3.723000000000e-08
  3.497000000000e-08
  7.189000000000e-08
  7.376000000000e-08
  1.475500000000e-07
  2.922000000000e-08
  1.903500000000e-07
  7.714000000000e-08
  5.407000000000e-08
  1.570700000000e-07
  8.234000000000e-08
  6.452000000000e-08
  6.532000000000e-08
  5.045000000000e-08
  4.847000000000e-08
  1.393200000000e-07
  4.537600000000e-07
  1.298200000000e-07
  8.242000000000e-08
  3.155000000000e-08
  3.136000000000e-08
  3.118000000000e-08
  6.052000000000e-08
  1.495400000000e-07
  5.084000000000e-08
  4.416000000000e-08
  5.368000000000e-08
  1.772000000000e-08
  1.179000000000e-08
  1.717000000000e-08
  1.875100000000e-07
  9.659000000000e-08
  2.670000000000e-08
  1.144100000000e-07
  3.758000000000e-08
  2.596000000000e-08
  2.276000000000e-08
  2.331000000000e-08
  2.593000000000e-08
  3.176000000000e-08
  1.416100000000e-07
  5.322000000000e-08
  2.765000000000e-08
  2.502000000000e-08
  5.704000000000e-08
  4.832000000000e-08
  1.162300000000e-07
  8.424000000000e-08
  3.151000000000e-08
  2.947000000000e-08
  4.178000000000e-08
  1.673600000000e-07
  2.598300000000e-07
  3.120000000000e-08
  1.761000000000e-08
  2.297000000000e-08
  2.452000000000e-08
  2.513000000000e-08
  2.064200000000e-07
  1.839600000000e-07
  1.770400000000e-07
  2.619200000000e-07
  5.469000000000e-08
  6.397000000000e-08
  3.844000000000e-08
  8.175000000000e-08
  4.457000000000e-08
  3.519700000000e-07
  1.721400000000e-07
  2.878000000000e-08
  1.424300000000e-07
  1.231600000000e-07
  2.879000000000e-08
  3.261000000000e-08
  1.627000000000e-08
  1.796000000000e-08
  1.029000000000e-08
  1.372000000000e-08
  7.360000000000e-09
  9.420000000000e-09
  1.508000000000e-08
  1.508000000000e-08
  1.133000000000e-08
  1.132000000000e-08
  2.012000000000e-08
  7.268000000000e-08
  2.233000000000e-08
  1.761000000000e-08
  1.606000000000e-08
  1.358000000000e-08
  1.250000000000e-08
  1.391000000000e-08
  1.100000000000e-08
  1.555000000000e-08
  1.667000000000e-08
  2.052000000000e-08
  1.772000000000e-08
  1.768000000000e-08
  1.767000000000e-08
  1.763000000000e-08
  3.520000000000e-08
  3.775000000000e-08
  1.080500000000e-07
  1.031900000000e-07
  1.560000000000e-08
  4.062000000000e-08
  2.537000000000e-08
  1.809000000000e-08
  2.009000000000e-08
  3.169000000000e-08
  2.991000000000e-08
  6.427000000000e-08
  2.953000000000e-08
  2.224000000000e-08
  2.359000000000e-08
  2.059000000000e-08
  2.049000000000e-08
  2.555000000000e-08
  3.185000000000e-08
  3.993000000000e-08
  3.980000000000e-08
  8.959000000000e-08
  2.204400000000e-07
  4.297600000000e-07
  2.349400000000e-07
  5.982000000000e-08
  2.542000000000e-08
  2.535000000000e-08
  2.493000000000e-08
  1.526000000000e-08
  2.731000000000e-08
  7.601000000000e-08
  2.295000000000e-08
  2.166000000000e-08
  2.121380000000e-07
  6.419900000000e-08
  6.685500000000e-08
  2.199380000000e-07
  6.620000000000e-08
  2.851400000000e-08
  4.373400000000e-08
  1.217570000000e-07
  1.228990000000e-07
  7.827000000000e-08
  4.437400000000e-08
  4.406300000000e-08
  2.991200000000e-08
  1.888900000000e-08
  1.571600000000e-08
  1.363300000000e-08
  1.361100000000e-08
  1.863100000000e-08
  1.516100000000e-08
  4.165200000000e-08
  9.674700000000e-08
  1.267000000000e-08
  2.073700000000e-08
  2.149400000000e-08
  1.257300000000e-08
  1.255800000000e-08
  1.209700000000e-08
  2.362400000000e-08
  2.453900000000e-08
  2.535600000000e-08
  1.519800000000e-08
  2.027700000000e-08
  3.301000000000e-08
  3.288300000000e-08
  4.055400000000e-08
  3.110400000000e-08
  5.835700000000e-08
  2.669500000000e-08
  5.313200000000e-08
  9.847000000000e-08
  8.884000000000e-08
  9.084900000000e-08
  2.219760000000e-07
  2.131170000000e-07
  8.753300000000e-08
  8.013000000000e-08
  2.959700000000e-08
  3.690400000000e-08
  3.237900000000e-08
  1.693500000000e-08
  1.453000000000e-08
  1.450100000000e-08
  1.435100000000e-08
  9.417000000000e-09
  9.417000000000e-09
  9.529999999999e-09
  1.346700000000e-08
  7.791000000001e-09
  3.452600000000e-08
  5.135300000000e-08
  2.505300000000e-08
  1.021200000000e-08
  1.204900000000e-08
  8.033000000000e-09
  1.384200000000e-08
  1.267100000000e-08
  1.113600000000e-08
  2.221800000000e-08
  2.064300000000e-08
  5.596700000000e-08
  2.345590000000e-07
  3.233600000000e-08
  2.813400000000e-08
  1.459100000000e-08
  1.365100000000e-08
  1.362300000000e-08
  9.656000000000e-09
  1.110800000000e-08
  1.399900000000e-08
  7.724999999999e-09
  7.725000000000e-09
  1.062100000000e-08
  1.062200000000e-08
  7.852000000001e-09
  7.841999999999e-09
  3.410400000000e-08
  3.448800000000e-08
  1.586500000000e-08
  1.490100000000e-08
  6.981000000000e-09
  1.084600000000e-08
  1.060900000000e-08
  1.409500000000e-08
  1.721800000000e-08
  9.818000000000e-09
  2.857500000000e-08
  6.794300000000e-08
  4.797700000000e-08
  3.246300000000e-08
  2.556700000000e-08
  3.839500000000e-08
  6.505000000000e-08
  1.079170000000e-07
  2.277090000000e-07
  2.188460000000e-07
  1.062400000000e-07
  1.040880000000e-07
  1.701080000000e-07
  3.203500000000e-08
  1.731900000000e-08
  1.232200000000e-08
  1.631300000000e-08
  1.431500000000e-08
  1.105200000000e-08
  5.524999999999e-09
  1.105200000000e-08
  7.173999999999e-09
  7.164000000000e-09
  1.319500000000e-08
  5.652300000000e-08
  1.470800000000e-08
  7.614000000000e-09
  5.084000000000e-09
  7.003000000000e-09
  1.140900000000e-08
  1.305700000000e-08
  1.320700000000e-08
  1.317700000000e-08
  1.314000000000e-08
  2.597100000000e-08
  1.703100000000e-08
  3.551100000000e-08
  3.212400000000e-08
  4.575800000000e-08
  1.336890000000e-07
  1.724640000000e-07
  1.657510000000e-07
  1.593000000000e-07
  8.994300000000e-08
  2.926700000000e-08
  3.389000000000e-08
  2.549900000000e-08
  2.244000000000e-08
  1.503300000000e-08
  9.489000000000e-09
  9.489000000000e-09
  9.953000000000e-09
  5.226000000000e-09
  9.495000000000e-09
  7.469000000001e-09
  1.276000000000e-08
  1.070600000000e-08
  9.583000000000e-09
  5.086700000000e-08
  2.332000000000e-08
  1.039700000000e-08
  1.571700000000e-08
  2.415300000000e-08
  1.696100000000e-08
  1.788400000000e-08
  3.106300000000e-08
  8.696400000000e-08
  8.396600000000e-08
  3.220900000000e-08
  1.444600000000e-08
  2.894500000000e-08
  2.929200000000e-08
  6.730100000000e-08
  3.319800000000e-08
  4.093700000000e-08
  4.651700000000e-08
  1.159560000000e-07
  4.748400000000e-08
  6.395900000000e-08
  1.071060000000e-07
  1.029370000000e-07
  9.893100000000e-08
  9.508100000000e-08
  9.138000000000e-08
  8.782400000000e-08
  4.489000000000e-08
  2.035600000000e-08
  1.068800000000e-08
  8.470999999999e-09
  1.152700000000e-08
  8.320000000000e-09
  3.241100000000e-08
  2.886300000000e-08
  7.876000000000e-09
  1.187100000000e-08
  1.054500000000e-08
  1.599200000000e-08
  3.167900000000e-08
  7.492900000000e-08
  7.201300000000e-08
  1.778280000000e-06
