1602
  5.201241498035e+03
  5.128876666309e+03
  5.028295903062e+03
  4.929581966483e+03
  4.832862791152e+03
  4.737921472764e+03
  4.644905386056e+03
  4.553884883923e+03
  4.464487208313e+03
  4.376830238576e+03
  4.290884045303e+03
  4.206469978975e+03
  4.123891700455e+03
  4.042910401102e+03
  3.963554610432e+03
  3.885720560345e+03
  3.809387092058e+03
  3.734601802960e+03
  3.661312361441e+03
  3.589391995163e+03
  3.518923376853e+03
  3.449796730034e+03
  3.382043669862e+03
  3.315613517212e+03
  3.250477402265e+03
  3.186638501934e+03
  3.124049256274e+03
  3.062672543432e+03
  3.002517487342e+03
  2.943538740743e+03
  2.885713634785e+03
  2.829023688315e+03
  2.773444454620e+03
  2.718958877531e+03
  2.665541401952e+03
  2.613173443981e+03
  2.561833961794e+03
  2.511503250888e+03
  2.462159442702e+03
  2.413785547833e+03
  2.366361017512e+03
  2.319867181682e+03
  2.274286388103e+03
  2.229600833483e+03
  2.185793025947e+03
  2.142846187019e+03
  2.100742153929e+03
  2.059465168359e+03
  2.018998995486e+03
  1.979327278602e+03
  1.940435582277e+03
  1.902307022842e+03
  1.864927390166e+03
  1.828282227016e+03
  1.792356548333e+03
  1.757136938608e+03
  1.722608693975e+03
  1.688759582444e+03
  1.655574845082e+03
  1.623042002704e+03
  1.591148869478e+03
  1.559882064930e+03
  1.529229201364e+03
  1.499178450209e+03
  1.469718266489e+03
  1.440836836828e+03
  1.412522948201e+03
  1.384765170517e+03
  1.357552795396e+03
  1.330875458401e+03
  1.304721827435e+03
  1.279082171564e+03
  1.253946640307e+03
  1.229304607963e+03
  1.205146946771e+03
  1.181463859710e+03
  1.158245886455e+03
  1.135484539072e+03
  1.113170465987e+03
  1.091294536139e+03
  1.069848588819e+03
  1.048823904226e+03
  1.028212602784e+03
  1.008006177043e+03
  9.881969753267e+02
  9.687763386067e+02
  9.497379672948e+02
  9.310735557420e+02
  9.127760348826e+02
  8.948385371786e+02
  8.772522354580e+02
  8.600123497773e+02
  8.431113017676e+02
  8.265425426910e+02
  8.102985707144e+02
  7.943745571362e+02
  7.787634198446e+02
  7.634584238266e+02
  7.484553752194e+02
  7.337456984158e+02
  7.193260528395e+02
  7.051892763277e+02
  6.913305763070e+02
  6.777441691975e+02
  6.644248970640e+02
  6.513673413514e+02
  6.385663094517e+02
  6.260168632692e+02
  6.137138031599e+02
  6.016528184120e+02
  5.898288526110e+02
  5.782369174213e+02
  5.668731785656e+02
  5.557324637232e+02
  5.448106830592e+02
  5.341036046366e+02
  5.236073615006e+02
  5.133169824764e+02
  5.032289686775e+02
  4.933391810471e+02
  4.836436552240e+02
  4.741381843628e+02
  4.648205234995e+02
  4.556853100988e+02
  4.467301142557e+02
  4.379505213680e+02
  4.293437527487e+02
  4.209058801369e+02
  4.126339888735e+02
  4.045244937491e+02
  3.965743812215e+02
  3.887805703022e+02
  3.811399744179e+02
  3.736494935808e+02
  3.663062616065e+02
  3.591068275976e+02
  3.520494782798e+02
  3.451308303399e+02
  3.383482178353e+02
  3.316985195122e+02
  3.251794938064e+02
  3.187891114391e+02
  3.125240252844e+02
  3.063817759020e+02
  3.003606573974e+02
  2.944577374549e+02
  2.886704398918e+02
  2.829971210663e+02
  2.774354691744e+02
  2.719834677838e+02
  2.666380637887e+02
  2.613976584730e+02
  2.562608031327e+02
  2.512242827290e+02
  2.462870420407e+02
  2.414469272173e+02
  2.367018368081e+02
  2.320499269661e+02
  2.274894861129e+02
  2.230186661940e+02
  2.186356506694e+02
  2.143388602577e+02
  2.101264360357e+02
  2.059965998113e+02
  2.019481187142e+02
  1.979793044314e+02
  1.940884162016e+02
  1.902739978326e+02
  1.865346533349e+02
  1.828686767657e+02
  1.792746637457e+02
  1.757513124535e+02
  1.722973730735e+02
  1.689112003033e+02
  1.655915429669e+02
  1.623371993006e+02
  1.591468245570e+02
  1.560192781907e+02
  1.529529804099e+02
  1.499469051775e+02
  1.470000049847e+02
  1.441110473725e+02
  1.412788991012e+02
  1.385023401695e+02
  1.357803092354e+02
  1.331118817870e+02
  1.304958559613e+02
  1.279311404957e+02
  1.254169143206e+02
  1.229521257140e+02
  1.205357484728e+02
  1.181668684924e+02
  1.158445841294e+02
  1.135678873403e+02
  1.113359796393e+02
  1.091478665448e+02
  1.070027730121e+02
  1.048998189653e+02
  1.028382522720e+02
  1.008171867287e+02
  9.883591064443e+01
  9.689340568025e+01
  9.498914234279e+01
  9.312244204292e+01
  9.129227122795e+01
  8.949804046374e+01
  8.773916726646e+01
  8.601485794983e+01
  8.432436664783e+01
  8.266718457971e+01
  8.104248113674e+01
  7.944977277999e+01
  7.788835810930e+01
  7.635762526327e+01
  7.485696705021e+01
  7.338577420219e+01
  7.194358059550e+01
  7.052967077455e+01
  6.914352605708e+01
  6.778470128810e+01
  6.645255043023e+01
  6.529671107378e+01
  6.507758867144e+01
  6.515662734914e+01
  6.502285194716e+01
  6.393346101252e+01
  6.391496875070e+01
  6.382502611523e+01
  6.365742729306e+01
  6.274313797075e+01
  6.267013606677e+01
  6.263146404625e+01
  6.253770267430e+01
  6.244956320667e+01
  6.150918483385e+01
  6.135574134781e+01
  6.136338996864e+01
  6.128472848451e+01
  6.130913154310e+01
  6.031750126401e+01
  6.029230732461e+01
  6.014980487706e+01
  6.010095637597e+01
  6.017028931755e+01
  5.902703516258e+01
  5.901980811551e+01
  5.896032202401e+01
  5.892045668892e+01
  5.792021528153e+01
  5.792076864634e+01
  5.781554681858e+01
  5.770650173368e+01
  5.677917925987e+01
  5.671226802194e+01
  5.670115941094e+01
  5.663309444857e+01
  5.568036048238e+01
  5.566814913351e+01
  5.552850456969e+01
  5.549331015670e+01
  5.543921574870e+01
  5.455257268922e+01
  5.449568400901e+01
  5.449093134923e+01
  5.451895934091e+01
  5.438104144750e+01
  5.347173171577e+01
  5.346651302414e+01
  5.336956722421e+01
  5.331500944769e+01
  5.326216875657e+01
  5.242925186696e+01
  5.234344437508e+01
  5.234791699947e+01
  5.233593695180e+01
  5.230723843326e+01
  5.234986584280e+01
  5.141543250704e+01
  5.137313558932e+01
  5.127639364068e+01
  5.129417420558e+01
  5.116693535592e+01
  5.046078397447e+01
  5.029635202678e+01
  5.027815364186e+01
  5.025021787631e+01
  4.953951262627e+01
  4.946430380725e+01
  4.938687629156e+01
  4.931311599599e+01
  4.924280252903e+01
  4.849423820823e+01
  4.833490292745e+01
  4.835372559756e+01
  4.839349613030e+01
  4.809116835774e+01
  4.763396334270e+01
  4.752031635581e+01
  4.744939123815e+01
  4.739003529402e+01
  4.737791748151e+01
  4.727429393117e+01
  4.675914896243e+01
  4.664252543613e+01
  4.644451931546e+01
  4.644839122672e+01
  4.644396648726e+01
  4.571251484322e+01
  4.571482289595e+01
  4.557220571643e+01
  4.546475435848e+01
  4.547282928611e+01
  4.536812693707e+01
  4.471342568956e+01
  4.472042088829e+01
  4.471519466834e+01
  4.464490943566e+01
  4.462648021795e+01
  4.398728508575e+01
  4.380360751261e+01
  4.381826424840e+01
  4.382817230000e+01
  4.379510285567e+01
  4.365519550011e+01
  4.297979528737e+01
  4.298339606788e+01
  4.285881413311e+01
  4.279690858684e+01
  4.283585434626e+01
  4.219205299666e+01
  4.217042807777e+01
  4.205998724083e+01
  4.195141970166e+01
  4.201866545243e+01
  4.206275415936e+01
  4.202853502378e+01
  4.148749118706e+01
  4.146371944495e+01
  4.121351853931e+01
  4.124238515578e+01
  4.120051632799e+01
  4.114714245665e+01
  4.073945521980e+01
  4.050809652824e+01
  4.048315923862e+01
  4.046325642123e+01
  4.039968847157e+01
  4.032474396312e+01
  3.977920288161e+01
  3.972612917368e+01
  3.958318053055e+01
  3.957854624250e+01
  3.942998616991e+01
  3.897120758619e+01
  3.890679804915e+01
  3.888322759965e+01
  3.890042440047e+01
  3.876882889235e+01
  3.866013258879e+01
  3.816234567147e+01
  3.821308998421e+01
  3.809519334565e+01
  3.808499087491e+01
  3.809643675180e+01
  3.803804988883e+01
  3.760186352438e+01
  3.751490748636e+01
  3.751291871484e+01
  3.749692763313e+01
  3.739556155178e+01
  3.735367585907e+01
  3.734367259008e+01
  3.728995060145e+01
  3.667469297401e+01
  3.662311236432e+01
  3.662636220549e+01
  3.657334467562e+01
  3.663779967800e+01
  3.598596984226e+01
  3.586870722774e+01
  3.592364956713e+01
  3.599562418745e+01
  3.596649313159e+01
  3.576133518785e+01
  3.537187473614e+01
  3.520185725662e+01
  3.526841753518e+01
  3.514560283607e+01
  3.521490086038e+01
  3.510095123807e+01
  3.504888936974e+01
  3.501027498371e+01
  3.464108874371e+01
  3.456626394272e+01
  3.452586905576e+01
  3.454297199757e+01
  3.450220561197e+01
  3.447389405398e+01
  3.437276075446e+01
  3.406380380951e+01
  3.386341935218e+01
  3.380930868094e+01
  3.381348801627e+01
  3.376571600308e+01
  3.378901331006e+01
  3.366563560047e+01
  3.322276889136e+01
  3.318463174796e+01
  3.323497090462e+01
  3.321413913261e+01
  3.321047593468e+01
  3.310894304979e+01
  3.315470838885e+01
  3.314679422437e+01
  3.265575591018e+01
  3.261435880961e+01
  3.258299880256e+01
  3.248401944969e+01
  3.250628648170e+01
  3.248220858619e+01
  3.232930570174e+01
  3.225775234433e+01
  3.202171553695e+01
  3.195364518242e+01
  3.192055493360e+01
  3.190463211638e+01
  3.179510476403e+01
  3.182600710327e+01
  3.180835207626e+01
  3.169410130826e+01
  3.151393908797e+01
  3.138413455327e+01
  3.135917258809e+01
  3.124038124809e+01
  3.118557987281e+01
  3.119510882798e+01
  3.112352328987e+01
  3.065387407504e+01
  3.065319999197e+01
  3.063298209058e+01
  3.064558461964e+01
  3.069587988992e+01
  3.049369514117e+01
  3.012317815857e+01
  3.008336190218e+01
  3.004364909531e+01
  3.003339198930e+01
  3.002073117382e+01
  3.000820165674e+01
  3.002196956774e+01
  2.996357269155e+01
  2.992647914316e+01
  2.949130477545e+01
  2.955711581817e+01
  2.942720442878e+01
  2.947822632623e+01
  2.943446405881e+01
  2.936852247913e+01
  2.894150612837e+01
  2.895913508195e+01
  2.890839229348e+01
  2.882658438868e+01
  2.891124287111e+01
  2.883049136531e+01
  2.873712578107e+01
  2.850091370742e+01
  2.846197205737e+01
  2.837756250391e+01
  2.835504832883e+01
  2.832865593712e+01
  2.833210277859e+01
  2.833393196449e+01
  2.822784293722e+01
  2.813819475154e+01
  2.787823263411e+01
  2.778125681292e+01
  2.773878881159e+01
  2.774985987624e+01
  2.774820620696e+01
  2.767179318991e+01
  2.732142871486e+01
  2.719302231099e+01
  2.722374733590e+01
  2.719862153676e+01
  2.718778777207e+01
  2.716435154354e+01
  2.715044619276e+01
  2.712030842263e+01
  2.676122743591e+01
  2.672134901539e+01
  2.665413864030e+01
  2.661954641809e+01
  2.665842032865e+01
  2.658950902962e+01
  2.658543316403e+01
  2.620730835564e+01
  2.616711418510e+01
  2.612529403542e+01
  2.610797750824e+01
  2.606813021491e+01
  2.568619464082e+01
  2.566855412562e+01
  2.563884610901e+01
  2.562059229528e+01
  2.562225674956e+01
  2.556498334639e+01
  2.560672722671e+01
  2.560162194450e+01
  2.522394448513e+01
  2.519235915329e+01
  2.521559169583e+01
  2.506491108311e+01
  2.516049612076e+01
  2.514503908941e+01
  2.510183087910e+01
  2.512624736015e+01
  2.496790616441e+01
  2.466681032266e+01
  2.465289505731e+01
  2.465266823691e+01
  2.466127107292e+01
  2.461973481029e+01
  2.462640884817e+01
  2.459259161912e+01
  2.458162806392e+01
  2.416739971339e+01
  2.417416237798e+01
  2.415626400627e+01
  2.417732624525e+01
  2.415146159541e+01
  2.413245462614e+01
  2.420013082846e+01
  2.393669492694e+01
  2.393502311405e+01
  2.376784486661e+01
  2.368248383431e+01
  2.365633079956e+01
  2.371327994675e+01
  2.368585850353e+01
  2.358645126790e+01
  2.356514761798e+01
  2.351918202454e+01
  2.332302766484e+01
  2.318952751291e+01
  2.320785450210e+01
  2.320270155012e+01
  2.316292029145e+01
  2.314775666734e+01
  2.312986967334e+01
  2.304773110432e+01
  2.304784733106e+01
  2.304739184505e+01
  2.304783439728e+01
  2.292061662108e+01
  2.290056188981e+01
  2.288069454162e+01
  2.287493563565e+01
  2.287707952838e+01
  2.275057684763e+01
  2.271898474389e+01
  2.271719042311e+01
  2.267709658863e+01
  2.258660603261e+01
  2.240717394039e+01
  2.240851667048e+01
  2.240809842244e+01
  2.240377906790e+01
  2.239402574679e+01
  2.241198445772e+01
  2.232176145810e+01
  2.229667962792e+01
  2.226201216466e+01
  2.226420596167e+01
  2.227187694038e+01
  2.225410666036e+01
  2.224308194279e+01
  2.201536840083e+01
  2.183431702170e+01
  2.190139215658e+01
  2.188302611375e+01
  2.183437753777e+01
  2.184206381818e+01
  2.182648849590e+01
  2.180857652804e+01
  2.151324081082e+01
  2.151308922660e+01
  2.151403285064e+01
  2.151383803232e+01
  2.144619943321e+01
  2.147164056778e+01
  2.148005565702e+01
  2.146120564182e+01
  2.128640552026e+01
  2.127778186784e+01
  2.105501190345e+01
  2.099104583238e+01
  2.107752514698e+01
  2.102404674165e+01
  2.099862957709e+01
  2.102664574263e+01
  2.104572244811e+01
  2.101078252348e+01
  2.098080859958e+01
  2.097808033523e+01
  2.076627988086e+01
  2.066232635916e+01
  2.066936723825e+01
  2.064381664593e+01
  2.065702750015e+01
  2.061717322078e+01
  2.062520736812e+01
  2.055562427817e+01
  2.050934437348e+01
  2.024032823238e+01
  2.022432197845e+01
  2.018906507567e+01
  2.019846284046e+01
  2.016533986425e+01
  2.016880791840e+01
  2.015696998821e+01
  2.013825580284e+01
  2.018427993729e+01
  2.005639054766e+01
  1.987612970023e+01
  1.987053236507e+01
  1.979094263627e+01
  1.980363318442e+01
  1.978304996877e+01
  1.976508220401e+01
  1.976321517805e+01
  1.977585320432e+01
  1.962031550252e+01
  1.961092320578e+01
  1.949290312034e+01
  1.947192888415e+01
  1.941347989211e+01
  1.945976560518e+01
  1.947166376141e+01
  1.943087519132e+01
  1.942027198664e+01
  1.943443746705e+01
  1.936797067316e+01
  1.933513766202e+01
  1.933480633035e+01
  1.921193414610e+01
  1.911064071874e+01
  1.910560164109e+01
  1.911105995669e+01
  1.910732902862e+01
  1.910776467313e+01
  1.910372536631e+01
  1.910442676507e+01
  1.911184015265e+01
  1.907279516670e+01
  1.900746361999e+01
  1.895965781674e+01
  1.894629807788e+01
  1.882756604192e+01
  1.876272419022e+01
  1.873176717902e+01
  1.869825724763e+01
  1.866330746244e+01
  1.854675707832e+01
  1.854678089822e+01
  1.854922030994e+01
  1.854634062343e+01
  1.854598066196e+01
  1.845801042582e+01
  1.845667950155e+01
  1.844268493033e+01
  1.836639126689e+01
  1.837419682537e+01
  1.831271262164e+01
  1.830257619908e+01
  1.831193836216e+01
  1.827506474171e+01
  1.829228058236e+01
  1.828308123109e+01
  1.820488673578e+01
  1.818259804409e+01
  1.800598916205e+01
  1.796812361169e+01
  1.796462805746e+01
  1.796388209037e+01
  1.795706618281e+01
  1.791415234058e+01
  1.790546001127e+01
  1.783010477683e+01
  1.777874178067e+01
  1.767319186385e+01
  1.767150404943e+01
  1.766303768298e+01
  1.768235319239e+01
  1.762671210202e+01
  1.761988718634e+01
  1.753242683380e+01
  1.757445437030e+01
  1.757543674345e+01
  1.748926372898e+01
  1.754575913186e+01
  1.729587451812e+01
  1.728517592925e+01
  1.726381010938e+01
  1.725664602245e+01
  1.728966341943e+01
  1.727941054231e+01
  1.722542912984e+01
  1.722115638600e+01
  1.715817988773e+01
  1.718427178302e+01
  1.710288135663e+01
  1.694286811191e+01
  1.685776771395e+01
  1.692130077736e+01
  1.692294608360e+01
  1.690806108442e+01
  1.689751321559e+01
  1.685198735443e+01
  1.684901298424e+01
  1.684154049300e+01
  1.661349041623e+01
  1.661550982242e+01
  1.657721942990e+01
  1.657396344343e+01
  1.656478562672e+01
  1.655292465406e+01
  1.658697959566e+01
  1.654860577301e+01
  1.653409145247e+01
  1.647140183336e+01
  1.651456702397e+01
  1.629886378991e+01
  1.630203287529e+01
  1.631310828915e+01
  1.630175204957e+01
  1.622530564172e+01
  1.619405867139e+01
  1.617920502638e+01
  1.616106253188e+01
  1.615358327337e+01
  1.616522223047e+01
  1.611067388532e+01
  1.601078278670e+01
  1.601171032446e+01
  1.600992337768e+01
  1.595004810496e+01
  1.593168680694e+01
  1.592133254364e+01
  1.591333620466e+01
  1.588507711161e+01
  1.590378802398e+01
  1.584861996690e+01
  1.572692521941e+01
  1.567219230937e+01
  1.566632983730e+01
  1.565983739381e+01
  1.563627950187e+01
  1.560802381988e+01
  1.555984562104e+01
  1.553387199623e+01
  1.550512923445e+01
  1.548656409144e+01
  1.529410798382e+01
  1.530627391733e+01
  1.533074623813e+01
  1.526733743781e+01
  1.529731115800e+01
  1.529537024364e+01
  1.529523900959e+01
  1.529588279193e+01
  1.529559209118e+01
  1.529397524857e+01
  1.528945896767e+01
  1.529217788525e+01
  1.508549781313e+01
  1.500096702006e+01
  1.499441448362e+01
  1.500658437479e+01
  1.500921902054e+01
  1.498482711331e+01
  1.500874740237e+01
  1.494232018687e+01
  1.470978459270e+01
  1.471077450855e+01
  1.471730951922e+01
  1.470928983527e+01
  1.470564761019e+01
  1.470094456500e+01
  1.469045044729e+01
  1.445830321726e+01
  1.442769116558e+01
  1.439877586511e+01
  1.448301652790e+01
  1.441507770786e+01
  1.442372971786e+01
  1.439365471339e+01
  1.440664155747e+01
  1.437223245180e+01
  1.437138209438e+01
  1.437263089152e+01
  1.420079769173e+01
  1.419345140543e+01
  1.412920673399e+01
  1.412569813756e+01
  1.413447030643e+01
  1.412972442549e+01
  1.411607699095e+01
  1.411639565745e+01
  1.405381232848e+01
  1.400849811530e+01
  1.392869472886e+01
  1.385761215319e+01
  1.386975379181e+01
  1.386293988458e+01
  1.384245875739e+01
  1.383053225917e+01
  1.385536537180e+01
  1.372249976740e+01
  1.366277191136e+01
  1.364802353589e+01
  1.365210994266e+01
  1.357582637538e+01
  1.363241569846e+01
  1.359220549611e+01
  1.352125548630e+01
  1.351888931147e+01
  1.345074579005e+01
  1.344705598225e+01
  1.339867958692e+01
  1.337562155055e+01
  1.341218595096e+01
  1.331163421218e+01
  1.328832296162e+01
  1.328774269702e+01
  1.332294779409e+01
  1.327788098141e+01
  1.327513859023e+01
  1.326854240968e+01
  1.325875978652e+01
  1.317002851648e+01
  1.316891850784e+01
  1.316910905515e+01
  1.315616366268e+01
  1.315321323134e+01
  1.306179214678e+01
  1.310505200572e+01
  1.306275921355e+01
  1.306779736855e+01
  1.307241924283e+01
  1.300871598388e+01
  1.301391403286e+01
  1.295848921854e+01
  1.287853035006e+01
  1.286382616588e+01
  1.286639292113e+01
  1.286941699939e+01
  1.285332166258e+01
  1.285582798177e+01
  1.279373821471e+01
  1.276418929310e+01
  1.273978342623e+01
  1.271384729807e+01
  1.270880406214e+01
  1.268799595738e+01
  1.261665943435e+01
  1.256476263606e+01
  1.255085758902e+01
  1.257056183148e+01
  1.252790199556e+01
  1.254542843964e+01
  1.250629620738e+01
  1.248481664250e+01
  1.247473566875e+01
  1.233921650001e+01
  1.231064359045e+01
  1.229040253674e+01
  1.229655209146e+01
  1.227319214291e+01
  1.224234707584e+01
  1.213009792341e+01
  1.213357951363e+01
  1.210477457097e+01
  1.206553224924e+01
  1.205954617998e+01
  1.205295877237e+01
  1.202731595891e+01
  1.198865000186e+01
  1.196569680206e+01
  1.196770846146e+01
  1.196341413446e+01
  1.196012160573e+01
  1.195857402138e+01
  1.195940058614e+01
  1.193614686617e+01
  1.188702476567e+01
  1.180765974966e+01
  1.182517845377e+01
  1.181343633644e+01
  1.174454534160e+01
  1.179618640726e+01
  1.178753573211e+01
  1.178815913426e+01
  1.178549232380e+01
  1.178546216101e+01
  1.174179907781e+01
  1.164198298490e+01
  1.163636819441e+01
  1.163973043929e+01
  1.163834426636e+01
  1.163422554752e+01
  1.162580351741e+01
  1.161389382877e+01
  1.158155557469e+01
  1.156214701013e+01
  1.158916167858e+01
  1.150606179607e+01
  1.148715193718e+01
  1.145762127014e+01
  1.142936168729e+01
  1.136734858883e+01
  1.135144587441e+01
  1.127794652063e+01
  1.128207471998e+01
  1.127217210931e+01
  1.121912790648e+01
  1.117260550944e+01
  1.117879868449e+01
  1.119757730679e+01
  1.117395676532e+01
  1.110768372450e+01
  1.110740740782e+01
  1.110295624238e+01
  1.110553955354e+01
  1.105521471714e+01
  1.092939008328e+01
  1.093658557233e+01
  1.096389324245e+01
  1.092157524837e+01
  1.083735471442e+01
  1.081908009690e+01
  1.075830985568e+01
  1.073928675256e+01
  1.073323584385e+01
  1.071917929385e+01
  1.071309744311e+01
  1.067650442192e+01
  1.066578154901e+01
  1.061055128074e+01
  1.054199089264e+01
  1.052022696177e+01
  1.053021037995e+01
  1.051685014722e+01
  1.052236080215e+01
  1.051375412262e+01
  1.051605169068e+01
  1.048277365805e+01
  1.047545209110e+01
  1.050073806602e+01
  1.041086961394e+01
  1.040876116020e+01
  1.041069786656e+01
  1.035458229848e+01
  1.034465057054e+01
  1.030838893778e+01
  1.030518909569e+01
  1.030234865097e+01
  1.030359613023e+01
  1.028068940948e+01
  1.028012301167e+01
  1.028116836431e+01
  1.024800584054e+01
  1.024367447979e+01
  1.021841556722e+01
  1.020510529857e+01
  1.012547214916e+01
  1.011951080360e+01
  1.009908254370e+01
  1.009580036927e+01
  1.010227278273e+01
  1.011068661407e+01
  1.003989041261e+01
  1.001285284156e+01
  1.000929325808e+01
  1.000881877022e+01
  9.920506977589e+00
  9.921211591256e+00
  9.906365302926e+00
  9.879308032632e+00
  9.909396549551e+00
  9.888428603951e+00
  9.893899137286e+00
  9.842680892168e+00
  9.797581956773e+00
  9.789879809646e+00
  9.775954670853e+00
  9.720573171064e+00
  9.720917745821e+00
  9.682199121822e+00
  9.683478270051e+00
  9.655534762493e+00
  9.685122257178e+00
  9.678658695658e+00
  9.513462949785e+00
  9.511615009044e+00
  9.510913947057e+00
  9.526751242962e+00
  9.518542337511e+00
  9.514721896394e+00
  9.514037655009e+00
  9.510556861907e+00
  9.518496485724e+00
  9.520141563774e+00
  9.421465490114e+00
  9.398655240408e+00
  9.352428668734e+00
  9.353953628072e+00
  9.350671519795e+00
  9.309244731666e+00
  9.282089988168e+00
  9.253993094036e+00
  9.254395710136e+00
  9.251173048743e+00
  9.257914436007e+00
  9.146816920870e+00
  9.147239950445e+00
  9.157466269958e+00
  9.124861872403e+00
  9.120592442160e+00
  9.085986494975e+00
  9.085837541590e+00
  9.027387436379e+00
  8.941661579150e+00
  8.963687405564e+00
  8.963408655307e+00
  8.963001748476e+00
  8.963296198397e+00
  8.963038054922e+00
  8.962348692073e+00
  8.937693300838e+00
  8.948312408275e+00
  8.930375279858e+00
  8.825632929289e+00
  8.807202395975e+00
  8.799979044969e+00
  8.784737046466e+00
  8.772112947806e+00
  8.727808456025e+00
  8.724100327154e+00
  8.721186290644e+00
  8.718365411106e+00
  8.715250118963e+00
  8.712417896352e+00
  8.710080611796e+00
  8.707441292254e+00
  8.704795994401e+00
  8.695773158583e+00
  8.686670911553e+00
  8.683359557079e+00
  8.680073329259e+00
  8.677640410730e+00
  8.675645381260e+00
  8.673493284114e+00
  8.670207001192e+00
  8.666938230731e+00
  8.663979677769e+00
  8.660445579925e+00
  8.626408368996e+00
  8.592529267523e+00
  8.582811266946e+00
  8.578609779941e+00
  8.559997974465e+00
  8.432321763907e+00
  8.434429090062e+00
  8.344250394266e+00
  8.330736920326e+00
  8.314570120096e+00
  8.301097405077e+00
  8.290334133627e+00
  8.281985026171e+00
  8.274118227221e+00
  8.266286858340e+00
  8.260469112041e+00
  8.254189413837e+00
  8.248790108711e+00
  8.244791147073e+00
  8.240836807533e+00
  8.215120078705e+00
  8.215197548058e+00
  8.217243750712e+00
  8.199925281858e+00
  8.216319253301e+00
  8.213532832415e+00
  8.120205018936e+00
  8.130576746299e+00
  8.134057252003e+00
  8.144898890970e+00
  8.124694415522e+00
  8.089160209713e+00
  8.089087110142e+00
  8.068763248740e+00
  8.070883065526e+00
  8.069697537673e+00
  8.069885205883e+00
  8.069590522352e+00
  8.067732614962e+00
  8.019220467617e+00
  8.011767684375e+00
  8.008341488494e+00
  8.004802881729e+00
  8.001638735613e+00
  7.999219276199e+00
  7.996878018821e+00
  7.994940801461e+00
  7.992435958609e+00
  7.989275196976e+00
  7.983674981398e+00
  7.974004744533e+00
  7.933926262089e+00
  7.892198877098e+00
  7.881108745903e+00
  7.875212532298e+00
  7.871214339463e+00
  7.868123948130e+00
  7.865431898731e+00
  7.844438019061e+00
  7.845124686489e+00
  7.846495781753e+00
  7.842484667544e+00
  7.824040459678e+00
  7.820638351785e+00
  7.816200482416e+00
  7.811273385976e+00
  7.806462189400e+00
  7.800099061258e+00
  7.790109521150e+00
  7.765094719221e+00
  7.751907938341e+00
  7.723182599979e+00
  7.720064292695e+00
  7.716757943052e+00
  7.713656720678e+00
  7.711176347663e+00
  7.693128327301e+00
  7.695119370539e+00
  7.693688696527e+00
  7.684068231800e+00
  7.663651530699e+00
  7.649066928571e+00
  7.643798968087e+00
  7.638310711203e+00
  7.630355078574e+00
  7.619436573143e+00
  7.590046413134e+00
  7.564863026808e+00
  7.561791176600e+00
  7.542122339581e+00
  7.541586191657e+00
  7.542807201979e+00
  7.537289406747e+00
  7.451911159517e+00
  7.475931239375e+00
  7.476186605765e+00
  7.455163805386e+00
  7.403420528353e+00
  7.391365406932e+00
  7.377743413888e+00
  7.340142029462e+00
  7.314556446942e+00
  7.305461762772e+00
  7.303436662178e+00
  7.303645662213e+00
  7.302526893381e+00
  7.303002028142e+00
  7.249618126365e+00
  7.202318465910e+00
  7.199960516845e+00
  7.163513646135e+00
  7.153152573168e+00
  7.147084132616e+00
  7.141076974383e+00
  7.130526425374e+00
  7.077359727872e+00
  7.076755194515e+00
  7.068497845120e+00
  7.065519266249e+00
  7.070197077867e+00
  7.062420290616e+00
  7.059101219555e+00
  7.021468728862e+00
  6.957079335803e+00
  6.919061488890e+00
  6.898311983058e+00
  6.800154816775e+00
  6.797846937243e+00
  6.797710467564e+00
  6.795518939603e+00
  6.786281667335e+00
  6.789275721199e+00
  6.729248679385e+00
  6.715555913719e+00
  6.704951942257e+00
  6.695968223613e+00
  6.692235467643e+00
  6.645071800813e+00
  6.645754464138e+00
  6.646610431732e+00
  6.649943567909e+00
  6.650221799227e+00
  6.650807910709e+00
  6.655693552806e+00
  6.604880213892e+00
  6.597851079903e+00
  6.587055513728e+00
  6.572560741963e+00
  6.554042008788e+00
  6.496953253772e+00
  6.440663774809e+00
  6.421741447846e+00
  6.406724498033e+00
  6.398087739536e+00
  6.393150634137e+00
  6.389114992569e+00
  6.385451387559e+00
  6.382015989503e+00
  6.379227194901e+00
  6.376343256411e+00
  6.372535899681e+00
  6.358071317214e+00
  6.356618926561e+00
  6.342533601157e+00
  6.338939279935e+00
  6.335670139670e+00
  6.331233685202e+00
  6.326307125763e+00
  6.305299484321e+00
  6.301719329526e+00
  6.292929578972e+00
  6.250011718772e+00
  6.227032997616e+00
  6.230679048004e+00
  6.180171784055e+00
  6.154743799557e+00
  6.145590262435e+00
  6.140092346989e+00
  6.135594177076e+00
  6.131102592966e+00
  6.126613826665e+00
  6.122195345785e+00
  6.118120097474e+00
  6.115119571991e+00
  6.112940238674e+00
  6.111035062675e+00
  6.109123609563e+00
  6.107041785601e+00
  6.105155193045e+00
  6.102964331835e+00
  6.100361934474e+00
  6.096464355497e+00
  6.085842018844e+00
  6.075666348707e+00
  6.071553255111e+00
  6.068174729450e+00
  6.064954449160e+00
  6.061847820948e+00
  6.059552065792e+00
  6.057294739482e+00
  6.053990699859e+00
  6.050503553158e+00
  6.045167070282e+00
  6.037065165289e+00
  6.027858350151e+00
  6.019886091715e+00
  6.013945135981e+00
  6.008178332346e+00
  5.999642421312e+00
  5.987980924688e+00
  5.970224104302e+00
  5.890737761205e+00
  5.927923020569e+00
  5.901497789226e+00
  5.888225251629e+00
  5.885105093264e+00
  5.887269411013e+00
  5.888576529632e+00
  5.893934439176e+00
  5.837111890430e+00
  5.828976659029e+00
  5.813500576118e+00
  5.764306721066e+00
  5.715575801395e+00
  5.697729739585e+00
  5.688126831577e+00
  5.682819132915e+00
  5.677537447618e+00
  5.655436300961e+00
  5.653838108000e+00
  5.646520907813e+00
  5.626850882262e+00
  5.618504657459e+00
  5.583479155197e+00
  5.580936414159e+00
  5.578448889972e+00
  5.566519597597e+00
  5.560979178981e+00
  5.558043793724e+00
  5.556169820997e+00
  5.555033102439e+00
  5.554656401753e+00
  5.554005162204e+00
  5.550813413967e+00
  5.531417066081e+00
  5.526419046251e+00
  5.491225844784e+00
  5.474181842467e+00
  5.463080773288e+00
  5.458455693715e+00
  5.438656207576e+00
  5.436436675489e+00
  5.435899331493e+00
  5.418943803211e+00
  5.414355188198e+00
  5.408948997938e+00
  5.391713367891e+00
  5.359854593904e+00
  5.343276101503e+00
  5.308551598856e+00
  5.304139350349e+00
  5.300467607252e+00
  5.296169757070e+00
  5.291674449838e+00
  5.258661678195e+00
  5.248379562810e+00
  5.201779632848e+00
  5.161122502855e+00
  5.131631479070e+00
  5.120532207636e+00
  5.110924959866e+00
  5.099628900005e+00
  5.087732865533e+00
  5.045758495346e+00
  5.009164266025e+00
  4.980851117877e+00
  4.949344754772e+00
  4.955925428418e+00
  4.923816253025e+00
  4.917830430256e+00
  4.913063344126e+00
  4.909717656867e+00
  4.906956739779e+00
  4.904607830010e+00
  4.902547167406e+00
  4.900903726647e+00
  4.898505417012e+00
  4.895550972232e+00
  4.892966360856e+00
  4.890740849424e+00
  4.887654810357e+00
  4.876699956646e+00
  4.875138947624e+00
  4.865247247000e+00
  4.861928522844e+00
  4.859001494629e+00
  4.856427019800e+00
  4.853817576062e+00
  4.851354498176e+00
  4.848726990972e+00
  4.845541108844e+00
  4.841855321490e+00
  4.838062781605e+00
  4.834554300022e+00
  4.831041567731e+00
  4.827538597378e+00
  4.822284354677e+00
  4.815019007288e+00
  4.800466221279e+00
  4.779308271597e+00
  4.761746037037e+00
  4.744534821849e+00
  4.739632819879e+00
  4.733148497966e+00
  4.732337847487e+00
  4.730295776582e+00
  4.730871299162e+00
  4.731062738623e+00
  4.729215107406e+00
  4.730249656354e+00
  4.727315425661e+00
  4.729935724410e+00
  4.700206715091e+00
  4.692918854740e+00
  4.687048139265e+00
  4.679693685970e+00
  4.671513205901e+00
  4.658197752606e+00
  4.626145028721e+00
  4.558159378778e+00
  4.487707943557e+00
  4.456109548997e+00
  4.446928795331e+00
  4.441447947562e+00
  4.436012078374e+00
  4.431663526833e+00
  4.427051052753e+00
  4.415835716781e+00
  4.405078703339e+00
  4.400223179320e+00
  4.369884503953e+00
  4.359912535090e+00
  4.329742821936e+00
  4.297821863879e+00
  4.265787573164e+00
  4.255123594320e+00
  4.246967983382e+00
  4.217910767567e+00
  4.196519267410e+00
  4.199445728699e+00
  4.163232000266e+00
  4.153029157172e+00
  4.144478166682e+00
  4.138827875668e+00
  4.134813100246e+00
  4.131405123934e+00
  4.128239636054e+00
  4.124492017252e+00
  4.111721522385e+00
  4.104226175657e+00
  4.103325006319e+00
  4.084937283958e+00
  4.081013005372e+00
  4.076044313123e+00
  4.072034286529e+00
  4.069071677918e+00
  4.066162977505e+00
  4.061946305944e+00
  4.056253749500e+00
  4.050347438803e+00
  4.045541469430e+00
  4.041333138810e+00
  4.035001214535e+00
  4.027162404989e+00
  4.018401062144e+00
  4.009836931961e+00
  3.999115395674e+00
  3.988904463345e+00
  3.979287015228e+00
  3.960963908489e+00
  3.938211044004e+00
  3.916257874616e+00
  3.877721481879e+00
  3.823515692091e+00
  3.785634652185e+00
  3.764324666980e+00
  3.750321590076e+00
  3.741804979370e+00
  3.732908876708e+00
  3.726568270358e+00
  3.722518969026e+00
  3.718771615360e+00
  3.715048360642e+00
  3.711977288638e+00
  3.709542798850e+00
  3.707092260629e+00
  3.704118016163e+00
  3.701359509348e+00
  3.686396594424e+00
  3.686467420476e+00
  3.684190613998e+00
  3.670138250438e+00
  3.667231053526e+00
  3.664598367348e+00
  3.661733457295e+00
  3.658258646935e+00
  3.655135081000e+00
  3.650754245827e+00
  3.645117219680e+00
  3.635018018784e+00
  3.596425009683e+00
  3.560690546082e+00
  3.552535426771e+00
  3.546760849719e+00
  3.542939541508e+00
  3.539244201479e+00
  3.536087898659e+00
  3.533270511784e+00
  3.529858187947e+00
  3.526905172453e+00
  3.524801738714e+00
  3.522304996390e+00
  3.519410428365e+00
  3.516890393649e+00
  3.514751941110e+00
  3.500051943874e+00
  3.499963075390e+00
  3.499837046159e+00
  3.500659472256e+00
  3.485480360190e+00
  3.483025648653e+00
  3.480071717318e+00
  3.476662209586e+00
  3.472337966821e+00
  3.468600665902e+00
  3.463287421686e+00
  3.449880651379e+00
  3.433726334758e+00
  3.422476291651e+00
  3.414329188452e+00
  3.405332273594e+00
  3.390722440886e+00
  3.366152195186e+00
  3.317928192734e+00
  3.252722203212e+00
  3.204456501746e+00
  3.172811291655e+00
  3.131054676982e+00
  3.099963916420e+00
  3.092319019710e+00
  3.087716784736e+00
  3.083267017399e+00
  3.078495477690e+00
  3.074540071864e+00
  3.071952185679e+00
  3.069362999750e+00
  3.066512032687e+00
  3.064268121009e+00
  3.050677328169e+00
  3.049780964731e+00
  3.049572885820e+00
  3.035382236579e+00
  3.033375011906e+00
  3.031462334990e+00
  3.028547390558e+00
  3.024669811920e+00
  3.020500134412e+00
  3.016306454323e+00
  3.012118052136e+00
  3.005885222677e+00
  2.999010626394e+00
  2.990594281924e+00
  2.979722689128e+00
  2.967154783410e+00
  2.937971489337e+00
  2.887527066957e+00
  2.830778602824e+00
  2.775145244164e+00
  2.731750065630e+00
  2.710749966929e+00
  2.699545693455e+00
  2.688970782988e+00
  2.680408944632e+00
  2.673691702492e+00
  2.669291113690e+00
  2.665875434838e+00
  2.662374918298e+00
  2.659638129636e+00
  2.656982496862e+00
  2.653916543879e+00
  2.650256982168e+00
  2.646005246499e+00
  2.642327658142e+00
  2.631319277703e+00
  2.617764727348e+00
  2.611579062553e+00
  2.606775478689e+00
  2.599425423004e+00
  2.591830498432e+00
  2.585372222502e+00
  2.576267169211e+00
  2.554179902640e+00
  2.521872833554e+00
  2.499688163902e+00
  2.490720819587e+00
  2.482348023207e+00
  2.463699396926e+00
  2.455440507255e+00
  2.432500542448e+00
  2.417831799662e+00
  2.400414023411e+00
  2.367688253117e+00
  2.334370027062e+00
  2.311346724660e+00
  2.275538079423e+00
  2.230817313462e+00
  2.186974511031e+00
  2.143994072285e+00
  2.101858589476e+00
  2.060550088573e+00
  2.029441925794e+00
  2.013966860175e+00
  2.006562261219e+00
  2.001974347101e+00
  1.997177588632e+00
  1.992403364452e+00
  1.975641525377e+00
  1.975462661664e+00
  1.958711152392e+00
  1.953868385862e+00
  1.948354955202e+00
  1.941810163201e+00
  1.929991116251e+00
  1.903279884159e+00
  1.865874242315e+00
  8.043829216636e-01
