1266
  3.081793886077e-05
  2.995797290273e-05
  2.886287009519e-05
  2.785908710606e-05
  2.697751385226e-05
  2.617061553125e-05
  2.552334788459e-05
  2.527575619125e-05
  2.545745702612e-05
  2.573225071643e-05
  2.586512481058e-05
  2.596125812423e-05
  2.605098030552e-05
  2.613287418941e-05
  2.620962478993e-05
  2.628619429080e-05
  2.636396941190e-05
  2.644675133095e-05
  2.654023295950e-05
  2.662928085936e-05
  2.666117489881e-05
  2.649812332923e-05
  2.599886585090e-05
  2.550097724478e-05
  2.490391152583e-05
  2.407275384295e-05
  2.313131930594e-05
  2.297530707707e-05
  2.288460198196e-05
  2.256076466563e-05
  2.197829704020e-05
  2.136013837000e-05
  2.087390554161e-05
  2.073421991693e-05
  2.112350857436e-05
  2.182162062259e-05
  2.269855763640e-05
  2.357251486408e-05
  2.435487802354e-05
  2.515149709257e-05
  2.602706195152e-05
  2.689801569573e-05
  2.773662446839e-05
  2.852475970952e-05
  2.920233017634e-05
  2.985989837687e-05
  3.050426753754e-05
  3.112288553584e-05
  3.144651863667e-05
  3.164657188167e-05
  3.184139029446e-05
  3.203182797932e-05
  3.223099956837e-05
  3.244672975816e-05
  3.266457344048e-05
  3.287662755331e-05
  3.308320269755e-05
  3.328435801247e-05
  3.348686336311e-05
  3.374364565800e-05
  3.400783937327e-05
  3.423855771419e-05
  3.440973672691e-05
  3.457490945845e-05
  3.469216969953e-05
  3.476551245375e-05
  3.483913072544e-05
  3.492704835448e-05
  3.502871430602e-05
  3.512773528975e-05
  3.521824278313e-05
  3.529012529471e-05
  3.535919752786e-05
  3.542501865478e-05
  3.537652757758e-05
  3.525860609456e-05
  3.514377040727e-05
  3.503202051582e-05
  3.492784735519e-05
  3.482981823445e-05
  3.472928190462e-05
  3.462582508944e-05
  3.451151288543e-05
  3.436270589242e-05
  3.421505607283e-05
  3.406120710983e-05
  3.390771631962e-05
  3.376475029730e-05
  3.364569919251e-05
  3.353119412622e-05
  3.341900340685e-05
  3.330816272309e-05
  3.319498014073e-05
  3.308871304724e-05
  3.299357686006e-05
  3.290103053723e-05
  3.283697272228e-05
  3.288488521267e-05
  3.294390105770e-05
  3.300140155662e-05
  3.256862674259e-05
  3.105429194668e-05
  3.071548809685e-05
  3.078450522654e-05
  3.067691564912e-05
  3.075582385649e-05
  3.100301814297e-05
  3.132947880955e-05
  3.202091748691e-05
  3.301958571052e-05
  3.344484694681e-05
  3.380795143870e-05
  3.399579925922e-05
  3.400739854529e-05
  3.476013986282e-05
  3.556757140092e-05
  3.637354269631e-05
  3.708030014580e-05
  3.770911369913e-05
  3.852445258898e-05
  3.929499233600e-05
  4.002412180515e-05
  4.051035506061e-05
  4.085340496832e-05
  4.145805254970e-05
  4.209347852263e-05
  4.279144889251e-05
  4.345034702692e-05
  4.344089677727e-05
  4.390103852697e-05
  4.482763137683e-05
  4.555031373686e-05
  4.622690202188e-05
  4.690528117053e-05
  4.754379293931e-05
  4.817329528630e-05
  4.882153282226e-05
  4.927139776982e-05
  4.955920333342e-05
  4.991839547710e-05
  5.020476834978e-05
  5.033174060939e-05
  5.039927734806e-05
  5.048679114233e-05
  5.070711422981e-05
  5.121460786972e-05
  5.175082879101e-05
  5.220193158797e-05
  5.268635559340e-05
  5.306349453025e-05
  5.357916414224e-05
  5.412737418539e-05
  5.448953045223e-05
  5.489016726836e-05
  5.533188582063e-05
  5.571273349155e-05
  5.605216527965e-05
  5.632339269640e-05
  5.656404708666e-05
  5.674349765393e-05
  5.688958736410e-05
  5.712755932312e-05
  5.762932965896e-05
  5.988251699338e-05
  5.709991275000e-05
  5.979447490725e-05
  6.363246024870e-05
  6.602407467701e-05
  5.998466139423e-05
  5.879885460248e-05
  6.351603442034e-05
  6.253480702072e-05
  6.469296372155e-05
  6.752324292951e-05
  6.726806644554e-05
  6.596113969347e-05
  6.335517965882e-05
  6.170120330373e-05
  6.364044073400e-05
  6.525235893805e-05
  6.466053218889e-05
  6.492440802389e-05
  6.989778070262e-05
  7.336170169320e-05
  7.226135774530e-05
  7.045307631417e-05
  7.088165107770e-05
  7.223319291442e-05
  7.619728156611e-05
  7.881724256702e-05
  7.036442089507e-05
  7.015920794591e-05
  7.222679981129e-05
  7.191688862274e-05
  7.452417767439e-05
  7.826881680959e-05
  7.815068967880e-05
  7.617041801244e-05
  7.812978233475e-05
  7.520419735578e-05
  1.005915891147e-04
  2.062290028452e-04
  3.675195477199e-04
  4.795717512284e-04
  3.338161537536e-04
  2.383431409715e-03
  8.403901248794e-03
  2.469827830937e-02
  6.527733101468e-02
  1.685161061065e-01
  4.326731705037e-01
  1.590727287323e-04
  1.546338487611e-04
  1.489812646404e-04
  1.438000453558e-04
  1.392496351648e-04
  1.350846740260e-04
  1.317436773669e-04
  1.304656851414e-04
  1.314035690066e-04
  1.328219695801e-04
  1.335078248162e-04
  1.340040354354e-04
  1.344671537598e-04
  1.348898648189e-04
  1.352860278301e-04
  1.356812560605e-04
  1.360827073320e-04
  1.365100021557e-04
  1.369925255914e-04
  1.374521634823e-04
  1.376167907115e-04
  1.367751686220e-04
  1.341981549620e-04
  1.316282069996e-04
  1.285463372622e-04
  1.242561567534e-04
  1.193967610163e-04
  1.185914738401e-04
  1.181232820167e-04
  1.164517333188e-04
  1.134452144535e-04
  1.102544693844e-04
  1.077446849644e-04
  1.070236707011e-04
  1.090330591057e-04
  1.126364989391e-04
  1.171629782842e-04
  1.216740768892e-04
  1.257123950648e-04
  1.298242978641e-04
  1.343436945676e-04
  1.388392901140e-04
  1.431679308582e-04
  1.472360427453e-04
  1.507334532487e-04
  1.541276182011e-04
  1.574536537664e-04
  1.606467697459e-04
  1.623172643461e-04
  1.633498777119e-04
  1.643554704827e-04
  1.653384512824e-04
  1.663665138111e-04
  1.674800467477e-04
  1.686044888832e-04
  1.696990470403e-04
  1.707653244456e-04
  1.718036263576e-04
  1.728488967391e-04
  1.741743280251e-04
  1.755380147853e-04
  1.767289119516e-04
  1.776124854047e-04
  1.784650562802e-04
  1.790703176056e-04
  1.794488903615e-04
  1.798288852540e-04
  1.802826890343e-04
  1.808074574298e-04
  1.813185733145e-04
  1.817857451785e-04
  1.821567806107e-04
  1.825133102494e-04
  1.828530586769e-04
  1.826027626398e-04
  1.819940881867e-04
  1.814013416628e-04
  1.808245230687e-04
  1.802868132303e-04
  1.797808170376e-04
  1.792618794021e-04
  1.787278671189e-04
  1.781378226548e-04
  1.773697266916e-04
  1.766076037020e-04
  1.758134826393e-04
  1.750212103545e-04
  1.742832636868e-04
  1.736687584734e-04
  1.730777185135e-04
  1.724986245011e-04
  1.719264989576e-04
  1.713422852533e-04
  1.707937671771e-04
  1.703027034183e-04
  1.698250077433e-04
  1.694943609902e-04
  1.697416705400e-04
  1.700462921940e-04
  1.703430920971e-04
  1.681092415172e-04
  1.602927107204e-04
  1.585439093764e-04
  1.589001545880e-04
  1.583448102562e-04
  1.587521101708e-04
  1.600280511043e-04
  1.617131407298e-04
  1.652821346738e-04
  1.704369531107e-04
  1.726320209115e-04
  1.745062547012e-04
  1.754758674171e-04
  1.755357393668e-04
  1.794211586984e-04
  1.835888721399e-04
  1.877490482574e-04
  1.913971129949e-04
  1.946428552960e-04
  1.988513840570e-04
  2.028286734114e-04
  2.065922156385e-04
  2.091020022630e-04
  2.108727204528e-04
  2.139937254338e-04
  2.172735990126e-04
  2.208763075459e-04
  2.242773372082e-04
  2.242285579240e-04
  2.266036682147e-04
  2.313864557242e-04
  2.351167199556e-04
  2.386090607384e-04
  2.421106454089e-04
  2.454064469174e-04
  2.486557445597e-04
  2.520017474893e-04
  2.543238120859e-04
  2.558093759502e-04
  2.576634154008e-04
  2.591415841551e-04
  2.597969759352e-04
  2.601455798233e-04
  2.605972991325e-04
  2.617345391955e-04
  2.643540653902e-04
  2.671218729823e-04
  2.694503269771e-04
  2.719507748090e-04
  2.738974500901e-04
  2.765591781400e-04
  2.793888698944e-04
  2.812582092377e-04
  2.833261733498e-04
  2.856061887577e-04
  2.875720073843e-04
  2.893240499526e-04
  2.907240425181e-04
  2.919662265172e-04
  2.928924951927e-04
  2.936465653770e-04
  2.948749034905e-04
  2.974648877487e-04
  3.090951482684e-04
  2.947322003770e-04
  3.086407020789e-04
  3.284512028348e-04
  3.407959814687e-04
  3.096223862722e-04
  3.035016160622e-04
  3.278502484915e-04
  3.227854542277e-04
  3.339251958237e-04
  3.485342272297e-04
  3.472170846461e-04
  3.404711304262e-04
  3.270199656501e-04
  3.184826480426e-04
  3.284923956472e-04
  3.368126220053e-04
  3.337577942198e-04
  3.351198401798e-04
  3.607908614178e-04
  3.786705569605e-04
  3.729909196841e-04
  3.636571266986e-04
  3.658692979086e-04
  3.728455414833e-04
  3.933069487698e-04
  4.068303822308e-04
  3.631995146728e-04
  3.621402684999e-04
  3.728125422498e-04
  3.712128759435e-04
  3.846709006970e-04
  4.039995770256e-04
  4.033898410819e-04
  3.931682873621e-04
  4.032819237977e-04
  3.881809532933e-04
  5.192228669245e-04
  1.064490729719e-03
  1.897022950899e-03
  2.475401986988e-03
  1.723056389735e-03
  1.230254040683e-02
  4.337835536900e-02
  1.274849217987e-01
  3.369415201899e-01
  8.698283475351e-01
  2.233325927221e+00
  1.518646416359e-04
  1.476269013176e-04
  1.422304536132e-04
  1.372840117173e-04
  1.329397949652e-04
  1.289635613530e-04
  1.257739557909e-04
  1.245538734243e-04
  1.254492588132e-04
  1.268033871827e-04
  1.274581641547e-04
  1.279318899056e-04
  1.283740228779e-04
  1.287775795656e-04
  1.291557911811e-04
  1.295331103738e-04
  1.299163706219e-04
  1.303243033693e-04
  1.307849621462e-04
  1.312237723943e-04
  1.313809398446e-04
  1.305774543067e-04
  1.281172132642e-04
  1.256637177502e-04
  1.227214972516e-04
  1.186257183540e-04
  1.139865171656e-04
  1.132177200914e-04
  1.127707435164e-04
  1.111749379625e-04
  1.083046539503e-04
  1.052584916048e-04
  1.028624334334e-04
  1.021740906006e-04
  1.040924272785e-04
  1.075325838868e-04
  1.118539541751e-04
  1.161606406731e-04
  1.200159699142e-04
  1.239415494276e-04
  1.282561580111e-04
  1.325480439430e-04
  1.366805403214e-04
  1.405643132270e-04
  1.439032450288e-04
  1.471436096611e-04
  1.503189320637e-04
  1.533673578863e-04
  1.549621571069e-04
  1.559479795040e-04
  1.569080056945e-04
  1.578464445335e-04
  1.588279223063e-04
  1.598909975532e-04
  1.609644876687e-04
  1.620094479432e-04
  1.630274089559e-04
  1.640186621332e-04
  1.650165680166e-04
  1.662819398303e-04
  1.675838336420e-04
  1.687207675013e-04
  1.695643034542e-04
  1.703782416541e-04
  1.709560766797e-04
  1.713174951099e-04
  1.716802712352e-04
  1.721135117347e-04
  1.726145012190e-04
  1.731024568308e-04
  1.735484596641e-04
  1.739026823105e-04
  1.742430564666e-04
  1.745674098213e-04
  1.743284554871e-04
  1.737473619934e-04
  1.731814746842e-04
  1.726307935600e-04
  1.721174490505e-04
  1.716343811413e-04
  1.711389582069e-04
  1.706291437047e-04
  1.700658360164e-04
  1.693325449041e-04
  1.686049561111e-04
  1.678468191786e-04
  1.670904472501e-04
  1.663859392736e-04
  1.657992792297e-04
  1.652350211547e-04
  1.646821677186e-04
  1.641359669881e-04
  1.635782258495e-04
  1.630545628575e-04
  1.625857507466e-04
  1.621297009694e-04
  1.618140368636e-04
  1.620501400377e-04
  1.623409583236e-04
  1.626243092869e-04
  1.604916815230e-04
  1.530293423920e-04
  1.513597847531e-04
  1.516998873704e-04
  1.511697074420e-04
  1.515585513127e-04
  1.527766753379e-04
  1.543854082373e-04
  1.577926798081e-04
  1.627139171620e-04
  1.648095195169e-04
  1.665988258618e-04
  1.675245023670e-04
  1.675816613299e-04
  1.712910200559e-04
  1.752698812553e-04
  1.792415466706e-04
  1.827243060879e-04
  1.858229735674e-04
  1.898408006154e-04
  1.936378664438e-04
  1.972308707014e-04
  1.996269309773e-04
  2.013174123406e-04
  2.042969947415e-04
  2.074282469029e-04
  2.108677053486e-04
  2.141146236291e-04
  2.140680546882e-04
  2.163355412399e-04
  2.209016055612e-04
  2.244628397540e-04
  2.277969315601e-04
  2.311398483843e-04
  2.342863067306e-04
  2.373883684476e-04
  2.405827534302e-04
  2.427995979556e-04
  2.442178462354e-04
  2.459878733104e-04
  2.473990615758e-04
  2.480247554871e-04
  2.483575630334e-04
  2.487888135159e-04
  2.498745216444e-04
  2.523753488446e-04
  2.550177383444e-04
  2.572406827441e-04
  2.596278273976e-04
  2.614862926814e-04
  2.640274094375e-04
  2.667288789329e-04
  2.685135126143e-04
  2.704877707495e-04
  2.726644714675e-04
  2.745412126514e-04
  2.762138646445e-04
  2.775504191309e-04
  2.787363158549e-04
  2.796206123750e-04
  2.803405132607e-04
  2.815131914998e-04
  2.839858154017e-04
  2.950890721323e-04
  2.813769547145e-04
  2.946552183332e-04
  3.135680428123e-04
  3.253534405875e-04
  2.955924193192e-04
  2.897490005139e-04
  3.129943196058e-04
  3.081590271458e-04
  3.187939919124e-04
  3.327410420247e-04
  3.314835833261e-04
  3.250433095705e-04
  3.122016594988e-04
  3.040511946811e-04
  3.136073690484e-04
  3.215505797060e-04
  3.186341758032e-04
  3.199345031645e-04
  3.444422894570e-04
  3.615117995974e-04
  3.560895246010e-04
  3.471786752170e-04
  3.492906059717e-04
  3.559507339451e-04
  3.754849703268e-04
  3.883956143611e-04
  3.467417990355e-04
  3.457305506479e-04
  3.559192300110e-04
  3.543920496307e-04
  3.672402488325e-04
  3.856930818688e-04
  3.851109749841e-04
  3.753525921048e-04
  3.850079477724e-04
  3.705912498740e-04
  4.956952410577e-04
  1.016255297070e-03
  1.811062857281e-03
  2.363233714884e-03
  1.644979269739e-03
  1.174507349552e-02
  4.141274526040e-02
  1.217081778708e-01
  3.216736371073e-01
  8.304136814392e-01
  2.132126884957e+00
  3.404930441278e-04
  3.309916810346e-04
  3.188924004741e-04
  3.078020700287e-04
  2.980619779945e-04
  2.891469344913e-04
  2.819955759150e-04
  2.792600506826e-04
  2.812675785275e-04
  2.843036459473e-04
  2.857717098891e-04
  2.868338420697e-04
  2.878251406369e-04
  2.887299479943e-04
  2.895779296107e-04
  2.904239103414e-04
  2.912832114083e-04
  2.921978302523e-04
  2.932306652002e-04
  2.942145139459e-04
  2.945668963240e-04
  2.927654155200e-04
  2.872493523151e-04
  2.817484131413e-04
  2.751517122682e-04
  2.659686383815e-04
  2.555671669269e-04
  2.538434605177e-04
  2.528413021940e-04
  2.492633746065e-04
  2.428279612654e-04
  2.359982142041e-04
  2.306260542864e-04
  2.290827329182e-04
  2.333838018706e-04
  2.410969165445e-04
  2.507857849236e-04
  2.604417310347e-04
  2.690856969722e-04
  2.778871698108e-04
  2.875608778904e-04
  2.971836399123e-04
  3.064490374175e-04
  3.151567763953e-04
  3.226429367093e-04
  3.299081013049e-04
  3.370274358603e-04
  3.438622578238e-04
  3.474379291293e-04
  3.496482242009e-04
  3.518006820509e-04
  3.539047392796e-04
  3.561052933454e-04
  3.584887956739e-04
  3.608956489963e-04
  3.632385360635e-04
  3.655208885603e-04
  3.677433598887e-04
  3.699807471327e-04
  3.728178150385e-04
  3.757367682740e-04
  3.782858676993e-04
  3.801771448349e-04
  3.820020613688e-04
  3.832976151247e-04
  3.841079450355e-04
  3.849213190105e-04
  3.858926799208e-04
  3.870159396391e-04
  3.881099763407e-04
  3.891099514551e-04
  3.899041478255e-04
  3.906672947393e-04
  3.913945216955e-04
  3.908587663822e-04
  3.895559068723e-04
  3.882871408812e-04
  3.870524684104e-04
  3.859015077072e-04
  3.848184296375e-04
  3.837076505830e-04
  3.825646044469e-04
  3.813016221787e-04
  3.796575230627e-04
  3.780262090166e-04
  3.763264035240e-04
  3.746305553155e-04
  3.730509903625e-04
  3.717356501882e-04
  3.704705370744e-04
  3.692309941013e-04
  3.680063670425e-04
  3.667558654374e-04
  3.655817698460e-04
  3.645306544510e-04
  3.635081532602e-04
  3.628004083161e-04
  3.633297710934e-04
  3.639818096615e-04
  3.646171058767e-04
  3.598355786461e-04
  3.431043992244e-04
  3.393611133832e-04
  3.401236514845e-04
  3.389349443845e-04
  3.398067643935e-04
  3.425378988627e-04
  3.461448106245e-04
  3.537841943338e-04
  3.648180141185e-04
  3.695165273302e-04
  3.735282996405e-04
  3.756037426651e-04
  3.757318977712e-04
  3.840485857822e-04
  3.929695205525e-04
  4.018743217816e-04
  4.096829554649e-04
  4.166304233643e-04
  4.256387227790e-04
  4.341520573427e-04
  4.422078690449e-04
  4.475800336811e-04
  4.513702322370e-04
  4.580507015746e-04
  4.650712270166e-04
  4.727827763523e-04
  4.800626347675e-04
  4.799582233633e-04
  4.850421151120e-04
  4.952796076822e-04
  5.032641882804e-04
  5.107394969253e-04
  5.182345919880e-04
  5.252892109502e-04
  5.322442890099e-04
  5.394063634411e-04
  5.443767115923e-04
  5.475565411360e-04
  5.515250877342e-04
  5.546890881437e-04
  5.560919454662e-04
  5.568381274170e-04
  5.578050265451e-04
  5.602392736596e-04
  5.658463343754e-04
  5.717707894351e-04
  5.767548140076e-04
  5.821069890833e-04
  5.862738214353e-04
  5.919712146563e-04
  5.980281319361e-04
  6.020294277497e-04
  6.064558772189e-04
  6.113362196451e-04
  6.155440280715e-04
  6.192942517099e-04
  6.222909170352e-04
  6.249497952389e-04
  6.269324609259e-04
  6.285465380501e-04
  6.311757793212e-04
  6.367196059177e-04
  6.616140227037e-04
  6.308703252192e-04
  6.606412867251e-04
  7.030453981139e-04
  7.294692313480e-04
  6.627425685855e-04
  6.496411419750e-04
  7.017590633954e-04
  6.909179391466e-04
  7.147624067500e-04
  7.460328426998e-04
  7.432135166505e-04
  7.287738920450e-04
  6.999818540998e-04
  6.817078401690e-04
  7.031335707768e-04
  7.209429037974e-04
  7.144040858601e-04
  7.173195269847e-04
  7.722680039290e-04
  8.105392526335e-04
  7.983820651557e-04
  7.784032063519e-04
  7.831383291818e-04
  7.980708850653e-04
  8.418682531600e-04
  8.708149812564e-04
  7.774236939431e-04
  7.751563917050e-04
  7.980002506482e-04
  7.945761863564e-04
  8.233829079911e-04
  8.647556806501e-04
  8.634505490338e-04
  8.415714502750e-04
  8.632195535330e-04
  8.308961285355e-04
  1.111389588579e-03
  2.278528141789e-03
  4.060552204513e-03
  5.298564780441e-03
  3.688179111656e-03
  2.633342287523e-02
  9.285078835671e-02
  2.728797666926e-01
  7.212188086342e-01
  1.861855921383e+00
  4.780404218556e+00
  1.395973549780e-04
  1.357019298603e-04
  1.307413951518e-04
  1.261945157876e-04
  1.222012151647e-04
  1.185461728253e-04
  1.156142164785e-04
  1.144926896411e-04
  1.153157477976e-04
  1.165604927011e-04
  1.171623782513e-04
  1.175978374938e-04
  1.180042559518e-04
  1.183752142314e-04
  1.187228747571e-04
  1.190697149478e-04
  1.194220162889e-04
  1.197969971399e-04
  1.202204449293e-04
  1.206238090654e-04
  1.207682808800e-04
  1.200296991097e-04
  1.177681908452e-04
  1.155128832206e-04
  1.128083287243e-04
  1.090433977007e-04
  1.047789408256e-04
  1.040722454624e-04
  1.036613746571e-04
  1.021944747126e-04
  9.955604583399e-05
  9.675594568108e-05
  9.455343573863e-05
  9.392069570295e-05
  9.568407342737e-05
  9.884634186628e-05
  1.028186415117e-04
  1.067774434907e-04
  1.103213478441e-04
  1.139298278097e-04
  1.178959119458e-04
  1.218411089153e-04
  1.256397914636e-04
  1.292098418658e-04
  1.322790622120e-04
  1.352576774246e-04
  1.381765043736e-04
  1.409786851650e-04
  1.424446600656e-04
  1.433508499306e-04
  1.442333273490e-04
  1.450959611940e-04
  1.459981573838e-04
  1.469753597860e-04
  1.479621357669e-04
  1.489226864837e-04
  1.498584188788e-04
  1.507696008377e-04
  1.516868981121e-04
  1.528500560161e-04
  1.540467857526e-04
  1.550918806334e-04
  1.558672776355e-04
  1.566154677250e-04
  1.571466265275e-04
  1.574788503839e-04
  1.578123222638e-04
  1.582105665632e-04
  1.586710872356e-04
  1.591196268825e-04
  1.595296026028e-04
  1.598552119348e-04
  1.601680914266e-04
  1.604662442415e-04
  1.602465921049e-04
  1.597124380461e-04
  1.591922618502e-04
  1.586860635176e-04
  1.582141858314e-04
  1.577701390693e-04
  1.573147352933e-04
  1.568461024682e-04
  1.563282975172e-04
  1.556542400236e-04
  1.549854242287e-04
  1.542885279048e-04
  1.535932540118e-04
  1.529456546166e-04
  1.524063836611e-04
  1.518877050934e-04
  1.513795099235e-04
  1.508774300684e-04
  1.503647420136e-04
  1.498833793489e-04
  1.494524368335e-04
  1.490332257389e-04
  1.487430602748e-04
  1.489600915617e-04
  1.492274181958e-04
  1.494878807010e-04
  1.475275218459e-04
  1.406679738076e-04
  1.391332793068e-04
  1.394459091941e-04
  1.389585560165e-04
  1.393159899476e-04
  1.404357166339e-04
  1.419144996818e-04
  1.450465394631e-04
  1.495702502520e-04
  1.514965745279e-04
  1.531413447015e-04
  1.539922471256e-04
  1.540447889150e-04
  1.574545139257e-04
  1.611119716016e-04
  1.647628147529e-04
  1.679642446410e-04
  1.708126086804e-04
  1.745058846307e-04
  1.779962319598e-04
  1.812990013562e-04
  1.835015132332e-04
  1.850554412865e-04
  1.877943396741e-04
  1.906726562775e-04
  1.938342829498e-04
  1.968189224216e-04
  1.967761152157e-04
  1.988604392668e-04
  2.030576671076e-04
  2.063312327541e-04
  2.093960040687e-04
  2.124688875361e-04
  2.153611820028e-04
  2.182126661008e-04
  2.211490157972e-04
  2.231867885717e-04
  2.244904739222e-04
  2.261175221623e-04
  2.274147177906e-04
  2.279898695448e-04
  2.282957936407e-04
  2.286922086722e-04
  2.296902157223e-04
  2.319890316852e-04
  2.344179748613e-04
  2.364613547760e-04
  2.386556712145e-04
  2.403640138225e-04
  2.426998648410e-04
  2.451831156625e-04
  2.468235906200e-04
  2.486383725913e-04
  2.506392442855e-04
  2.523643865071e-04
  2.539019254070e-04
  2.551305160064e-04
  2.562206186409e-04
  2.570334836627e-04
  2.576952325623e-04
  2.587731844716e-04
  2.610460753358e-04
  2.712524357798e-04
  2.586479525897e-04
  2.708536277218e-04
  2.882387164693e-04
  2.990721161274e-04
  2.717151237048e-04
  2.663437232231e-04
  2.877113373424e-04
  2.832666290107e-04
  2.930425250700e-04
  3.058629636160e-04
  3.047070796234e-04
  2.987870368015e-04
  2.869827065490e-04
  2.794906180803e-04
  2.882748660199e-04
  2.955764418567e-04
  2.928956185492e-04
  2.940909083697e-04
  3.166190104081e-04
  3.323096836333e-04
  3.273254079039e-04
  3.191343570364e-04
  3.210756907404e-04
  3.271978284473e-04
  3.451541328313e-04
  3.570218838683e-04
  3.187327707373e-04
  3.178032087365e-04
  3.271688693306e-04
  3.257650511715e-04
  3.375754015300e-04
  3.545376559164e-04
  3.540025703260e-04
  3.450324478266e-04
  3.539078654224e-04
  3.406557161897e-04
  4.556540863061e-04
  9.341644633340e-04
  1.664769243530e-03
  2.172336972180e-03
  1.512101517348e-03
  1.079633268373e-02
  3.806751616737e-02
  1.118768630204e-01
  2.956895589558e-01
  7.633347184549e-01
  1.959898435944e+00
  5.847684241503e-05
  5.684506249496e-05
  5.476711190280e-05
  5.286244008359e-05
  5.118966045766e-05
  4.965857604037e-05
  4.843038980945e-05
  4.796058615061e-05
  4.830536232580e-05
  4.882678160038e-05
  4.907890934648e-05
  4.926132169594e-05
  4.943156896265e-05
  4.958696208496e-05
  4.973259585990e-05
  4.987788599939e-05
  5.002546379559e-05
  5.018254195896e-05
  5.035992275286e-05
  5.052889057484e-05
  5.058940931128e-05
  5.028001999802e-05
  4.933268211742e-05
  4.838794166310e-05
  4.725501326980e-05
  4.567789686810e-05
  4.389153083910e-05
  4.359549862994e-05
  4.342338629055e-05
  4.280890704842e-05
  4.170367844446e-05
  4.053072631070e-05
  3.960810262028e-05
  3.934305003844e-05
  4.008172278281e-05
  4.140638594140e-05
  4.307036833153e-05
  4.472869659650e-05
  4.621322570124e-05
  4.772480530346e-05
  4.938618403849e-05
  5.103881321273e-05
  5.263006800976e-05
  5.412554960265e-05
  5.541123524153e-05
  5.665896670772e-05
  5.788165307995e-05
  5.905547678586e-05
  5.966956853037e-05
  6.004916828672e-05
  6.041883498233e-05
  6.078018927464e-05
  6.115811609443e-05
  6.156746275353e-05
  6.198081975120e-05
  6.238319107769e-05
  6.277516609625e-05
  6.315685702323e-05
  6.354110963438e-05
  6.402835240105e-05
  6.452965829060e-05
  6.496744487085e-05
  6.529225595562e-05
  6.560567016015e-05
  6.582817071966e-05
  6.596733812797e-05
  6.610702832893e-05
  6.627385146925e-05
  6.646676196381e-05
  6.665465364883e-05
  6.682639104022e-05
  6.696278764743e-05
  6.709385176925e-05
  6.721874693775e-05
  6.712673542806e-05
  6.690298016620e-05
  6.668508018205e-05
  6.647303547582e-05
  6.627536756799e-05
  6.608935793667e-05
  6.589859089209e-05
  6.570228224519e-05
  6.548537556723e-05
  6.520301524715e-05
  6.492285065629e-05
  6.463092323033e-05
  6.433967543494e-05
  6.406839831949e-05
  6.384249960754e-05
  6.362522697462e-05
  6.341234580024e-05
  6.320202630980e-05
  6.298726308171e-05
  6.278562194964e-05
  6.260510164130e-05
  6.242949558403e-05
  6.230794628875e-05
  6.239885993367e-05
  6.251084212317e-05
  6.261994895311e-05
  6.179876150395e-05
  5.892532088796e-05
  5.828244274396e-05
  5.841340230732e-05
  5.820925177043e-05
  5.835897959060e-05
  5.882802917246e-05
  5.944748620495e-05
  6.075948668489e-05
  6.265445326913e-05
  6.346138375245e-05
  6.415037220976e-05
  6.450681225098e-05
  6.452882182232e-05
  6.595714367096e-05
  6.748923986426e-05
  6.901856525635e-05
  7.035963300869e-05
  7.155280271522e-05
  7.309990305803e-05
  7.456199731310e-05
  7.594551583002e-05
  7.686814033080e-05
  7.751907534254e-05
  7.866639027144e-05
  7.987210700199e-05
  8.119650132681e-05
  8.244675633404e-05
  8.242882454562e-05
  8.330194058064e-05
  8.506014460294e-05
  8.643142977145e-05
  8.771525172662e-05
  8.900247183412e-05
  9.021404384261e-05
  9.140852053073e-05
  9.263854712040e-05
  9.349216298892e-05
  9.403827221007e-05
  9.471983701158e-05
  9.526322771086e-05
  9.550415676358e-05
  9.563230729442e-05
  9.579836416083e-05
  9.621642581399e-05
  9.717939175864e-05
  9.819686753649e-05
  9.905283221635e-05
  9.997202367673e-05
  1.006876424038e-04
  1.016661222034e-04
  1.027063472634e-04
  1.033935364698e-04
  1.041537422729e-04
  1.049919004083e-04
  1.057145564346e-04
  1.063586260875e-04
  1.068732783807e-04
  1.073299185512e-04
  1.076704248580e-04
  1.079476291512e-04
  1.083991794255e-04
  1.093512854372e-04
  1.136266940322e-04
  1.083467202294e-04
  1.134596347354e-04
  1.207421874401e-04
  1.252802605628e-04
  1.138205123813e-04
  1.115704515577e-04
  1.205212701734e-04
  1.186593974414e-04
  1.227544860153e-04
  1.281249227594e-04
  1.276407270087e-04
  1.251608418329e-04
  1.202160492894e-04
  1.170776397056e-04
  1.207573303600e-04
  1.238159348705e-04
  1.226929473890e-04
  1.231936501028e-04
  1.326305930378e-04
  1.392033610227e-04
  1.371154654001e-04
  1.336842629188e-04
  1.344974807989e-04
  1.370620228132e-04
  1.445838557447e-04
  1.495552150324e-04
  1.335160398265e-04
  1.331266495644e-04
  1.370498919408e-04
  1.364618374373e-04
  1.414091517821e-04
  1.485145806558e-04
  1.482904351786e-04
  1.445328823230e-04
  1.482507636267e-04
  1.426994847900e-04
  1.908718987182e-04
  3.913182174600e-04
  6.973659975625e-04
  9.099843389909e-04
  6.334140224895e-04
  4.522545897135e-03
  1.594634901501e-02
  4.686482555321e-02
  1.238633192266e-01
  3.197582364512e-01
  8.209945812100e-01
