1266
  0.000000000000e+00
  0.000000000000e+00
  0.000000000000e+00
  0.000000000000e+00
  0.000000000000e+00
  0.000000000000e+00
  0.000000000000e+00
  0.000000000000e+00
  0.000000000000e+00
  0.000000000000e+00
  0.000000000000e+00
  0.000000000000e+00
  0.000000000000e+00
  0.000000000000e+00
  0.000000000000e+00
  0.000000000000e+00
  0.000000000000e+00
  0.000000000000e+00
  0.000000000000e+00
  0.000000000000e+00
  0.000000000000e+00
  0.000000000000e+00
  0.000000000000e+00
  0.000000000000e+00
  0.000000000000e+00
  0.000000000000e+00
  0.000000000000e+00
  0.000000000000e+00
  0.000000000000e+00
  0.000000000000e+00
  0.000000000000e+00
  0.000000000000e+00
  0.000000000000e+00
  0.000000000000e+00
  0.000000000000e+00
  0.000000000000e+00
  0.000000000000e+00
  0.000000000000e+00
  0.000000000000e+00
  0.000000000000e+00
  0.000000000000e+00
  0.000000000000e+00
  0.000000000000e+00
  0.000000000000e+00
  0.000000000000e+00
  0.000000000000e+00
  0.000000000000e+00
  0.000000000000e+00
  0.000000000000e+00
  0.000000000000e+00
  0.000000000000e+00
  0.000000000000e+00
  0.000000000000e+00
  0.000000000000e+00
  0.000000000000e+00
  0.000000000000e+00
  0.000000000000e+00
  0.000000000000e+00
  0.000000000000e+00
  0.000000000000e+00
  0.000000000000e+00
  0.000000000000e+00
  0.000000000000e+00
  0.000000000000e+00
  0.000000000000e+00
  0.000000000000e+00
  0.000000000000e+00
  0.000000000000e+00
  0.000000000000e+00
  0.000000000000e+00
  0.000000000000e+00
  0.000000000000e+00
  0.000000000000e+00
  0.000000000000e+00
  0.000000000000e+00
  0.000000000000e+00
  0.000000000000e+00
  3.059551620835e-08
  5.061656999570e-06
  4.770242701676e-05
  2.828302633702e-04
  5.487873655228e-04
  3.518946835654e-04
  4.623142995898e-04
  5.653909277380e-04
  1.302581948777e-03
  1.978578166783e-03
  2.418455019407e-03
  3.077836249091e-03
  2.555403771433e-03
  1.934625359713e-03
  2.719148173412e-03
  4.214933885394e-03
  6.886363492413e-03
  8.857924029726e-03
  8.435912181567e-03
  4.462271974260e-03
  5.447942266633e-03
  6.142521048645e-03
  5.088131290256e-03
  2.803561969151e-02
  3.387012430831e-02
  2.583380595232e-02
  2.823714194651e-02
  2.076038863178e-02
  3.621918914921e-02
  3.514462088527e-02
  4.709581497857e-02
  4.275875028844e-02
  4.048883980608e-02
  5.135755305611e-02
  2.758956445700e-02
  2.838733241432e-02
  2.858406427382e-02
  5.740256370480e-02
  4.400002545833e-02
  2.658734630469e-02
  2.506409194503e-02
  3.247585356126e-02
  2.311534077448e-02
  2.525750452035e-02
  2.573763811997e-02
  7.173835783278e-03
  1.368785957263e-02
  7.826377916419e-03
  4.738589527843e-03
  4.996902392799e-03
  2.376100724753e-03
  8.369217993076e-03
  1.258920507444e-02
  6.069642479561e-03
  7.695714666037e-03
  6.092206185013e-03
  7.149201095873e-03
  3.918146460528e-03
  5.846173528910e-03
  5.436790385878e-03
  5.364791627059e-03
  3.693166407182e-03
  8.338044715751e-03
  4.739092276565e-03
  4.468179271750e-03
  1.540348101878e-03
  1.952627477466e-03
  3.035154025157e-03
  4.264428925825e-03
  1.551210045160e-03
  1.315652844258e-03
  8.426922691624e-04
  7.162889572455e-04
  1.292699508546e-03
  7.660527968511e-04
  5.629520251282e-04
  9.079416263809e-04
  7.363783391547e-04
  7.466938288531e-04
  1.610369572823e-03
  1.952520072057e-03
  2.424897630026e-03
  1.317438744834e-03
  1.792849362993e-03
  2.632531424180e-03
  1.000513948407e-03
  1.831333349442e-03
  2.405631784802e-03
  6.812670813183e-04
  9.107021739121e-04
  1.112151016168e-03
  2.072545902167e-03
  2.241996787801e-03
  8.938472373356e-04
  4.398162942553e-04
  5.431765755179e-04
  7.483717527146e-04
  9.125746272509e-04
  1.182129067905e-03
  7.087562959876e-04
  1.307224947491e-03
  1.081120279531e-03
  8.509693413129e-04
  9.355388177646e-04
  5.954393047968e-04
  5.571372791075e-04
  2.749354516405e-04
  5.912233568444e-04
  8.532785576045e-04
  5.692549515846e-04
  5.069506735307e-04
  4.751312498356e-04
  2.897223770512e-04
  1.952278981192e-03
  5.050016652727e-04
  3.851383715393e-04
  5.140685670925e-04
  4.607677759626e-04
  4.391595787364e-04
  4.419135562559e-04
  3.417097371434e-04
  5.680260737412e-04
  1.134124563176e-03
  2.224009238335e-03
  1.319606563047e-04
  7.800906266652e-06
  4.400128233014e-07
  6.687803455744e-08
  1.016486503845e-08
  1.544969676641e-09
  2.348216452423e-10
  3.569087451149e-11
  5.424687281688e-12
  9.722817511085e-13
  0.000000000000e+00
  0.000000000000e+00
  0.000000000000e+00
  0.000000000000e+00
  0.000000000000e+00
  0.000000000000e+00
  0.000000000000e+00
  0.000000000000e+00
  0.000000000000e+00
  0.000000000000e+00
  0.000000000000e+00
  0.000000000000e+00
  0.000000000000e+00
  0.000000000000e+00
  0.000000000000e+00
  0.000000000000e+00
  0.000000000000e+00
  0.000000000000e+00
  0.000000000000e+00
  0.000000000000e+00
  0.000000000000e+00
  0.000000000000e+00
  0.000000000000e+00
  0.000000000000e+00
  0.000000000000e+00
  0.000000000000e+00
  0.000000000000e+00
  0.000000000000e+00
  0.000000000000e+00
  0.000000000000e+00
  0.000000000000e+00
  0.000000000000e+00
  0.000000000000e+00
  0.000000000000e+00
  0.000000000000e+00
  0.000000000000e+00
  0.000000000000e+00
  0.000000000000e+00
  0.000000000000e+00
  0.000000000000e+00
  0.000000000000e+00
  0.000000000000e+00
  0.000000000000e+00
  0.000000000000e+00
  0.000000000000e+00
  0.000000000000e+00
  0.000000000000e+00
  0.000000000000e+00
  0.000000000000e+00
  0.000000000000e+00
  0.000000000000e+00
  0.000000000000e+00
  0.000000000000e+00
  0.000000000000e+00
  0.000000000000e+00
  0.000000000000e+00
  0.000000000000e+00
  0.000000000000e+00
  0.000000000000e+00
  0.000000000000e+00
  0.000000000000e+00
  0.000000000000e+00
  0.000000000000e+00
  0.000000000000e+00
  0.000000000000e+00
  0.000000000000e+00
  0.000000000000e+00
  0.000000000000e+00
  0.000000000000e+00
  0.000000000000e+00
  0.000000000000e+00
  4.188193280748e-09
  4.276126639956e-08
  1.316321888875e-07
  2.966370948086e-07
  5.923971471381e-07
  9.213539324601e-07
  6.321889097416e-05
  2.299343285703e-04
  1.752667124491e-04
  4.281645233849e-04
  7.199424110458e-04
  5.448484728660e-04
  6.698616695356e-04
  7.867687534991e-04
  1.625437857084e-03
  2.459611619896e-03
  2.725477573071e-03
  3.726972313535e-03
  3.180969097587e-03
  2.426965473453e-03
  3.601267134334e-03
  5.340145521818e-03
  8.436901828462e-03
  1.106579902773e-02
  1.039534963790e-02
  5.613830036417e-03
  6.944418807618e-03
  7.803088110090e-03
  6.506174272540e-03
  3.443427158545e-02
  4.176296648887e-02
  3.263018059596e-02
  3.704587475552e-02
  2.751458462310e-02
  4.356363187705e-02
  5.140286865873e-02
  6.286210823421e-02
  5.183873906948e-02
  4.801043868689e-02
  6.797178826557e-02
  3.642806008943e-02
  3.084880704323e-02
  2.518169479462e-02
  3.546579816855e-02
  2.502428869144e-02
  2.081052238383e-02
  1.660702734605e-02
  1.499397312069e-02
  1.499220221210e-02
  1.651981009801e-02
  1.545907459135e-02
  4.945511270990e-03
  1.033365007582e-02
  8.494550437149e-03
  5.432405985483e-03
  9.321249305485e-03
  4.432391613918e-03
  1.450036555582e-02
  1.266722059729e-02
  5.468752777470e-03
  5.124690695286e-03
  4.056889816767e-03
  4.748317832473e-03
  2.571951973334e-03
  3.837548952699e-03
  3.469284084182e-03
  2.388152137845e-03
  1.644023542734e-03
  3.711704314447e-03
  2.109620867799e-03
  2.781060306206e-03
  1.053991665381e-03
  1.336095743507e-03
  2.076820320263e-03
  2.917958181104e-03
  1.157675042859e-03
  1.715489665693e-03
  1.098792885658e-03
  9.339744232070e-04
  1.685560757116e-03
  9.988616207545e-04
  7.340371831937e-04
  1.183871761583e-03
  9.601689282945e-04
  9.736195324429e-04
  8.728398916430e-04
  8.899169845378e-04
  1.105216856568e-03
  6.004603153110e-04
  8.171426028586e-04
  1.199851444561e-03
  4.560129464135e-04
  8.346828990314e-04
  1.096435917007e-03
  3.105070169065e-04
  4.150786157242e-04
  5.068946920151e-04
  9.446220111030e-04
  1.028439114657e-03
  4.541283122877e-04
  2.234531351771e-04
  2.759663856579e-04
  3.802179480890e-04
  4.636429060726e-04
  6.005925800463e-04
  3.600909632163e-04
  6.641488291068e-04
  5.492743054772e-04
  4.323437569750e-04
  4.753101499301e-04
  3.025190016669e-04
  2.830592619463e-04
  1.396837908136e-04
  3.003771430684e-04
  4.335169285748e-04
  2.892157703178e-04
  2.575614433661e-04
  2.413952615771e-04
  1.471964277787e-04
  9.918753863678e-04
  2.565712287600e-04
  1.956735008790e-04
  2.611778600700e-04
  2.340978453467e-04
  2.231194849306e-04
  2.245186687392e-04
  1.736091420090e-04
  2.885915250399e-04
  5.762038483114e-04
  9.891481871395e-03
  5.869067771009e-04
  3.469522050024e-05
  1.956995110989e-06
  2.974457912843e-07
  4.520911586596e-08
  6.871385430558e-09
  1.044387806735e-09
  1.587381584899e-10
  2.412674794542e-11
  4.324309742230e-12
  0.000000000000e+00
  0.000000000000e+00
  0.000000000000e+00
  0.000000000000e+00
  0.000000000000e+00
  0.000000000000e+00
  0.000000000000e+00
  0.000000000000e+00
  0.000000000000e+00
  0.000000000000e+00
  0.000000000000e+00
  0.000000000000e+00
  0.000000000000e+00
  0.000000000000e+00
  0.000000000000e+00
  0.000000000000e+00
  0.000000000000e+00
  0.000000000000e+00
  0.000000000000e+00
  0.000000000000e+00
  0.000000000000e+00
  0.000000000000e+00
  0.000000000000e+00
  0.000000000000e+00
  0.000000000000e+00
  0.000000000000e+00
  0.000000000000e+00
  0.000000000000e+00
  0.000000000000e+00
  0.000000000000e+00
  0.000000000000e+00
  0.000000000000e+00
  0.000000000000e+00
  0.000000000000e+00
  0.000000000000e+00
  0.000000000000e+00
  0.000000000000e+00
  0.000000000000e+00
  0.000000000000e+00
  0.000000000000e+00
  0.000000000000e+00
  0.000000000000e+00
  0.000000000000e+00
  0.000000000000e+00
  0.000000000000e+00
  0.000000000000e+00
  0.000000000000e+00
  0.000000000000e+00
  0.000000000000e+00
  0.000000000000e+00
  0.000000000000e+00
  0.000000000000e+00
  0.000000000000e+00
  0.000000000000e+00
  0.000000000000e+00
  0.000000000000e+00
  0.000000000000e+00
  0.000000000000e+00
  1.063584081547e-06
  4.104832700497e-06
  7.181830510441e-06
  1.157498529689e-05
  1.764998268829e-05
  2.590257308796e-05
  1.836395207539e-05
  5.331512647695e-05
  7.643919135579e-05
  4.077746185805e-05
  9.656745072636e-05
  2.822403005531e-05
  1.373006369409e-04
  1.575768875629e-04
  2.440962366419e-04
  2.486299976090e-04
  3.388458817864e-04
  4.484301282276e-04
  3.369106918395e-04
  4.951428450135e-04
  8.832051796325e-04
  1.339708048022e-03
  9.906909993999e-04
  1.158017919274e-03
  1.215031360454e-03
  1.482474680675e-03
  1.287514032081e-03
  9.688012789427e-04
  1.650414317951e-03
  1.707018507963e-03
  2.005242037562e-03
  1.890273761578e-03
  2.186386691310e-03
  2.403899629888e-03
  2.974343008933e-03
  3.213226858059e-03
  3.376375474214e-03
  3.541549477882e-03
  3.344675319219e-03
  3.645173496959e-03
  3.931572218349e-03
  4.736230737008e-03
  2.016339932222e-02
  2.685824412862e-02
  4.575195039424e-02
  5.052922740040e-02
  5.399924255639e-02
  5.711307586992e-02
  4.264577459904e-02
  4.235235426375e-02
  4.171207907087e-02
  4.196617999143e-02
  4.908262885974e-02
  4.081517557059e-02
  3.774387887289e-02
  3.802234357056e-02
  3.181280920492e-02
  3.123894747723e-02
  2.747943059488e-02
  2.372218024522e-02
  2.336293191737e-02
  2.133579378291e-02
  1.943932618459e-02
  1.952788906504e-02
  6.122924992895e-03
  1.264584373101e-02
  1.038096312923e-02
  6.551960499541e-03
  9.784743302978e-03
  4.652787553904e-03
  1.214324155885e-02
  9.799785891979e-03
  4.176683525418e-03
  4.013092036894e-03
  3.176908425354e-03
  3.945909921484e-03
  2.694492306247e-03
  4.020388417154e-03
  3.646638337899e-03
  2.639270643201e-03
  1.816895490722e-03
  4.101996346432e-03
  2.331451159138e-03
  2.908831519400e-03
  1.088251608806e-03
  1.379525983995e-03
  2.144327728398e-03
  3.012806822058e-03
  1.196448111198e-03
  1.780930660301e-03
  1.140708797595e-03
  9.696029706802e-04
  1.749860033308e-03
  1.036965365288e-03
  7.620390091742e-04
  1.229033431257e-03
  9.967967254096e-04
  1.010760537604e-03
  8.988622250631e-04
  9.140474143300e-04
  1.135184486490e-03
  6.167420913193e-04
  8.392993693770e-04
  1.232385696852e-03
  4.683778185626e-04
  8.573151159500e-04
  1.126165889200e-03
  3.189264796342e-04
  4.263335214500e-04
  5.206391928405e-04
  9.702359767376e-04
  1.055254718875e-03
  4.588455125104e-04
  2.257741893357e-04
  2.788329657496e-04
  3.841674344357e-04
  4.684589152177e-04
  6.068313728548e-04
  3.638313032957e-04
  6.710478664793e-04
  5.549797714541e-04
  4.368346397950e-04
  4.802473777497e-04
  3.056614087414e-04
  2.859994986137e-04
  1.411347291248e-04
  3.034972468232e-04
  4.380200189953e-04
  2.922200004469e-04
  2.602368476889e-04
  2.439026828667e-04
  1.487254108279e-04
  1.002178436249e-03
  2.592363271256e-04
  1.977060515139e-04
  2.638908345778e-04
  2.365294955526e-04
  2.254371078133e-04
  2.268508213415e-04
  1.754124708734e-04
  2.915892551254e-04
  5.821887716590e-04
  6.925480447473e-03
  4.109204615959e-04
  2.429170599735e-05
  1.370182188538e-06
  2.082554568594e-07
  3.165298097219e-08
  4.810973564878e-09
  7.312263379465e-10
  1.111395168184e-10
  1.689221878871e-11
  3.027647104178e-12
  0.000000000000e+00
  0.000000000000e+00
  0.000000000000e+00
  0.000000000000e+00
  0.000000000000e+00
  0.000000000000e+00
  0.000000000000e+00
  0.000000000000e+00
  0.000000000000e+00
  0.000000000000e+00
  0.000000000000e+00
  0.000000000000e+00
  0.000000000000e+00
  0.000000000000e+00
  0.000000000000e+00
  0.000000000000e+00
  0.000000000000e+00
  0.000000000000e+00
  0.000000000000e+00
  0.000000000000e+00
  0.000000000000e+00
  0.000000000000e+00
  0.000000000000e+00
  0.000000000000e+00
  0.000000000000e+00
  0.000000000000e+00
  0.000000000000e+00
  0.000000000000e+00
  0.000000000000e+00
  0.000000000000e+00
  0.000000000000e+00
  0.000000000000e+00
  0.000000000000e+00
  0.000000000000e+00
  0.000000000000e+00
  0.000000000000e+00
  0.000000000000e+00
  0.000000000000e+00
  0.000000000000e+00
  0.000000000000e+00
  0.000000000000e+00
  0.000000000000e+00
  0.000000000000e+00
  0.000000000000e+00
  0.000000000000e+00
  0.000000000000e+00
  0.000000000000e+00
  0.000000000000e+00
  0.000000000000e+00
  0.000000000000e+00
  0.000000000000e+00
  0.000000000000e+00
  0.000000000000e+00
  0.000000000000e+00
  0.000000000000e+00
  0.000000000000e+00
  0.000000000000e+00
  0.000000000000e+00
  5.968815791598e-05
  1.678091953868e-04
  1.945625287930e-04
  2.523894060727e-04
  1.666847120665e-04
  1.980099480542e-04
  2.916200237751e-04
  4.208690306545e-04
  5.428602039129e-04
  7.514223470870e-04
  7.978859782327e-04
  8.216859431851e-04
  9.003149733327e-04
  1.020057593620e-03
  1.165821067675e-03
  1.330197606635e-03
  1.753653106638e-03
  2.548542306960e-03
  1.758170637518e-03
  1.814776413764e-03
  2.054222614268e-03
  2.480637661915e-03
  2.674418096568e-03
  3.204075517220e-03
  2.738361079295e-03
  4.170961051048e-03
  4.351150370077e-03
  5.697461442892e-03
  6.232325929985e-03
  6.852794175695e-03
  5.534811716084e-03
  5.007620800588e-03
  5.549504744179e-03
  6.240074479202e-03
  6.589320233400e-03
  7.873929895783e-03
  8.302636414624e-03
  8.136160243759e-03
  7.827309328722e-03
  7.666950297479e-03
  9.194076364635e-03
  1.100157219295e-02
  3.746833337900e-02
  3.391061945322e-02
  3.632189971407e-02
  3.909273644458e-02
  4.321810851721e-02
  4.619885672952e-02
  4.622220320914e-02
  5.204734378267e-02
  4.105249630661e-02
  3.830891006283e-02
  3.836359201676e-02
  3.722912891669e-02
  3.509950596371e-02
  3.284870366413e-02
  2.750740142909e-02
  2.635176361494e-02
  2.381902478048e-02
  2.123313198428e-02
  2.152934787762e-02
  2.101852793764e-02
  1.765286789291e-02
  1.539524004447e-02
  4.551656038705e-03
  9.112942823434e-03
  7.088942653634e-03
  4.459410297126e-03
  6.562687665671e-03
  3.120653865890e-03
  9.034642919184e-03
  8.024572861642e-03
  3.509847178965e-03
  3.618481994113e-03
  2.864519974055e-03
  3.502052091914e-03
  2.262526989555e-03
  3.375862171933e-03
  3.023860343839e-03
  1.781532371208e-03
  1.226421599809e-03
  2.768887312397e-03
  1.573751546543e-03
  2.181965088072e-03
  8.361726535530e-04
  1.059977229796e-03
  1.647622858884e-03
  2.314930399470e-03
  9.173356687149e-04
  1.351704807675e-03
  8.657841596899e-04
  7.359169752604e-04
  1.328122536364e-03
  7.870442143733e-04
  5.783781367052e-04
  9.328213912341e-04
  7.565567627994e-04
  7.671549786654e-04
  7.310889336162e-04
  7.597014276017e-04
  9.434976872424e-04
  5.125992364602e-04
  6.975754887144e-04
  1.024285555760e-03
  3.892876814584e-04
  7.125492950692e-04
  9.360017350419e-04
  2.650725168631e-04
  3.543429396442e-04
  4.327242851022e-04
  8.064021431529e-04
  8.778403024506e-04
  3.868692653965e-04
  1.903584560736e-04
  2.350941891837e-04
  3.239056455127e-04
  3.949748632110e-04
  5.116415912717e-04
  3.067592979810e-04
  5.657847405153e-04
  4.679236922810e-04
  3.683112702597e-04
  4.049140516511e-04
  2.577142132313e-04
  2.411365838750e-04
  1.189958173374e-04
  2.558895682115e-04
  3.693105409545e-04
  2.463812942519e-04
  2.194151278222e-04
  2.056432385712e-04
  1.253958035675e-04
  8.449729577989e-04
  2.185715778879e-04
  1.666931664395e-04
  2.224959323757e-04
  1.994266372579e-04
  1.900742133306e-04
  1.912661765089e-04
  1.478966131992e-04
  2.458494702366e-04
  4.908645171250e-04
  4.412311424558e-03
  2.618027169984e-04
  1.547657783504e-05
  8.729615862770e-07
  1.326823872276e-07
  2.016654172839e-08
  3.065136816395e-09
  4.658721494703e-10
  7.080860583280e-11
  1.076228758214e-11
  1.928954401927e-12
  0.000000000000e+00
  0.000000000000e+00
  0.000000000000e+00
  0.000000000000e+00
  0.000000000000e+00
  0.000000000000e+00
  0.000000000000e+00
  0.000000000000e+00
  0.000000000000e+00
  0.000000000000e+00
  0.000000000000e+00
  0.000000000000e+00
  0.000000000000e+00
  0.000000000000e+00
  0.000000000000e+00
  0.000000000000e+00
  0.000000000000e+00
  0.000000000000e+00
  0.000000000000e+00
  0.000000000000e+00
  0.000000000000e+00
  0.000000000000e+00
  0.000000000000e+00
  0.000000000000e+00
  0.000000000000e+00
  0.000000000000e+00
  0.000000000000e+00
  0.000000000000e+00
  0.000000000000e+00
  0.000000000000e+00
  0.000000000000e+00
  0.000000000000e+00
  0.000000000000e+00
  0.000000000000e+00
  0.000000000000e+00
  0.000000000000e+00
  0.000000000000e+00
  0.000000000000e+00
  0.000000000000e+00
  0.000000000000e+00
  0.000000000000e+00
  0.000000000000e+00
  0.000000000000e+00
  0.000000000000e+00
  0.000000000000e+00
  0.000000000000e+00
  0.000000000000e+00
  0.000000000000e+00
  0.000000000000e+00
  0.000000000000e+00
  0.000000000000e+00
  0.000000000000e+00
  0.000000000000e+00
  0.000000000000e+00
  0.000000000000e+00
  0.000000000000e+00
  0.000000000000e+00
  0.000000000000e+00
  1.700627114133e-04
  4.505307006374e-04
  5.219138006420e-04
  5.331417852154e-04
  7.173435289187e-04
  5.950230847191e-04
  6.943966885918e-04
  8.706928459922e-04
  9.032918886399e-04
  1.037220767802e-03
  1.234443273158e-03
  1.202211879403e-03
  1.325652990580e-03
  1.551484003089e-03
  1.680668761118e-03
  1.703769471651e-03
  1.952435074910e-03
  2.132581140528e-03
  2.000297537457e-03
  2.098501412459e-03
  2.199983857948e-03
  2.424574449579e-03
  2.967467632948e-03
  3.148280259251e-03
  3.037027686325e-03
  3.489807792795e-03
  3.445052373293e-03
  4.091804792335e-03
  4.299573712927e-03
  4.717413301040e-03
  4.459398190946e-03
  4.550876550612e-03
  4.745192548683e-03
  5.206376238593e-03
  5.444860553047e-03
  5.780920018753e-03
  5.984500390553e-03
  5.588640278443e-03
  5.611742880822e-03
  6.153248709879e-03
  7.068683732446e-03
  7.740100158084e-03
  2.705685225281e-02
  2.681372471571e-02
  3.072825211278e-02
  3.567057572756e-02
  3.800032829358e-02
  4.239934504116e-02
  4.492154887493e-02
  4.644147750418e-02
  4.202534584932e-02
  3.951678853705e-02
  3.913732821414e-02
  3.905216988399e-02
  3.607471834491e-02
  3.370868646363e-02
  3.301379221933e-02
  3.027361610461e-02
  2.926061412879e-02
  2.600268369085e-02
  2.551765831708e-02
  2.245096836494e-02
  1.920212509774e-02
  1.753148564707e-02
  5.299820857689e-03
  1.079168056053e-02
  8.990831601485e-03
  5.685439772512e-03
  8.623769181206e-03
  4.100729894873e-03
  1.128459493541e-02
  1.031783600129e-02
  4.558566907812e-03
  4.907806239486e-03
  3.885196204440e-03
  4.653882563382e-03
  2.781620171723e-03
  4.150390242485e-03
  3.728246072310e-03
  2.311184089780e-03
  1.591038105150e-03
  3.592079138395e-03
  2.041629344885e-03
  2.526715888366e-03
  9.434299407442e-04
  1.195942299143e-03
  1.858966492422e-03
  2.611869804214e-03
  1.010869233870e-03
  1.320674280445e-03
  8.459083918169e-04
  7.190228582523e-04
  1.297632847779e-03
  7.689764421168e-04
  5.651005638478e-04
  9.114066501362e-04
  7.391886837985e-04
  7.495433918938e-04
  7.538366228750e-04
  7.956161673771e-04
  9.881008577564e-04
  5.368319585016e-04
  7.305530338195e-04
  1.072708029882e-03
  4.076910282560e-04
  7.462345518587e-04
  9.802503241950e-04
  2.776037962462e-04
  3.710943241572e-04
  4.531809888050e-04
  8.445241905825e-04
  9.535191596732e-04
  6.477361793724e-04
  3.187176629246e-04
  3.936188412192e-04
  5.423159178523e-04
  6.613070270100e-04
  8.566427305013e-04
  5.136080887431e-04
  9.472949837354e-04
  7.834459169795e-04
  6.166644246381e-04
  6.779483419872e-04
  4.314915959776e-04
  4.037356811114e-04
  1.992349889093e-04
  4.284366417817e-04
  6.183377631235e-04
  4.125168771701e-04
  3.673673859816e-04
  3.443090528172e-04
  2.099505352489e-04
  1.414740686519e-03
  3.659549962301e-04
  2.790948237627e-04
  3.725255693151e-04
  3.339005532116e-04
  3.182417373339e-04
  3.202375095738e-04
  2.476237001710e-04
  4.116264479478e-04
  8.218560823492e-04
  2.948904201633e-03
  1.749719907708e-04
  1.034353358685e-05
  5.834305412694e-07
  8.867621926233e-08
  1.347800210330e-08
  2.048535846899e-09
  3.113595140210e-10
  4.732385376533e-11
  7.192801494157e-12
  1.289186382479e-12
  0.000000000000e+00
  0.000000000000e+00
  0.000000000000e+00
  0.000000000000e+00
  0.000000000000e+00
  0.000000000000e+00
  0.000000000000e+00
  0.000000000000e+00
  0.000000000000e+00
  0.000000000000e+00
  0.000000000000e+00
  0.000000000000e+00
  0.000000000000e+00
  0.000000000000e+00
  0.000000000000e+00
  0.000000000000e+00
  0.000000000000e+00
  0.000000000000e+00
  0.000000000000e+00
  0.000000000000e+00
  0.000000000000e+00
  0.000000000000e+00
  0.000000000000e+00
  0.000000000000e+00
  0.000000000000e+00
  0.000000000000e+00
  0.000000000000e+00
  0.000000000000e+00
  0.000000000000e+00
  0.000000000000e+00
  0.000000000000e+00
  0.000000000000e+00
  0.000000000000e+00
  0.000000000000e+00
  0.000000000000e+00
  0.000000000000e+00
  0.000000000000e+00
  0.000000000000e+00
  0.000000000000e+00
  0.000000000000e+00
  0.000000000000e+00
  0.000000000000e+00
  0.000000000000e+00
  0.000000000000e+00
  0.000000000000e+00
  0.000000000000e+00
  0.000000000000e+00
  0.000000000000e+00
  0.000000000000e+00
  0.000000000000e+00
  0.000000000000e+00
  0.000000000000e+00
  0.000000000000e+00
  0.000000000000e+00
  0.000000000000e+00
  0.000000000000e+00
  0.000000000000e+00
  0.000000000000e+00
  3.225135767418e-04
  9.243173822321e-04
  1.000011909481e-03
  1.074966823370e-03
  1.436514462418e-03
  1.213040278172e-03
  1.512198451719e-03
  1.500104501202e-03
  1.597939707404e-03
  1.592475029006e-03
  1.731378723515e-03
  1.801833933897e-03
  1.873227021590e-03
  2.123972961882e-03
  2.248310202348e-03
  2.085649458310e-03
  2.457607384976e-03
  2.659270577479e-03
  2.870187593153e-03
  2.733629344634e-03
  2.681964799750e-03
  2.796551428100e-03
  3.446593741257e-03
  3.565875777850e-03
  3.507847818205e-03
  3.698805961648e-03
  4.127753107438e-03
  4.004916771755e-03
  4.224220488077e-03
  4.382709710397e-03
  4.418758522768e-03
  4.694115086323e-03
  5.164891861302e-03
  5.058866562441e-03
  5.240393243030e-03
  5.309597448523e-03
  5.772497860588e-03
  5.492981818683e-03
  5.439647761859e-03
  6.166182023793e-03
  6.942931110143e-03
  7.232670466373e-03
  2.605633931025e-02
  2.648987046313e-02
  3.472634514514e-02
  3.734243573075e-02
  3.853429262721e-02
  4.238630378331e-02
  4.403934641726e-02
  3.959961888474e-02
  3.979416444654e-02
  3.616846323632e-02
  3.502118185703e-02
  3.799449380269e-02
  3.644982642984e-02
  3.132017948608e-02
  3.240543751826e-02
  2.867977635057e-02
  2.758441694317e-02
  2.453187468785e-02
  2.310794208291e-02
  2.052498581452e-02
  1.867108990459e-02
  1.597141834249e-02
  4.788065402972e-03
  9.727088406770e-03
  7.911363952880e-03
  5.048140437487e-03
  8.504868673227e-03
  4.044188690587e-03
  1.240612516259e-02
  1.144416111408e-02
  5.053733076674e-03
  5.345229259265e-03
  4.231475112098e-03
  4.906534512200e-03
  2.544714057550e-03
  3.796906724122e-03
  3.412745854455e-03
  2.137440458561e-03
  1.471431800331e-03
  3.322044236423e-03
  1.888150260421e-03
  2.868582814317e-03
  1.119802928930e-03
  1.419522022359e-03
  2.206497132791e-03
  3.100155712165e-03
  1.167159862032e-03
  1.290684325675e-03
  8.266997093722e-04
  7.026951669572e-04
  1.268166689293e-03
  7.515144660634e-04
  5.522683775924e-04
  8.907106638816e-04
  7.224032360410e-04
  7.325229773975e-04
  8.828735924574e-04
  9.748144730943e-04
  1.210653433103e-03
  6.577438966870e-04
  8.950971597260e-04
  1.314316575800e-03
  4.995161660031e-04
  9.143106979961e-04
  1.201034846413e-03
  3.401291105715e-04
  4.546767485166e-04
  5.552519715638e-04
  1.034738360005e-03
  1.225873540964e-03
  1.202365488075e-03
  5.916220407866e-04
  7.306579112634e-04
  1.006677913873e-03
  1.227556601694e-03
  1.590150658911e-03
  9.533890196810e-04
  1.758423612609e-03
  1.454277226426e-03
  1.144687990449e-03
  1.258447239392e-03
  8.009595686985e-04
  7.494372861039e-04
  3.698315194387e-04
  7.952886476176e-04
  1.147794125694e-03
  7.657375335655e-04
  6.819284857937e-04
  6.391262040669e-04
  3.897221960954e-04
  2.626122711463e-03
  6.793067950418e-04
  5.180718352760e-04
  6.915034152736e-04
  6.198054798183e-04
  5.907386597167e-04
  5.944431998271e-04
  4.596533694110e-04
  7.640847317989e-04
  1.525575623135e-03
  2.236965349345e-03
  1.327294961181e-04
  7.846353850423e-06
  4.425764752317e-07
  6.726769207545e-08
  1.022409714348e-08
  1.553970874908e-09
  2.361900241966e-10
  3.589872189326e-11
  5.456293202367e-12
  9.779471037493e-13
