211
  7.011212788551e-02
  6.676703239826e-02
  6.226813214969e-02
  5.754313641917e-02
  5.263318687910e-02
  4.801798501658e-02
  4.410767703042e-02
  4.167861236392e-02
  4.119595696032e-02
  4.186494997677e-02
  4.258768141833e-02
  4.362555084990e-02
  4.492757531745e-02
  4.631528072605e-02
  4.782208690117e-02
  4.946020657635e-02
  5.116335229589e-02
  5.289467945743e-02
  5.465307372410e-02
  5.636824629221e-02
  5.787127385734e-02
  5.870731072470e-02
  5.835861551238e-02
  5.791685769147e-02
  5.709588092638e-02
  5.548821812633e-02
  5.331162070880e-02
  5.136718674850e-02
  4.963860245259e-02
  4.809068470866e-02
  4.672644158105e-02
  4.571754673207e-02
  4.526805610838e-02
  4.543608339615e-02
  4.668717511565e-02
  4.836600799643e-02
  4.949595977852e-02
  5.013919986541e-02
  5.049904476490e-02
  5.090384092282e-02
  5.148157105464e-02
  5.205790613410e-02
  5.258134533649e-02
  5.302288372221e-02
  5.327927405883e-02
  5.352120396938e-02
  5.376081883393e-02
  5.400244724082e-02
  5.435521047417e-02
  5.474746249000e-02
  5.513593126065e-02
  5.551797355413e-02
  5.592209601812e-02
  5.636677914655e-02
  5.682204561029e-02
  5.726773615964e-02
  5.770351457926e-02
  5.813073181567e-02
  5.855880749983e-02
  5.908218936665e-02
  5.961688434382e-02
  6.009904950641e-02
  6.049072552399e-02
  6.087001544162e-02
  6.117433392556e-02
  6.140714492035e-02
  6.162307911470e-02
  6.186650984898e-02
  6.213870241339e-02
  6.240397706936e-02
  6.265860512914e-02
  6.289607510149e-02
  6.312686861474e-02
  6.334927630916e-02
  6.338136083311e-02
  6.329661562000e-02
  6.321406849762e-02
  6.313399173471e-02
  6.307571744478e-02
  6.301283302832e-02
  6.293365836686e-02
  6.285119489153e-02
  6.275069024842e-02
  6.259716706531e-02
  6.244272190559e-02
  6.226404820218e-02
  6.207973507300e-02
  6.191355767068e-02
  6.179330948104e-02
  6.167918444323e-02
  6.157001525402e-02
  6.146463179382e-02
  6.134185462924e-02
  6.122893454664e-02
  6.113741228747e-02
  6.104852610239e-02
  6.100840022222e-02
  6.116548479529e-02
  6.134041055892e-02
  6.151074608558e-02
  6.091913508604e-02
  5.852834957805e-02
  5.820285881402e-02
  5.866881667627e-02
  5.885580360185e-02
  5.936298259545e-02
  6.021478256348e-02
  6.126562161025e-02
  6.297236501918e-02
  6.529365806788e-02
  6.655944781354e-02
  6.769587435059e-02
  6.850289377569e-02
  6.898818261690e-02
  7.097945295387e-02
  7.320860558869e-02
  7.528776224207e-02
  7.725102103612e-02
  7.906164676155e-02
  8.119236627300e-02
  8.321723142534e-02
  8.525880973710e-02
  8.667024432189e-02
  8.767353373199e-02
  8.930137986976e-02
  9.091252722814e-02
  9.269168320216e-02
  9.437305283164e-02
  9.492767014103e-02
  9.589347918689e-02
  9.864885580783e-02
  1.006165802230e-01
  1.033764020230e-01
  1.038356122850e-01
  1.056640494273e-01
  1.068900344361e-01
  1.086364897851e-01
  1.097949273865e-01
  1.109279787226e-01
  1.121470042160e-01
  1.113069902540e-01
  1.119890318966e-01
  1.132523506029e-01
  1.134745250045e-01
  1.148529039940e-01
  1.171300750527e-01
  1.185601274428e-01
  1.188058427005e-01
  1.202517771900e-01
  1.207172272267e-01
  1.226698923899e-01
  1.243997797817e-01
  1.260076129244e-01
  1.280871851036e-01
  1.294579766165e-01
  1.292030773386e-01
  1.301997215150e-01
  1.322732969055e-01
  1.321097730968e-01
  1.320831634120e-01
  1.325662610033e-01
  1.335396088757e-01
  1.351517530892e-01
  1.401833728213e-01
  1.338639886710e-01
  1.403799637089e-01
  1.495050827966e-01
  1.552523966442e-01
  1.412104508875e-01
  1.386784476761e-01
  1.499934450640e-01
  1.477389390303e-01
  1.528869445336e-01
  1.596407722194e-01
  1.591190932496e-01
  1.561317809465e-01
  1.500648033071e-01
  1.462609912004e-01
  1.509968128735e-01
  1.549327614508e-01
  1.536387479438e-01
  1.543624032768e-01
  1.662463135690e-01
  1.745276574717e-01
  1.719855491065e-01
  1.678107182776e-01
  1.689458014463e-01
  1.722489557398e-01
  1.817647986842e-01
  1.880659948666e-01
  1.681436378426e-01
  1.678804955318e-01
  1.728977234539e-01
  1.722621484526e-01
  1.786087430619e-01
  1.876682557079e-01
  1.874999131189e-01
  1.828685989110e-01
  1.876765848800e-01
  1.808955161906e-01
  2.489693574476e-01
  5.420626341655e-01
  9.814549385793e-01
  1.386303366173e+00
  9.015254425245e-01
  4.975984034556e+00
  1.764466665829e+01
  5.262854798801e+01
  1.399651619957e+02
  3.613592614833e+02
  9.277913827788e+02
