211
  2.748136635080e-01
  2.736418473990e-01
  2.725927503390e-01
  2.716791909070e-01
  2.708944770510e-01
  2.702269683690e-01
  2.697138481680e-01
  2.695128509550e-01
  2.696976364350e-01
  2.702125945940e-01
  2.710233697540e-01
  2.720958889980e-01
  2.733909425540e-01
  2.748676712000e-01
  2.764859226190e-01
  2.782574785950e-01
  2.802087303220e-01
  2.823572562180e-01
  2.847309084180e-01
  2.873323260420e-01
  2.901412444220e-01
  2.932395233870e-01
  2.965997820710e-01
  3.001374272770e-01
  3.038201769180e-01
  3.076345526360e-01
  3.115363491820e-01
  3.155332954040e-01
  3.195556431510e-01
  3.235786035500e-01
  3.276054755000e-01
  3.315542106680e-01
  3.354461576440e-01
  3.393115249170e-01
  3.431606804570e-01
  3.469446120490e-01
  3.506288226310e-01
  3.541506802470e-01
  3.574405309990e-01
  3.605226924840e-01
  3.631654877290e-01
  3.654797126170e-01
  3.673894924680e-01
  3.689185793560e-01
  3.701534044390e-01
  3.712239914710e-01
  3.721457038960e-01
  3.729530859020e-01
  3.736052782660e-01
  3.740865876540e-01
  3.744108223140e-01
  3.745414115940e-01
  3.742953137160e-01
  3.736325177480e-01
  3.727673107520e-01
  3.718415453940e-01
  3.708014024880e-01
  3.695467368830e-01
  3.682948517790e-01
  3.667731638510e-01
  3.650888401940e-01
  3.633540905070e-01
  3.614827663940e-01
  3.596552233870e-01
  3.577105694590e-01
  3.556249111550e-01
  3.534269960260e-01
  3.511792675190e-01
  3.488887947050e-01
  3.465840423700e-01
  3.443098755430e-01
  3.420367926400e-01
  3.398158323440e-01
  3.376533096900e-01
  3.355628915470e-01
  3.335397709460e-01
  3.315715063250e-01
  3.296656851530e-01
  3.278252293120e-01
  3.260524480300e-01
  3.243500275550e-01
  3.227093436210e-01
  3.211244110830e-01
  3.196246843970e-01
  3.181757136320e-01
  3.169039408780e-01
  3.158137018330e-01
  3.149819551000e-01
  3.144538484720e-01
  3.139593906150e-01
  3.136325168350e-01
  3.135813838980e-01
  3.137541519600e-01
  3.140666990920e-01
  3.146802943360e-01
  3.153900289260e-01
  3.161462308680e-01
  3.171913692490e-01
  3.184873182210e-01
  3.198002329600e-01
  3.232006439600e-01
  3.294711443570e-01
  3.369837745420e-01
  3.459707770160e-01
  3.555874450860e-01
  3.654496926350e-01
  3.755573311540e-01
  3.860035781080e-01
  3.967774528760e-01
  4.078637805220e-01
  4.192681691730e-01
  4.309420778870e-01
  4.429785827450e-01
  4.550567479870e-01
  4.668212821720e-01
  4.780293391970e-01
  4.887031630660e-01
  4.988609448520e-01
  5.085158801520e-01
  5.177372458480e-01
  5.265509618620e-01
  5.349933160850e-01
  5.405345241320e-01
  5.445092263490e-01
  5.496031979240e-01
  5.536024062490e-01
  5.578546872670e-01
  5.618925398390e-01
  5.672037674880e-01
  5.752667483070e-01
  5.812193762060e-01
  5.851865380820e-01
  5.889901688140e-01
  5.928762720250e-01
  5.965536020470e-01
  6.003247150580e-01
  6.047532515450e-01
  6.083952362180e-01
  6.109457565410e-01
  6.143940487060e-01
  6.182056910500e-01
  6.213613237330e-01
  6.236771509430e-01
  6.251060455510e-01
  6.283827949600e-01
  6.325205570500e-01
  6.358906181780e-01
  6.383732754320e-01
  6.408761973520e-01
  6.425690038930e-01
  6.449489240010e-01
  6.474405354100e-01
  6.491734000120e-01
  6.512436948710e-01
  6.534030600070e-01
  6.552890877840e-01
  6.570431595950e-01
  6.589555785650e-01
  6.610678165700e-01
  6.626498743530e-01
  6.640867805730e-01
  6.662993993670e-01
  6.688494484180e-01
  6.787272950470e-01
  6.811995843320e-01
  6.846808654890e-01
  6.899345980380e-01
  6.933117282360e-01
  6.857728011110e-01
  6.917565329170e-01
  6.860470810130e-01
  6.858637564740e-01
  6.885434051350e-01
  6.923258286580e-01
  6.958768579680e-01
  7.008798741810e-01
  7.004213271980e-01
  6.994825547510e-01
  7.027107632150e-01
  7.051019938350e-01
  7.019859479420e-01
  7.007611138110e-01
  7.097925571700e-01
  7.158992907870e-01
  7.174332788960e-01
  7.191972474050e-01
  7.206539470200e-01
  7.236370944030e-01
  7.327712749070e-01
  7.390594479780e-01
  7.260415206200e-01
  7.291825438920e-01
  7.336134367360e-01
  7.314630257540e-01
  7.383695067820e-01
  7.489745250410e-01
  7.500730584610e-01
  7.462727266280e-01
  7.486281406290e-01
  7.394897186830e-01
  8.099259284710e-01
  1.089542506390e+00
  1.509513576720e+00
  1.888521744910e+00
  1.460005111940e+00
  5.628831521300e+00
  1.834513581670e+01
  5.334640406890e+01
  1.407079458890e+02
  3.622460845330e+02
  9.293545609620e+02
