1602
 -1.904561957228e-02
 -1.393822920320e-02
 -6.388839299299e-03
  8.631919519299e-04
  6.997304380475e-03
  1.085629174442e-02
  1.151034066868e-02
  1.101018949969e-02
  1.052452613993e-02
  9.953380356126e-03
  9.471789891557e-03
  9.138724593494e-03
  8.754780258148e-03
  8.241899661632e-03
  7.735629261186e-03
  7.233268759136e-03
  6.688857787429e-03
  6.125275750897e-03
  5.616507132814e-03
  5.264484313419e-03
  4.659673586224e-03
  4.171451460751e-03
  3.674673675340e-03
  3.187944399883e-03
  2.760832559588e-03
  2.479758264034e-03
  2.285204006112e-03
  2.105347747100e-03
  1.905394033633e-03
  1.740049184860e-03
  1.632767532085e-03
  1.580086841590e-03
  1.537445602259e-03
  1.417783774343e-03
  1.276956019264e-03
  1.154731229367e-03
  1.093876676853e-03
  1.076173628955e-03
  1.105712809072e-03
  1.025530916723e-03
  8.647148160865e-04
  6.483919021535e-04
  6.428696886166e-04
  4.883313658782e-04
  4.419819916051e-04
 -3.908805788483e-05
  3.433365056335e-04
  3.409388593078e-04
  1.609902593732e-04
 -5.220380462797e-04
 -2.461421442584e-05
 -1.628602631389e-03
 -3.331765063971e-04
 -3.252268032251e-04
 -7.250252410217e-04
 -6.275996694048e-04
 -5.491519271242e-04
 -1.086609967523e-03
 -4.576802043489e-04
 -4.143781946924e-04
 -7.611373002698e-04
 -4.357066184787e-05
 -1.609134970555e-03
 -2.503781113411e-04
 -6.527407146543e-04
 -1.117696477861e-03
 -9.547044641582e-04
 -4.128175054766e-04
 -4.312460431966e-04
 -4.691741901139e-04
 -9.224188828708e-04
  2.543027401424e-04
  5.861101842047e-04
  6.811371138796e-04
  5.122285713811e-04
  5.690986467997e-04
  4.353757046346e-04
  5.902199315591e-04
  4.852198255744e-04
  4.366967824812e-04
  3.133199081030e-04
  3.464236113980e-04
  3.879178256687e-04
  3.381447984244e-04
  3.994792801983e-04
  3.774133793241e-04
  2.894952808815e-04
  4.222026704153e-04
  3.815279982257e-04
  2.727465672551e-04
  2.803852503313e-04
  2.559568819337e-04
  2.795894887152e-04
  3.576597753606e-04
  3.097817286511e-04
  6.977508344178e-04
  4.350746880587e-04
  2.691019942833e-04
  3.123240117095e-04
  5.794441741549e-04
  2.613403727218e-04
  3.277319365402e-04
  3.544116047935e-04
  6.440512304606e-04
  5.314168935511e-04
  4.439672977392e-04
  3.130363899712e-04
  5.465951233151e-04
  2.892406874418e-04
  4.408813532479e-04
  5.060200087289e-04
  2.861019154743e-04
  4.902703593733e-04
  3.013347758088e-04
  2.423005265531e-04
  2.078359123659e-04
  7.189781363505e-04
  2.267578267982e-04
  4.381803524600e-04
  4.381354983010e-04
  5.452439688133e-04
  4.421235083626e-05
  3.650815459027e-04
  5.566023440301e-05
  1.411403624891e-03
  1.111183988042e-04
  1.493527793374e-03
  1.295464156325e-03
  4.431041489940e-04
  2.102221307081e-04
  1.101563328110e-03
  1.347996924222e-06
  6.575853210034e-04
  1.707934665645e-03
  6.777456453402e-05
  2.941303816995e-05
  9.727983281634e-04
  2.077286148300e-05
  8.508086254900e-04
  3.350747950731e-05
  1.698460555059e-04
  2.177420575351e-03
  1.670256140893e-04
  3.058744951745e-05
  4.515115800330e-05
  7.824641523387e-04
  1.232094061665e-06
  4.022591140007e-05
  5.533995706297e-05
  1.940973599993e-03
  1.434927431383e-03
  1.017905374150e-04
  3.702820885337e-03
  1.034839830950e-04
  1.739471992521e-04
  7.952569476148e-04
  1.007288408917e-03
  3.495354846975e-03
  1.878613365360e-03
  6.444379433570e-04
  3.312182494186e-04
  1.864716567936e-04
  2.380696627301e-03
  9.690230281491e-05
  3.025707988781e-04
  2.293980037422e-04
  5.744401372174e-05
  5.303003134058e-05
  3.029095762083e-04
  4.310972361337e-04
  4.686336018583e-05
  4.649136549806e-05
  4.724506545206e-05
  5.040949769208e-05
  1.119809029959e-03
  1.257215535900e-03
  5.924858430001e-05
  5.439983043000e-04
  7.025162409996e-05
  8.136065679998e-05
  1.754787210600e-03
  1.172242793000e-04
  1.322382205000e-04
  1.701481550000e-04
  2.122088479000e-03
  3.327858809999e-04
  4.948813470002e-04
  7.929018079997e-04
  1.331300398000e-03
  2.667663116000e-03
  1.973448639000e-03
  2.670230712000e-03
  1.036123983000e-03
  9.031891660001e-04
  1.281048401000e-03
  2.033872054000e-03
  1.085414797000e-03
  5.754306429999e-04
  4.026767417999e-04
  3.256412284000e-04
  2.862051934999e-04
  2.658938069000e-04
  7.070063500000e-04
  2.677990270000e-04
  3.128567443000e-04
  4.959893409999e-04
  1.362609868000e-03
  1.224888900000e-03
  4.929683090000e-04
  3.277712984000e-04
  2.770730884000e-04
  2.572594400000e-04
  2.495766595001e-04
  2.473669166999e-04
  2.491476388000e-04
  2.527325668999e-04
  2.578542577001e-04
  2.640918450000e-04
  2.718616560000e-04
  8.339477472999e-04
  3.479197838100e-04
  2.984375048901e-04
  3.001377770701e-04
  2.995054539000e-04
  3.003121167499e-04
  3.094800547501e-04
  3.096511053801e-04
  3.104045661200e-04
  3.118827324399e-04
  3.201341054998e-04
  3.207739989600e-04
  3.211664837601e-04
  3.220841180001e-04
  3.229614025000e-04
  3.324719423400e-04
  3.341225872199e-04
  3.340860054900e-04
  3.348396344699e-04
  3.346061601700e-04
  3.453553524999e-04
  3.457062438000e-04
  3.473077912000e-04
  3.478905043000e-04
  3.470937624001e-04
  3.606225341001e-04
  3.606959339000e-04
  3.614510626000e-04
  3.619975911999e-04
  3.756778394099e-04
  3.757688482700e-04
  3.773710863699e-04
  3.790387032601e-04
  4.096044019301e-04
  4.193751001600e-04
  4.151859989600e-04
  4.177166599001e-04
  1.985091955730e-03
  4.130092355960e-03
  6.223390802599e-04
  6.991801272580e-03
  1.046485017588e-02
  4.290741049900e-04
  4.297933832798e-04
  4.301468223101e-04
  4.297307462900e-04
  4.313461905202e-04
  4.466052384799e-04
  4.465691323501e-04
  4.487985358700e-04
  4.497747393100e-04
  4.509686502099e-04
  4.693782602001e-04
  4.714721525699e-04
  4.714696214400e-04
  4.716963010901e-04
  4.725672537100e-04
  4.715748216900e-04
  4.982129495098e-04
  4.993881546300e-04
  5.029730153400e-04
  5.023870818901e-04
  5.068681827000e-04
  5.370679167510e-04
  5.466430193901e-04
  5.467968547800e-04
  5.485141138800e-04
  6.022975508898e-04
  6.085438825301e-04
  6.221561898099e-04
  6.311955523201e-04
  6.401700198100e-04
  8.411073266299e-04
  9.444842593002e-04
  9.045153138001e-04
  8.910394227000e-04
  1.086702234550e-03
  1.063474059774e-02
  1.432322370620e-02
  1.716209316160e-01
  6.375010870885e-03
  3.109460785931e-01
  9.357084394969e-03
  8.839485697689e-02
  8.722672579879e-02
  2.930061516069e-02
  2.046247786218e-02
  3.772845228380e-02
  1.054878693460e-03
  1.081654368470e-03
  9.677936928000e-04
  8.845816884000e-04
  9.070730720601e-04
  8.645679765898e-04
  7.416170586100e-04
  7.429005592499e-04
  7.420040014201e-04
  7.365103345800e-04
  7.323743367401e-04
  6.981808771500e-04
  6.956008039400e-04
  6.960333533400e-04
  6.958285752500e-04
  6.943675976898e-04
  6.936908833299e-04
  6.919485037801e-04
  6.918509299502e-04
  6.927953260000e-04
  6.933968848000e-04
  6.931513978998e-04
  7.009561237201e-04
  7.013949105801e-04
  7.034620057301e-04
  7.054432218900e-04
  7.042047808300e-04
  7.031767799701e-04
  7.040238322000e-04
  7.141670712050e-04
  7.148082170599e-04
  7.203307493400e-04
  7.197985333500e-04
  7.205088543500e-04
  7.218298932700e-04
  7.318727277363e-04
  7.379213130501e-04
  7.386512547501e-04
  7.390209796871e-04
  7.408005586249e-04
  7.428349398240e-04
  7.582173830599e-04
  7.598334471701e-04
  7.639492005002e-04
  7.641698801200e-04
  7.686880274599e-04
  7.829000804499e-04
  7.850073076900e-04
  7.858329098600e-04
  7.851534058502e-04
  7.894429055199e-04
  7.927667906300e-04
  8.095585384201e-04
  8.078985649800e-04
  8.120190500801e-04
  8.122668808498e-04
  8.118570752402e-04
  8.139048406001e-04
  8.293654553300e-04
  8.324996185640e-04
  8.326401327102e-04
  8.330970261199e-04
  8.367452636101e-04
  8.382679995699e-04
  8.386416784300e-04
  8.405640707001e-04
  8.635056141700e-04
  8.655797171800e-04
  8.654510558901e-04
  8.674381863603e-04
  8.649688708299e-04
  8.906777027030e-04
  8.954153607299e-04
  8.932232187401e-04
  8.902156426190e-04
  8.913841332301e-04
  8.996264760301e-04
  9.160354652431e-04
  9.229450292899e-04
  9.199419975600e-04
  9.252702392202e-04
  9.223413011400e-04
  9.271930905601e-04
  9.298187050982e-04
  9.310417782299e-04
  9.469320673998e-04
  9.501330324850e-04
  9.521464952500e-04
  9.514398773200e-04
  9.529774223199e-04
  9.544429141698e-04
  9.588404274398e-04
  9.729475296870e-04
  9.820481902301e-04
  9.843116004579e-04
  9.842641165402e-04
  9.865470485800e-04
  9.854062674101e-04
  9.913088333700e-04
  1.012888701414e-03
  1.014359411970e-03
  1.012090639720e-03
  1.012959472779e-03
  1.013474208066e-03
  1.018142818700e-03
  1.015856488330e-03
  1.016480849007e-03
  1.040602766520e-03
  1.042677879050e-03
  1.044322545800e-03
  1.049374738450e-03
  1.047910642860e-03
  1.049289252650e-03
  1.057335426680e-03
  1.060780920590e-03
  1.072657674000e-03
  1.076304227640e-03
  1.078178358300e-03
  1.078978412330e-03
  1.084679467310e-03
  1.083386501790e-03
  1.084054364850e-03
  1.090015324150e-03
  1.099691295728e-03
  1.106991833523e-03
  1.108325528240e-03
  1.114481666700e-03
  1.117513248640e-03
  1.116851867800e-03
  1.120633878960e-03
  1.147722375690e-03
  1.147805682200e-03
  1.149066813700e-03
  1.148203910820e-03
  1.144969832700e-03
  1.157379788900e-03
  1.178918186940e-03
  1.181067653440e-03
  1.183526216560e-03
  1.184052544200e-03
  1.184826360300e-03
  1.185361707780e-03
  1.184602099690e-03
  1.188124643660e-03
  1.190149966100e-03
  1.216795712730e-03
  1.212722773244e-03
  1.220776651160e-03
  1.217602185950e-03
  1.220420987805e-03
  1.224379738580e-03
  1.251812037650e-03
  1.250610758600e-03
  1.253890997800e-03
  1.259406269400e-03
  1.253509079880e-03
  1.259056522000e-03
  1.265135643840e-03
  1.280755369340e-03
  1.283144765590e-03
  1.288876107980e-03
  1.290481352270e-03
  1.292226612210e-03
  1.292150845580e-03
  1.291949031090e-03
  1.299004108040e-03
  1.305090375780e-03
  1.323070117160e-03
  1.329469102340e-03
  1.332578671380e-03
  1.331921171800e-03
  1.332047359510e-03
  1.337081566770e-03
  1.361486742070e-03
  1.371337181300e-03
  1.369106682200e-03
  1.370739440300e-03
  1.371696117900e-03
  1.373319236900e-03
  1.374445469800e-03
  1.376518826900e-03
  1.403016819350e-03
  1.406482922320e-03
  1.411392933300e-03
  1.413938385300e-03
  1.410735999304e-03
  1.416223502140e-03
  1.416646040120e-03
  1.446167141700e-03
  1.449266734790e-03
  1.452695613720e-03
  1.454153755520e-03
  1.456930585920e-03
  1.488046630240e-03
  1.489452259600e-03
  1.491876204300e-03
  1.493397730680e-03
  1.493296062350e-03
  1.498128694900e-03
  1.494870693180e-03
  1.495210581790e-03
  1.526066793810e-03
  1.529098264000e-03
  1.526911312940e-03
  1.539770012640e-03
  1.531715915130e-03
  1.533120299140e-03
  1.536954888020e-03
  1.534781655760e-03
  1.548071081220e-03
  1.574170931806e-03
  1.575425640568e-03
  1.575455975830e-03
  1.574670348727e-03
  1.578142797710e-03
  1.577704954315e-03
  1.580579939450e-03
  1.581417075919e-03
  1.618803056280e-03
  1.618402907356e-03
  1.619920125379e-03
  1.617895924140e-03
  1.620466590762e-03
  1.622202141177e-03
  1.615892885981e-03
  1.640178903346e-03
  1.640449589163e-03
  1.655266146260e-03
  1.663917008000e-03
  1.666497439610e-03
  1.661093159880e-03
  1.663814386120e-03
  1.673523224060e-03
  1.675414624840e-03
  1.679903212170e-03
  1.699569491534e-03
  1.712269519830e-03
  1.710894820130e-03
  1.711132505320e-03
  1.715322372220e-03
  1.717037478150e-03
  1.718586321550e-03
  1.726640458110e-03
  1.726564867520e-03
  1.726856589020e-03
  1.726990987500e-03
  1.739565188991e-03
  1.741682665155e-03
  1.743939875800e-03
  1.744490867050e-03
  1.744463617120e-03
  1.757507988444e-03
  1.760729502190e-03
  1.760681179532e-03
  1.765128409927e-03
  1.774721459590e-03
  1.793715401516e-03
  1.793291210020e-03
  1.793254538718e-03
  1.793751786728e-03
  1.795039567750e-03
  1.792673906080e-03
  1.802298961369e-03
  1.804949277244e-03
  1.808275715816e-03
  1.808140567215e-03
  1.807518067880e-03
  1.809385207437e-03
  1.810561570387e-03
  1.835681877474e-03
  1.855651157680e-03
  1.848318279710e-03
  1.850324941320e-03
  1.855667711160e-03
  1.854988601996e-03
  1.856402415510e-03
  1.858789764750e-03
  1.891755183820e-03
  1.891705111177e-03
  1.891461152113e-03
  1.891438420730e-03
  1.899259872447e-03
  1.896125007290e-03
  1.895522692100e-03
  1.897204346360e-03
  1.917585531310e-03
  1.918545513600e-03
  1.945703041622e-03
  1.953460239860e-03
  1.943012353290e-03
  1.949476126820e-03
  1.952760346000e-03
  1.949159261112e-03
  1.946993791030e-03
  1.951191187793e-03
  1.954695540657e-03
  1.954908300880e-03
  1.980755142028e-03
  1.993318708200e-03
  1.992348402610e-03
  1.995486485090e-03
  1.993774257840e-03
  1.998854265420e-03
  1.997978312530e-03
  2.006331891570e-03
  2.011462271630e-03
  2.047260524630e-03
  2.049142970100e-03
  2.054008465050e-03
  2.052733943680e-03
  2.057065771590e-03
  2.056507962840e-03
  2.058440102960e-03
  2.060673647960e-03
  2.054778729330e-03
  2.071774598080e-03
  2.095440248994e-03
  2.096132946060e-03
  2.106490205770e-03
  2.104846861800e-03
  2.107406730310e-03
  2.109658333770e-03
  2.110109659500e-03
  2.108416986080e-03
  2.128614423360e-03
  2.129725049120e-03
  2.146211287670e-03
  2.149092140734e-03
  2.157406304910e-03
  2.150734082534e-03
  2.149257970920e-03
  2.154650650960e-03
  2.156201648000e-03
  2.154414861170e-03
  2.163875830540e-03
  2.168363586860e-03
  2.168550782020e-03
  2.185676363570e-03
  2.199854383210e-03
  2.200486269214e-03
  2.199688707995e-03
  2.200376500513e-03
  2.200077714169e-03
  2.200612922438e-03
  2.200441066874e-03
  2.199401669570e-03
  2.205234606968e-03
  2.214433936690e-03
  2.221256971910e-03
  2.222791950100e-03
  2.240676344400e-03
  2.250624650752e-03
  2.255438601696e-03
  2.260423000410e-03
  2.265738936963e-03
  2.283510816511e-03
  2.283315255736e-03
  2.282921267110e-03
  2.283424953003e-03
  2.283478889392e-03
  2.296397953410e-03
  2.296895735280e-03
  2.299023975080e-03
  2.310271306340e-03
  2.309270469130e-03
  2.318605045310e-03
  2.320102379790e-03
  2.319094329430e-03
  2.324708938380e-03
  2.321923601160e-03
  2.323658809810e-03
  2.336075103820e-03
  2.339646783520e-03
  2.368744277943e-03
  2.374683974209e-03
  2.375380557352e-03
  2.375520152424e-03
  2.376762578826e-03
  2.383712859768e-03
  2.385195417860e-03
  2.396998383330e-03
  2.405622449631e-03
  2.423133785126e-03
  2.423333793051e-03
  2.424576188214e-03
  2.421442732959e-03
  2.430614574600e-03
  2.431834866120e-03
  2.446797392220e-03
  2.439299424113e-03
  2.439390434919e-03
  2.454046436060e-03
  2.444382677100e-03
  2.487651329080e-03
  2.489593526420e-03
  2.493213897950e-03
  2.494222285290e-03
  2.488605073546e-03
  2.490543350140e-03
  2.499408895330e-03
  2.500310727430e-03
  2.511444044160e-03
  2.506786705780e-03
  2.520645840820e-03
  2.548814095367e-03
  2.564584254980e-03
  2.552341037926e-03
  2.552419865470e-03
  2.554792515408e-03
  2.557145796010e-03
  2.565490575278e-03
  2.566087153189e-03
  2.567639769263e-03
  2.610741255850e-03
  2.610535799850e-03
  2.617473565210e-03
  2.618316309840e-03
  2.620032045370e-03
  2.622365826120e-03
  2.615890350110e-03
  2.623038084630e-03
  2.625866326840e-03
  2.637731523510e-03
  2.629232867060e-03
  2.669944251741e-03
  2.669421074100e-03
  2.667356238530e-03
  2.669585812990e-03
  2.684199296490e-03
  2.690623862644e-03
  2.693504547203e-03
  2.697520762665e-03
  2.699059586943e-03
  2.696414175673e-03
  2.708212079240e-03
  2.728554154466e-03
  2.728615439246e-03
  2.728931739067e-03
  2.740893019300e-03
  2.744497954730e-03
  2.746901644510e-03
  2.748282399838e-03
  2.754379378713e-03
  2.750201096652e-03
  2.761794397610e-03
  2.786681551571e-03
  2.797861939370e-03
  2.799048461560e-03
  2.800642522820e-03
  2.805265987530e-03
  2.810842014120e-03
  2.820797478930e-03
  2.825963979290e-03
  2.831454557270e-03
  2.835382915120e-03
  2.877605466690e-03
  2.875057422070e-03
  2.869707596300e-03
  2.883514610220e-03
  2.877075796680e-03
  2.877656420770e-03
  2.877302803300e-03
  2.877639174740e-03
  2.877630818980e-03
  2.877890744470e-03
  2.878702431960e-03
  2.878214720160e-03
  2.923351026605e-03
  2.943209889315e-03
  2.944646919814e-03
  2.941725730426e-03
  2.941402727376e-03
  2.946695946900e-03
  2.941446084180e-03
  2.956924870430e-03
  3.010760733790e-03
  3.010401401110e-03
  3.009268909710e-03
  3.010978002530e-03
  3.011594419310e-03
  3.013012799070e-03
  3.015473161337e-03
  3.071718807690e-03
  3.078837275470e-03
  3.085859334050e-03
  3.065512904200e-03
  3.081952655450e-03
  3.079818830010e-03
  3.087039046930e-03
  3.084016897930e-03
  3.092396387410e-03
  3.092391286830e-03
  3.092416862160e-03
  3.135188943640e-03
  3.137105815150e-03
  3.153761443950e-03
  3.154516077890e-03
  3.152594964230e-03
  3.153565178720e-03
  3.157180926430e-03
  3.156860216510e-03
  3.173599647720e-03
  3.184960901020e-03
  3.205244958910e-03
  3.224086114130e-03
  3.220745768690e-03
  3.222593962640e-03
  3.227944211510e-03
  3.231198293110e-03
  3.224816335770e-03
  3.260665658000e-03
  3.276723803206e-03
  3.281019966940e-03
  3.279818856543e-03
  3.300303518520e-03
  3.284930060220e-03
  3.295978715110e-03
  3.315374088490e-03
  3.316004205536e-03
  3.334368610500e-03
  3.335198935100e-03
  3.348885242508e-03
  3.355868823595e-03
  3.345642682854e-03
  3.374431178253e-03
  3.381330391771e-03
  3.381511715607e-03
  3.371300315690e-03
  3.384534914608e-03
  3.385127102882e-03
  3.386990333691e-03
  3.389972234316e-03
  3.416126392880e-03
  3.416403728560e-03
  3.416158139500e-03
  3.419846467080e-03
  3.421210320870e-03
  3.447098069866e-03
  3.434823324315e-03
  3.447141537875e-03
  3.445616135113e-03
  3.444247654950e-03
  3.462349643280e-03
  3.461161384600e-03
  3.477116465000e-03
  3.502089852670e-03
  3.506618215580e-03
  3.505965618550e-03
  3.505068756873e-03
  3.509700974720e-03
  3.509188841050e-03
  3.528588903430e-03
  3.537976094500e-03
  3.545585336200e-03
  3.553447249150e-03
  3.554761518523e-03
  3.561464075510e-03
  3.583490346063e-03
  3.600134809146e-03
  3.604704197212e-03
  3.598374368028e-03
  3.612079590272e-03
  3.606729522900e-03
  3.619127944525e-03
  3.626187260675e-03
  3.629672675119e-03
  3.673707637855e-03
  3.683504372848e-03
  3.689868103440e-03
  3.687925497050e-03
  3.695663907440e-03
  3.705406673786e-03
  3.743695483410e-03
  3.742645621898e-03
  3.752513556448e-03
  3.765936829335e-03
  3.767940073750e-03
  3.770598932340e-03
  3.779046188390e-03
  3.792547806230e-03
  3.800838174129e-03
  3.800271609594e-03
  3.801691973926e-03
  3.803314733720e-03
  3.803399888769e-03
  3.803387037920e-03
  3.811691249928e-03
  3.830133296250e-03
  3.858819761990e-03
  3.852524708400e-03
  3.856849440990e-03
  3.882186690263e-03
  3.863493675510e-03
  3.866548066180e-03
  3.866294018910e-03
  3.867335078150e-03
  3.866988561820e-03
  3.882798178020e-03
  3.919016671430e-03
  3.921135856510e-03
  3.920146321900e-03
  3.920653176700e-03
  3.922180049730e-03
  3.925290436245e-03
  3.929110088063e-03
  3.940818446080e-03
  3.947957440476e-03
  3.937790198686e-03
  3.967630271299e-03
  3.974746665200e-03
  3.986425192200e-03
  3.997947061720e-03
  4.022780728000e-03
  4.029339901100e-03
  4.058973082618e-03
  4.057111570089e-03
  4.061164098646e-03
  4.082031549160e-03
  4.100865387930e-03
  4.098232192498e-03
  4.090587772770e-03
  4.100397305150e-03
  4.126294406519e-03
  4.126823780217e-03
  4.128133093324e-03
  4.127207348313e-03
  4.146932101051e-03
  4.197238208620e-03
  4.194225094687e-03
  4.183692842860e-03
  4.201282323510e-03
  4.235942934300e-03
  4.244241565554e-03
  4.270237088683e-03
  4.278369031526e-03
  4.280869550918e-03
  4.287073920126e-03
  4.289971445170e-03
  4.304999858265e-03
  4.309994334950e-03
  4.334919486350e-03
  4.366043862550e-03
  4.375625820800e-03
  4.371357258170e-03
  4.377297138620e-03
  4.374871996080e-03
  4.378449581270e-03
  4.377587753460e-03
  4.392282522700e-03
  4.395899916690e-03
  4.384384594804e-03
  4.424627785126e-03
  4.425804255721e-03
  4.425140973004e-03
  4.451029566800e-03
  4.455595855370e-03
  4.473070270340e-03
  4.474317085840e-03
  4.475896664288e-03
  4.475169215092e-03
  4.486045554150e-03
  4.486215939850e-03
  4.485830027450e-03
  4.501332773407e-03
  4.503349475410e-03
  4.515510999200e-03
  4.521935411700e-03
  4.559068086650e-03
  4.561829575930e-03
  4.571802926500e-03
  4.573423884480e-03
  4.570398494840e-03
  4.566333503160e-03
  4.601336945040e-03
  4.615017092000e-03
  4.616719801700e-03
  4.617261081100e-03
  4.662019540935e-03
  4.661270759100e-03
  4.668731126500e-03
  4.682318254140e-03
  4.667100953520e-03
  4.677778249660e-03
  4.674644388110e-03
  4.700508595140e-03
  4.723009859652e-03
  4.727033345477e-03
  4.734642754400e-03
  4.765300535730e-03
  4.764961100910e-03
  4.785914249490e-03
  4.785086943770e-03
  4.799956152477e-03
  4.783710999750e-03
  4.787735544126e-03
  4.876058387238e-03
  4.877109867280e-03
  4.877438307999e-03
  4.869261290418e-03
  4.873597258610e-03
  4.875686299410e-03
  4.875834778990e-03
  4.877615039077e-03
  4.873382769444e-03
  4.872540540707e-03
  4.925198751210e-03
  4.938433926000e-03
  4.965695032997e-03
  4.964805398659e-03
  4.966598136846e-03
  4.991070473353e-03
  5.007013776520e-03
  5.023412221000e-03
  5.023471957800e-03
  5.025282807800e-03
  5.021126611900e-03
  5.085440263376e-03
  5.085428236300e-03
  5.079304321500e-03
  5.098520140536e-03
  5.100491184560e-03
  5.120961629100e-03
  5.120342265800e-03
  5.154806783097e-03
  5.209216741340e-03
  5.195219904610e-03
  5.195857069810e-03
  5.195470766490e-03
  5.195867041868e-03
  5.195562399910e-03
  5.196565520990e-03
  5.211786289220e-03
  5.205065407100e-03
  5.216124918250e-03
  5.283418628310e-03
  5.295001279960e-03
  5.299398964480e-03
  5.308692327184e-03
  5.316497111170e-03
  5.344778063920e-03
  5.347043685640e-03
  5.348566244370e-03
  5.350268762470e-03
  5.352617218570e-03
  5.354195404100e-03
  5.355774750680e-03
  5.357373514890e-03
  5.359051986440e-03
  5.364762757850e-03
  5.370441232500e-03
  5.372334917550e-03
  5.374124174210e-03
  5.375616486410e-03
  5.377153197230e-03
  5.378660132080e-03
  5.380407192070e-03
  5.382474058107e-03
  5.384195369910e-03
  5.386255052592e-03
  5.407720241356e-03
  5.430927632780e-03
  5.437610874748e-03
  5.440358416754e-03
  5.452819059400e-03
  5.539570338761e-03
  5.538813748980e-03
  5.602739539650e-03
  5.612216894486e-03
  5.623871253742e-03
  5.633696345949e-03
  5.641028578285e-03
  5.646930000702e-03
  5.653027354584e-03
  5.658459615455e-03
  5.662332077840e-03
  5.667207707980e-03
  5.670740212370e-03
  5.673504612710e-03
  5.676689280840e-03
  5.694754006234e-03
  5.694420510525e-03
  5.693049265360e-03
  5.705490731090e-03
  5.694150683500e-03
  5.695796790650e-03
  5.765634667153e-03
  5.757551257120e-03
  5.754823428610e-03
  5.746522523820e-03
  5.762015127750e-03
  5.788542156410e-03
  5.788402187470e-03
  5.803932513160e-03
  5.802457087650e-03
  5.803156405200e-03
  5.803255689140e-03
  5.803288283060e-03
  5.804652000510e-03
  5.840910542630e-03
  5.846392705649e-03
  5.848995510229e-03
  5.851677710756e-03
  5.853727724354e-03
  5.855625104614e-03
  5.857403402885e-03
  5.859051067048e-03
  5.860690672334e-03
  5.862836494557e-03
  5.866970667650e-03
  5.874044258450e-03
  5.906427707242e-03
  5.940324715640e-03
  5.948935840520e-03
  5.953865618450e-03
  5.956716011610e-03
  5.959568177400e-03
  5.961311239560e-03
  5.978300538969e-03
  5.977820699456e-03
  5.976633983945e-03
  5.979985237178e-03
  5.994450631040e-03
  5.997154533320e-03
  6.000768173710e-03
  6.004822707930e-03
  6.008628407180e-03
  6.013525403967e-03
  6.021117803310e-03
  6.041382275410e-03
  6.051605641160e-03
  6.075658596570e-03
  6.078118395770e-03
  6.080518988870e-03
  6.083117490650e-03
  6.085323615360e-03
  6.100893327910e-03
  6.099440709077e-03
  6.100508262025e-03
  6.108755757908e-03
  6.126178089350e-03
  6.138421161049e-03
  6.142723471327e-03
  6.147573377380e-03
  6.153797906300e-03
  6.162969004848e-03
  6.187914417220e-03
  6.208907564160e-03
  6.211580379010e-03
  6.227969156910e-03
  6.228362246702e-03
  6.227236947100e-03
  6.231778000620e-03
  6.307675396575e-03
  6.285787358700e-03
  6.284999893561e-03
  6.304487189305e-03
  6.351310322150e-03
  6.362596457271e-03
  6.374429835231e-03
  6.408070899700e-03
  6.431056263000e-03
  6.439311055900e-03
  6.440950781800e-03
  6.440849924300e-03
  6.441805382900e-03
  6.441323212300e-03
  6.489594861890e-03
  6.535846748800e-03
  6.537930446400e-03
  6.573150855800e-03
  6.583716281800e-03
  6.589061339810e-03
  6.595137925700e-03
  6.605201198900e-03
  6.655415813674e-03
  6.656900810700e-03
  6.663960155400e-03
  6.666768230000e-03
  6.662571930540e-03
  6.669578270800e-03
  6.672500759300e-03
  6.708835926294e-03
  6.774753364871e-03
  6.813988592017e-03
  6.835584517300e-03
  6.936132229300e-03
  6.938582009200e-03
  6.938741300400e-03
  6.940914938700e-03
  6.950198665080e-03
  6.947594607100e-03
  7.011065979500e-03
  7.026342900100e-03
  7.038583488800e-03
  7.048975474150e-03
  7.052689679200e-03
  7.105882799710e-03
  7.105298545539e-03
  7.104254563453e-03
  7.100460961911e-03
  7.100028494820e-03
  7.099505481304e-03
  7.093561434566e-03
  7.150818216705e-03
  7.159046304930e-03
  7.170584189870e-03
  7.186958377259e-03
  7.207156454386e-03
  7.270855353810e-03
  7.337473249941e-03
  7.360768475000e-03
  7.379444745300e-03
  7.389941514400e-03
  7.396031043597e-03
  7.400676869197e-03
  7.405058550740e-03
  7.409493525761e-03
  7.413118769143e-03
  7.416228460995e-03
  7.421004729766e-03
  7.438759356133e-03
  7.440247387938e-03
  7.457853023138e-03
  7.462047724341e-03
  7.465847263490e-03
  7.471726507017e-03
  7.477428915128e-03
  7.502550244139e-03
  7.507138340261e-03
  7.517609527352e-03
  7.569442468645e-03
  7.596689544684e-03
  7.592295185896e-03
  7.654889016290e-03
  7.688429251913e-03
  7.700504447612e-03
  7.707959799804e-03
  7.713940169943e-03
  7.719625701517e-03
  7.725864540942e-03
  7.731571649044e-03
  7.737067550345e-03
  7.740834864990e-03
  7.743727227950e-03
  7.746264798350e-03
  7.748963917490e-03
  7.751187176300e-03
  7.754067305080e-03
  7.756830555190e-03
  7.760566680910e-03
  7.765516937430e-03
  7.779338209440e-03
  7.792820785420e-03
  7.798132086350e-03
  7.802373156720e-03
  7.806531996286e-03
  7.810855873510e-03
  7.813767171935e-03
  7.816672593682e-03
  7.821163919317e-03
  7.825771550308e-03
  7.832247169767e-03
  7.842979535220e-03
  7.855000449374e-03
  7.865276626777e-03
  7.873334589910e-03
  7.880473231700e-03
  7.891376873900e-03
  7.908244799300e-03
  7.932768758700e-03
  8.044584785660e-03
  7.992038818850e-03
  8.029560306990e-03
  8.048146877400e-03
  8.052567428141e-03
  8.049753636840e-03
  8.047694186560e-03
  8.039978005520e-03
  8.119610054341e-03
  8.130542245245e-03
  8.151662711203e-03
  8.224326173675e-03
  8.297863589651e-03
  8.324470846110e-03
  8.338967334838e-03
  8.346930238524e-03
  8.355406992159e-03
  8.388076735590e-03
  8.390492093020e-03
  8.401510462580e-03
  8.430999601592e-03
  8.442923653658e-03
  8.494771077590e-03
  8.499101554860e-03
  8.503425659830e-03
  8.523911550343e-03
  8.532087290720e-03
  8.536607108400e-03
  8.540006704900e-03
  8.541956210630e-03
  8.542120173900e-03
  8.543150878920e-03
  8.548200714410e-03
  8.580230725400e-03
  8.588571703300e-03
  8.645840705410e-03
  8.673575809500e-03
  8.691129665194e-03
  8.699192554330e-03
  8.730707976900e-03
  8.734064278500e-03
  8.735234635700e-03
  8.761930847060e-03
  8.769662049949e-03
  8.778262046120e-03
  8.805636933200e-03
  8.859147226140e-03
  8.887387502504e-03
  8.949023853515e-03
  8.957054264300e-03
  8.963530960827e-03
  8.971476342312e-03
  8.979143275100e-03
  9.037252068800e-03
  9.055567604200e-03
  9.137331566300e-03
  9.207555375200e-03
  9.260358113900e-03
  9.281892301000e-03
  9.300995165894e-03
  9.323083378490e-03
  9.346473538099e-03
  9.427414400785e-03
  9.498170619714e-03
  9.552686531620e-03
  9.612575119196e-03
  9.600224349746e-03
  9.661068422368e-03
  9.672650454751e-03
  9.681505863651e-03
  9.687540017290e-03
  9.692739182170e-03
  9.697629783830e-03
  9.701193307140e-03
  9.704052227280e-03
  9.709231400240e-03
  9.715082049060e-03
  9.720760711900e-03
  9.725441713020e-03
  9.731761203800e-03
  9.754199667505e-03
  9.757473445082e-03
  9.778352825373e-03
  9.785244420800e-03
  9.791273449793e-03
  9.796709992386e-03
  9.802509787098e-03
  9.807413478318e-03
  9.813144289856e-03
  9.819512723799e-03
  9.827363428350e-03
  9.835337280970e-03
  9.842228667940e-03
  9.849647100310e-03
  9.856965324212e-03
  9.868135156988e-03
  9.882703070200e-03
  9.912892086700e-03
  9.956352630230e-03
  9.994227491530e-03
  1.003172541470e-02
  1.004265688490e-02
  1.005714595850e-02
  1.005906824810e-02
  1.006345507678e-02
  1.006241855753e-02
  1.006185102008e-02
  1.006546677602e-02
  1.006387475654e-02
  1.006969562175e-02
  1.006421554950e-02
  1.012948621480e-02
  1.014512513880e-02
  1.015853588746e-02
  1.017425026787e-02
  1.019181630140e-02
  1.022051808750e-02
  1.029349664103e-02
  1.045066198440e-02
  1.061707117140e-02
  1.069484909230e-02
  1.071734362280e-02
  1.073090039790e-02
  1.074417258133e-02
  1.075493157588e-02
  1.076565006350e-02
  1.079335150982e-02
  1.081937914320e-02
  1.083113373569e-02
  1.090703144990e-02
  1.093379654020e-02
  1.101205244098e-02
  1.109490513728e-02
  1.117747704110e-02
  1.120504221340e-02
  1.122651642109e-02
  1.130651586573e-02
  1.136648896955e-02
  1.135806805743e-02
  1.145951719140e-02
  1.148751833845e-02
  1.151127821808e-02
  1.152654155808e-02
  1.153825545102e-02
  1.154763266831e-02
  1.155642740740e-02
  1.156634903103e-02
  1.160244039870e-02
  1.162324583895e-02
  1.162464777235e-02
  1.167861179816e-02
  1.169053989680e-02
  1.170544537400e-02
  1.171714406841e-02
  1.172626542321e-02
  1.173500827238e-02
  1.174798277730e-02
  1.176511446202e-02
  1.178269954374e-02
  1.179698127230e-02
  1.180951667350e-02
  1.182896967200e-02
  1.185231307940e-02
  1.187830223100e-02
  1.190348044250e-02
  1.193526651059e-02
  1.196552284840e-02
  1.199394175850e-02
  1.204805939170e-02
  1.211816214200e-02
  1.219032378167e-02
  1.231514929408e-02
  1.248900098291e-02
  1.261336206188e-02
  1.268869221332e-02
  1.273846502430e-02
  1.276840434290e-02
  1.279968377000e-02
  1.282209157420e-02
  1.283599930080e-02
  1.284954501060e-02
  1.286235644230e-02
  1.287335727929e-02
  1.288197866861e-02
  1.289056006184e-02
  1.290099555630e-02
  1.291069084717e-02
  1.296254264562e-02
  1.296259970400e-02
  1.297003066122e-02
  1.301859970066e-02
  1.302913955406e-02
  1.303825428219e-02
  1.304805189007e-02
  1.306011798136e-02
  1.307070571002e-02
  1.308597090491e-02
  1.310553564213e-02
  1.314057699630e-02
  1.328869046913e-02
  1.342767920477e-02
  1.345849699257e-02
  1.348066454115e-02
  1.349595826707e-02
  1.350973206535e-02
  1.352177435663e-02
  1.353236208470e-02
  1.354581785461e-02
  1.355671755619e-02
  1.356488089453e-02
  1.357430163040e-02
  1.358546238780e-02
  1.359499814264e-02
  1.360347973507e-02
  1.365871686910e-02
  1.365912296900e-02
  1.365951703600e-02
  1.365595982550e-02
  1.371352239755e-02
  1.372288470950e-02
  1.373413906060e-02
  1.374684377258e-02
  1.376324913670e-02
  1.377738245170e-02
  1.379758008510e-02
  1.385324023580e-02
  1.392015914440e-02
  1.396668953330e-02
  1.400061652880e-02
  1.403758078070e-02
  1.409784157270e-02
  1.420095355600e-02
  1.441142014530e-02
  1.470308333752e-02
  1.492483102177e-02
  1.507552870816e-02
  1.527930974224e-02
  1.542936353876e-02
  1.546857280680e-02
  1.549339254670e-02
  1.551655776150e-02
  1.554190067300e-02
  1.556321126630e-02
  1.557665577404e-02
  1.559025050191e-02
  1.560553383650e-02
  1.561701526600e-02
  1.568821662830e-02
  1.569287608280e-02
  1.569379472290e-02
  1.576842482470e-02
  1.577873234527e-02
  1.578875944170e-02
  1.580356824240e-02
  1.582374674890e-02
  1.584550964270e-02
  1.586747781930e-02
  1.588899989990e-02
  1.592098261670e-02
  1.595637404990e-02
  1.600019741140e-02
  1.605654993430e-02
  1.612796742970e-02
  1.629519283100e-02
  1.658003206400e-02
  1.691456414792e-02
  1.726032021880e-02
  1.752687825521e-02
  1.766717095702e-02
  1.774522662481e-02
  1.781794905041e-02
  1.787753582833e-02
  1.792291782210e-02
  1.795361194372e-02
  1.797648742555e-02
  1.800043498660e-02
  1.801903847857e-02
  1.803722240960e-02
  1.805808611420e-02
  1.808327492970e-02
  1.811168186090e-02
  1.813685721150e-02
  1.821095085210e-02
  1.830267700160e-02
  1.834401351640e-02
  1.837644977350e-02
  1.842492609679e-02
  1.847655134360e-02
  1.852382641022e-02
  1.859100796074e-02
  1.875414348310e-02
  1.899256866890e-02
  1.916548024159e-02
  1.923608573550e-02
  1.930162471492e-02
  1.944698843680e-02
  1.951078306720e-02
  1.969817895111e-02
  1.982002024439e-02
  1.996420415800e-02
  2.023857590100e-02
  2.053229451290e-02
  2.073365673700e-02
  2.106307350200e-02
  2.148437362200e-02
  2.192059798900e-02
  2.235727316500e-02
  2.281374207647e-02
  2.326792487080e-02
  2.363074093244e-02
  2.381805425557e-02
  2.390790075580e-02
  2.396206904150e-02
  2.401950288524e-02
  2.407658042782e-02
  2.427542647090e-02
  2.427685895080e-02
  2.447586564460e-02
  2.453950123398e-02
  2.461178992140e-02
  2.469736663630e-02
  2.485124462100e-02
  2.519711170200e-02
  2.570816660200e-02
  5.723511597500e-02
