1602
  2.193415794810e-01
  2.228425730400e-01
  2.275563073830e-01
  2.315985912800e-01
  2.370903009440e-01
  2.438812285720e-01
  2.498747450320e-01
  2.551308750270e-01
  2.601678282790e-01
  2.648149721780e-01
  2.699065550630e-01
  2.746352473470e-01
  2.763052248470e-01
  2.829713391210e-01
  2.878247053220e-01
  2.939435273150e-01
  2.974135372300e-01
  3.018839793850e-01
  3.032503970490e-01
  3.070105268910e-01
  3.115289023010e-01
  3.055853116440e-01
  3.111423386600e-01
  3.115802322730e-01
  3.130133098020e-01
  3.125395578180e-01
  3.124420581570e-01
  3.159516701620e-01
  3.120634760680e-01
  3.136138359770e-01
  3.150227912420e-01
  3.097359676180e-01
  3.075201123320e-01
  3.088524331090e-01
  2.969036248470e-01
  2.810579501360e-01
  2.956083050460e-01
  2.835413804260e-01
  2.966701107590e-01
  2.889639396830e-01
  2.787517765410e-01
  2.805242234650e-01
  2.871570253720e-01
  3.095201678300e-01
  3.026327254850e-01
  2.595586686720e-01
  2.703707189020e-01
  2.496689592520e-01
  2.608989874850e-01
  2.839900908370e-01
  2.725991207500e-01
  2.416920584570e-01
  2.210431668200e-01
  2.216334694070e-01
  2.380293040510e-01
  2.488182441540e-01
  2.802904690490e-01
  2.214391674150e-01
  2.321778972950e-01
  2.107358627880e-01
  2.440500575530e-01
  2.375747340380e-01
  2.092831126990e-01
  1.780081760400e-01
  1.949775619420e-01
  2.105749501410e-01
  2.133664843050e-01
  2.092053975590e-01
  1.749356189920e-01
  1.595415843990e-01
  1.979955818650e-01
  2.279480618270e-01
  2.336617836530e-01
  3.498912153260e-01
  3.121219665660e-01
  2.937662846940e-01
  1.449337290340e-01
  2.540725581170e-01
  1.187362213740e-01
  1.386230551950e-01
  1.425327869110e-01
  2.636629145910e-01
  2.069993897600e-01
  2.287873798800e-01
  3.014221643320e-01
  2.521706577850e-01
  2.277778053860e-01
  3.356762324570e-01
  2.777030494580e-01
  4.423817133100e-01
  4.098464574960e-01
  4.113142950110e-01
  2.067712353240e-01
  1.588219066950e-01
  1.535288503910e-01
  3.240710343460e-01
  2.214225683830e-01
  7.928494869410e-02
  1.939627157920e-01
  4.247616372240e-01
  9.745965280100e-02
  1.866451740630e-01
  2.759665143950e-01
  1.830212569920e-01
  2.735532717060e-01
  2.764564089390e-01
  2.358960140560e-01
  3.585651857550e-01
  5.264376889680e-01
  5.770544747120e-01
  1.070476457380e-01
  2.914555702940e-01
  2.048218193680e-01
  1.994970457850e-01
  2.806910137520e-01
  4.491661731640e-01
  9.255345672880e-01
  1.033311738130e-01
  3.419440391030e-01
  1.010071302800e-01
  1.781197380490e-01
  1.848282097810e-01
  2.345059848160e-01
  2.482096078600e-01
  2.861726044060e-01
  3.168250924810e-01
  3.403333108100e-01
  3.941627115710e-01
  5.307140481230e-01
  1.132898611360e+00
  1.750799655640e-01
  2.444490012820e-01
  6.526694716280e-01
  2.882919444600e-01
  1.535620001580e-01
  2.044273973440e-01
  2.596476091280e-01
  3.166449506070e-01
  3.291142369220e-01
  3.306104044870e-01
  3.993677852090e-01
  5.497400387500e-01
  3.617352736130e-01
  3.554601097250e-01
  3.914550043820e-01
  4.035971911460e-01
  4.297977443360e-01
  5.103463276660e-01
  4.859998656140e-01
  5.169426146540e-01
  5.676339702360e-01
  6.329133741170e-01
  7.339217525030e-01
  8.796731210300e-01
  1.140570710970e+00
  1.679687442820e+00
  3.041812734610e+00
  6.450053468210e+00
  1.671235558990e+00
  2.303759460470e-01
  5.012485846920e-02
  4.601636155570e-02
  7.560623964660e-02
  1.039801062450e-01
  1.338463938630e-01
  1.591424063530e-01
  1.824187352900e-01
  2.036542525620e-01
  2.253017057430e-01
  2.419354457860e-01
  2.587738943860e-01
  2.753226587270e-01
  2.910795707870e-01
  3.066464748970e-01
  3.261825982580e-01
  3.480839461770e-01
  3.564596301220e-01
  3.764209445970e-01
  3.962972414840e-01
  4.197090823040e-01
  4.666938353800e-01
  4.795463191840e-01
  5.204218946150e-01
  5.742870194400e-01
  6.592481662080e-01
  7.602574410180e-01
  9.359067624970e-01
  1.226589877160e+00
  1.673334313740e+00
  2.055566078320e+00
  1.810711106680e+00
  1.268040233490e+00
  9.143015553000e-01
  7.728332298650e-01
  8.484239780390e-01
  1.043813996080e+00
  7.216168427160e-01
  5.633727400890e-01
  5.145631464720e-01
  4.967098043460e-01
  4.909428615110e-01
  4.916060898980e-01
  4.972241950450e-01
  5.067464932980e-01
  5.258416265040e-01
  5.738446980340e-01
  7.262073902320e-01
  6.415470404290e-01
  5.291952332620e-01
  5.174878825490e-01
  5.205313131690e-01
  5.266360334620e-01
  5.336187645240e-01
  5.409320770280e-01
  5.483960158780e-01
  5.559222141600e-01
  5.634529138030e-01
  5.709628203240e-01
  5.784544088710e-01
  5.864704153320e-01
  5.934376321580e-01
  5.999662074920e-01
  6.012276002680e-01
  6.007756195550e-01
  6.015463249480e-01
  6.078502953620e-01
  6.079543754580e-01
  6.084813320620e-01
  6.094471241680e-01
  6.148018460190e-01
  6.152233099550e-01
  6.154526234380e-01
  6.160069327940e-01
  6.165266280630e-01
  6.221442202870e-01
  6.230691385450e-01
  6.230306231230e-01
  6.234953285670e-01
  6.233490699720e-01
  6.293262970800e-01
  6.294807839350e-01
  6.303505858950e-01
  6.306452142110e-01
  6.302115820310e-01
  6.371900160700e-01
  6.372342179260e-01
  6.375972787870e-01
  6.378438758860e-01
  6.440422091500e-01
  6.440384887770e-01
  6.446911321750e-01
  6.453730766130e-01
  6.512071565400e-01
  6.516387680260e-01
  6.517045695550e-01
  6.521365317180e-01
  6.598468966370e-01
  6.622278963150e-01
  6.593489348060e-01
  6.664257587560e-01
  6.704996158140e-01
  6.653823081920e-01
  6.657501448880e-01
  6.657744316640e-01
  6.655957423120e-01
  6.664794713340e-01
  6.723676346170e-01
  6.724032120600e-01
  6.730295128390e-01
  6.733877213000e-01
  6.737280392510e-01
  6.791873232940e-01
  6.797606698740e-01
  6.797251659160e-01
  6.798083187250e-01
  6.799888642800e-01
  6.797106472190e-01
  6.858928011140e-01
  6.861718578610e-01
  6.868190965730e-01
  6.866999107060e-01
  6.875472622050e-01
  6.922712804960e-01
  6.933729176030e-01
  6.935007699540e-01
  6.936876245080e-01
  6.985072553220e-01
  6.990228814240e-01
  6.995495473750e-01
  7.000551568260e-01
  7.005384595740e-01
  7.058134257840e-01
  7.070047848130e-01
  7.068369717300e-01
  7.065510784500e-01
  7.088235436570e-01
  7.225113171250e-01
  7.273753302180e-01
  9.020695280720e-01
  7.194618745620e-01
  1.056870036710e+00
  7.235619727120e-01
  8.145262674690e-01
  8.140305757010e-01
  7.512667829630e-01
  7.414524852260e-01
  7.606040787020e-01
  7.250333176200e-01
  7.250430180730e-01
  7.259038537140e-01
  7.265618500370e-01
  7.265255522260e-01
  7.272018736260e-01
  7.315908198950e-01
  7.315417366620e-01
  7.315789443040e-01
  7.320571908770e-01
  7.321854747020e-01
  7.365880039790e-01
  7.378547900940e-01
  7.377540477670e-01
  7.376874290030e-01
  7.379213676620e-01
  7.388859095670e-01
  7.435970413350e-01
  7.435743763560e-01
  7.444437721110e-01
  7.448763448320e-01
  7.446033397490e-01
  7.491243587300e-01
  7.492815762810e-01
  7.500529261840e-01
  7.508139754660e-01
  7.503430207420e-01
  7.500385450750e-01
  7.502726028590e-01
  7.540823532410e-01
  7.542461661890e-01
  7.560020040770e-01
  7.557963085640e-01
  7.560964479570e-01
  7.564734932380e-01
  7.593563584920e-01
  7.609776165130e-01
  7.611510111370e-01
  7.613010008560e-01
  7.617471621310e-01
  7.622739119730e-01
  7.661362839330e-01
  7.665079189730e-01
  7.675241215560e-01
  7.675536040070e-01
  7.686093009250e-01
  7.718539189450e-01
  7.723082237560e-01
  7.724771526110e-01
  7.723574327290e-01
  7.732903717930e-01
  7.740613450170e-01
  7.775973504830e-01
  7.772296808980e-01
  7.780662330300e-01
  7.781329151780e-01
  7.780546589950e-01
  7.784652892470e-01
  7.815697835950e-01
  7.821902656690e-01
  7.822044506240e-01
  7.823175464730e-01
  7.830277678960e-01
  7.833199784320e-01
  7.833913487080e-01
  7.837675912620e-01
  7.881314319460e-01
  7.885007945470e-01
  7.884735087180e-01
  7.888522022020e-01
  7.883967970550e-01
  7.930188388410e-01
  7.938408215370e-01
  7.934504854710e-01
  7.929496411480e-01
  7.931459450250e-01
  7.946083418270e-01
  7.973598904990e-01
  7.985605045140e-01
  7.980860100030e-01
  7.989564404160e-01
  7.984585922240e-01
  7.992751066940e-01
  7.996463036110e-01
  7.999165684620e-01
  8.025130029420e-01
  8.030446095120e-01
  8.033243544190e-01
  8.032050672350e-01
  8.034970770370e-01
  8.036941199450e-01
  8.044146830460e-01
  8.065941402040e-01
  8.079985915140e-01
  8.083726591530e-01
  8.083457679740e-01
  8.086811129870e-01
  8.085156041440e-01
  8.093883385830e-01
  8.125046369830e-01
  8.127641261160e-01
  8.124072685810e-01
  8.125662069340e-01
  8.125927598550e-01
  8.132904736600e-01
  8.129676210620e-01
  8.130392292860e-01
  8.164627144640e-01
  8.167533725290e-01
  8.169750077770e-01
  8.176680060800e-01
  8.175172340820e-01
  8.176786264810e-01
  8.187591073650e-01
  8.192575298350e-01
  8.208893729750e-01
  8.213633197610e-01
  8.215926151740e-01
  8.217022083180e-01
  8.224683064020e-01
  8.222537597800e-01
  8.223744531490e-01
  8.231758997660e-01
  8.244348019990e-01
  8.253315027770e-01
  8.255078811100e-01
  8.263226230490e-01
  8.266992576970e-01
  8.266328977690e-01
  8.271243314700e-01
  8.303816797310e-01
  8.303813684710e-01
  8.305246417270e-01
  8.304388164820e-01
  8.300850374350e-01
  8.314839197140e-01
  8.340298919460e-01
  8.343039189640e-01
  8.345754159280e-01
  8.346404022580e-01
  8.347291273260e-01
  8.348077494100e-01
  8.347130998280e-01
  8.351127954990e-01
  8.353593681130e-01
  8.383393065960e-01
  8.378887278130e-01
  8.387719180560e-01
  8.384252830470e-01
  8.387308332940e-01
  8.391693932440e-01
  8.420800190480e-01
  8.419573849340e-01
  8.422928430580e-01
  8.428521943350e-01
  8.422876824490e-01
  8.428290338440e-01
  8.434627594040e-01
  8.450568220920e-01
  8.453219700020e-01
  8.458895726570e-01
  8.460420788870e-01
  8.462190897910e-01
  8.462022803190e-01
  8.461823588930e-01
  8.468966639310e-01
  8.475035692550e-01
  8.492395424860e-01
  8.498935441510e-01
  8.501714098470e-01
  8.500967238020e-01
  8.501106947200e-01
  8.506253133390e-01
  8.529578934690e-01
  8.538068917250e-01
  8.536010449770e-01
  8.537707004860e-01
  8.538418092670e-01
  8.539979552910e-01
  8.540883556980e-01
  8.542903687300e-01
  8.566653645670e-01
  8.569239703170e-01
  8.573693427940e-01
  8.575952518780e-01
  8.573445134880e-01
  8.577944064480e-01
  8.578218987570e-01
  8.603055924550e-01
  8.605617922090e-01
  8.608404012670e-01
  8.609486438610e-01
  8.612083564710e-01
  8.636995300230e-01
  8.638073186470e-01
  8.640005844990e-01
  8.641195690040e-01
  8.641124803400e-01
  8.644801962840e-01
  8.642165852600e-01
  8.642419349120e-01
  8.666807109200e-01
  8.668844513450e-01
  8.667341921500e-01
  8.676992092480e-01
  8.670894717450e-01
  8.671892387260e-01
  8.674645913710e-01
  8.673079800710e-01
  8.683246806530e-01
  8.702471474040e-01
  8.703333836210e-01
  8.703348940020e-01
  8.702817759200e-01
  8.705460605720e-01
  8.705020896160e-01
  8.707122573850e-01
  8.707891828390e-01
  8.734116261150e-01
  8.733728929250e-01
  8.734827489910e-01
  8.733404486960e-01
  8.735152191770e-01
  8.736333971430e-01
  8.731971575530e-01
  8.748684088770e-01
  8.748792091100e-01
  8.759198570700e-01
  8.764506687860e-01
  8.766146502500e-01
  8.762594294820e-01
  8.764292348340e-01
  8.770583121250e-01
  8.771914237070e-01
  8.774779852550e-01
  8.786983900500e-01
  8.795066697760e-01
  8.794088478520e-01
  8.794294297090e-01
  8.796861011260e-01
  8.797791894480e-01
  8.798886989650e-01
  8.803935370070e-01
  8.803928526580e-01
  8.803958179860e-01
  8.803930667420e-01
  8.811733507960e-01
  8.812974060840e-01
  8.814214576740e-01
  8.814569440330e-01
  8.814439391110e-01
  8.822199869440e-01
  8.824130996820e-01
  8.824234628920e-01
  8.826686450720e-01
  8.832255101810e-01
  8.843160504080e-01
  8.843081075080e-01
  8.843101907810e-01
  8.843362916780e-01
  8.843955021380e-01
  8.842800881800e-01
  8.848285269400e-01
  8.849784995310e-01
  8.851858726130e-01
  8.851700303020e-01
  8.851318254020e-01
  8.852336051600e-01
  8.852994808240e-01
  8.866793512540e-01
  8.877628597160e-01
  8.873633912060e-01
  8.874733837330e-01
  8.877651412490e-01
  8.877249612860e-01
  8.878131922730e-01
  8.879257986520e-01
  8.896824808170e-01
  8.896834883700e-01
  8.896777656920e-01
  8.896787609650e-01
  8.900771654740e-01
  8.899242499750e-01
  8.898695546140e-01
  8.899830749720e-01
  8.910209461700e-01
  8.910732040460e-01
  8.923903376350e-01
  8.927603724800e-01
  8.922511801780e-01
  8.925671993260e-01
  8.927165333040e-01
  8.925507351300e-01
  8.924386115840e-01
  8.926504841850e-01
  8.928191636080e-01
  8.928371354970e-01
  8.940774058040e-01
  8.946755019600e-01
  8.946364916920e-01
  8.947845146110e-01
  8.947072222680e-01
  8.949333169510e-01
  8.948892978000e-01
  8.952888512420e-01
  8.955584852010e-01
  8.971128761980e-01
  8.971968025500e-01
  8.974062825040e-01
  8.973514858140e-01
  8.975454993980e-01
  8.975237075160e-01
  8.975935821450e-01
  8.977012151780e-01
  8.974355163610e-01
  8.981710744280e-01
  8.991921502460e-01
  8.992203252160e-01
  8.996708888400e-01
  8.996006529100e-01
  8.997155902380e-01
  8.998175344780e-01
  8.998276613290e-01
  8.997561795760e-01
  9.006322066670e-01
  9.006845902900e-01
  9.013379091480e-01
  9.014631439310e-01
  9.017818199260e-01
  9.015338917830e-01
  9.014625729480e-01
  9.016839245890e-01
  9.017513824180e-01
  9.016721462650e-01
  9.020490104540e-01
  9.022331376230e-01
  9.022351931570e-01
  9.029204417910e-01
  9.034796315960e-01
  9.035077210970e-01
  9.034776209840e-01
  9.034983915470e-01
  9.034958804770e-01
  9.035180321260e-01
  9.035141170580e-01
  9.034730626580e-01
  9.036876199800e-01
  9.040464419630e-01
  9.043110338450e-01
  9.043850407360e-01
  9.050422483550e-01
  9.053988485040e-01
  9.055670336830e-01
  9.057524037500e-01
  9.059433287880e-01
  9.065778867800e-01
  9.065773283810e-01
  9.065641263780e-01
  9.065801185310e-01
  9.065814830430e-01
  9.070587468010e-01
  9.070662385620e-01
  9.071421892490e-01
  9.075519593280e-01
  9.075099892710e-01
  9.078417471870e-01
  9.078964518090e-01
  9.078436417750e-01
  9.080431214830e-01
  9.079505521940e-01
  9.080000948190e-01
  9.084245804390e-01
  9.085448822360e-01
  9.094914531770e-01
  9.096899167600e-01
  9.097108886300e-01
  9.097165950310e-01
  9.097528138160e-01
  9.099810538920e-01
  9.100278389920e-01
  9.104285175400e-01
  9.107002797150e-01
  9.112550640020e-01
  9.112639405470e-01
  9.113084630340e-01
  9.112068733070e-01
  9.114988281010e-01
  9.115342501530e-01
  9.119967366760e-01
  9.117770451410e-01
  9.117719896600e-01
  9.122236242780e-01
  9.119249832140e-01
  9.132368077730e-01
  9.132918590420e-01
  9.134006785570e-01
  9.134402887570e-01
  9.132666915520e-01
  9.133186070540e-01
  9.135962424850e-01
  9.136197608610e-01
  9.139512589620e-01
  9.138131467780e-01
  9.142357917340e-01
  9.150559077030e-01
  9.154914831560e-01
  9.151664207110e-01
  9.151559529060e-01
  9.152341876350e-01
  9.152873143820e-01
  9.155232088880e-01
  9.155387767750e-01
  9.155768178190e-01
  9.167385584870e-01
  9.167286038990e-01
  9.169233740400e-01
  9.169395479130e-01
  9.169865354140e-01
  9.170472289020e-01
  9.168751615980e-01
  9.170683845780e-01
  9.171422107760e-01
  9.174565798190e-01
  9.172389419930e-01
  9.183236835300e-01
  9.183067515370e-01
  9.182516460210e-01
  9.183071684290e-01
  9.186904839250e-01
  9.188467168980e-01
  9.189202658370e-01
  9.190111944620e-01
  9.190493615400e-01
  9.189906069740e-01
  9.192649974360e-01
  9.197619571390e-01
  9.197575839290e-01
  9.197664678930e-01
  9.200568025340e-01
  9.201460867860e-01
  9.201989052600e-01
  9.202424179650e-01
  9.203810216060e-01
  9.202867238260e-01
  9.205575300420e-01
  9.211580674270e-01
  9.214234492000e-01
  9.214520147410e-01
  9.214842993390e-01
  9.215966134480e-01
  9.217323833300e-01
  9.219685179160e-01
  9.220936366980e-01
  9.222312898660e-01
  9.223212667910e-01
  9.232451411620e-01
  9.231881360210e-01
  9.230739000200e-01
  9.233747107400e-01
  9.232351274780e-01
  9.232446577130e-01
  9.232449025250e-01
  9.232423308200e-01
  9.232436614260e-01
  9.232510981640e-01
  9.232726681270e-01
  9.232596270080e-01
  9.242454057180e-01
  9.246455998260e-01
  9.246762657960e-01
  9.246188570310e-01
  9.246061008270e-01
  9.247245431060e-01
  9.246065241820e-01
  9.249225867390e-01
  9.260177903000e-01
  9.260129988390e-01
  9.259795966150e-01
  9.260177579980e-01
  9.260365569910e-01
  9.260587529440e-01
  9.261054161950e-01
  9.271881329310e-01
  9.273267188330e-01
  9.274614103780e-01
  9.270733229970e-01
  9.273852493190e-01
  9.273454911050e-01
  9.274837122500e-01
  9.274244825050e-01
  9.275861606340e-01
  9.275899785230e-01
  9.275844429930e-01
  9.283699040490e-01
  9.284038557170e-01
  9.286977027930e-01
  9.287136065690e-01
  9.286752165940e-01
  9.286953986420e-01
  9.287578364020e-01
  9.287555492010e-01
  9.290428532560e-01
  9.292478002850e-01
  9.296058065400e-01
  9.299256359020e-01
  9.298712616250e-01
  9.299018128800e-01
  9.299933983560e-01
  9.300470330340e-01
  9.299346560510e-01
  9.305341787280e-01
  9.308005786600e-01
  9.308662043880e-01
  9.308481280720e-01
  9.311857424670e-01
  9.309293295960e-01
  9.311073164660e-01
  9.314268330440e-01
  9.314374194940e-01
  9.317385378060e-01
  9.317544903940e-01
  9.319674548490e-01
  9.320692857930e-01
  9.319062107450e-01
  9.323495105280e-01
  9.324507179240e-01
  9.324549498130e-01
  9.322987116680e-01
  9.324969365480e-01
  9.325087532050e-01
  9.325382965250e-01
  9.325807029640e-01
  9.329695699400e-01
  9.329742421350e-01
  9.329733284910e-01
  9.330295263320e-01
  9.330428434190e-01
  9.334371614430e-01
  9.332502673780e-01
  9.334333599110e-01
  9.334111860790e-01
  9.333911997660e-01
  9.336642523180e-01
  9.336420783130e-01
  9.338812138430e-01
  9.342251705370e-01
  9.342887532200e-01
  9.342779402200e-01
  9.342651445610e-01
  9.343330262310e-01
  9.343232813200e-01
  9.345891324540e-01
  9.347152152260e-01
  9.348195150250e-01
  9.349291510890e-01
  9.349506301180e-01
  9.350387291260e-01
  9.353400580900e-01
  9.355581640370e-01
  9.356157411930e-01
  9.355328617410e-01
  9.357123769940e-01
  9.356416487380e-01
  9.358055613910e-01
  9.358958531930e-01
  9.359385934730e-01
  9.365034984150e-01
  9.366242710300e-01
  9.367053393180e-01
  9.366795828900e-01
  9.367767489680e-01
  9.369068991900e-01
  9.373704040440e-01
  9.373568667520e-01
  9.374760195970e-01
  9.376372614970e-01
  9.376620028210e-01
  9.376891365260e-01
  9.377937034450e-01
  9.379520903100e-01
  9.380466252090e-01
  9.380382978520e-01
  9.380559830950e-01
  9.380699574190e-01
  9.380757713750e-01
  9.380726910650e-01
  9.381681926430e-01
  9.383694387810e-01
  9.386909131720e-01
  9.386218048960e-01
  9.386680216690e-01
  9.389469738460e-01
  9.387398482220e-01
  9.387748244250e-01
  9.387723705950e-01
  9.387832472200e-01
  9.387831222030e-01
  9.389580851160e-01
  9.393611044570e-01
  9.393834279580e-01
  9.393705546350e-01
  9.393763906530e-01
  9.393924191620e-01
  9.394267913550e-01
  9.394716817370e-01
  9.396014563790e-01
  9.396793012610e-01
  9.395708570260e-01
  9.399027737960e-01
  9.399778499860e-01
  9.400960910460e-01
  9.402095418020e-01
  9.404563383520e-01
  9.405200130040e-01
  9.408114082380e-01
  9.407950244010e-01
  9.408341241600e-01
  9.410422926760e-01
  9.412248769220e-01
  9.412011148300e-01
  9.411264120380e-01
  9.412195924160e-01
  9.414787215970e-01
  9.414799978220e-01
  9.414969258850e-01
  9.414870780750e-01
  9.416821771460e-01
  9.421674369060e-01
  9.421398747450e-01
  9.420330091840e-01
  9.421970249150e-01
  9.425240622180e-01
  9.425944137030e-01
  9.428265560260e-01
  9.428995103060e-01
  9.429227172730e-01
  9.429765940370e-01
  9.429995603100e-01
  9.431396577760e-01
  9.431809726510e-01
  9.433921087150e-01
  9.436517115900e-01
  9.437338265510e-01
  9.436969732510e-01
  9.437469421100e-01
  9.437267633800e-01
  9.437588396020e-01
  9.437498714150e-01
  9.438767540320e-01
  9.439045180110e-01
  9.438066046870e-01
  9.441471326780e-01
  9.441552771810e-01
  9.441484183270e-01
  9.443584762110e-01
  9.443961039990e-01
  9.445326903210e-01
  9.445444622660e-01
  9.445554045150e-01
  9.445506035970e-01
  9.446369530070e-01
  9.446388869360e-01
  9.446350906190e-01
  9.447591078970e-01
  9.447751109110e-01
  9.448695171850e-01
  9.449189459000e-01
  9.452133381160e-01
  9.452351258640e-01
  9.453110724400e-01
  9.453231402850e-01
  9.452993387030e-01
  9.452684367450e-01
  9.455313076650e-01
  9.456310243260e-01
  9.456442745520e-01
  9.456463425270e-01
  9.459715764680e-01
  9.459684920370e-01
  9.460214929240e-01
  9.461209971140e-01
  9.460099911530e-01
  9.460874584840e-01
  9.460669922330e-01
  9.462548968640e-01
  9.464190594630e-01
  9.464470922570e-01
  9.464983562230e-01
  9.467012918400e-01
  9.466999094920e-01
  9.468404875440e-01
  9.468357303930e-01
  9.469364994630e-01
  9.468276822560e-01
  9.468531462720e-01
  9.474481034760e-01
  9.474547455820e-01
  9.474575110910e-01
  9.474010544660e-01
  9.474302298550e-01
  9.474440114390e-01
  9.474460466490e-01
  9.474585189400e-01
  9.474301348160e-01
  9.474240413720e-01
  9.477768005700e-01
  9.478587961300e-01
  9.480253451180e-01
  9.480195753660e-01
  9.480311518000e-01
  9.481800348870e-01
  9.482766166200e-01
  9.483769113750e-01
  9.483758210420e-01
  9.483868695110e-01
  9.483628559460e-01
  9.487539177900e-01
  9.487538641810e-01
  9.487170764050e-01
  9.488331536110e-01
  9.488457264200e-01
  9.489691091580e-01
  9.489691157450e-01
  9.491733068790e-01
  9.494747865090e-01
  9.493985802470e-01
  9.494000522630e-01
  9.494006004070e-01
  9.494004115030e-01
  9.494006819350e-01
  9.494036270130e-01
  9.494881932080e-01
  9.494522036270e-01
  9.495127858620e-01
  9.498818876350e-01
  9.499459555820e-01
  9.499708959020e-01
  9.500239450810e-01
  9.500666586790e-01
  9.502205468020e-01
  9.502333852820e-01
  9.502430250810e-01
  9.502526548410e-01
  9.502638753060e-01
  9.502735076740e-01
  9.502815311480e-01
  9.502903669680e-01
  9.502997510480e-01
  9.503304849510e-01
  9.503617783060e-01
  9.503730138830e-01
  9.503836966830e-01
  9.503922833320e-01
  9.503992642740e-01
  9.504067187250e-01
  9.504179553280e-01
  9.504291858310e-01
  9.504388284540e-01
  9.504508668950e-01
  9.505672254180e-01
  9.506835470440e-01
  9.507179612460e-01
  9.507321033590e-01
  9.507955529260e-01
  9.512332936360e-01
  9.512253239370e-01
  9.515353573720e-01
  9.515811615170e-01
  9.516363603640e-01
  9.516823838810e-01
  9.517185413630e-01
  9.517466704880e-01
  9.517739606840e-01
  9.518004781450e-01
  9.518197683230e-01
  9.518414486880e-01
  9.518591369870e-01
  9.518727932970e-01
  9.518864400490e-01
  9.519726654470e-01
  9.519722703160e-01
  9.519655262140e-01
  9.520238317580e-01
  9.519691847720e-01
  9.519782610120e-01
  9.522948524200e-01
  9.522585737040e-01
  9.522469250230e-01
  9.522095901160e-01
  9.522785756040e-01
  9.523982458700e-01
  9.523985149950e-01
  9.524680553200e-01
  9.524609101560e-01
  9.524648950500e-01
  9.524645637570e-01
  9.524651534300e-01
  9.524711101890e-01
  9.526342808210e-01
  9.526592098320e-01
  9.526704726870e-01
  9.526825314210e-01
  9.526929868120e-01
  9.527010332890e-01
  9.527088427170e-01
  9.527155075700e-01
  9.527235592440e-01
  9.527340129360e-01
  9.527525197680e-01
  9.527846936500e-01
  9.529201476950e-01
  9.530615681490e-01
  9.530986028660e-01
  9.531187158360e-01
  9.531316113710e-01
  9.531426245610e-01
  9.531509304060e-01
  9.532212922710e-01
  9.532193340040e-01
  9.532144684950e-01
  9.532277942380e-01
  9.532893751020e-01
  9.533006491260e-01
  9.533156943160e-01
  9.533320354600e-01
  9.533481286460e-01
  9.533690612880e-01
  9.534020691330e-01
  9.534852013740e-01
  9.535286827510e-01
  9.536250935400e-01
  9.536355619020e-01
  9.536460555210e-01
  9.536565290250e-01
  9.536653801800e-01
  9.537257033710e-01
  9.537193552470e-01
  9.537240503800e-01
  9.537563675040e-01
  9.538246581230e-01
  9.538732377160e-01
  9.538909598380e-01
  9.539092511850e-01
  9.539352797890e-01
  9.539715372800e-01
  9.540690169300e-01
  9.541522385330e-01
  9.541624748530e-01
  9.542269999620e-01
  9.542287750050e-01
  9.542247967470e-01
  9.542427751990e-01
  9.545257864530e-01
  9.544469627080e-01
  9.544450807680e-01
  9.545153421530e-01
  9.546881026540e-01
  9.547284149890e-01
  9.547730205970e-01
  9.548962904670e-01
  9.549807358760e-01
  9.550108227810e-01
  9.550173151340e-01
  9.550165563900e-01
  9.550203602350e-01
  9.550184483440e-01
  9.551938063050e-01
  9.553513185130e-01
  9.553588512800e-01
  9.554796257260e-01
  9.555143307580e-01
  9.555339568590e-01
  9.555538978270e-01
  9.555886107670e-01
  9.557620067120e-01
  9.557646293670e-01
  9.557905764940e-01
  9.558001778130e-01
  9.557855334110e-01
  9.558100972390e-01
  9.558203079090e-01
  9.559432812280e-01
  9.561563859550e-01
  9.562817580380e-01
  9.563507249220e-01
  9.566708661070e-01
  9.566786597590e-01
  9.566790878700e-01
  9.566860707070e-01
  9.567167052660e-01
  9.567064595010e-01
  9.569033232040e-01
  9.569489010510e-01
  9.569845096590e-01
  9.570144646640e-01
  9.570266168220e-01
  9.571825609180e-01
  9.571802989850e-01
  9.571773312870e-01
  9.571665061420e-01
  9.571652606960e-01
  9.571635966380e-01
  9.571471474240e-01
  9.573148324670e-01
  9.573382984370e-01
  9.573731261530e-01
  9.574208781240e-01
  9.574808030410e-01
  9.576662057980e-01
  9.578526087970e-01
  9.579158553520e-01
  9.579661307850e-01
  9.579950808200e-01
  9.580113042690e-01
  9.580245258040e-01
  9.580366888090e-01
  9.580482698670e-01
  9.580577602060e-01
  9.580669266850e-01
  9.580796634370e-01
  9.581275057270e-01
  9.581320545640e-01
  9.581791562480e-01
  9.581907561800e-01
  9.582013042770e-01
  9.582164600740e-01
  9.582321214340e-01
  9.583010324080e-01
  9.583131428310e-01
  9.583415987700e-01
  9.584818707920e-01
  9.585560340570e-01
  9.585441336590e-01
  9.587098170900e-01
  9.587950952680e-01
  9.588259498470e-01
  9.588446166520e-01
  9.588592554930e-01
  9.588741124760e-01
  9.588892965040e-01
  9.589039218160e-01
  9.589177191580e-01
  9.589277018490e-01
  9.589347804170e-01
  9.589412724770e-01
  9.589477606700e-01
  9.589542767680e-01
  9.589607617870e-01
  9.589680703120e-01
  9.589769968920e-01
  9.589899883040e-01
  9.590249196420e-01
  9.590587872570e-01
  9.590720287460e-01
  9.590833950360e-01
  9.590939517800e-01
  9.591045032040e-01
  9.591118176200e-01
  9.591193612500e-01
  9.591304844260e-01
  9.591418592800e-01
  9.591589341380e-01
  9.591857272070e-01
  9.592163358080e-01
  9.592420043530e-01
  9.592620473520e-01
  9.592807358950e-01
  9.593083657760e-01
  9.593481826360e-01
  9.594075807660e-01
  9.596743192100e-01
  9.595490646800e-01
  9.596379865970e-01
  9.596827270780e-01
  9.596935985920e-01
  9.596863179440e-01
  9.596813479320e-01
  9.596631051530e-01
  9.598532208710e-01
  9.598795040420e-01
  9.599304999490e-01
  9.600965493280e-01
  9.602627007440e-01
  9.603229844090e-01
  9.603555574500e-01
  9.603734733730e-01
  9.603919437550e-01
  9.604653892410e-01
  9.604711958000e-01
  9.604955927780e-01
  9.605616026570e-01
  9.605893009050e-01
  9.607057731900e-01
  9.607147492830e-01
  9.607237109180e-01
  9.607651833440e-01
  9.607839048830e-01
  9.607942511530e-01
  9.608012141680e-01
  9.608052729620e-01
  9.608060316270e-01
  9.608082414390e-01
  9.608190985790e-01
  9.608868866350e-01
  9.609040256960e-01
  9.610255726890e-01
  9.610843011060e-01
  9.611218473100e-01
  9.611381419270e-01
  9.612052659050e-01
  9.612127440330e-01
  9.612148316100e-01
  9.612715059850e-01
  9.612876984830e-01
  9.613062109350e-01
  9.613641503950e-01
  9.614740323450e-01
  9.615320736840e-01
  9.616549225810e-01
  9.616706801780e-01
  9.616835213310e-01
  9.616990336110e-01
  9.617145772700e-01
  9.618300951910e-01
  9.618665751860e-01
  9.620289561430e-01
  9.621689524280e-01
  9.622719433680e-01
  9.623123217230e-01
  9.623475299220e-01
  9.623890351940e-01
  9.624324341240e-01
  9.625835483550e-01
  9.627157608480e-01
  9.628172877090e-01
  9.629289288520e-01
  9.629057453430e-01
  9.630195308190e-01
  9.630408101240e-01
  9.630572054810e-01
  9.630689109170e-01
  9.630785014800e-01
  9.630872462070e-01
  9.630940543470e-01
  9.630997889790e-01
  9.631087697530e-01
  9.631194334360e-01
  9.631292626120e-01
  9.631374686700e-01
  9.631489488750e-01
  9.631891519720e-01
  9.631949835150e-01
  9.632317888630e-01
  9.632440932110e-01
  9.632547625000e-01
  9.632645892350e-01
  9.632744166760e-01
  9.632834427950e-01
  9.632932813230e-01
  9.633047709450e-01
  9.633184643190e-01
  9.633326370310e-01
  9.633451958240e-01
  9.633583094160e-01
  9.633711918110e-01
  9.633906265900e-01
  9.634171127830e-01
  9.634704103980e-01
  9.635475072540e-01
  9.636131651310e-01
  9.636772639410e-01
  9.636960223030e-01
  9.637209479530e-01
  9.637242182990e-01
  9.637318618800e-01
  9.637298010240e-01
  9.637289336640e-01
  9.637353746750e-01
  9.637323463010e-01
  9.637424693560e-01
  9.637328412310e-01
  9.638449259660e-01
  9.638717988010e-01
  9.638945086590e-01
  9.639216173630e-01
  9.639516708970e-01
  9.640009334800e-01
  9.641231127790e-01
  9.643836601600e-01
  9.646566815520e-01
  9.647817674890e-01
  9.648177530670e-01
  9.648393782900e-01
  9.648607705940e-01
  9.648780387080e-01
  9.648953600960e-01
  9.649397617660e-01
  9.649817331260e-01
  9.650006549690e-01
  9.651208683550e-01
  9.651618601100e-01
  9.652840275620e-01
  9.654128078980e-01
  9.655413683930e-01
  9.655839741410e-01
  9.656169055920e-01
  9.657381690090e-01
  9.658280523810e-01
  9.658154057150e-01
  9.659677503280e-01
  9.660103994460e-01
  9.660458785250e-01
  9.660689996550e-01
  9.660862837400e-01
  9.661003121560e-01
  9.661135054930e-01
  9.661283908270e-01
  9.661821870270e-01
  9.662132097730e-01
  9.662158341760e-01
  9.662951008640e-01
  9.663124440840e-01
  9.663339397160e-01
  9.663513038650e-01
  9.663645069310e-01
  9.663771465450e-01
  9.663958877130e-01
  9.664206748920e-01
  9.664462942910e-01
  9.664669645730e-01
  9.664851455070e-01
  9.665132024680e-01
  9.665470796690e-01
  9.665848516040e-01
  9.666214679860e-01
  9.666677223220e-01
  9.667115188000e-01
  9.667528140680e-01
  9.668310541890e-01
  9.669313381920e-01
  9.670322578520e-01
  9.672076280060e-01
  9.674516780660e-01
  9.676246015330e-01
  9.677271149870e-01
  9.677944693320e-01
  9.678350814110e-01
  9.678775746930e-01
  9.679079910070e-01
  9.679270541160e-01
  9.679452586420e-01
  9.679626780710e-01
  9.679775695910e-01
  9.679891684470e-01
  9.680007684710e-01
  9.680148551840e-01
  9.680281012720e-01
  9.680984676400e-01
  9.680982940130e-01
  9.681086831530e-01
  9.681747787070e-01
  9.681888384100e-01
  9.682012637780e-01
  9.682145257800e-01
  9.682308547640e-01
  9.682451974290e-01
  9.682658954580e-01
  9.682923932300e-01
  9.683396365300e-01
  9.685348530090e-01
  9.687171449920e-01
  9.687578307480e-01
  9.687868740480e-01
  9.688067470210e-01
  9.688250186090e-01
  9.688407870090e-01
  9.688548976160e-01
  9.688722985510e-01
  9.688866749990e-01
  9.688972190720e-01
  9.689096633210e-01
  9.689243469120e-01
  9.689370249800e-01
  9.689478090060e-01
  9.690204271400e-01
  9.690210807490e-01
  9.690214074730e-01
  9.690170011510e-01
  9.690924635410e-01
  9.691046615760e-01
  9.691195807860e-01
  9.691361866470e-01
  9.691577424300e-01
  9.691760060840e-01
  9.692025635180e-01
  9.692739681280e-01
  9.693595486040e-01
  9.694193451670e-01
  9.694625318140e-01
  9.695101052970e-01
  9.695870966950e-01
  9.697183902280e-01
  9.699827276490e-01
  9.703469917100e-01
  9.706223386630e-01
  9.708073921840e-01
  9.710560519220e-01
  9.712392489270e-01
  9.712867216830e-01
  9.713164474380e-01
  9.713442190950e-01
  9.713744607480e-01
  9.714000168750e-01
  9.714164376530e-01
  9.714325292500e-01
  9.714508414660e-01
  9.714647810740e-01
  9.715500397110e-01
  9.715558410820e-01
  9.715565022220e-01
  9.716464124930e-01
  9.716583580180e-01
  9.716708211610e-01
  9.716883627850e-01
  9.717125256540e-01
  9.717385909680e-01
  9.717649901690e-01
  9.717908323340e-01
  9.718291770540e-01
  9.718716752210e-01
  9.719241262080e-01
  9.719916279040e-01
  9.720758582070e-01
  9.722726649120e-01
  9.726079531880e-01
  9.729984481650e-01
  9.733982984440e-01
  9.737063952020e-01
  9.738667778610e-01
  9.739553216990e-01
  9.740380578330e-01
  9.741056918480e-01
  9.741575369760e-01
  9.741923479150e-01
  9.742185175300e-01
  9.742455092770e-01
  9.742669740270e-01
  9.742872886140e-01
  9.743112571820e-01
  9.743396558870e-01
  9.743722562310e-01
  9.744006573550e-01
  9.744850487100e-01
  9.745892205470e-01
  9.746362627040e-01
  9.746730091200e-01
  9.747281893830e-01
  9.747866519700e-01
  9.748399182430e-01
  9.749154394920e-01
  9.750985353730e-01
  9.753661115440e-01
  9.755584720180e-01
  9.756370775830e-01
  9.757098432410e-01
  9.758714810840e-01
  9.759423809470e-01
  9.761498810730e-01
  9.762843931200e-01
  9.764436229980e-01
  9.767457920500e-01
  9.770680789720e-01
  9.772885178200e-01
  9.776480521130e-01
  9.781062109210e-01
  9.785781457810e-01
  9.790493008400e-01
  9.795395969990e-01
  9.800257500400e-01
  9.804130785800e-01
  9.806124314850e-01
  9.807079883650e-01
  9.807658972890e-01
  9.808271001370e-01
  9.808877294740e-01
  9.810996175910e-01
  9.811010577220e-01
  9.813128725050e-01
  9.813805194240e-01
  9.814568669460e-01
  9.815474528440e-01
  9.817101824190e-01
  9.820759289090e-01
  9.826153406840e-01
  1.015609256010e+00
