1501
  7.078513189281e-02
  7.078441232033e-02
  7.078371068958e-02
  7.078299836718e-02
  7.078231321976e-02
  7.078167474618e-02
  7.078101838952e-02
  7.078024248983e-02
  7.077951904401e-02
  7.077883948814e-02
  7.077812613854e-02
  7.077738435106e-02
  7.077674753632e-02
  7.077599416271e-02
  7.077529331765e-02
  7.077464222408e-02
  7.077392901243e-02
  7.077320475024e-02
  7.077251359358e-02
  7.077174707863e-02
  7.077107644539e-02
  7.077036957415e-02
  7.076969091606e-02
  7.076890375209e-02
  7.076824578854e-02
  7.076759413381e-02
  7.076676552546e-02
  7.076607744634e-02
  7.076546922071e-02
  7.076479864626e-02
  7.076413838948e-02
  7.076334692938e-02
  7.076264652443e-02
  7.076194341430e-02
  7.076118896360e-02
  7.076045437594e-02
  7.075983172990e-02
  7.075904357360e-02
  7.075827573719e-02
  7.075757795343e-02
  7.075693551085e-02
  7.075623440844e-02
  7.075548598650e-02
  7.075477026180e-02
  7.075408314463e-02
  7.075339977844e-02
  7.075264568020e-02
  7.075191123827e-02
  7.075122692294e-02
  7.075041430476e-02
  7.074980579180e-02
  7.074911420083e-02
  7.074844557977e-02
  7.074761790114e-02
  7.074661146927e-02
  7.074597324610e-02
  7.074529716589e-02
  7.074460268905e-02
  7.074385516852e-02
  7.074314327312e-02
  7.074241760297e-02
  7.074175786284e-02
  7.074111687441e-02
  7.074040034961e-02
  7.073970195352e-02
  7.073895946928e-02
  7.073826048864e-02
  7.073756070391e-02
  7.073684221507e-02
  7.073608249004e-02
  7.073534346994e-02
  7.073464475842e-02
  7.073394727503e-02
  7.073322065313e-02
  7.073263475592e-02
  7.073191697333e-02
  7.073116737508e-02
  7.073040470535e-02
  7.072967808272e-02
  7.072899037974e-02
  7.072828944379e-02
  7.072755161697e-02
  7.072689617851e-02
  7.072616980837e-02
  7.072550969735e-02
  7.072473011505e-02
  7.072408801237e-02
  7.072330226522e-02
  7.072269234067e-02
  7.072186707799e-02
  7.072117430237e-02
  7.072044636422e-02
  7.071980675003e-02
  7.071914248352e-02
  7.071844484674e-02
  7.071775293156e-02
  7.071701547576e-02
  7.071635508264e-02
  7.071560949979e-02
  7.071491963582e-02
  7.071417240664e-02
  7.071346603606e-02
  7.071281770428e-02
  7.071206037481e-02
  7.071129644216e-02
  7.071060411504e-02
  7.070987632638e-02
  7.070921889205e-02
  7.070846110347e-02
  7.070769800586e-02
  7.070710067788e-02
  7.070630833832e-02
  7.070564145083e-02
  7.070486135858e-02
  7.070419464820e-02
  7.070348279994e-02
  7.070285663437e-02
  7.070208047240e-02
  7.070139066886e-02
  7.070061909960e-02
  7.069992130710e-02
  7.069926063051e-02
  7.069855800713e-02
  7.069781009577e-02
  7.069708952323e-02
  7.069642286557e-02
  7.069573299351e-02
  7.069492617659e-02
  7.069431623550e-02
  7.069359244134e-02
  7.069284189987e-02
  7.069214847638e-02
  7.069143014471e-02
  7.069075981347e-02
  7.069021949676e-02
  7.068943640880e-02
  7.068874096297e-02
  7.068800822370e-02
  7.068725737770e-02
  7.068655379767e-02
  7.068581414420e-02
  7.068509183388e-02
  7.068444696392e-02
  7.068372535368e-02
  7.068300909523e-02
  7.068221725991e-02
  7.068153566754e-02
  7.068083627679e-02
  7.068006969687e-02
  7.067935610434e-02
  7.067867311862e-02
  7.067800881768e-02
  7.067726182407e-02
  7.067655823038e-02
  7.067585531330e-02
  7.067512939864e-02
  7.067443984247e-02
  7.067367145120e-02
  7.067291919854e-02
  7.067231087365e-02
  7.067151072843e-02
  7.067078475260e-02
  7.067012201865e-02
  7.066935103597e-02
  7.066868387557e-02
  7.066796957746e-02
  7.066730467402e-02
  7.066657819386e-02
  7.066583034843e-02
  7.066509138858e-02
  7.066439857342e-02
  7.066365723192e-02
  7.066292815778e-02
  7.066229377523e-02
  7.066159112456e-02
  7.066089168904e-02
  7.066014384536e-02
  7.065938858748e-02
  7.065873598912e-02
  7.065806577476e-02
  7.065723203059e-02
  7.065660336471e-02
  7.065587910569e-02
  7.065516292614e-02
  7.065440932584e-02
  7.065332588088e-02
  7.065248075466e-02
  7.065177500128e-02
  7.065107172452e-02
  7.065039359485e-02
  7.064977618486e-02
  7.064902217022e-02
  7.064831347082e-02
  7.064764070691e-02
  7.064705145865e-02
  7.064634755814e-02
  7.064561542976e-02
  7.064493826896e-02
  7.064422519037e-02
  7.064351521970e-02
  7.064279415358e-02
  7.064208907079e-02
  7.064080131996e-02
  7.064010713278e-02
  7.063940377597e-02
  7.063879753489e-02
  7.063808491539e-02
  7.063743239692e-02
  7.063676296470e-02
  7.063618730409e-02
  7.063537579776e-02
  7.063474908538e-02
  7.063409145411e-02
  7.063338723056e-02
  7.063272685385e-02
  7.063203843049e-02
  7.063137214507e-02
  7.063064749078e-02
  7.062997437653e-02
  7.062929915689e-02
  7.062859084043e-02
  7.062792978705e-02
  7.062718150914e-02
  7.062655251349e-02
  7.062586349372e-02
  7.062511726634e-02
  7.062445055784e-02
  7.062370231357e-02
  7.062312360148e-02
  7.062235058003e-02
  7.062169111059e-02
  7.062093249078e-02
  7.062032589043e-02
  7.061961728883e-02
  7.061884911004e-02
  7.061814476236e-02
  7.061740173511e-02
  7.061678813412e-02
  7.061610310718e-02
  7.061539192416e-02
  7.061460820370e-02
  7.061393051231e-02
  7.061327271777e-02
  7.061257779416e-02
  7.061165350018e-02
  7.061091493214e-02
  7.061022885967e-02
  7.060957501759e-02
  7.060883636441e-02
  7.060821523030e-02
  7.060743408114e-02
  7.060676444846e-02
  7.060604265123e-02
  7.060533303337e-02
  7.060468684667e-02
  7.060391189456e-02
  7.060324004933e-02
  7.060254784694e-02
  7.060182043608e-02
  7.060112851100e-02
  7.060045308412e-02
  7.059973695449e-02
  7.059902890769e-02
  7.059829107659e-02
  7.059765942465e-02
  7.059690617810e-02
  7.059619456351e-02
  7.059557791784e-02
  7.059483957036e-02
  7.059411176902e-02
  7.059338145219e-02
  7.059271007562e-02
  7.059198411067e-02
  7.059129028295e-02
  7.059060879958e-02
  7.058985320650e-02
  7.058916962279e-02
  7.058848800472e-02
  7.058777326128e-02
  7.058700759608e-02
  7.058633468068e-02
  7.058565024878e-02
  7.058481198779e-02
  7.058421298108e-02
  7.058348084896e-02
  7.058276271196e-02
  7.058206558585e-02
  7.058132940951e-02
  7.058067948280e-02
  7.057992852503e-02
  7.057921164608e-02
  7.057849218995e-02
  7.057781906099e-02
  7.057713068872e-02
  7.057637583935e-02
  7.057565462955e-02
  7.057499604330e-02
  7.057420529040e-02
  7.057358812053e-02
  7.057286678640e-02
  7.057217122834e-02
  7.057145511554e-02
  7.057073276883e-02
  7.057004186985e-02
  7.056927642008e-02
  7.056861050730e-02
  7.056784326153e-02
  7.056714474692e-02
  7.056647323060e-02
  7.056570168365e-02
  7.056499238151e-02
  7.056427610255e-02
  7.056363534577e-02
  7.056287813149e-02
  7.056226485970e-02
  7.056164480452e-02
  7.056095571968e-02
  7.056023851601e-02
  7.055949396853e-02
  7.055880895531e-02
  7.055810268334e-02
  7.055730635400e-02
  7.055664115211e-02
  7.055590781450e-02
  7.055524117677e-02
  7.055454916991e-02
  7.055379042579e-02
  7.055306177546e-02
  7.055233236070e-02
  7.055167449648e-02
  7.055088260239e-02
  7.055021417094e-02
  7.054949133188e-02
  7.054876457367e-02
  7.054806710555e-02
  7.054745978461e-02
  7.054675147698e-02
  7.054602450831e-02
  7.054526323628e-02
  7.054458548739e-02
  7.054388042288e-02
  7.054319643322e-02
  7.054248850444e-02
  7.054177731159e-02
  7.054103601125e-02
  7.054034237339e-02
  7.053964253359e-02
  7.053895535079e-02
  7.053820378560e-02
  7.053749499816e-02
  7.053680560959e-02
  7.053607406870e-02
  7.053535815654e-02
  7.053466205703e-02
  7.053393768561e-02
  7.053323667484e-02
  7.053252733784e-02
  7.053184940362e-02
  7.053109536519e-02
  7.053039608945e-02
  7.052968269516e-02
  7.052898180685e-02
  7.052827938086e-02
  7.052758054390e-02
  7.052684887321e-02
  7.052612391850e-02
  7.052548180635e-02
  7.052474014489e-02
  7.052403530654e-02
  7.052335134609e-02
  7.052265180847e-02
  7.052191843321e-02
  7.052122201678e-02
  7.052052596973e-02
  7.051983227920e-02
  7.051905985433e-02
  7.051839896156e-02
  7.051765783086e-02
  7.051697733953e-02
  7.051623592444e-02
  7.051551847217e-02
  7.051482289663e-02
  7.051413874063e-02
  7.051338855586e-02
  7.051269235985e-02
  7.051196817841e-02
  7.051131578510e-02
  7.051054304925e-02
  7.050987718027e-02
  7.050922692189e-02
  7.050850796705e-02
  7.050774148844e-02
  7.050705595382e-02
  7.050640436959e-02
  7.050567936040e-02
  7.050491368102e-02
  7.050423162622e-02
  7.050355657517e-02
  7.050284360635e-02
  7.050207037536e-02
  7.050138738866e-02
  7.050070941620e-02
  7.050000161953e-02
  7.049927880270e-02
  7.049854269285e-02
  7.049787944048e-02
  7.049714519215e-02
  7.049641280036e-02
  7.049572677304e-02
  7.049500838571e-02
  7.049431959238e-02
  7.049362335813e-02
  7.049287008348e-02
  7.049217463385e-02
  7.049151488698e-02
  7.049080011938e-02
  7.049002788955e-02
  7.048933275706e-02
  7.048866567429e-02
  7.048794791700e-02
  7.048724557133e-02
  7.048655570525e-02
  7.048579644497e-02
  7.048510110272e-02
  7.048441726543e-02
  7.048373769304e-02
  7.048294420092e-02
  7.048224338190e-02
  7.048153010378e-02
  7.048083182973e-02
  7.048008732247e-02
  7.047940887622e-02
  7.047867534530e-02
  7.047804201780e-02
  7.047736456812e-02
  7.047668615163e-02
  7.047599407937e-02
  7.047525129527e-02
  7.047460418391e-02
  7.047382583586e-02
  7.047311044648e-02
  7.047244023895e-02
  7.047170853584e-02
  7.047099235146e-02
  7.047023498169e-02
  7.046941737612e-02
  7.046870435914e-02
  7.046798461211e-02
  7.046738771400e-02
  7.046666951901e-02
  7.046598663444e-02
  7.046522901216e-02
  7.046456660269e-02
  7.046384102330e-02
  7.046319895312e-02
  7.046251879814e-02
  7.046178203075e-02
  7.046105550669e-02
  7.046037528816e-02
  7.045965945007e-02
  7.045897849671e-02
  7.045824999903e-02
  7.045755426741e-02
  7.045685165479e-02
  7.045612377909e-02
  7.045542448827e-02
  7.045474429628e-02
  7.045407784080e-02
  7.045336701823e-02
  7.045264444740e-02
  7.045195372382e-02
  7.045123481668e-02
  7.045056699394e-02
  7.044981437125e-02
  7.044915845204e-02
  7.044841853115e-02
  7.044771741600e-02
  7.044699871205e-02
  7.044630453331e-02
  7.044564659680e-02
  7.044494381460e-02
  7.044418271338e-02
  7.044350871761e-02
  7.044279006712e-02
  7.044215708237e-02
  7.044142915886e-02
  7.044066123035e-02
  7.043996955529e-02
  7.043931922833e-02
  7.043861430178e-02
  7.043788546230e-02
  7.043721261486e-02
  7.043649475511e-02
  7.043581918308e-02
  7.043525440428e-02
  7.043462850396e-02
  7.043386810371e-02
  7.043318128481e-02
  7.043246271300e-02
  7.043176903647e-02
  7.043099467844e-02
  7.043029720037e-02
  7.042958487961e-02
  7.042888975736e-02
  7.042800585368e-02
  7.042720617165e-02
  7.042652486558e-02
  7.042584467681e-02
  7.042510878999e-02
  7.042440825162e-02
  7.042369657408e-02
  7.042303935420e-02
  7.042231479902e-02
  7.042159570953e-02
  7.042088661388e-02
  7.042024139401e-02
  7.041952428442e-02
  7.041877326187e-02
  7.041810325277e-02
  7.041741384631e-02
  7.041672644647e-02
  7.041597655190e-02
  7.041531056731e-02
  7.041461334027e-02
  7.041393904451e-02
  7.041318723118e-02
  7.041246222772e-02
  7.041178480846e-02
  7.041111244150e-02
  7.041041320054e-02
  7.040971216812e-02
  7.040900692171e-02
  7.040828228102e-02
  7.040758667069e-02
  7.040687885464e-02
  7.040622031683e-02
  7.040545444938e-02
  7.040475517591e-02
  7.040407995818e-02
  7.040336768169e-02
  7.040264282464e-02
  7.040195587039e-02
  7.040124226023e-02
  7.040055291499e-02
  7.039987499534e-02
  7.039905954701e-02
  7.039826176306e-02
  7.039757982168e-02
  7.039693221460e-02
  7.039624283845e-02
  7.039550168956e-02
  7.039482823062e-02
  7.039409766388e-02
  7.039345118142e-02
  7.039270307446e-02
  7.039199481525e-02
  7.039130519240e-02
  7.039062924644e-02
  7.038994465576e-02
  7.038919839520e-02
  7.038848254274e-02
  7.038781519237e-02
  7.038712896039e-02
  7.038641050858e-02
  7.038594081899e-02
  7.038524349823e-02
  7.038455454042e-02
  7.038384775748e-02
  7.038310645593e-02
  7.038240021423e-02
  7.038168941746e-02
  7.038099087087e-02
  7.038028261846e-02
  7.037954245671e-02
  7.037882259764e-02
  7.037813075922e-02
  7.037742296496e-02
  7.037668661345e-02
  7.037597747990e-02
  7.037527486099e-02
  7.037459317725e-02
  7.037389251382e-02
  7.037314607504e-02
  7.037245741254e-02
  7.037175947563e-02
  7.037102254183e-02
  7.037028991167e-02
  7.036960537585e-02
  7.036895638215e-02
  7.036821055623e-02
  7.036756179110e-02
  7.036685137609e-02
  7.036609450378e-02
  7.036548654561e-02
  7.036485003345e-02
  7.036413897977e-02
  7.036342412560e-02
  7.036272408503e-02
  7.036201637357e-02
  7.036130306839e-02
  6.880492699023e-02
  6.508274027101e-02
  6.094670679578e-02
  5.664960020666e-02
  5.222146730045e-02
  4.808754503159e-02
  4.449191814111e-02
  4.203893858471e-02
  4.114541514031e-02
  4.151666644228e-02
  4.220701770984e-02
  4.292978826149e-02
  4.397065736725e-02
  4.516842142164e-02
  4.642865093242e-02
  4.778771441275e-02
  4.925429431838e-02
  5.078022753042e-02
  5.232833616304e-02
  5.390954945881e-02
  5.548303724306e-02
  5.697676386849e-02
  5.817991994980e-02
  5.875500617664e-02
  5.831314687690e-02
  5.792609643946e-02
  5.726926498954e-02
  5.592625802507e-02
  5.402272363400e-02
  5.216496506103e-02
  5.051770382275e-02
  4.904879851849e-02
  4.770493534528e-02
  4.650671249013e-02
  4.567085642881e-02
  4.526366979719e-02
  4.536983822135e-02
  4.629294069107e-02
  4.782861108180e-02
  4.909385898691e-02
  4.987028495461e-02
  5.027273054795e-02
  5.059313125010e-02
  5.098982576927e-02
  5.151956907729e-02
  5.203880886602e-02
  5.251259559165e-02
  5.294206447164e-02
  5.319696656321e-02
  5.341601339824e-02
  5.363180918194e-02
  5.384707614910e-02
  5.407788442886e-02
  5.441892328483e-02
  5.477083867220e-02
  5.512042616412e-02
  5.546362052160e-02
  5.582182338208e-02
  5.621009125300e-02
  5.662144016711e-02
  5.702738764615e-02
  5.742404808844e-02
  5.781413270468e-02
  5.819641194549e-02
  5.858328045356e-02
  5.905777724718e-02
  5.954012593207e-02
  5.999381180969e-02
  6.035714556450e-02
  6.070187439178e-02
  6.102627903637e-02
  6.125775929828e-02
  6.146315451994e-02
  6.165519917525e-02
  6.187200095812e-02
  6.189390965805e-02
  6.212380225955e-02
  6.214053811148e-02
  6.233572176984e-02
  6.240306167276e-02
  6.259690610291e-02
  6.276360804372e-02
  6.282035524853e-02
  6.302345452538e-02
  6.322938120383e-02
  6.322751437555e-02
  6.339845885628e-02
  6.340103926495e-02
  6.337158343911e-02
  6.336448330195e-02
  6.333480424281e-02
  6.329501097597e-02
  6.327571243295e-02
  6.326450173541e-02
  6.321507674306e-02
  6.320542899731e-02
  6.314085126975e-02
  6.313653523115e-02
  6.308190555833e-02
  6.308514264704e-02
  6.305968311705e-02
  6.302864510188e-02
  6.302818629229e-02
  6.296499127726e-02
  6.295811826196e-02
  6.289441931201e-02
  6.289069059138e-02
  6.287628679826e-02
  6.281498488251e-02
  6.281498739349e-02
  6.271318922946e-02
  6.267725207589e-02
  6.256347287846e-02
  6.249450657182e-02
  6.242170019548e-02
  6.241891728259e-02
  6.241969047189e-02
  6.231219896838e-02
  6.224737025037e-02
  6.221903356072e-02
  6.211329651586e-02
  6.206387545729e-02
  6.194900351247e-02
  6.194815524351e-02
  6.192032454930e-02
  6.192723598189e-02
  6.183139138523e-02
  6.183221540716e-02
  6.179231609188e-02
  6.172689895930e-02
  6.170472409712e-02
  6.162169526386e-02
  6.162559201631e-02
  6.161489291721e-02
  6.152306639679e-02
  6.152275716991e-02
  6.152781611621e-02
  6.143804520629e-02
  6.142204713398e-02
  6.142204546779e-02
  6.137299521103e-02
  6.132465317710e-02
  6.131609273212e-02
  6.130071383219e-02
  6.130163111491e-02
  6.125248336389e-02
  6.124815804996e-02
  6.121316701507e-02
  6.120713416704e-02
  6.120788895174e-02
  6.114359555617e-02
  6.112974961613e-02
  6.111710759037e-02
  6.106510751496e-02
  6.105857095771e-02
  6.104479710055e-02
  6.102458949576e-02
  6.099976052000e-02
  6.099441250506e-02
  6.099694998029e-02
  6.107872489922e-02
  6.110022467611e-02
  6.114379698417e-02
  6.126913433911e-02
  6.131561820847e-02
  6.141941098527e-02
  6.144522414056e-02
  6.145397353884e-02
  6.157554075160e-02
  6.157365077160e-02
  6.161639443491e-02
  6.174854671901e-02
  6.169172222551e-02
  6.167306657745e-02
  6.162588978720e-02
  6.148321983771e-02
  6.118974143973e-02
  6.130721385438e-02
  6.097369358508e-02
  6.094001200132e-02
  6.037303895318e-02
  6.008292691462e-02
  6.006455370209e-02
  5.965128376096e-02
  5.942324514260e-02
  5.933218337134e-02
  5.879251453481e-02
  5.880552520907e-02
  5.886967905649e-02
  5.840750048779e-02
  5.835645385450e-02
  5.838881969644e-02
  5.808714179216e-02
  5.804720773106e-02
  5.804112404095e-02
  5.801692990715e-02
  5.801796254434e-02
  5.804719907694e-02
  5.804807700021e-02
  5.805423988713e-02
  5.805149288168e-02
  5.805567802983e-02
  5.808506986318e-02
  5.808740428182e-02
  5.809036248490e-02
  5.819596606982e-02
  5.821600635848e-02
  5.822177502363e-02
  5.837945444118e-02
  5.834220171397e-02
  5.839863040625e-02
  5.842816035543e-02
  5.852648271775e-02
  5.854781742624e-02
  5.852927354555e-02
  5.854488909481e-02
  5.861556504132e-02
  5.862777957716e-02
  5.864800097212e-02
  5.863928534870e-02
  5.864476014207e-02
  5.869175311672e-02
  5.868382380164e-02
  5.871131629213e-02
  5.872513974738e-02
  5.875626697578e-02
  5.876726900799e-02
  5.875411465289e-02
  5.877092113016e-02
  5.877354933437e-02
  5.877302424718e-02
  5.877899183186e-02
  5.878336475546e-02
  5.878583757967e-02
  5.879298461415e-02
  5.879542674011e-02
  5.880460283476e-02
  5.880916008344e-02
  5.881101941260e-02
  5.882008562094e-02
  5.884391850316e-02
  5.884643270443e-02
  5.884825061081e-02
  5.884805977605e-02
  5.884614228638e-02
  5.883603711941e-02
  5.894563681699e-02
  5.898434722583e-02
  5.898670014498e-02
  5.900536778570e-02
  5.899534506151e-02
  5.899318769439e-02
  5.908774364905e-02
  5.914390668941e-02
  5.918124147326e-02
  5.918532681803e-02
  5.923931598784e-02
  5.930368425233e-02
  5.928698597537e-02
  5.925450052423e-02
  5.925959948862e-02
  5.944979877686e-02
  5.948212193302e-02
  5.944860647940e-02
  5.948525585307e-02
  5.974725777632e-02
  5.974244010942e-02
  5.971788707108e-02
  5.973943137168e-02
  5.981021669645e-02
  5.994229402623e-02
  6.000804755941e-02
  6.000393979047e-02
  6.000676258273e-02
  6.003182348747e-02
  6.009827283704e-02
  6.018089498012e-02
  6.023007550045e-02
  6.023438610877e-02
  6.023700019260e-02
  6.038452339210e-02
  6.037749788248e-02
  6.039215329969e-02
  6.039864754225e-02
  6.045874802810e-02
  6.046373284788e-02
  6.061265939344e-02
  6.060994482813e-02
  6.066588714034e-02
  6.071091863999e-02
  6.103182332804e-02
  6.104081261643e-02
  6.103467853078e-02
  6.099903101178e-02
  6.124557726872e-02
  6.127518772671e-02
  6.127903467585e-02
  6.125041248212e-02
  6.134481041201e-02
  6.136499805767e-02
  6.149218411483e-02
  6.149790983902e-02
  6.151886155212e-02
  6.150763690280e-02
  6.171408209280e-02
  6.171415116709e-02
  6.195723164186e-02
  6.177481645341e-02
  6.228315589330e-02
  6.227451210358e-02
  6.230873200956e-02
  6.235285442438e-02
  6.242609487642e-02
  6.212185574717e-02
  6.257454127513e-02
  6.253370437420e-02
  6.306660065578e-02
  6.307717168681e-02
  6.310376369634e-02
  6.350542987350e-02
  6.352539092909e-02
  6.396806096169e-02
  6.372510668226e-02
  6.427853184598e-02
  6.430169797009e-02
  6.435110481859e-02
  6.433877331638e-02
  6.420460232051e-02
  6.460017264781e-02
  6.506525490737e-02
  6.524631452578e-02
  6.531651615602e-02
  6.531817683711e-02
  6.547937564757e-02
  6.576883332696e-02
  6.576976312537e-02
  6.586319741467e-02
  6.570572047715e-02
  6.582631452966e-02
  6.608385057226e-02
  6.613117346094e-02
  6.634979385876e-02
  6.636233267533e-02
  6.651352989790e-02
  6.660137796424e-02
  6.660150691668e-02
  6.657898683224e-02
  6.670684427624e-02
  6.671912246147e-02
  6.675791522062e-02
  6.686381252393e-02
  6.692931061527e-02
  6.701010968554e-02
  6.704711442785e-02
  6.714491905871e-02
  6.718868716228e-02
  6.728403639298e-02
  6.722651696896e-02
  6.728878733489e-02
  6.725399886559e-02
  6.732364120320e-02
  6.735451962189e-02
  6.754493089593e-02
  6.757713276454e-02
  6.756917977067e-02
  6.758003853728e-02
  6.757735743198e-02
  6.758066943971e-02
  6.758572869631e-02
  6.779024324635e-02
  6.793689452249e-02
  6.788385253302e-02
  6.789643079390e-02
  6.788817296561e-02
  6.788886140580e-02
  6.812682513158e-02
  6.824019319117e-02
  6.825957812263e-02
  6.827549525712e-02
  6.828961328722e-02
  6.829327430198e-02
  6.829889265296e-02
  6.831277994082e-02
  6.837314116483e-02
  6.847325883419e-02
  6.852539775178e-02
  6.852513704744e-02
  6.852399653817e-02
  6.852347082614e-02
  6.852349521872e-02
  6.852325516798e-02
  6.852308090130e-02
  6.852287339889e-02
  6.852196967495e-02
  6.852187482441e-02
  6.852217338867e-02
  6.852199606390e-02
  6.852191719608e-02
  6.852182591660e-02
  6.852179213397e-02
  6.852168603106e-02
  6.852089270144e-02
  6.851886062558e-02
  6.851920284611e-02
  6.851933666590e-02
  6.851935808519e-02
  6.851935990255e-02
  6.874417634471e-02
  6.863138546733e-02
  6.874577640537e-02
  6.872251584157e-02
  6.874773960818e-02
  6.893108302930e-02
  6.888454805455e-02
  6.892868385514e-02
  6.892981352592e-02
  6.916428686299e-02
  6.916859789766e-02
  6.929716518208e-02
  6.945260634065e-02
  6.952373032324e-02
  6.961419202300e-02
  6.961568221207e-02
  6.964020698846e-02
  6.965388100654e-02
  6.967691749078e-02
  6.970678374108e-02
  6.974116396755e-02
  6.985219067985e-02
  7.004249852149e-02
  7.034576986376e-02
  7.038089696656e-02
  7.038251145399e-02
  7.041852744360e-02
  7.040564910360e-02
  7.056688355867e-02
  7.097595913623e-02
  7.096669834603e-02
  7.097030882166e-02
  7.096956749652e-02
  7.120078131766e-02
  7.151622470486e-02
  7.157501950670e-02
  7.160030419278e-02
  7.183920235634e-02
  7.198780772734e-02
  7.198755868636e-02
  7.198781215651e-02
  7.198744197233e-02
  7.225881437479e-02
  7.296594000413e-02
  7.278743522119e-02
  7.306388436629e-02
  7.310458978881e-02
  7.313937308083e-02
  7.313606605391e-02
  7.312991832295e-02
  7.312206635033e-02
  7.312196326554e-02
  7.312187245540e-02
  7.312194597721e-02
  7.326293801678e-02
  7.375375677201e-02
  7.370581794913e-02
  7.371139621211e-02
  7.371640546597e-02
  7.367842597378e-02
  7.381965925681e-02
  7.426883010629e-02
  7.429692127016e-02
  7.429852763910e-02
  7.470784772255e-02
  7.511118272753e-02
  7.529500128028e-02
  7.531828156198e-02
  7.539853866721e-02
  7.542133777581e-02
  7.547093898024e-02
  7.558540343731e-02
  7.576678160055e-02
  7.612139682070e-02
  7.629261165636e-02
  7.629271334967e-02
  7.629280534865e-02
  7.649807820351e-02
  7.654179540537e-02
  7.657535329964e-02
  7.686636052813e-02
  7.692694791164e-02
  7.692677254087e-02
  7.692694028145e-02
  7.736331513109e-02
  7.766035283522e-02
  7.766284285714e-02
  7.793226915527e-02
  7.806805591650e-02
  7.806795861896e-02
  7.827058927195e-02
  7.856832508468e-02
  7.855341869769e-02
  7.866135332064e-02
  7.868843733332e-02
  7.882817031434e-02
  7.875399639758e-02
  7.885007032026e-02
  7.875171855182e-02
  7.898416980043e-02
  7.900887929368e-02
  7.902133587755e-02
  7.903210639976e-02
  7.905165128665e-02
  7.915684717710e-02
  7.961830669295e-02
  7.991938394691e-02
  8.005438599113e-02
  8.008630553881e-02
  8.008789915888e-02
  8.008867094860e-02
  8.023463195632e-02
  8.041344049168e-02
  8.059762860601e-02
  8.073431060316e-02
  8.080922820320e-02
  8.080855089912e-02
  8.080307477645e-02
  8.082294676395e-02
  8.083693322799e-02
  8.092919313429e-02
  8.095471890766e-02
  8.104349950958e-02
  8.118592173083e-02
  8.106470441273e-02
  8.157625490549e-02
  8.152557370054e-02
  8.178088558046e-02
  8.178101352065e-02
  8.209318537422e-02
  8.261541631069e-02
  8.286274257955e-02
  8.313179671343e-02
  8.365068328620e-02
  8.417866105127e-02
  8.471420326738e-02
  8.465946037567e-02
  8.497780092245e-02
  8.502179099157e-02
  8.506806516553e-02
  8.511968335083e-02
  8.517798634171e-02
  8.536594806198e-02
  8.536840760994e-02
  8.558189632726e-02
  8.574982910813e-02
  8.594133737792e-02
  8.617108547991e-02
  8.632957304985e-02
  8.647333256502e-02
  8.657020149311e-02
  8.660802717904e-02
  8.665511603206e-02
  8.669405074169e-02
  8.670749927186e-02
  8.671921249681e-02
  8.673634446543e-02
  8.675536657154e-02
  8.677766628111e-02
  8.704250470519e-02
  8.694723479062e-02
  8.740096267340e-02
  8.749175328079e-02
  8.748866209022e-02
  8.748375178381e-02
  8.758909359461e-02
  8.757826180142e-02
  8.793257034111e-02
  8.789762101642e-02
  8.789915980101e-02
  8.789965693230e-02
  8.789803436620e-02
  8.790031232491e-02
  8.790022941636e-02
  8.849257176248e-02
  8.932103157354e-02
  9.016074988384e-02
  9.060233776038e-02
  9.060213732351e-02
  9.060237454222e-02
  9.098884548345e-02
  9.183248260896e-02
  9.272430421609e-02
  9.284539192298e-02
  9.284534770702e-02
  9.356080754166e-02
  9.394524514262e-02
  9.397393348096e-02
  9.397401077791e-02
  9.397431108323e-02
  9.397262598423e-02
  9.445271285374e-02
  9.545585912418e-02
  9.569193247578e-02
  9.543117048827e-02
  9.549665263540e-02
  9.433216894496e-02
  9.398702140208e-02
  9.443650276757e-02
  9.561014877656e-02
  9.561160211738e-02
  9.561198809477e-02
  9.561166310433e-02
  9.531559166403e-02
  9.521317377041e-02
  9.570873108867e-02
  9.747760748499e-02
  9.726473795277e-02
  9.678676073611e-02
  9.778121065482e-02
  9.796021104752e-02
  9.813985334057e-02
  9.836649518649e-02
  9.899963317037e-02
  9.890038725487e-02
  9.877063381072e-02
  9.871349408646e-02
  9.883571361117e-02
  9.883623499473e-02
  9.883639522837e-02
  9.883619643241e-02
  9.883631171558e-02
  9.883601054197e-02
  9.883654257594e-02
  9.836781174290e-02
  9.947629568111e-02
  1.004661335181e-01
  1.002363903147e-01
  1.002365870787e-01
  1.013276726643e-01
  1.028851667106e-01
  1.033965605617e-01
  1.033280250003e-01
  1.032395482185e-01
  1.034868687023e-01
  1.035930736703e-01
  1.036876548978e-01
  1.038883258130e-01
  1.034963149853e-01
  1.037683092906e-01
  1.047820148640e-01
  1.059379715302e-01
  1.062903610321e-01
  1.071065203855e-01
  1.080472121178e-01
  1.081646705430e-01
  1.088694838939e-01
  1.088055317257e-01
  1.091539120799e-01
  1.091569926680e-01
  1.091683099122e-01
  1.091698862288e-01
  1.091818590583e-01
  1.091886077924e-01
  1.099971606548e-01
  1.107216676233e-01
  1.116315620216e-01
  1.118966635428e-01
  1.122182674663e-01
  1.125413086134e-01
  1.123163712239e-01
  1.114258089562e-01
  1.114176217891e-01
  1.114163106237e-01
  1.114160583121e-01
  1.114163490731e-01
  1.114163118725e-01
  1.114243906774e-01
  1.111071225667e-01
  1.118268426435e-01
  1.125581106654e-01
  1.134058770347e-01
  1.134326409390e-01
  1.131799049646e-01
  1.131801586295e-01
  1.131793284109e-01
  1.131797095439e-01
  1.143988205929e-01
  1.156520947499e-01
  1.164607562995e-01
  1.171436749269e-01
  1.189723149880e-01
  1.182248262600e-01
  1.187025457899e-01
  1.201425529917e-01
  1.200495261052e-01
  1.220085341152e-01
  1.226257761930e-01
  1.235800290018e-01
  1.253652463514e-01
  1.268882303110e-01
  1.290291445037e-01
  1.294032217686e-01
  1.291816828293e-01
  1.296958435608e-01
  1.317054371647e-01
  1.324119366066e-01
  1.320539887248e-01
  1.319833341235e-01
  1.320421607297e-01
  1.321867286676e-01
  1.323553034668e-01
  1.324984937961e-01
  1.326971409108e-01
  1.328804738110e-01
  1.330638535732e-01
  1.333263684612e-01
  1.336604990140e-01
  1.340855777238e-01
  1.366003148515e-01
  1.405478493566e-01
  1.355031063747e-01
  1.327231779173e-01
  1.391642875992e-01
  1.392381039648e-01
  1.394057967028e-01
  1.396129657744e-01
  1.469011742431e-01
  1.549122409891e-01
  1.443807382323e-01
  1.348258539881e-01
  1.362568832440e-01
  1.475300422471e-01
  1.487636043672e-01
  1.561367540328e-01
  1.596557040456e-01
  1.575082368744e-01
  1.533204655542e-01
  1.466279620327e-01
  1.470522104329e-01
  1.508804504440e-01
  1.545364018112e-01
  1.543519795350e-01
  1.529767689391e-01
  1.653178008148e-01
  1.730170883912e-01
  1.679465199160e-01
  1.686265000667e-01
  1.731106271522e-01
  1.853520760658e-01
  1.776811697878e-01
  1.651256484690e-01
  1.603173077870e-01
  1.689383132820e-01
  1.724800028090e-01
  1.762120379139e-01
  1.871735350102e-01
  1.905755700174e-01
  1.905757205785e-01
  1.858320774550e-01
  1.859721742943e-01
  1.852941904462e-01
  1.802978525355e-01
  1.791796038130e-01
  1.887301248653e-01
  1.990219794459e-01
  2.013720180520e-01
  2.072022030084e-01
  1.989496931131e-01
  1.942818137902e-01
  2.134293940387e-01
  2.060268208263e-01
  1.880236118208e-01
  1.882412593288e-01
  1.945547066191e-01
  1.974632183729e-01
  2.041642385303e-01
  2.068106285421e-01
  2.113012442561e-01
  2.287737809902e-01
  2.137267072533e-01
  2.054976560593e-01
  2.120199150911e-01
  2.158851463550e-01
  2.077753264133e-01
  2.173576439271e-01
  2.388289111302e-01
  2.495085836459e-01
  2.397235351056e-01
  2.521069474294e-01
  2.477319990347e-01
  2.390464261286e-01
  2.325511807784e-01
  2.370323623171e-01
  2.352867287430e-01
  2.361956718226e-01
  2.481612995312e-01
  2.604464491399e-01
  2.670940627979e-01
  2.757064536236e-01
  2.945371374255e-01
  2.596310159631e-01
  2.784150438191e-01
  2.761333383910e-01
  2.927728932008e-01
  3.014624308846e-01
  2.741726190888e-01
  2.835214652549e-01
  2.932328604021e-01
  3.005485478526e-01
  3.073065798660e-01
  3.116707892455e-01
  2.937622452838e-01
  2.875233214348e-01
  2.940879435930e-01
  2.999351017559e-01
  3.043930930018e-01
  3.057353682355e-01
  3.067408729869e-01
  3.077276682601e-01
  3.150858159828e-01
  3.341758859128e-01
  3.508026207142e-01
  3.451818623407e-01
  3.342339944775e-01
  3.235731308453e-01
  3.164567717246e-01
  3.721442154594e-01
  6.671759167408e-01
  2.177908793839e-01
  4.938138512110e-01
  7.781195690059e-01
  3.550796787464e-01
  3.800659118276e-01
  8.366617617847e-01
  2.686918802150e-01
  5.488817948589e-01
  4.209707565147e-01
  1.159424890470e+00
  8.710516151793e-01
  3.658041676153e-01
  6.005567151234e-01
  3.045464332147e-01
  7.181950796839e-01
  3.191333672743e-01
  2.648825065243e-01
  5.973649760380e-01
  2.970234728974e-01
  6.488967807809e-01
  3.246814314525e-01
  6.702837353127e-01
  7.071139436572e-01
  2.763118167570e-01
  5.959565632707e-01
  2.994395097929e-01
  2.649746875546e-01
  6.730538720845e-01
  9.300640168293e-01
  3.370697430583e-01
  7.041000790645e-01
  3.027814192438e-01
  2.512496598332e-01
  6.679596234912e-01
  6.982130754358e-01
  3.134283279782e-01
  1.502497807875e+00
  1.160212517819e+00
  4.403720694750e-01
  4.009013786811e-01
  9.145125109853e-01
  8.548217377367e-01
  4.109636877506e-01
  5.760395074327e-01
  2.743726372137e-01
  8.031876517425e-01
  3.240869723724e-01
  3.393730284502e-01
  6.053555735137e-01
  6.524790632474e-01
  2.643164910776e-01
  9.049286187091e-01
  4.031707158934e-01
  3.518712104699e-01
  6.452405778776e-01
  1.218168498848e+00
  1.045762061606e-01
  2.393083470267e-01
  4.233831872815e-01
  1.115221752524e+00
  4.382739690876e-01
  4.077605972836e-01
  9.129697074317e-01
  5.297860970791e-01
  1.046968919766e+00
  1.894751277691e+00
  2.942185701399e-01
  1.219273162342e+00
  5.764370018093e-01
  2.342144666387e-01
  7.352684267288e-01
  2.950223596651e-01
  6.169444690390e-01
  1.069424088857e+00
  6.781862755820e-01
