1599
 -1.949118250426e-02
 -1.809040243226e-02
 -1.644515714444e-02
 -1.477022204913e-02
 -1.315749120063e-02
 -1.154574829040e-02
 -9.859551260489e-03
 -8.161918546249e-03
 -6.483209639062e-03
 -4.815384373094e-03
 -3.217524843655e-03
 -1.718173857478e-03
 -1.052810485389e-04
  1.566326711185e-03
  3.037358531992e-03
  4.415523421148e-03
  5.676574534287e-03
  6.884519222991e-03
  7.995803025430e-03
  9.026312540930e-03
  9.860557987749e-03
  1.060946288148e-02
  1.115609412491e-02
  1.151693691502e-02
  1.169127784209e-02
  1.167840312340e-02
  1.155427589661e-02
  1.142966932060e-02
  1.130615472573e-02
  1.118656606718e-02
  1.108608555124e-02
  1.098832102203e-02
  1.089185597753e-02
  1.079721579060e-02
  1.070067388358e-02
  1.057310201355e-02
  1.043994276213e-02
  1.030877221656e-02
  1.017979018070e-02
  1.005174703151e-02
  9.930809594865e-03
  9.823529673104e-03
  9.717741341600e-03
  9.613414139069e-03
  9.510081924074e-03
  9.407720629547e-03
  9.322841385958e-03
  9.259891423729e-03
  9.199955660359e-03
  9.141993871118e-03
  9.080691761857e-03
  9.016950154888e-03
  8.934876193360e-03
  8.817598844413e-03
  8.698751484112e-03
  8.581192295865e-03
  8.466557087141e-03
  8.350518375108e-03
  8.242970681894e-03
  8.144557759796e-03
  8.028333170253e-03
  7.904039383224e-03
  7.799577326781e-03
  7.701874222504e-03
  7.587604465864e-03
  7.485764796613e-03
  7.369641974012e-03
  7.251485626731e-03
  7.132017905211e-03
  7.013496483974e-03
  6.894861540757e-03
  6.776345334720e-03
  6.653007167717e-03
  6.536843296491e-03
  6.409926026386e-03
  6.275584858033e-03
  6.157176925978e-03
  6.041533167256e-03
  5.889083608988e-03
  5.786270510576e-03
  5.650431960922e-03
  5.567973313412e-03
  5.543911817532e-03
  5.480465877204e-03
  5.445368914200e-03
  5.306826050528e-03
  5.185784537859e-03
  5.043454621567e-03
  4.895943323687e-03
  4.741023261101e-03
  4.628215578676e-03
  4.510014762742e-03
  4.416330632646e-03
  4.320002367687e-03
  4.179598957512e-03
  4.129535489383e-03
  4.016868223480e-03
  3.903991468580e-03
  3.788036447583e-03
  3.664935779178e-03
  3.557615163951e-03
  3.431988291343e-03
  3.338730370972e-03
  3.244896124975e-03
  3.140711538018e-03
  3.035989319495e-03
  2.940165363984e-03
  2.840052843633e-03
  2.781520636130e-03
  2.708845785249e-03
  2.629945641577e-03
  2.567253239949e-03
  2.508940905879e-03
  2.374702860094e-03
  2.411844348434e-03
  2.364730802237e-03
  2.317991015630e-03
  2.277081365691e-03
  2.226457063031e-03
  2.222635475592e-03
  2.180025086716e-03
  2.113320226215e-03
  2.088282871477e-03
  2.043084069173e-03
  1.998786323347e-03
  1.954693087781e-03
  1.923675483991e-03
  1.885503779474e-03
  1.844160704955e-03
  1.796134368295e-03
  1.769399615278e-03
  1.735633652986e-03
  1.709217365403e-03
  1.650458070682e-03
  1.652237161588e-03
  1.641894048657e-03
  1.605549547343e-03
  1.567982648224e-03
  1.573553191647e-03
  1.585332874837e-03
  1.572564346027e-03
  1.568329204297e-03
  1.564230344869e-03
  1.529357090541e-03
  1.436170494865e-03
  1.546514477556e-03
  1.513001535539e-03
  1.454737247637e-03
  1.450499524998e-03
  1.417371504114e-03
  1.387662119886e-03
  1.356775374363e-03
  1.326649892965e-03
  1.299190285312e-03
  1.267307065598e-03
  1.220111876602e-03
  1.212526697191e-03
  1.188857844040e-03
  8.916802395175e-04
  1.130152303132e-03
  1.088852045266e-03
  1.068756933106e-03
  1.083054543161e-03
  1.092598380756e-03
  8.065450959412e-04
  1.094402681851e-03
  1.061860176316e-03
  8.930035985742e-04
  9.469899378072e-04
  9.810080280366e-04
  1.096014580455e-03
  1.104598195285e-03
  1.078200549153e-03
  1.033713952292e-03
  1.052898512462e-03
  1.027786445235e-03
  1.004483131337e-03
  1.000312704754e-03
  9.821558730422e-04
  9.039149494198e-04
  9.345775246821e-04
  6.870924714755e-04
  8.500134921198e-04
  8.431483877081e-04
  6.246751241540e-04
  7.405629180784e-04
  6.246278014466e-04
  6.796254279045e-04
  4.965925676597e-04
  6.420771713312e-04
  6.165475303668e-04
  5.682204407678e-04
  5.488549442930e-04
  5.571988595372e-04
  5.413099780743e-04
  5.278077404571e-04
  5.145663484942e-04
  4.233179921747e-04
  2.857732290526e-04
  4.733460421741e-04
 -1.625915846386e-03
  7.636634488800e-05
  1.541769554216e-04
  6.834605505185e-05
  4.131456178300e-04
  2.934221906217e-04
 -2.409124638555e-04
 -2.277579722099e-06
  3.846534163707e-04
  1.885883438591e-04
  4.472975107622e-05
  1.972669715575e-04
  3.352356918131e-04
  3.498849790465e-04
  2.789281091781e-04
  3.071228559754e-04
  4.719996900715e-04
  1.966584344903e-04
  2.622149863934e-05
  1.732783188014e-04
  2.751228037461e-04
 -1.878361825002e-03
 -2.389177699140e-04
  1.104824316358e-04
  1.875183838472e-04
 -3.992018770329e-04
  1.766664700675e-04
  3.025171590414e-04
  3.943759451223e-04
  4.361833274447e-05
 -2.662399431846e-04
 -3.344034323888e-03
 -2.143624773766e-03
 -4.601750577869e-04
  4.651672209643e-05
  7.409028790523e-05
 -3.655118747070e-04
 -6.412000993798e-04
  6.571820281040e-05
 -1.033883687507e-05
  4.101384771326e-04
 -6.584821401021e-05
 -1.955106481069e-04
  3.071595744497e-05
 -6.181533437149e-04
 -1.180189530862e-04
 -3.655561483936e-04
 -1.441733121520e-03
  1.466566897740e-04
 -1.720061776550e-03
 -6.674579858290e-05
  1.272660592507e-04
 -2.388212191327e-03
  1.976950899591e-04
 -2.657296651722e-04
 -7.374469110153e-04
 -4.784028817004e-04
 -6.637640688571e-04
  9.170677110948e-05
 -2.412853706312e-03
 -4.791410258291e-04
 -3.243538708142e-05
 -1.927411393672e-04
 -2.870859103907e-04
 -6.317767258847e-04
 -2.244926773370e-03
 -1.378284299303e-03
 -3.848681368306e-04
  4.255872691887e-04
 -3.911092370017e-04
 -1.662489285414e-04
 -3.407250135900e-04
 -4.552722388247e-04
 -1.695961840863e-03
 -1.058216229371e-03
 -8.835777884098e-04
  1.738179878369e-05
  3.541179153167e-04
  2.410113973887e-04
  1.414457070500e-04
 -7.600678145830e-04
  1.124486127896e-04
 -3.610348096697e-04
 -4.142653287564e-04
  1.229921348080e-04
 -2.050996514708e-06
 -1.750388762764e-05
  3.549393764074e-05
 -4.597042024670e-05
 -2.460401643014e-04
 -1.774902901479e-04
  6.604674467658e-05
  1.695472824650e-04
 -1.454202635929e-04
 -7.764200604587e-05
 -6.614280738796e-04
 -1.573371390711e-03
  8.282917058927e-06
 -1.856095114814e-04
 -2.818681308319e-04
  2.543354196275e-04
  1.672449119142e-04
  2.161164326220e-05
 -1.411957466742e-03
 -6.678472634980e-04
  2.294832898471e-04
  2.323758298962e-04
 -3.842354630285e-05
  1.969252894137e-04
  1.361077168078e-04
  3.085558536290e-04
 -3.234468388577e-03
 -2.330411378807e-04
  3.109181568582e-04
 -1.644955735820e-04
 -6.203017011869e-05
 -4.291501915829e-05
 -1.414159531024e-05
  6.382522866455e-05
 -1.217554635961e-03
  8.186840761025e-04
  4.044574664731e-04
  4.375809973977e-04
  5.409477117643e-04
  6.883806663527e-04
  5.452404986496e-04
  6.521952698383e-04
  6.033375191903e-04
  5.067058031465e-04
  5.949818977932e-04
  6.221295614326e-04
  8.625014910742e-04
  7.796970991162e-04
  5.814270029287e-04
  6.527568577851e-04
  5.136350185787e-04
  5.625274874818e-04
  3.415279038936e-04
  1.115612207466e-03
  3.631208547914e-04
  3.283640754403e-04
  3.532888223395e-04
  3.853081003764e-04
  2.771865879246e-04
  3.447272950359e-04
  5.502328053749e-04
  6.345413036186e-04
  6.298178546392e-04
  5.811623570128e-04
  5.966423331654e-04
  5.663262764856e-04
  5.582167844258e-04
  8.040587128154e-04
  3.368771335197e-04
  4.676649094284e-04
  4.602688766200e-04
  3.539257849486e-04
  3.230032125815e-04
  4.231913290052e-04
  4.708834052750e-04
  5.496433153292e-04
  3.242397622141e-04
  2.098287202824e-04
  3.585423817179e-04
  4.476730715081e-04
  1.696781702177e-04
  4.139209279688e-04
  3.246837596559e-04
  3.407904746815e-04
  4.041284587961e-04
  5.215624386576e-04
  3.247122037656e-04
  3.455497055670e-04
  5.466880150876e-04
  1.923857797571e-04
  3.216387437677e-04
  4.263196816752e-04
  3.392102177407e-04
  3.186931605073e-04
  1.566401048238e-04
  7.149465405022e-04
  2.503543548941e-04
  3.594413536497e-04
  4.610415114645e-04
  3.051870254404e-04
  4.739106851172e-04
  4.452622972399e-04
  3.658457704830e-04
  2.238704090278e-04
  1.987646747747e-04
  3.804777551186e-04
  2.324341192022e-04
  3.846411104531e-04
  5.841634670618e-04
  3.953547162401e-04
  5.040640320851e-04
  3.083799180819e-04
  1.928627713230e-04
  5.390146564844e-04
  3.780937498954e-04
  4.202539021299e-04
  2.599671332782e-04
  1.660568256125e-04
  5.096671889550e-04
  2.730875797904e-04
  1.864562482114e-04
  1.904427827975e-04
  3.372421619757e-04
  6.166165986505e-04
  9.187754850026e-05
  6.483460806950e-05
  1.320018805142e-04
  2.079199934312e-04
  4.919396522354e-04
  6.458359354011e-05
  4.947809087806e-04
  3.342052077532e-04
  6.184824745298e-05
  9.981445602725e-05
  5.633436397439e-04
  2.880829505513e-04
  2.409071915546e-04
  4.249717139548e-04
  3.189205351269e-04
  6.518899671913e-04
  8.164358803940e-05
  3.780005357641e-04
  7.848305314389e-04
  5.834198015858e-05
  5.496976908259e-04
  1.974332930813e-03
  1.450380573333e-04
  6.934081574511e-05
  2.072257634873e-04
  5.013089202370e-04
  1.087109381125e-04
  7.312556125038e-04
  3.841351074125e-04
  2.066404552382e-04
  4.017452481692e-04
  3.462966716635e-04
  4.035624344946e-05
  4.034532596866e-04
  1.890100000917e-04
  2.483649072956e-04
  5.498232304543e-04
  4.238715283534e-04
  6.085043817678e-04
  7.839977931528e-04
  6.984987687916e-04
  1.429716099937e-04
  2.566696254859e-04
  1.888151807285e-04
  6.441722395008e-05
  1.823033126386e-04
  6.561858189597e-04
  4.508643745418e-04
  1.457592623993e-04
  3.932275270578e-04
  7.574417297715e-05
  5.989782398380e-04
  7.145954027564e-04
  1.154607102993e-04
  1.340610314480e-04
  2.519007771825e-04
  4.441333475666e-04
  1.527703219736e-03
  1.977650724559e-04
  1.744614763173e-04
  1.624135620616e-04
  9.707672873386e-04
  1.056321655103e-03
  5.098685243103e-04
  1.191822605608e-04
  6.227450252438e-04
  8.035384707039e-04
  4.886584289879e-04
  7.114169058136e-04
  1.580302749368e-04
  3.189238373141e-04
  6.502760001223e-05
  4.324254100330e-05
  6.898061117949e-04
  3.578550357898e-04
  4.855389306973e-04
  8.638765384286e-04
  1.661008026917e-04
  9.373753420093e-04
  6.520718303804e-05
  4.847454673551e-05
  1.222573066046e-04
  4.511494517176e-04
  7.674190071192e-04
  1.222186705286e-04
  8.690396742572e-04
  4.535531916090e-04
  6.563243402904e-04
  1.672044716656e-04
  1.246063449921e-04
  1.535827158009e-03
  5.208126610857e-04
  1.021855372054e-04
  1.209715076324e-04
  3.419120137172e-04
  4.432026454823e-04
  3.696668187410e-04
  1.684218266462e-04
  2.408737172910e-03
  3.282927313103e-04
  1.257124798654e-04
  3.277990695383e-04
  1.323495332944e-04
  1.055488891025e-03
  7.547763935359e-05
  9.794284173970e-05
  6.154657621454e-05
  8.785123382377e-05
  5.934593917262e-05
  7.735078258453e-04
  1.585377178731e-04
  6.773747813560e-05
  4.929617898347e-04
  1.351465122638e-04
  1.258257007632e-04
  1.043144492642e-04
  9.005268415985e-05
  1.646946558584e-04
  1.376448285570e-03
  1.944328319017e-03
  7.443417833751e-04
  3.578004291730e-04
  1.926612211344e-04
  1.455574802140e-04
  1.032495196996e-04
  1.080675741155e-04
  1.066775087716e-04
  2.152526375658e-04
  1.744240803941e-03
  5.237519549711e-04
  1.296813047610e-04
  1.113903124721e-04
  3.429727314386e-04
  1.445420471476e-03
  1.023397423535e-03
  1.035979762331e-03
  7.805693959911e-05
  3.421516637377e-04
  1.192890859385e-04
  1.955066923198e-05
  2.432510495282e-05
  2.889460333202e-05
  9.661702740876e-05
  3.280423464627e-05
  4.021625164177e-05
  1.685878462825e-03
  3.736612667801e-05
  4.716940280203e-05
  1.352299597435e-04
  3.677976470631e-05
  3.033892566695e-05
  3.166112644998e-05
  2.876196888597e-03
  2.618758818812e-05
  1.050036688094e-04
  3.111882176461e-03
  4.333234686620e-04
  3.826352797903e-05
  2.498313922733e-05
  8.862301627272e-05
  3.109787456512e-04
  5.284251300025e-05
  3.667946671422e-03
  3.053562960208e-03
  2.181011989677e-05
  2.038226832762e-05
  1.048166731099e-04
  5.565036212912e-03
  2.579767688476e-05
  1.357495279438e-04
  1.755910328032e-03
  1.042542811956e-04
  2.004483947027e-05
  1.022983263784e-04
  2.304391759156e-05
  4.451263449678e-05
  5.648622678722e-05
  1.518449039755e-04
  4.514162801046e-04
  7.483813774658e-04
  7.108845447319e-04
  2.036338072869e-04
  1.567467021173e-04
  3.928893331201e-03
  8.371051025874e-05
  1.632590263331e-05
  1.351784234810e-05
 -1.038430996264e-05
  1.548797121231e-03
  6.512017452087e-05
  3.108803190027e-04
  1.752899405653e-04
  6.228944810895e-04
  2.044727323573e-03
  6.321641106516e-04
  4.971652662987e-03
  2.798134972614e-04
  2.075003411648e-04
  1.135379473580e-04
  7.155529256819e-05
  4.348876768129e-05
  3.367632242141e-05
  2.491752154241e-05
  2.113732341397e-05
  6.422922045973e-06
  7.682460014255e-05
  1.512617627256e-05
  1.702773310430e-05
  1.577088699187e-05
  2.075342034152e-05
  1.171199684993e-04
  4.602943837208e-03
  2.435677290563e-05
  2.814890418079e-05
  2.994138906798e-05
  3.235144684188e-05
  3.443495482375e-05
  3.680816105556e-05
  2.387866019077e-04
  3.782062256137e-03
  5.400891217339e-05
  2.809899857592e-05
  2.815641444209e-05
  3.011453218166e-05
  3.540622373616e-05
  7.790076642095e-05
  4.650002326614e-04
  7.723013972422e-05
  8.909589441697e-05
  1.344655550887e-04
  5.214861150590e-03
  2.795065351506e-04
  3.990046600678e-04
  4.148414854008e-03
  3.135193015628e-04
  3.824196127812e-04
  8.623975162603e-05
  5.289975447437e-05
  4.204683443826e-05
  3.564069718104e-05
  3.180200751263e-05
  2.862326506631e-05
  2.474290442112e-05
  2.911418674428e-05
  3.488612278019e-05
  6.535338053332e-05
  5.162223271538e-05
  3.572095152278e-03
  2.481954857687e-04
  3.035508047211e-05
  2.381281475156e-05
  1.952103802344e-05
  2.175052037995e-05
  1.836074633826e-05
  2.262349032806e-05
  2.107967060894e-05
  2.390402103303e-05
  2.658264102795e-05
  1.152318979710e-04
  8.439794108517e-05
  8.288509816590e-05
  5.216651904993e-05
  3.865261712216e-05
  2.884944047998e-05
  2.847455617333e-05
  2.307712819330e-04
  8.829245460520e-04
  3.465536534286e-05
  7.938057353793e-03
  4.231755090445e-05
  2.975970897212e-05
  3.278043404431e-05
  1.831572464430e-04
  6.390390269101e-03
  6.586268190190e-05
  3.327801894992e-05
  4.479171153382e-05
  3.726202970145e-05
  2.935405941681e-04
  5.840816402369e-05
  7.590321507167e-05
  1.620897923041e-02
  3.767653812817e-04
  8.915188181813e-05
  8.822165807132e-05
  8.983764608594e-05
  1.034996608220e-04
  1.148466425618e-04
  9.746166516345e-05
  2.202577099064e-04
  2.397594798940e-04
  2.168056745024e-04
  1.055616205706e-03
  5.797478751899e-04
  1.135682671511e-03
  2.964490935844e-03
  4.190523767669e-03
  2.012173237083e-03
  9.334390409563e-04
  5.444126256320e-04
  3.744173490345e-04
  2.368612598586e-04
  1.792381649720e-04
  1.473950895668e-04
  3.943637154904e-03
  9.860288648629e-05
  8.801112804203e-05
  4.482595514284e-04
  6.800207402527e-05
  3.376901543133e-04
  5.915468567336e-05
  5.635597247527e-05
  5.412730667961e-05
  4.563973875441e-04
  6.462087741235e-04
  4.855258802189e-05
  4.772282454646e-05
  4.710206127373e-05
  4.660203478624e-05
  4.724568665737e-05
  4.767914642317e-05
  4.945785644639e-05
  3.135756442213e-04
  1.478242165229e-03
  2.006541338630e-03
  6.630479527059e-05
  5.929385837822e-05
  6.240779970329e-05
  6.142575177837e-04
  3.138014869367e-04
  7.224992255928e-05
  8.016739861738e-05
  9.884884637329e-05
  2.860064349346e-03
  1.178614620817e-04
  1.180966758338e-04
  1.334556457090e-04
  1.553924948628e-04
  1.829538481660e-04
  2.331800656220e-04
  3.578359603759e-03
  3.405492042510e-04
  4.359924143229e-04
  5.766132860030e-04
  7.684999521782e-04
  1.039912589716e-03
  1.502286609509e-03
  2.986670650084e-03
  2.134972928413e-03
  1.841937040742e-03
  1.621594120043e-03
  3.543220118141e-03
  1.062106404394e-03
  9.206153735940e-04
  9.044415889911e-04
  1.082975545515e-03
  1.639138710709e-03
  2.148929567886e-03
  1.504925931341e-03
  9.114876731044e-04
  6.210650391335e-04
  4.765720780778e-04
  3.955723580028e-04
  3.447070200302e-04
  3.113955580467e-04
  2.886796687013e-04
  2.730613101488e-04
  2.638327463544e-04
  9.749920368257e-04
  2.593831188723e-04
  2.668224188171e-04
  2.861987485013e-04
  3.298141420028e-04
  4.321608022833e-04
  7.159778271600e-04
  1.477987694482e-03
  1.666152405444e-03
  8.677418300801e-04
  5.091293908392e-04
  3.750552742543e-04
  3.152248015037e-04
  2.845924969898e-04
  2.671167019841e-04
  2.573878320361e-04
  2.518524525978e-04
  2.488759960826e-04
  2.477756826280e-04
  2.479536876134e-04
  2.490548568272e-04
  2.510513363578e-04
  2.540175756183e-04
  2.574308010299e-04
  2.611729502643e-04
  2.654006699839e-04
  2.702303119247e-04
  2.755925831347e-04
  2.868744680506e-04
  1.309502596074e-03
  2.932361309020e-04
  2.980981362347e-04
  3.040886331366e-04
  3.107337551959e-04
  3.178749228009e-04
  3.251028011176e-04
  3.328689394968e-04
  3.409626463512e-04
  3.490723746077e-04
  3.577972147024e-04
  3.671449662338e-04
  3.771080327510e-04
  3.901607875663e-04
  4.532098908090e-04
  6.034372331059e-03
  4.268381742217e-04
  4.309522946215e-04
  4.417693967985e-04
  4.548138884084e-04
  4.691416029154e-04
  4.864209471729e-04
  5.069726025440e-04
  5.328546112495e-04
  5.692425115233e-04
  6.278360380306e-04
  7.443056402834e-04
  1.075608641938e-03
  3.447297699415e-03
  2.157576799179e-01
  3.188412751332e-03
  1.125867697682e-03
  8.302695462162e-04
  7.387512886485e-04
  7.043969195121e-04
  6.923775520979e-04
  6.910329705001e-04
  6.953599142432e-04
  7.032757494420e-04
  7.129093994451e-04
  7.242034596322e-04
  7.368233872835e-04
  7.502670179182e-04
  7.644778648530e-04
  7.792856266335e-04
  7.945746117208e-04
  8.102952696012e-04
  8.263849461128e-04
  8.430489664234e-04
  8.600505850850e-04
  8.774017372560e-04
  8.949936959353e-04
  9.127880868636e-04
  9.311666612867e-04
  9.492006027549e-04
  9.683576698555e-04
  9.874025103532e-04
  1.006793178068e-03
  1.026520018762e-03
  1.046544054183e-03
  1.067002247104e-03
  1.087299069236e-03
  1.108072064877e-03
  1.128919786772e-03
  1.150803043524e-03
  1.172778190600e-03
  1.193952260200e-03
  1.216214630424e-03
  1.238786854324e-03
  1.261350851194e-03
  1.284931168041e-03
  1.308167634744e-03
  1.331475693408e-03
  1.355125512541e-03
  1.379565153751e-03
  1.403914161665e-03
  1.428763616306e-03
  1.453899500463e-03
  1.479599474830e-03
  1.505892131847e-03
  1.531497576305e-03
  1.558096971452e-03
  1.583908325510e-03
  1.610501075280e-03
  1.637450954615e-03
  1.664992167836e-03
  1.693649017290e-03
  1.721975129702e-03
  1.750228400444e-03
  1.779684403387e-03
  1.807924996935e-03
  1.837653324972e-03
  1.867574332479e-03
  1.897174524363e-03
  1.927742135413e-03
  1.959342231398e-03
  1.990201568844e-03
  2.020884112363e-03
  2.053748382449e-03
  2.085943568268e-03
  2.117849599169e-03
  2.150386633975e-03
  2.183515605706e-03
  2.216202812382e-03
  2.250943299030e-03
  2.285401065149e-03
  2.319165545344e-03
  2.355612010837e-03
  2.391231829094e-03
  2.427102512594e-03
  2.463910905059e-03
  2.500633621199e-03
  2.536187175820e-03
  2.574546726840e-03
  2.613306631608e-03
  2.650936985285e-03
  2.689307500349e-03
  2.729639714984e-03
  2.770043195460e-03
  2.809293717474e-03
  2.848451215389e-03
  2.889745768888e-03
  2.931329790211e-03
  2.973242773608e-03
  3.015321077066e-03
  3.058468844647e-03
  3.101629456536e-03
  3.145448255536e-03
  3.190048496148e-03
  3.234178068799e-03
  3.280190464662e-03
  3.325347559091e-03
  3.371777809257e-03
  3.419435365131e-03
  3.465828700400e-03
  3.514183671532e-03
  3.562238170727e-03
  3.611363891640e-03
  3.661553428078e-03
  3.710378040774e-03
  3.761473869873e-03
  3.813216247821e-03
  3.867244245285e-03
  3.918699329555e-03
  3.969937405505e-03
  4.025136644101e-03
  4.080391729346e-03
  4.134248905383e-03
  4.187625545819e-03
  4.243984918090e-03
  4.300513715892e-03
  4.358777723695e-03
  4.416600944597e-03
  4.475248800349e-03
  4.534179814358e-03
  4.594140092254e-03
  4.656166265019e-03
  4.717057918999e-03
  4.780418806407e-03
  4.844305311047e-03
  4.906047452558e-03
  4.971575403565e-03
  5.038224251417e-03
  5.103102728245e-03
  5.168596454027e-03
  5.238170308589e-03
  5.306700729369e-03
  5.373433147639e-03
  5.441873414011e-03
  5.513219619111e-03
  5.585024400683e-03
  5.657806039750e-03
  5.730582865348e-03
  5.805655200782e-03
  5.878844290853e-03
  5.955903204872e-03
  6.032349786431e-03
  6.110658942666e-03
  6.189571428457e-03
  6.267672708209e-03
  6.349660297032e-03
  6.430513059563e-03
  6.513352255625e-03
  6.597310479191e-03
  6.680097799166e-03
  6.765631223842e-03
  6.853289337506e-03
  6.939480602839e-03
  7.027591823612e-03
  7.119669855550e-03
  7.209376461507e-03
  7.298487144574e-03
  7.394915088900e-03
  7.489773372486e-03
  7.581873226410e-03
  7.676321269070e-03
  7.775513448194e-03
  7.872431144784e-03
  7.973306113116e-03
  8.074498468402e-03
  8.174541692608e-03
  8.279769026504e-03
  8.384474502306e-03
  8.488048858868e-03
  8.597456223987e-03
  8.705761423874e-03
  8.812289121946e-03
  8.925124040471e-03
  9.039632617233e-03
  9.151895154168e-03
  9.263767602186e-03
  9.384698678856e-03
  9.503838677689e-03
  9.619701876549e-03
  9.736987638196e-03
  9.860092557421e-03
  9.982579488679e-03
  1.010914406876e-02
  1.023481028040e-02
  1.036486596627e-02
  1.049301788737e-02
  1.062465836399e-02
  1.075843920243e-02
  1.089137697897e-02
  1.103023098836e-02
  1.116589006680e-02
  1.130540687447e-02
  1.144877062890e-02
  1.158827089203e-02
  1.173432984289e-02
  1.188234371188e-02
  1.202728772821e-02
  1.217848635784e-02
  1.233277334482e-02
  1.248418880771e-02
  1.263771664946e-02
  1.280061115204e-02
  1.295874856310e-02
  1.311485272505e-02
  1.328211860372e-02
  1.345098337252e-02
  1.361598942630e-02
  1.377875786501e-02
  1.395051636609e-02
  1.412255647830e-02
  1.430027829846e-02
  1.447690078270e-02
  1.465756539232e-02
  1.483969808067e-02
  1.502198950328e-02
  1.521106454823e-02
  1.539592509909e-02
  1.559107121544e-02
  1.578605323377e-02
  1.597738363540e-02
  1.617680450016e-02
  1.638213936261e-02
  1.658325171924e-02
  1.678371249717e-02
  1.699978812568e-02
  1.721171378913e-02
  1.741914203830e-02
  1.763283094227e-02
  1.786049096251e-02
  1.808333776660e-02
  1.830147006370e-02
  1.851953349967e-02
  1.875088038672e-02
  1.897995392990e-02
  1.921854229382e-02
  1.945460544398e-02
  1.969580875255e-02
  1.994183783611e-02
  2.018430945199e-02
  2.043847505695e-02
  2.068886636619e-02
  2.094203288051e-02
  2.120604614112e-02
  2.146312038896e-02
  2.172734627127e-02
  2.200206612138e-02
  2.226988307760e-02
  2.254228748163e-02
  2.282944643825e-02
  2.311022324461e-02
  2.338742224792e-02
  2.368645692563e-02
  2.398249750438e-02
  2.427200733404e-02
  2.456506589527e-02
  2.487432487102e-02
  2.517701278667e-02
  2.549111044318e-02
  2.580764127157e-02
  2.611713900737e-02
  2.644190620883e-02
  2.676624869069e-02
  2.708418940416e-02
  2.742152688325e-02
  2.776095051676e-02
  2.809205770248e-02
  2.843617744488e-02
  2.879411513749e-02
  2.914313185900e-02
  2.948805920996e-02
  2.985980141029e-02
  3.023238369855e-02
  3.059598506593e-02
  3.095482623669e-02
  3.133469151710e-02
  3.171415947594e-02
  3.210520767916e-02
  3.249479165845e-02
  3.289407945126e-02
  3.329712652745e-02
  3.370028628728e-02
  3.411777690496e-02
  3.452852962375e-02
  3.495552725990e-02
  3.538355842173e-02
  3.580912563236e-02
  3.625463541885e-02
  3.669382778414e-02
  3.713455139333e-02
  3.759819563815e-02
  3.805201184504e-02
  3.850741287109e-02
  3.899112851933e-02
  3.946663311111e-02
  3.993429879264e-02
  4.043539711402e-02
  4.093672895853e-02
  4.142540636097e-02
  4.192310868522e-02
  4.245540479120e-02
  4.297669125430e-02
  4.348605517305e-02
  4.400240588694e-02
  4.454334939047e-02
  4.508359811404e-02
  4.563933658414e-02
  4.618984941436e-02
  4.676161560082e-02
  4.732509482611e-02
  4.790638875232e-02
  4.849229831808e-02
  4.907576048443e-02
  4.969090416415e-02
  5.029507697545e-02
  5.089006110396e-02
  5.151074793083e-02
  5.213583610308e-02
  5.277337876160e-02
  5.340911779468e-02
  5.406329119300e-02
  5.472290952627e-02
  5.539253681102e-02
  5.606483504722e-02
  5.675208551696e-02
  5.744152894228e-02
  5.814493751080e-02
  5.884844300168e-02
  5.956576987388e-02
  6.029247920708e-02
  6.102749151754e-02
  6.177245553187e-02
  6.252621163911e-02
  6.328871318978e-02
  6.405997629405e-02
  6.484094601417e-02
  6.563404358645e-02
  6.643433795318e-02
  6.724342443531e-02
  6.806464426712e-02
  6.889542258396e-02
  6.973368251151e-02
  7.058746358329e-02
  7.144688396671e-02
  7.231723609929e-02
  7.320284008469e-02
  7.409090141175e-02
  7.500047522733e-02
  7.590915895556e-02
  7.683976522176e-02
  7.776786140732e-02
  7.871524888282e-02
  7.967532676947e-02
  8.064858840036e-02
  8.162979272300e-02
  8.262506515785e-02
  8.363461657895e-02
  8.465200853652e-02
  8.568450467341e-02
  8.673369648633e-02
  8.778665575247e-02
  8.886093448183e-02
  8.994244188226e-02
  9.103755431231e-02
  9.215229971419e-02
  9.326711618167e-02
  9.439964360039e-02
  9.554898982174e-02
  9.671298104997e-02
  9.790406790428e-02
  9.909804693861e-02
  1.003055572784e-01
  1.015278946983e-01
  1.027659252262e-01
  1.040187065308e-01
  1.052861223926e-01
  1.065694670677e-01
  1.078689798225e-01
  1.091837948279e-01
  1.105165255419e-01
  1.118630867202e-01
  1.132251799918e-01
  1.146067823265e-01
  1.160064277707e-01
  1.174175661824e-01
  1.188496821714e-01
  1.203026862072e-01
  1.217631139203e-01
  1.232518060504e-01
  1.247547232364e-01
  1.262697059468e-01
  1.278168659053e-01
  1.293653935741e-01
  1.309521782726e-01
  1.325311893857e-01
  1.341445746055e-01
  1.357786239324e-01
  1.374335984978e-01
  1.391073042055e-01
  1.408023134338e-01
  1.425184830133e-01
  1.442548725073e-01
  1.460127605329e-01
  1.477932175231e-01
  1.495953999967e-01
  1.514198008190e-01
  1.532650659796e-01
  1.551340454550e-01
  1.570323415368e-01
  1.589457354304e-01
  1.608789041039e-01
  1.628510115077e-01
  1.648242712433e-01
  1.668476771191e-01
  1.688603454476e-01
  1.709167000700e-01
  1.729999291258e-01
  1.751085587322e-01
  1.772427923678e-01
  1.794026491459e-01
  1.815887435531e-01
  1.838017254505e-01
  1.860428713156e-01
  1.883168036169e-01
  1.906096900000e-01
  1.929284546017e-01
  1.952858490073e-01
  1.976646749763e-01
  2.000672413574e-01
  2.025166353747e-01
  2.049759711263e-01
  2.074768093667e-01
  2.100112439960e-01
  2.125609047927e-01
  2.151681212566e-01
  2.177675251433e-01
  2.204164704682e-01
  2.231034046045e-01
  2.258236401791e-01
  2.285776430939e-01
  2.313631537455e-01
  2.341817829103e-01
  2.370355168886e-01
  2.399271678300e-01
  2.428550877013e-01
  2.458095493865e-01
  2.488052558320e-01
  2.518401760401e-01
  2.549138464512e-01
  2.580158679063e-01
  2.611610779445e-01
  2.643533412195e-01
  2.675663131500e-01
  2.708286950651e-01
  2.741409798594e-01
  2.774682203290e-01
  2.808644245988e-01
  2.842797879697e-01
  2.877436620710e-01
  2.912636255101e-01
  2.947943428172e-01
  2.983725043607e-01
  3.020089278393e-01
  3.056886958778e-01
  3.094142343481e-01
  3.131856636740e-01
  3.170023490558e-01
  3.208662565246e-01
  3.247776692802e-01
  3.287367857581e-01
  3.327423573611e-01
  3.367969447455e-01
  3.409016685662e-01
  3.450580830342e-01
  3.492690806083e-01
  3.535211793044e-01
  3.578272303767e-01
  3.621936078298e-01
  3.666142073979e-01
  3.710717067041e-01
  3.755996430623e-01
  3.801881677900e-01
  3.848058621736e-01
  3.895114770476e-01
  3.942560438330e-01
  3.990521945480e-01
  4.039418021951e-01
  4.088365313897e-01
  4.138532308544e-01
  4.188464640376e-01
  4.239471737877e-01
  4.291135778942e-01
  4.343440907697e-01
  4.396379562239e-01
  4.449958988174e-01
  4.504191265972e-01
  4.559088372726e-01
  4.614651585660e-01
  4.670906601997e-01
  4.727867242607e-01
  4.785512214206e-01
  4.843792285995e-01
  4.902844196625e-01
  4.962811908281e-01
  5.023260673246e-01
  5.084370727740e-01
  5.146654408849e-01
  5.209053799025e-01
  5.272879105958e-01
  5.336913996179e-01
  5.402139905382e-01
  5.467393769909e-01
  5.534033180914e-01
  5.601485680797e-01
  5.669765992173e-01
  5.738878594071e-01
  5.808829552325e-01
  5.879622537208e-01
  5.951276797199e-01
  6.023797477212e-01
  6.097217895409e-01
  6.171569623529e-01
  6.246864571949e-01
  6.322940852377e-01
  6.399952647131e-01
  6.477993274802e-01
  6.557100996273e-01
  6.636921422295e-01
  6.717738309198e-01
  6.799820062514e-01
  6.882643220043e-01
  6.966378741811e-01
  7.051631553424e-01
  7.137326092364e-01
  7.224346875444e-01
  7.312709262415e-01
  7.401425198929e-01
  7.492216017148e-01
  7.582955510311e-01
  7.676022040267e-01
  7.768720472292e-01
  7.863343806696e-01
  7.959290223698e-01
  8.056375920098e-01
  8.154388180826e-01
  8.253823138720e-01
  8.354685920782e-01
  8.456228576669e-01
  8.559380709322e-01
  8.664000668768e-01
  8.769167416137e-01
  8.876565069911e-01
  8.984434313141e-01
  9.094011368619e-01
  9.205136128118e-01
  9.316847362450e-01
  9.429862722823e-01
  9.544790861283e-01
  9.661131187978e-01
  9.778870641074e-01
  9.898059417930e-01
  1.001868683132e+00
  1.014081159861e+00
  1.026445728234e+00
  1.038955419635e+00
  1.051613793849e+00
  1.064426898321e+00
  1.077402127050e+00
  1.090542297119e+00
  1.103846752377e+00
  1.117286341096e+00
  1.130896645198e+00
  1.144699029044e+00
  1.158660470789e+00
  1.172752335457e+00
  1.187067119124e+00
  1.201560859310e+00
  1.216157406542e+00
  1.231036332955e+00
  1.246016140806e+00
  1.261186588172e+00
  1.276631093889e+00
  1.292105319340e+00
  1.307961109248e+00
  1.323743628028e+00
  1.339860071136e+00
  1.356190712109e+00
  1.372719829830e+00
  1.389449109660e+00
  1.406382231753e+00
  1.423521803488e+00
  1.440874255466e+00
  1.458434088494e+00
  1.476212700444e+00
  1.494216279050e+00
  1.512427414770e+00
  1.530852135792e+00
  1.549514775017e+00
  1.568477520393e+00
  1.587563812171e+00
  1.606891105765e+00
  1.626567747069e+00
  1.646286800379e+00
  1.666469120378e+00
  1.686693467697e+00
  1.707328961968e+00
  1.727940706929e+00
  1.748999288495e+00
  1.770317934899e+00
  1.791897098818e+00
  1.813738993129e+00
  1.835845293250e+00
  1.858217952625e+00
  1.880863194330e+00
  1.903784578019e+00
  1.926991097297e+00
  1.950488604100e+00
  1.974280112193e+00
  1.998322620616e+00
  2.022661413923e+00
  2.047329915271e+00
  2.072329679077e+00
  2.097550062705e+00
  2.123099137306e+00
  2.149046418479e+00
  2.175203704772e+00
  2.201677937109e+00
  2.228620593870e+00
  2.255694748558e+00
  2.283217642777e+00
  2.311114606704e+00
  2.339172736404e+00
  2.367861343712e+00
  2.396535546214e+00
  2.425959538379e+00
  2.455249298683e+00
  2.485157666541e+00
  2.515485719098e+00
  2.546147521324e+00
  2.577130729331e+00
  2.608569765460e+00
  2.640434925118e+00
  2.672525869154e+00
  2.705142558898e+00
  2.738183708883e+00
  2.771431071113e+00
  2.805379399439e+00
  2.839451060336e+00
  2.874116615414e+00
  2.909192624506e+00
  2.944538937360e+00
  2.980237806506e+00
  3.016563744994e+00
  3.053328806263e+00
  3.090541796472e+00
  3.128205492543e+00
  3.166333468355e+00
  3.204934212109e+00
  3.244010089998e+00
  3.283544352591e+00
  3.323550262137e+00
  3.364044742248e+00
  3.405058714357e+00
  3.446589600438e+00
  3.488621908969e+00
  3.531098634420e+00
  3.574126167576e+00
  3.617758011131e+00
  3.661853790417e+00
  3.706407595522e+00
  3.751664178913e+00
  3.797434970295e+00
  3.843587345745e+00
  3.890625043744e+00
  3.937926057728e+00
  3.985906684004e+00
  4.034691772149e+00
  4.083622321043e+00
  4.133725789014e+00
  4.183612049953e+00
  4.234538021063e+00
  4.286148604209e+00
  4.338387688829e+00
  4.391260594622e+00
  4.444780452801e+00
  4.498956745606e+00
  4.553791370486e+00
  4.609293089129e+00
  4.665479998471e+00
  4.722385102030e+00
  4.779923348647e+00
  4.838156419288e+00
  4.897141842995e+00
  4.957094421536e+00
  5.017374152686e+00
  5.078493500356e+00
  5.140661111409e+00
  5.202998565373e+00
  5.266791904508e+00
  5.330667284801e+00
  5.395948163706e+00
  5.461064028534e+00
  5.527614086118e+00
  5.594990051951e+00
  5.663183732231e+00
  5.732214619947e+00
  5.802080462980e+00
  5.872779450997e+00
  5.944348012086e+00
  6.016803660102e+00
  6.090151976991e+00
  6.164418054170e+00
  6.239583131736e+00
  6.315578479337e+00
  6.392514186616e+00
  6.470483474452e+00
  6.549468811346e+00
  6.629170385762e+00
  6.709936835828e+00
  6.791952577281e+00
  6.874586181993e+00
  6.958297382318e+00
  7.043438645951e+00
  7.128975054395e+00
  7.216030082194e+00
  7.304109793572e+00
  7.392850484684e+00
  7.483494208833e+00
  7.574130403607e+00
  7.667129298754e+00
  7.759691109628e+00
  7.854213607436e+00
  7.950089102269e+00
  8.046943477559e+00
  8.144882447858e+00
  8.244268245084e+00
  8.344930511276e+00
  8.446356125309e+00
  8.549506901818e+00
  8.653838708759e+00
  8.758972293358e+00
  8.866267391909e+00
  8.973898639221e+00
  9.083567948796e+00
  9.194275388840e+00
  9.306122443452e+00
  9.418871559613e+00
  9.533681890822e+00
  9.649873622618e+00
  9.767481313805e+00
  9.886520044473e+00
  1.000704649379e+01
  1.012904162053e+01
  1.025251008933e+01
  1.037745739999e+01
  1.050390347978e+01
  1.063189123342e+01
  1.076152015086e+01
  1.089279849564e+01
