1599
  2.189386379580e-01
  2.201688647610e-01
  2.212464884460e-01
  2.222802880480e-01
  2.233360955890e-01
  2.243955947990e-01
  2.254360659030e-01
  2.264717223970e-01
  2.275029527370e-01
  2.285294639210e-01
  2.294653938030e-01
  2.302720138420e-01
  2.310803970840e-01
  2.318761095150e-01
  2.327197357090e-01
  2.340450624440e-01
  2.354543743380e-01
  2.368608488950e-01
  2.382795569230e-01
  2.397350513260e-01
  2.412835872240e-01
  2.428243220040e-01
  2.443537948890e-01
  2.458625954800e-01
  2.472518910050e-01
  2.484331639680e-01
  2.495997502310e-01
  2.507531982170e-01
  2.518966611070e-01
  2.530412257940e-01
  2.542170489660e-01
  2.553846014040e-01
  2.565419148660e-01
  2.576902784600e-01
  2.588193778440e-01
  2.598509746730e-01
  2.608551813550e-01
  2.618544906520e-01
  2.628485943910e-01
  2.638341199310e-01
  2.648736780970e-01
  2.660288241840e-01
  2.671777318730e-01
  2.683170247700e-01
  2.694466205870e-01
  2.705665559120e-01
  2.716406191340e-01
  2.726582809910e-01
  2.736673252820e-01
  2.746685987040e-01
  2.756585660960e-01
  2.766368066010e-01
  2.771831673800e-01
  2.766579804520e-01
  2.760848650460e-01
  2.755160839640e-01
  2.753417567030e-01
  2.786332846280e-01
  2.827074184850e-01
  2.867191910380e-01
  2.906567634060e-01
  2.915851165530e-01
  2.852103383570e-01
  2.853427786950e-01
  2.879326658640e-01
  2.904482405000e-01
  2.928394727890e-01
  2.951857259180e-01
  2.951977821980e-01
  2.943903152790e-01
  2.934971024590e-01
  2.974611808110e-01
  3.006880843530e-01
  2.984396296070e-01
  2.991406675470e-01
  3.043323579150e-01
  2.988822300540e-01
  3.018410158900e-01
  3.030364311060e-01
  3.038511062940e-01
  2.981743764400e-01
  3.008994135460e-01
  3.068321419560e-01
  3.071875643770e-01
  3.058128870850e-01
  3.056504220070e-01
  3.045843760220e-01
  3.128237750360e-01
  3.107251154820e-01
  3.075083436050e-01
  3.092483456280e-01
  3.166213275130e-01
  3.124025238340e-01
  3.019935106120e-01
  3.062584733720e-01
  3.055231538650e-01
  3.061576222300e-01
  3.126072182330e-01
  3.113403514280e-01
  3.157994844650e-01
  3.070176268600e-01
  3.076160111300e-01
  3.137784537230e-01
  3.113075721400e-01
  3.056964101780e-01
  3.150302997420e-01
  3.192095107050e-01
  3.075897765630e-01
  3.115822807290e-01
  3.202681648730e-01
  3.068088541520e-01
  3.093155024320e-01
  3.215415205250e-01
  3.129298972190e-01
  3.080571724430e-01
  3.186642842470e-01
  3.110780699870e-01
  3.041822094210e-01
  3.251547325980e-01
  3.041472942360e-01
  3.084098815640e-01
  3.162322267740e-01
  3.140342522190e-01
  3.210057208150e-01
  3.209476671110e-01
  3.049952512780e-01
  3.191860553910e-01
  3.057769568410e-01
  3.153279690220e-01
  3.163117078540e-01
  3.248772884650e-01
  3.212505201070e-01
  3.119967861100e-01
  2.826679708740e-01
  3.065245773600e-01
  3.241607867400e-01
  3.156242744840e-01
  3.270874823080e-01
  3.017475077020e-01
  2.923909624880e-01
  3.179878931780e-01
  3.166792791800e-01
  3.202801590260e-01
  3.232033264910e-01
  3.138079954400e-01
  2.857481213070e-01
  3.111970689060e-01
  3.000802364140e-01
  3.066034143850e-01
  3.129331872890e-01
  3.011740797480e-01
  3.187097551000e-01
  2.879005518970e-01
  2.990824275890e-01
  3.012290911950e-01
  3.044394354830e-01
  2.857819939710e-01
  2.912677311520e-01
  2.693342475030e-01
  2.809967976100e-01
  2.838986127830e-01
  3.115357825400e-01
  2.749029054890e-01
  2.995895771260e-01
  2.936384178360e-01
  2.878110682600e-01
  2.744684003520e-01
  2.876209540390e-01
  2.885680940290e-01
  2.843081811910e-01
  2.803655772570e-01
  2.989333155540e-01
  3.204712124500e-01
  2.967939885590e-01
  2.921495831020e-01
  3.011742993180e-01
  2.857177061020e-01
  2.990594720820e-01
  2.655429358280e-01
  2.650977301150e-01
  3.068851494280e-01
  2.569122081840e-01
  2.951434399420e-01
  2.792462196550e-01
  3.077281626600e-01
  2.574580460040e-01
  2.703469763840e-01
  2.881826226940e-01
  2.938766332450e-01
  2.983872141270e-01
  2.875898766020e-01
  2.910426605660e-01
  2.585154015190e-01
  2.691521095710e-01
  2.769221687190e-01
  3.474513886840e-01
  3.510089930910e-01
  3.187488276150e-01
  3.089816296360e-01
  3.032178458520e-01
  2.992402738960e-01
  2.986610034170e-01
  2.503129895920e-01
  2.880545084650e-01
  2.922384119610e-01
  2.147406651110e-01
  2.661909530200e-01
  2.860586967730e-01
  2.533641944720e-01
  2.689998017080e-01
  2.567415279910e-01
  1.935407458530e-01
  2.617563904540e-01
  2.899834191700e-01
  2.519525000480e-01
  2.419369084980e-01
  2.817313433410e-01
  2.496854354890e-01
  2.865411136390e-01
  2.566592201660e-01
  2.982664862860e-01
  2.448149536190e-01
  3.219788277510e-01
  2.864066663850e-01
  2.694954026440e-01
  2.499545182110e-01
  2.241361925690e-01
  2.456039597130e-01
  3.969206472510e-01
  2.675225902270e-01
  1.729872470540e-01
  2.770535076790e-01
  2.485480590810e-01
  2.704056320910e-01
  2.261452634620e-01
  1.774787541610e-01
  2.220950842190e-01
  2.478643833520e-01
  2.345390376150e-01
  2.890670004380e-01
  1.997589467940e-01
  1.876339850740e-01
  2.136003771600e-01
  2.454295418830e-01
  2.204989087240e-01
  2.768464968650e-01
  2.505500297280e-01
  1.982284348750e-01
  2.649738996590e-01
  2.640025517690e-01
  2.833690562450e-01
  1.937611965980e-01
  2.458957568120e-01
  3.251480205610e-01
  3.141750048010e-01
  2.995830453220e-01
  2.232322350650e-01
  1.425238406270e-01
  2.050954137520e-01
  2.204283533940e-01
  3.399492229940e-01
  3.032684752680e-01
  2.301987004980e-01
  2.160538579590e-01
  1.949172636520e-01
  1.761385773460e-01
  3.029829256880e-01
  1.673361504100e-01
  1.974572137980e-01
  2.367017341730e-01
  2.615217096710e-01
  2.892756831300e-01
  2.243327691730e-01
  1.755253706570e-01
  2.493026486790e-01
  2.588731809350e-01
  2.640935368420e-01
  2.654581228740e-01
  1.987766650610e-01
  2.260769397280e-01
  3.539112710500e-01
  1.270323896640e-01
  2.481971380300e-01
  1.190837010130e-01
  2.412438989110e-01
  1.912494313550e-01
  1.368312158810e-01
  1.872928312220e-01
  1.855585103540e-01
  1.957373058550e-01
  2.970095231580e-01
  1.606009191350e-01
  1.388303793930e-01
  1.775724605170e-01
  1.555883414760e-01
  2.464039003910e-01
  2.722571756980e-01
  2.459017818520e-01
  2.595438975830e-01
  3.147251527300e-01
  1.897469706770e-01
  1.139804023480e-01
  1.936225503600e-01
  2.820955148790e-01
  1.692110471610e-01
  2.545579679240e-01
  1.469929700590e-01
  2.958046299550e-01
  2.377420001830e-01
  8.392644338160e-02
  1.445148075500e-01
  1.469424261620e-01
  1.543183807820e-01
  1.440493887260e-01
  1.806588097250e-01
  2.145649972890e-01
  1.556609740690e-01
  1.987182225090e-01
  1.703236566820e-01
  2.556196435040e-01
  2.945153730240e-01
  2.423325923220e-01
  1.388690498300e-01
  2.883030467580e-01
  2.079183154230e-01
  2.344708567680e-01
  1.898775279080e-01
  2.403788512350e-01
  2.459594735190e-01
  2.766482705600e-01
  3.224914474920e-01
  4.707269023620e-01
  3.585255979850e-01
  3.741664545090e-01
  2.292509688060e-01
  3.040201885210e-01
  3.876181802620e-01
  3.538616382600e-01
  2.049889663920e-01
  2.089405902350e-01
  3.997206146870e-01
  3.794287598920e-01
  2.952817674420e-01
  1.025868574610e-01
  6.660716173430e-02
  2.871524921660e-01
  1.410041396240e-01
  2.631631200820e-01
  3.489036355900e-01
  3.597077261550e-01
  2.160935345320e-01
  1.273762298060e-01
  1.747930049730e-01
  6.787997630070e-02
  1.474431715670e-01
  9.375786385510e-02
  1.180279920860e-01
  1.062797607050e-01
  1.435585003050e-01
  2.854579868950e-01
  7.759094101840e-02
  1.145792735460e-01
  1.187700278670e-01
  1.628537686260e-01
  1.579222314030e-01
  1.753853421980e-01
  3.438802007620e-01
  2.642219637240e-01
  2.059132663920e-01
  2.619153593210e-01
  3.141212562200e-01
  1.180141012190e-01
  1.835315526490e-01
  2.932834459050e-01
  2.304848476480e-01
  2.161736801430e-01
  2.221775410730e-01
  2.250918226350e-01
  2.198319512950e-01
  2.357034801120e-01
  4.004034761360e-01
  2.598855685230e-01
  3.377759423490e-01
  2.275547176520e-01
  1.698806892680e-01
  3.535728410830e-01
  2.542143118920e-01
  2.874247726140e-01
  2.919643678640e-01
  3.507548673190e-01
  2.686683232910e-01
  9.769169735070e-02
  2.216830030090e-01
  2.985420089090e-01
  2.662030596330e-01
  3.942507087820e-01
  3.879181349210e-01
  3.985271846920e-01
  2.955509025190e-01
  1.943723184190e-01
  2.652433780300e-01
  3.129129711940e-01
  3.303737476840e-01
  5.017580433140e-01
  5.111633136310e-01
  4.256280516900e-01
  4.905729610980e-01
  3.276547316790e-01
  4.640672334240e-01
  3.686002994270e-01
  4.472064029450e-01
  5.153671118790e-01
  5.884986201530e-01
  5.425216186340e-01
  3.565536176780e-01
  1.141592101910e-01
  5.062143873200e-02
  1.491166544690e-01
  3.237757828400e-01
  5.541848267390e-01
  5.186679432490e-01
  1.545205085150e-01
  1.448669895360e-01
  5.063661283600e-02
  1.816745471230e-01
  7.377177520460e-02
  1.271455653580e-01
  2.088112941310e-01
  1.829566305510e-01
  2.398706082300e-01
  2.669075042480e-01
  2.527177948690e-01
  3.829584513870e-01
  5.402965824680e-01
  6.892925777180e-01
  4.099176138800e-01
  1.180553238270e-01
  4.010350714500e-02
  5.569905595850e-02
  6.899658913970e-02
  7.568936679130e-02
  8.244581121480e-02
  1.177206107480e-01
  1.281639050270e-01
  2.219160413970e-01
  1.984747334640e-01
  2.197083038210e-01
  2.616693154750e-01
  3.319065791570e-01
  4.764259125220e-01
  7.303942031440e-01
  3.972905423890e-01
  3.374041868820e-02
  5.472219874600e-02
  1.335162583530e-01
  1.720418539270e-01
  1.761565679900e-01
  1.562493031360e-01
  1.777486311080e-01
  1.780338792120e-01
  2.047953238990e-01
  2.558309726040e-01
  2.355420362980e-01
  2.609808166480e-01
  3.401123579910e-01
  2.404890411330e-01
  1.643170029240e-01
  1.793592934860e-01
  1.906027843990e-01
  2.011619749930e-01
  2.486171517790e-01
  2.608814039570e-01
  2.548375479930e-01
  2.800754523420e-01
  3.695865587160e-01
  4.172600737190e-01
  5.982586836370e-01
  2.852209895070e-01
  7.134644899350e-02
  1.544814896230e-01
  2.074475149910e-01
  2.349159194070e-01
  2.721107405770e-01
  2.873758592490e-01
  3.215325183210e-01
  3.327142527470e-01
  3.551018240330e-01
  4.153557602400e-01
  4.106142307710e-01
  4.442690618950e-01
  4.971358070640e-01
  5.905421366880e-01
  6.657480090660e-01
  7.770405339150e-01
  1.062427277760e+00
  1.075723535650e+00
  3.664523194850e-01
  7.625821895950e-02
  5.499017053970e-02
  1.356044200020e-01
  1.405802583220e-01
  1.435630499320e-01
  1.696584435300e-01
  2.272668842380e-01
  3.580867799400e-01
  3.384285518690e-01
  4.945387729900e-01
  8.656230209190e-01
  5.681085935330e-02
  8.689621782570e-02
  1.375684496230e-01
  1.576553673220e-01
  1.896858890650e-01
  1.976247590150e-01
  2.246791572700e-01
  2.316401375210e-01
  2.493339670760e-01
  2.661465812460e-01
  2.921879184410e-01
  3.147860716840e-01
  3.380884781180e-01
  3.842804500300e-01
  4.651506805100e-01
  5.149170303790e-01
  5.402188367170e-01
  6.267024617410e-01
  7.935076821240e-01
  1.109099047770e+00
  1.451947672900e+00
  7.050079542780e-01
  1.225645789910e-01
  3.111177950950e-02
  5.618929135180e-02
  9.665796462290e-02
  1.379911526500e-01
  2.045057684110e-01
  3.443667476480e-01
  8.250075553570e-01
  2.761374534470e-01
  6.106372632950e-02
  8.366659048270e-02
  1.200411057450e-01
  1.680428358330e-01
  1.513514132130e-01
  2.729134591920e-01
  1.461184189910e-01
  1.594101788190e-01
  1.682659857970e-01
  1.720794527280e-01
  1.805634642780e-01
  1.891338079400e-01
  2.011877323050e-01
  2.067097484720e-01
  2.169877909160e-01
  2.505310829770e-01
  2.442767233950e-01
  2.568685212820e-01
  2.522168212350e-01
  2.473703155660e-01
  2.444354814620e-01
  2.467619239110e-01
  2.661521964190e-01
  2.573198381930e-01
  2.651993895360e-01
  3.308530428680e-01
  3.065234574210e-01
  2.853880174220e-01
  2.967396675000e-01
  3.272434806720e-01
  3.720669168900e-01
  3.097458736190e-01
  3.283930822130e-01
  3.678873380370e-01
  3.367078539050e-01
  3.508496239460e-01
  3.740735095760e-01
  3.895834856510e-01
  3.890513114860e-01
  4.108936095370e-01
  5.222340103960e-01
  4.593672262390e-01
  4.910017782650e-01
  5.382040187960e-01
  5.989603894390e-01
  6.928544694950e-01
  8.496775686170e-01
  1.154920981550e+00
  1.844310003700e+00
  2.022370989100e+00
  3.513302386180e-01
  4.573238143430e-02
  5.695475288990e-02
  1.708605370010e-01
  1.551603963380e-01
  2.021740062350e-01
  2.512428680350e-01
  3.056288368540e-01
  3.740001113390e-01
  3.965078875150e-01
  4.765377271220e-01
  6.670721977370e-01
  1.303799932320e+00
  1.937047980240e+00
  2.258943381030e-01
  1.695499676200e-01
  2.297920676760e-01
  1.890168072390e-01
  1.475680879220e-01
  1.441257937610e-01
  1.538034349450e-01
  1.665914954110e-01
  1.795611077090e-01
  1.920460901460e-01
  2.038202306590e-01
  2.154327334340e-01
  2.265152857780e-01
  2.376831747790e-01
  2.490758427750e-01
  2.610579863590e-01
  2.748872771860e-01
  2.989149772940e-01
  3.027637157500e-01
  3.177095854150e-01
  3.292114567350e-01
  3.330856267710e-01
  3.286958745930e-01
  3.213865347620e-01
  3.194975298190e-01
  3.575321144190e-01
  3.165063255880e-01
  3.209329917370e-01
  3.271530432740e-01
  3.349154383520e-01
  3.444080970630e-01
  3.568707162150e-01
  3.911715965340e-01
  3.922478963000e-01
  4.221448159930e-01
  4.678554264930e-01
  5.535034586560e-01
  5.679288817910e-01
  5.324074300780e-01
  6.239587302920e-01
  3.977429672470e-01
  3.755010024300e-01
  3.516026704860e-01
  3.468184646760e-01
  3.463023270450e-01
  3.482010913240e-01
  3.517581640220e-01
  3.568112797260e-01
  3.638069658000e-01
  3.750281923050e-01
  4.020420661450e-01
  4.243204612530e-01
  3.725016889470e-01
  4.392411184020e-01
  3.814998357460e-01
  3.846977149160e-01
  3.918083627270e-01
  3.993214321230e-01
  4.074011179890e-01
  4.163047312480e-01
  4.264619756190e-01
  4.386142523460e-01
  4.540122872010e-01
  4.750284387820e-01
  5.072523174200e-01
  5.399874554560e-01
  5.297904763760e-01
  4.949568508800e-01
  4.818991745150e-01
  4.811624384220e-01
  4.848654949240e-01
  4.950695658470e-01
  5.008688546140e-01
  5.063655736980e-01
  5.259316072020e-01
  5.253952700100e-01
  5.360547728590e-01
  5.474115265240e-01
  5.614689768210e-01
  5.859032008240e-01
  5.861369571880e-01
  6.009129427470e-01
  6.170477311590e-01
  6.340671295310e-01
  6.527254090660e-01
  6.721429958910e-01
  6.937155745910e-01
  7.356575723930e-01
  7.434179023030e-01
  7.716217422980e-01
  8.032675968510e-01
  8.381379165940e-01
  8.773717890540e-01
  9.217769943140e-01
  9.719960706350e-01
  1.029434363810e+00
  1.095426738940e+00
  1.253591047850e+00
  1.610882159400e+00
  2.208920735230e+00
  3.417936705220e+00
  6.016370806220e+00
  5.984361987300e+00
  1.806627106930e+00
  4.837292882210e-01
  1.451888283840e-01
  5.523638509340e-02
  3.889535515310e-02
  4.716533591440e-02
  6.380719850170e-02
  8.714551620680e-02
  1.018564629590e-01
  1.201072350560e-01
  1.388978351100e-01
  1.534221597330e-01
  1.688095624360e-01
  1.826495622870e-01
  1.959029620340e-01
  2.085325436670e-01
  2.238168356750e-01
  2.327066427210e-01
  2.431134944930e-01
  2.537824654180e-01
  2.641425900850e-01
  2.743101314060e-01
  2.841626742780e-01
  2.936971617860e-01
  3.033068791390e-01
  3.137050195320e-01
  3.272049787120e-01
  3.484709916670e-01
  3.429076004790e-01
  3.539902709020e-01
  3.654511511380e-01
  3.786950913850e-01
  3.903441734610e-01
  4.036604779030e-01
  4.183166776170e-01
  4.344999404390e-01
  4.852856762520e-01
  4.722314692790e-01
  4.949714994850e-01
  5.215237441630e-01
  5.529649954960e-01
  5.909911573680e-01
  6.380119668320e-01
  7.157146597650e-01
  7.747844297930e-01
  8.778458135970e-01
  1.018225854510e+00
  1.211079682080e+00
  1.469100513650e+00
  1.776370082550e+00
  2.036256173070e+00
  2.059211456220e+00
  1.802742637140e+00
  1.444622595420e+00
  1.149217040170e+00
  9.392079339630e-01
  8.167697754030e-01
  7.641507204320e-01
  7.933117688150e-01
  9.497096470290e-01
  1.080513832030e+00
  8.606722269250e-01
  6.660693937060e-01
  5.768416079600e-01
  5.345370891900e-01
  5.125243495720e-01
  5.004444984860e-01
  4.939746855590e-01
  4.910201897360e-01
  4.905302585240e-01
  4.919481036930e-01
  4.957392483270e-01
  4.995846234630e-01
  5.063165297140e-01
  5.161622009540e-01
  5.315855328100e-01
  5.594515195150e-01
  6.206424074250e-01
  7.478719676340e-01
  7.248689810080e-01
  5.783533873670e-01
  5.303334452110e-01
  5.187729243500e-01
  5.173134683170e-01
  5.192898936860e-01
  5.226108462430e-01
  5.265880372810e-01
  5.308445733190e-01
  5.352556037690e-01
  5.397717053650e-01
  5.443557419880e-01
  5.489653187980e-01
  5.535966861430e-01
  5.582569675250e-01
  5.628878187920e-01
  5.675213108550e-01
  5.721514225710e-01
  5.767692907990e-01
  5.813660438380e-01
  5.859738777400e-01
  5.915925081810e-01
  5.951615957390e-01
  5.997472616280e-01
  6.043335362030e-01
  6.088869929640e-01
  6.133997055370e-01
  6.179189146110e-01
  6.224576768220e-01
  6.269445430400e-01
  6.314258428510e-01
  6.358590616710e-01
  6.402948224970e-01
  6.447136781540e-01
  6.491177610950e-01
  6.535508184780e-01
  6.638915935090e-01
  6.621809141140e-01
  6.664828837400e-01
  6.707475168540e-01
  6.750045358330e-01
  6.792344162210e-01
  6.834389186670e-01
  6.876231664800e-01
  6.917818767520e-01
  6.959235358420e-01
  7.000590052530e-01
  7.042294847810e-01
  7.086076658900e-01
  7.152173736910e-01
  9.542933305890e-01
  7.227570718630e-01
  7.243549810930e-01
  7.278710845830e-01
  7.315770890280e-01
  7.353104779390e-01
  7.390322165810e-01
  7.427305829270e-01
  7.464000809150e-01
  7.500386412820e-01
  7.536327337840e-01
  7.571861355340e-01
  7.607117730770e-01
  7.641932791960e-01
  7.676370497700e-01
  7.710479530090e-01
  7.744107913080e-01
  7.777395456090e-01
  7.810289963710e-01
  7.842727363380e-01
  7.874860238690e-01
  7.906460145530e-01
  7.937798434200e-01
  7.968585941870e-01
  7.999107926700e-01
  8.029070087100e-01
  8.058795143130e-01
  8.087934159650e-01
  8.116846398020e-01
  8.145174241240e-01
  8.173262639850e-01
  8.200829530710e-01
  8.228017014270e-01
  8.254879441400e-01
  8.281171841570e-01
  8.307333450310e-01
  8.332949215780e-01
  8.357972571480e-01
  8.382764663120e-01
  8.407155243680e-01
  8.431209789450e-01
  8.454843477200e-01
  8.478111075990e-01
  8.500988897910e-01
  8.523479420720e-01
  8.545621303580e-01
  8.567366480270e-01
  8.588762097600e-01
  8.609787236490e-01
  8.630442917500e-01
  8.650784494490e-01
  8.670699590720e-01
  8.690350169340e-01
  8.709555744110e-01
  8.728500404980e-01
  8.747076615860e-01
  8.765284686060e-01
  8.783256067500e-01
  8.800801251080e-01
  8.818076527850e-01
  8.835059664680e-01
  8.851633746380e-01
  8.867990254650e-01
  8.884042680780e-01
  8.899712220900e-01
  8.915149022640e-01
  8.930329524330e-01
  8.945143188700e-01
  8.959661360010e-01
  8.974010261010e-01
  8.988024496250e-01
  9.001704067560e-01
  9.015159682700e-01
  9.028383432080e-01
  9.041304170080e-01
  9.054032965870e-01
  9.066482633230e-01
  9.078653436080e-01
  9.090656321850e-01
  9.102380329670e-01
  9.113849151070e-01
  9.125150656180e-01
  9.136197085310e-01
  9.146980460460e-01
  9.157612487420e-01
  9.168029349640e-01
  9.178191628040e-01
  9.188154645140e-01
  9.197974480620e-01
  9.207571215620e-01
  9.216934863980e-01
  9.226104254670e-01
  9.235128103740e-01
  9.243960827190e-01
  9.252626755120e-01
  9.261101464670e-01
  9.269425461360e-01
  9.277563815720e-01
  9.285548263710e-01
  9.293371143920e-01
  9.301021325180e-01
  9.308548116120e-01
  9.315893874040e-01
  9.323105018580e-01
  9.330181213220e-01
  9.337089905780e-01
  9.343880379660e-01
  9.350527779920e-01
  9.357046932420e-01
  9.363440478320e-01
  9.369683546740e-01
  9.375821861840e-01
  9.381849600730e-01
  9.387772871820e-01
  9.393549164360e-01
  9.399195540700e-01
  9.404772024170e-01
  9.410234878700e-01
  9.415567159370e-01
  9.420777607770e-01
  9.425920117860e-01
  9.430959994400e-01
  9.435918003360e-01
  9.440764463390e-01
  9.445526853640e-01
  9.450199486520e-01
  9.454784837520e-01
  9.459299542100e-01
  9.463710418580e-01
  9.468059536540e-01
  9.472328860490e-01
  9.476486304910e-01
  9.480605831920e-01
  9.484659937020e-01
  9.488614476570e-01
  9.492495688510e-01
  9.496349798420e-01
  9.500119049500e-01
  9.503794366140e-01
  9.507415655910e-01
  9.510999089390e-01
  9.514518170170e-01
  9.517980829930e-01
  9.521380335960e-01
  9.524742084150e-01
  9.528024227200e-01
  9.531283940870e-01
  9.534479406710e-01
  9.537636651710e-01
  9.540746503180e-01
  9.543792554470e-01
  9.546824674670e-01
  9.549792349890e-01
  9.552729138730e-01
  9.555627958480e-01
  9.558464251280e-01
  9.561281781640e-01
  9.564078908910e-01
  9.566811216980e-01
  9.569521212820e-01
  9.572225241380e-01
  9.574864511840e-01
  9.577456082200e-01
  9.580082900460e-01
  9.582653508710e-01
  9.585159279760e-01
  9.587650536070e-01
  9.590151776950e-01
  9.592596323310e-01
  9.595043491490e-01
  9.597458889780e-01
  9.599831452350e-01
  9.602219931750e-01
  9.604573658530e-01
  9.606886835710e-01
  9.609227664160e-01
  9.611528499230e-01
  9.613780166110e-01
  9.616066988800e-01
  9.618347115030e-01
  9.620577860220e-01
  9.622777036260e-01
  9.625039082760e-01
  9.627261459260e-01
  9.629425664580e-01
  9.631579738360e-01
  9.633769164500e-01
  9.635926529900e-01
  9.638102198300e-01
  9.640245139900e-01
  9.642414607030e-01
  9.644546038360e-01
  9.646690595210e-01
  9.648838407810e-01
  9.650961633100e-01
  9.653120246230e-01
  9.655232275150e-01
  9.657362649210e-01
  9.659518101680e-01
  9.661616236660e-01
  9.663760669500e-01
  9.665906462290e-01
  9.668007197900e-01
  9.670157085410e-01
  9.672324660860e-01
  9.674448130940e-01
  9.676577893630e-01
  9.678787314510e-01
  9.680935833090e-01
  9.683048621050e-01
  9.685263151130e-01
  9.687478749890e-01
  9.689644390000e-01
  9.691776621210e-01
  9.693985747670e-01
  9.696186788520e-01
  9.698430631460e-01
  9.700650357870e-01
  9.702904079660e-01
  9.705166962440e-01
  9.707419439540e-01
  9.709727885900e-01
  9.711984648690e-01
  9.714333631470e-01
  9.716675222680e-01
  9.718966417280e-01
  9.721334250630e-01
  9.723752855120e-01
  9.726118608910e-01
  9.728467789690e-01
  9.730969348310e-01
  9.733423870290e-01
  9.735819936040e-01
  9.738274796560e-01
  9.740865029810e-01
  9.743396835650e-01
  9.745877797440e-01
  9.748349056410e-01
  9.750946028590e-01
  9.753518708190e-01
  9.756175951650e-01
  9.758802285880e-01
  9.761474134740e-01
  9.764191113090e-01
  9.766863524740e-01
  9.769651003830e-01
  9.772396878460e-01
  9.775160141410e-01
  9.778032584020e-01
  9.780830340150e-01
  9.783695238010e-01
  9.786661136220e-01
  9.789551912240e-01
  9.792485018440e-01
  9.795561083630e-01
  9.798569993120e-01
  9.801537684270e-01
  9.804723635860e-01
  9.807876857250e-01
  9.810960036530e-01
  9.814074163630e-01
  9.817345331560e-01
  9.820549495020e-01
  9.823863287830e-01
  9.827202393630e-01
  9.830465973080e-01
  9.833881122450e-01
  9.837288148130e-01
  9.840628164990e-01
  9.844161728410e-01
  9.847712304310e-01
  9.851178888920e-01
  9.854771450610e-01
  9.858499163680e-01
  9.862134710880e-01
  9.865727751980e-01
  9.869590524750e-01
  9.873461327930e-01
  9.877239811820e-01
  9.880967966950e-01
  9.884906930420e-01
  9.888837099960e-01
  9.892885758950e-01
  9.896916942620e-01
  9.901041275310e-01
  9.905205064380e-01
  9.909365614430e-01
  9.913675298160e-01
  9.917917006330e-01
  9.922319162650e-01
  9.926729946150e-01
  9.931114744440e-01
  9.935702012850e-01
  9.940221797220e-01
  9.944753028760e-01
  9.949522643290e-01
  9.954186144570e-01
  9.958866229590e-01
  9.963832451580e-01
  9.968714404330e-01
  9.973515138380e-01
  9.978660860490e-01
  9.983805697020e-01
  9.988822475550e-01
  9.993925880740e-01
  9.999385641100e-01
  1.000473038780e+00
  1.000994895340e+00
  1.001524342080e+00
  1.002078946960e+00
  1.002632464810e+00
  1.003201939820e+00
  1.003766394040e+00
  1.004352144160e+00
  1.004929557510e+00
  1.005525135700e+00
  1.006125413430e+00
  1.006723197030e+00
  1.007353008270e+00
  1.007971814340e+00
  1.008581077150e+00
  1.009216997040e+00
  1.009857587750e+00
  1.010510593550e+00
  1.011161902960e+00
  1.011832542600e+00
  1.012508177420e+00
  1.013194218620e+00
  1.013883078630e+00
  1.014587361680e+00
  1.015294079980e+00
  1.016015118630e+00
  1.016736157260e+00
  1.017471498520e+00
  1.018216852800e+00
  1.018970662690e+00
  1.019734518580e+00
  1.020507663550e+00
  1.021290006630e+00
  1.022081574880e+00
  1.022883246330e+00
  1.023697211970e+00
  1.024518445280e+00
  1.025349470180e+00
  1.026193129880e+00
  1.027046835470e+00
  1.027908085280e+00
  1.028785310990e+00
  1.029668651880e+00
  1.030564062800e+00
  1.031474892230e+00
  1.032388192700e+00
  1.033324124210e+00
  1.034259280420e+00
  1.035217860000e+00
  1.036173385110e+00
  1.037149345460e+00
  1.038138418280e+00
  1.039141256190e+00
  1.040152748710e+00
  1.041179306090e+00
  1.042221048540e+00
  1.043271096540e+00
  1.044336498520e+00
  1.045419858790e+00
  1.046507441230e+00
  1.047617312040e+00
  1.048735327970e+00
  1.049867574510e+00
  1.051020552860e+00
  1.052174616090e+00
  1.053346295980e+00
  1.054536697310e+00
  1.055742173550e+00
  1.056976710110e+00
  1.058214352330e+00
  1.059466555780e+00
  1.060734693070e+00
  1.062019539070e+00
  1.063320319350e+00
  1.064637036020e+00
  1.065970480740e+00
  1.067321518940e+00
  1.068689367720e+00
  1.070075667450e+00
  1.071477008990e+00
  1.072895949890e+00
  1.074335842080e+00
  1.075795019830e+00
  1.077266477310e+00
  1.078760845380e+00
  1.080278044420e+00
  1.081803417760e+00
  1.083358887440e+00
  1.084930080690e+00
  1.086514901300e+00
  1.088134352830e+00
  1.089755951830e+00
  1.091418639790e+00
  1.093073510220e+00
  1.094765525210e+00
  1.096480590660e+00
  1.098218126010e+00
  1.099976555410e+00
  1.101758710420e+00
  1.103563703380e+00
  1.105391318250e+00
  1.107242592820e+00
  1.109118477850e+00
  1.111018330470e+00
  1.112943028650e+00
  1.114891075120e+00
  1.116865133890e+00
  1.118871578030e+00
  1.120895217030e+00
  1.122941207010e+00
  1.125029860230e+00
  1.127120990210e+00
  1.129267361150e+00
  1.131402816510e+00
  1.133586548420e+00
  1.135800618990e+00
  1.138043127460e+00
  1.140314307840e+00
  1.142614520370e+00
  1.144944785680e+00
  1.147305143860e+00
  1.149697021890e+00
  1.152126178880e+00
  1.154577421000e+00
  1.157058352390e+00
  1.159582512900e+00
  1.162131730660e+00
  1.164708550750e+00
  1.167337951490e+00
  1.169979629860e+00
  1.172668366880e+00
  1.175395732700e+00
  1.178141178900e+00
  1.180951877080e+00
  1.183755807400e+00
  1.186615677960e+00
  1.189519792190e+00
  1.192462320570e+00
  1.195444083670e+00
  1.198462537930e+00
  1.201520229830e+00
  1.204618832970e+00
  1.207762211830e+00
  1.210947575740e+00
  1.214164634910e+00
  1.217429432320e+00
  1.220741398790e+00
  1.224098809000e+00
  1.227489317740e+00
  1.230932140340e+00
  1.234430249500e+00
  1.237954388230e+00
  1.241535866570e+00
  1.245177109600e+00
  1.248837704570e+00
  1.252580020160e+00
  1.256346464450e+00
  1.260170645630e+00
  1.264061892970e+00
  1.267968232920e+00
  1.271932250470e+00
  1.275966078130e+00
  1.280053258640e+00
  1.284195369360e+00
  1.288393835330e+00
  1.292648344500e+00
  1.296960856840e+00
  1.301332105470e+00
  1.305762406400e+00
  1.310249691320e+00
  1.314797914420e+00
  1.319408552200e+00
  1.324084337590e+00
  1.328827860700e+00
  1.333623380390e+00
  1.338486592770e+00
  1.343425157800e+00
  1.348432265740e+00
  1.353487770490e+00
  1.358630555450e+00
  1.363850703250e+00
  1.369110590080e+00
  1.374479459280e+00
  1.379900592710e+00
  1.385388973790e+00
  1.390993796350e+00
  1.396610846690e+00
  1.402380119590e+00
  1.408127415980e+00
  1.414010220340e+00
  1.419978606940e+00
  1.426030165060e+00
  1.432165924980e+00
  1.438386517810e+00
  1.444693403570e+00
  1.451088206020e+00
  1.457571793340e+00
  1.464147408310e+00
  1.470817546750e+00
  1.477580346780e+00
  1.484428956400e+00
  1.491381738790e+00
  1.498456261660e+00
  1.505599040090e+00
  1.512832879770e+00
  1.520222292120e+00
  1.527636199890e+00
  1.535238056490e+00
  1.542876030910e+00
  1.550673776840e+00
  1.558486212650e+00
  1.566483594020e+00
  1.574595775930e+00
  1.582823822200e+00
  1.591169351300e+00
  1.599633976720e+00
  1.608218544570e+00
  1.616926281190e+00
  1.625757904450e+00
  1.634718891650e+00
  1.643812933100e+00
  1.653043859340e+00
  1.662390567600e+00
  1.671872970860e+00
  1.681505385000e+00
  1.691292563280e+00
  1.701188575340e+00
  1.711231793740e+00
  1.721458910390e+00
  1.731800955830e+00
  1.742281240500e+00
  1.752981591890e+00
  1.763758068290e+00
  1.774730678710e+00
  1.785902867150e+00
  1.797141411820e+00
  1.808680792920e+00
  1.820232419520e+00
  1.832121589690e+00
  1.843980682310e+00
  1.856124505140e+00
  1.868472216010e+00
  1.880998519140e+00
  1.893674954140e+00
  1.906572103530e+00
  1.919691060940e+00
  1.932928906600e+00
  1.946414946770e+00
  1.960132539010e+00
  1.973952464620e+00
  1.988112845220e+00
  2.002365982670e+00
  2.016888379380e+00
  2.031658572410e+00
  2.046539252790e+00
  2.061634519810e+00
  2.077033238680e+00
  2.092663403590e+00
  2.108526009040e+00
  2.124626820360e+00
  2.140967796300e+00
  2.157557268850e+00
  2.174400044520e+00
  2.191486858220e+00
  2.208823503180e+00
  2.226420380540e+00
  2.244288713950e+00
  2.262434430000e+00
  2.280858405630e+00
  2.299516119520e+00
  2.318463150450e+00
  2.337731487320e+00
  2.357273462600e+00
  2.377046721780e+00
  2.397189942480e+00
  2.417640462540e+00
  2.438282556320e+00
  2.459388750410e+00
  2.480684682670e+00
  2.502308316430e+00
  2.524387631150e+00
  2.546549456880e+00
  2.569334048150e+00
  2.592043483990e+00
  2.615304261100e+00
  2.638933872040e+00
  2.662908988470e+00
  2.687232517730e+00
  2.711911156300e+00
  2.736949657040e+00
  2.762355729380e+00
  2.788127153830e+00
  2.814279007200e+00
  2.840821515760e+00
  2.867730315940e+00
  2.895010701630e+00
  2.922707323010e+00
  2.950915418890e+00
  2.979357769480e+00
  3.008221388930e+00
  3.037676672720e+00
  3.067238526120e+00
  3.097574939240e+00
  3.128016834560e+00
  3.159152692690e+00
  3.190290045740e+00
  3.222179412810e+00
  3.254522808590e+00
  3.287321814100e+00
  3.320580366620e+00
  3.354301797220e+00
  3.388489445550e+00
  3.423153858230e+00
  3.458300195930e+00
  3.493943934320e+00
  3.530094241660e+00
  3.566758345700e+00
  3.603864729300e+00
  3.641487552060e+00
  3.679681534440e+00
  3.718448659020e+00
  3.757610416800e+00
  3.797342641820e+00
  3.837757615070e+00
  3.878550526070e+00
  3.919895898960e+00
  3.962038727540e+00
  4.004430435460e+00
  4.047589573050e+00
  4.091395687770e+00
  4.135497497670e+00
  4.180663667720e+00
  4.225842497770e+00
  4.272279610270e+00
  4.318535093020e+00
  4.365833286550e+00
  4.413852683280e+00
  4.462453819750e+00
  4.511614386000e+00
  4.561553177600e+00
  4.612225243770e+00
  4.663302742190e+00
  4.715272254880e+00
  4.767973015270e+00
  4.821044428380e+00
  4.875299244360e+00
  4.929787279030e+00
  4.985284414790e+00
  5.041487728270e+00
  5.098169300200e+00
  5.155459252370e+00
  5.213810803470e+00
  5.272917354060e+00
  5.332791659320e+00
  5.393439794430e+00
  5.454879553510e+00
  5.517129274700e+00
  5.580192840400e+00
  5.644038310530e+00
  5.708695494360e+00
  5.774184010010e+00
  5.840560084490e+00
  5.907815673960e+00
  5.975927906680e+00
  6.044803637820e+00
  6.114612743050e+00
  6.185448426830e+00
  6.257080618140e+00
  6.329491329530e+00
  6.403092736900e+00
  6.477575141660e+00
  6.552706437590e+00
  6.629335488950e+00
  6.706420545870e+00
  6.784661514320e+00
  6.864251694810e+00
  6.944106872500e+00
  7.025932498710e+00
  7.107426488380e+00
  7.190657436780e+00
  7.275048931040e+00
  7.360506171510e+00
  7.447037091000e+00
  7.534662554980e+00
  7.623395924290e+00
  7.713245918550e+00
  7.804224219520e+00
  7.896359985320e+00
  7.989709710310e+00
  8.084127400170e+00
  8.179723496270e+00
  8.276583865570e+00
  8.375074286740e+00
  8.474123450300e+00
  8.574593824220e+00
  8.676816776350e+00
  8.779339676960e+00
  8.884306186370e+00
  8.989427748990e+00
  9.096900232430e+00
  9.204117289610e+00
  9.313734549030e+00
  9.424740622720e+00
  9.537127655100e+00
  9.650919543320e+00
  9.766116940040e+00
  9.882720221590e+00
  1.000078607560e+01
  1.012033096250e+01
  1.024138564060e+01
  1.036398285180e+01
  1.048809209730e+01
  1.061359295120e+01
  1.074067479850e+01
  1.086949080540e+01
  1.100001661560e+01
  1.113174481290e+01
  1.126526212670e+01
  1.140086752080e+01
  1.153751284270e+01
  1.167597325180e+01
  1.181681933510e+01
  1.195834190850e+01
  1.210239946940e+01
  1.224817704660e+01
  1.239507424400e+01
  1.254514644740e+01
  1.269521660050e+01
  1.284923796180e+01
  1.300254687110e+01
  1.315912361500e+01
  1.331796559060e+01
  1.347845140520e+01
  1.364075746280e+01
  1.380548039340e+01
  1.397233628990e+01
  1.414048663200e+01
  1.431150161440e+01
  1.448450978460e+01
  1.465885367510e+01
  1.483681184260e+01
  1.501534270830e+01
  1.519727416680e+01
  1.538094548310e+01
  1.556652627430e+01
  1.575362250260e+01
  1.594415161900e+01
  1.613699919810e+01
  1.633221199800e+01
  1.652981904190e+01
  1.672989453600e+01
  1.693244237520e+01
  1.713746431070e+01
  1.734493546090e+01
  1.755492484500e+01
  1.776748318820e+01
  1.798278975590e+01
  1.820084602790e+01
