3594
  6.417899537035e-04
  5.927456627188e-04
  5.522307506224e-04
  5.387020447992e-04
  5.483705476269e-04
  5.530192429899e-04
  5.568785779075e-04
  5.607642434007e-04
  5.649565375781e-04
  5.580048782718e-04
  5.324859494508e-04
  4.950651185184e-04
  4.835309756497e-04
  4.591763052374e-04
  4.417740316658e-04
  4.666842664348e-04
  5.079321723639e-04
  5.479811251657e-04
  5.896598354032e-04
  6.248597863206e-04
  6.556802667250e-04
  6.714027249682e-04
  6.808935449105e-04
  6.911794563349e-04
  7.014788141594e-04
  7.117395866620e-04
  7.239413177829e-04
  7.328264650961e-04
  7.378431415729e-04
  7.419811250367e-04
  7.466826880511e-04
  7.502839847644e-04
  7.498747465016e-04
  7.443050137438e-04
  7.392555982059e-04
  7.342202136942e-04
  7.275613225311e-04
  7.201334946511e-04
  7.136789486752e-04
  7.081610903662e-04
  7.027889612268e-04
  6.981657381084e-04
  6.981815230128e-04
  7.008433255998e-04
  6.841452352221e-04
  6.613424792144e-04
  6.517522728369e-04
  6.520118468208e-04
  6.533985799058e-04
  6.522796055699e-04
  6.504853881002e-04
  6.518247664720e-04
  6.553676005764e-04
  6.586426759316e-04
  6.637914779047e-04
  6.688859096515e-04
  6.835699631497e-04
  6.987018402328e-04
  7.055396269794e-04
  7.108755093013e-04
  7.158448310648e-04
  7.212485300131e-04
  7.208568305329e-04
  7.201237094163e-04
  7.266165667699e-04
  7.406002382125e-04
  7.525219334363e-04
  7.596076016450e-04
  7.753422282267e-04
  7.833036663180e-04
  7.944869787903e-04
  8.004782269589e-04
  8.134124945703e-04
  8.247541499513e-04
  8.353511732172e-04
  8.455440507807e-04
  8.558493331787e-04
  8.657399711472e-04
  8.782539000934e-04
  8.960693177119e-04
  9.146364096415e-04
  9.231415499963e-04
  9.216916772935e-04
  9.324540589812e-04
  9.507540248450e-04
  9.709931954488e-04
  9.903723810745e-04
  1.009196756541e-03
  1.026615690887e-03
  1.040779427166e-03
  1.052397701449e-03
  1.061931783722e-03
  1.067204893723e-03
  1.070058372252e-03
  1.077451739174e-03
  1.090229941369e-03
  1.106499355490e-03
  1.125075076554e-03
  1.144747860969e-03
  1.164150469144e-03
  1.175866617424e-03
  1.182016687620e-03
  1.189230217525e-03
  1.194809068650e-03
  1.198400126769e-03
  1.201659490208e-03
  1.205344844416e-03
  1.208623369491e-03
  1.211649493734e-03
  1.218940263405e-03
  1.267010859687e-03
  1.259813207549e-03
  1.201205051725e-03
  1.303415483427e-03
  1.395003298318e-03
  1.350345173442e-03
  1.222356275852e-03
  1.273512050354e-03
  1.352963624331e-03
  1.335526182273e-03
  1.356937900380e-03
  1.428429440945e-03
  1.421864145337e-03
  1.382203665247e-03
  1.315031458114e-03
  1.326772888545e-03
  1.361167803540e-03
  1.383933013192e-03
  1.374582155706e-03
  1.377644070767e-03
  1.483175065827e-03
  1.540752280163e-03
  1.494959121786e-03
  1.517533239377e-03
  1.616845441532e-03
  1.660619471626e-03
  1.572358160527e-03
  1.447689669916e-03
  1.472633739156e-03
  1.524736632558e-03
  1.527017176773e-03
  1.563100187086e-03
  1.660801764470e-03
  1.639064362245e-03
  1.661219090538e-03
  1.615032650633e-03
  1.582136391770e-03
  1.602230448628e-03
  1.675786566271e-03
  1.726216348832e-03
  1.772107981935e-03
  1.707086122990e-03
  1.692637150555e-03
  1.773054871568e-03
  1.767925263441e-03
  1.611828957238e-03
  1.634645796263e-03
  1.682782705293e-03
  1.739854118439e-03
  1.805930460984e-03
  1.778270211010e-03
  1.891682605539e-03
  1.981471227600e-03
  1.805689718967e-03
  1.818531042238e-03
  1.815402562855e-03
  1.848024534521e-03
  1.929778798507e-03
  2.032494178051e-03
  2.153885108841e-03
  2.178500297203e-03
  2.272275981610e-03
  2.237766992186e-03
  2.182163651387e-03
  2.103293990735e-03
  2.127949719117e-03
  2.110276045626e-03
  2.115514266758e-03
  2.227175220493e-03
  2.339688363084e-03
  2.380367126412e-03
  2.395796592751e-03
  2.556853382568e-03
  2.442820267049e-03
  2.470205114254e-03
  2.513668825543e-03
  2.729036337260e-03
  2.578403715871e-03
  2.456382883356e-03
  2.537502264521e-03
  2.615381208550e-03
  2.680545442739e-03
  2.738033048578e-03
  2.738567084508e-03
  2.559515783850e-03
  2.584983387994e-03
  2.623608208399e-03
  2.666097272255e-03
  2.681538975168e-03
  2.689038351589e-03
  2.697734195269e-03
  2.787263991306e-03
  2.958459601275e-03
  3.067791993954e-03
  3.048123552995e-03
  2.952563078051e-03
  2.820319512599e-03
  2.766218241863e-03
  1.611741109480e-03
  2.524599796760e-03
  3.893382827301e-03
  6.150744076862e-03
  1.898246911604e-03
  3.349032887429e-03
  5.340262842966e-03
  8.067174792800e-03
  1.970046011344e-03
  5.242876205298e-03
  3.414262143482e-03
  7.343992996502e-03
  5.660644856524e-03
  2.048751803567e-03
  3.898557009215e-03
  8.519987910821e-03
  2.035217165655e-03
  4.333544447504e-03
  1.058528228364e-02
  6.464489997931e-03
  8.358407292470e-03
  1.491472049954e-03
  3.012915190555e-03
  5.205229890445e-03
  2.549536713518e-03
  5.955591194220e-03
  4.300311765842e-03
  1.094161589132e-02
  5.671390680822e-03
  3.609973986545e-03
  1.049005148165e-02
  1.952923155393e-03
  1.587684830073e-03
  7.766136622632e-03
  3.854171796147e-03
  5.417801265338e-03
  5.085859866812e-03
  1.158043265785e-02
  6.784502554656e-03
  2.157261053192e-03
  1.979688533688e-03
  4.383196496481e-03
  7.626605721546e-03
  1.606761723421e-02
  1.735719118536e-02
  8.503694976409e-03
  2.642836538803e-03
  5.304975286987e-03
  4.932683075025e-03
  1.956858623600e-03
  7.760840357803e-03
  1.295136266276e-02
  2.449514436783e-03
  6.124837549415e-03
  1.280163905431e-02
  2.201498402597e-02
  6.306102353724e-03
  2.258973133558e-03
  1.267738822227e-02
  1.667862354005e-02
  1.283220356179e-02
  7.697577660120e-03
  2.492059641633e-02
  3.491900837556e-03
  2.549290038785e-03
  6.188094957894e-03
  1.749832405053e-02
  9.884157207360e-03
  9.103226105053e-03
  1.584359270339e-02
  2.239165772291e-03
  5.599175698036e-03
  1.240944690586e-02
  2.575107006099e-03
  6.249088783902e-03
  9.204837770562e-03
  2.420653188435e-02
  3.364559806153e-03
  7.288009542003e-03
  1.494335936802e-02
  9.983526535487e-03
  5.972250029257e-03
  2.779620932031e-03
  2.117339003102e-02
  3.249515620180e-03
  9.906922086423e-03
  1.917786064290e-02
  3.513259574436e-02
  3.511352004432e-03
  3.241540414149e-02
  1.224224436880e-02
  2.231901815072e-02
  2.538062820863e-03
  1.339947497796e-02
  6.201927732974e-03
  2.509194843924e-02
  2.865830029166e-02
  1.834669412914e-02
  1.021552123124e-02
  3.317334395806e-03
  2.866134613942e-03
  8.629414304472e-03
  1.770879302734e-02
  5.234701349140e-02
  1.126013726998e-02
  4.337269584169e-03
  2.122748235993e-02
  2.286408046997e-02
  5.765699307756e-03
  1.956161790226e-03
  1.306578870583e-02
  1.997923568143e-02
  2.815593071165e-03
  6.595893126223e-03
  1.777178342663e-02
  3.055009922583e-02
  1.728809241014e-02
  7.553200657198e-03
  4.660813506611e-03
  4.209901778149e-02
  2.039509154849e-02
  6.356674058568e-03
  1.259602892717e-02
  2.354003802946e-03
  2.902138773228e-02
  1.960224431978e-02
  9.622604385167e-03
  3.898281749850e-03
  6.537901588790e-03
  1.604549634103e-02
  2.537893155848e-02
  2.050663701857e-02
  8.657090178806e-03
  3.137896885112e-02
  2.773751574522e-03
  1.947443870544e-02
  9.749550697997e-03
  2.974248256820e-03
  2.141962319739e-02
  4.021893325593e-02
  4.731545481064e-02
  1.517753939603e-02
  8.014851612036e-03
  1.824683783448e-03
  2.232550660071e-03
  6.119988499903e-03
  1.077058638600e-02
  1.590439655470e-02
  7.434345147305e-03
  2.256575389830e-02
  5.418490041351e-02
  1.009476030353e-01
  6.475405215166e-03
  1.513815384164e-02
  9.158199350299e-02
  3.816236276537e-02
  3.443161988368e-02
  1.997274394047e-02
  1.393212944195e-02
  6.099646680146e-03
  1.953664351347e-02
  2.632621300640e-02
  1.010096589576e-02
  3.086360539575e-02
  1.785031147013e-02
  9.952507639101e-02
  3.721950228382e-02
  7.170834352179e-03
  7.897768965485e-03
  1.426115398806e-01
  7.114129908903e-02
  1.820186172449e-02
  7.685077155603e-02
  2.046262353827e-03
  1.064091752552e-02
  2.542946279314e-02
  2.430878535898e-03
  1.037117813568e-02
  4.594970389897e-02
  2.112587318473e-02
  8.545832010361e-03
  1.736442421390e-02
  4.166478187356e-02
  2.789215454961e-02
  4.597721367111e-02
  2.702216277299e-02
  1.613734725818e-02
  5.150758208560e-02
  2.594222760311e-03
  7.870494576361e-03
  8.060852489555e-02
  1.703908839945e-02
  1.122374888978e-02
  2.095553335104e-01
  5.836295360968e-02
  2.239585576836e-02
  1.597720107816e-02
  3.797799291742e-02
  8.973712949259e-03
  4.095972490348e-03
  1.262330993010e-02
  4.400127453334e-03
  2.896371527363e-02
  3.591066644262e-02
  1.066657682656e-02
  5.317772260333e-03
  2.180070390179e-02
  3.696008993493e-02
  3.388509834506e-02
  1.408332293187e-02
  9.911910167257e-03
  1.630116117481e-02
  1.072372895297e-01
  5.287605102695e-02
  2.899565979777e-02
  1.122562034918e-02
  7.660123133793e-03
  7.683930355004e-03
  7.242868215216e-03
  8.273576371451e-03
  1.097458631673e-02
  1.722031902118e-02
  2.154759491925e-02
  3.267264303466e-02
  4.977785358303e-02
  1.010373952196e-01
  1.938386290914e-01
  3.316537909678e-01
  2.140734401778e-02
  1.270590638796e-02
  7.457087009581e-03
  2.464886688163e-03
  2.517208553027e-03
  8.646122371258e-03
  1.844417954906e-02
  3.641512381806e-02
  3.573898745572e-03
  8.391328386730e-03
  2.238348693963e-02
  6.404760807875e-02
  4.476629138482e-02
  3.000763225272e-02
  2.666685529470e-02
  1.112400304062e-02
  9.093616486768e-03
  7.075077937209e-03
  5.880791868408e-03
  4.950166383417e-03
  3.600756131907e-03
  3.988786980347e-03
  1.052840553810e-02
  6.535283690204e-03
  2.950963289935e-03
  2.667291396743e-03
  2.448177251131e-03
  2.187459606913e-03
  1.752138012351e-03
  1.566205883632e-03
  1.295639723229e-03
  1.371615033745e-03
  2.492306998137e-03
  8.604546392095e-03
  1.693077465180e-02
  3.802982928967e-02
  2.260541359498e-02
  1.929634862182e-02
  1.506651488998e-02
  1.124808868568e-02
  2.717638155499e-02
  1.996832989023e-02
  1.583645764802e-02
  1.246298366603e-02
  9.618279435201e-03
  6.919512976366e-03
  5.535755757405e-03
  4.599366952032e-03
  4.991648465601e-03
  5.389391147708e-03
  5.616693527639e-03
  5.885661731267e-03
  6.154790847506e-03
  6.402341027740e-03
  6.630481817862e-03
  6.872766271619e-03
  7.401824741716e-03
  8.848035668321e-03
  1.135725135357e-02
  1.428868682107e-02
  8.349672434485e-03
  8.147349514573e-03
  7.940416435831e-03
  7.712236948696e-03
  8.090786401577e-03
  9.090213811458e-03
  1.325907144083e-02
  4.437142473283e-02
  4.186165146023e-02
  3.182738331192e-02
  3.056278459311e-02
  3.211521103851e-02
  3.525731235389e-02
  3.985629704555e-02
  4.626475172037e-02
  5.542386355603e-02
  6.887790240862e-02
  8.728848974384e-02
  1.039027862895e-01
  1.065592803316e-01
  1.005756767618e-01
  9.705907924101e-02
  9.815755473083e-02
  1.026703652609e-01
  1.094871611303e-01
  1.179583564140e-01
  1.277179035893e-01
  1.385688794095e-01
  1.504071903243e-01
  1.631312396967e-01
  1.767470756060e-01
  1.912197967499e-01
  2.065405252137e-01
  2.227143103113e-01
  2.397447032086e-01
  2.576597803112e-01
  2.765072049237e-01
  2.963369153168e-01
  3.171962973603e-01
  3.391992657980e-01
  3.624384838651e-01
  3.870174347554e-01
  4.130597434319e-01
  4.406474756951e-01
  4.699805857637e-01
  5.011714382366e-01
  5.343454313215e-01
  5.696288459729e-01
  6.071446705725e-01
  6.469963483480e-01
  6.893456663304e-01
  7.343922057888e-01
  7.822813425773e-01
  8.331257152392e-01
  8.870751385862e-01
  9.444408945042e-01
  1.005382785459e+00
  1.070110552186e+00
  1.138870556820e+00
  1.211877533924e+00
  1.289377845633e+00
  1.371763784805e+00
  1.459257299308e+00
  1.552110299974e+00
  1.650862674993e+00
  1.755786310505e+00
  1.867268505541e+00
  1.985744832794e+00
  2.111507708581e+00
  2.245160831105e+00
  2.387266283343e+00
  2.538370057054e+00
  2.698834482132e+00
  2.869192233464e+00
  3.050446515417e+00
  3.243080619474e+00
  3.447849168390e+00
  3.665480151174e+00
  3.896636637085e+00
  4.142333482753e+00
  4.403624940555e+00
  4.681152815639e+00
  4.976017951752e+00
  5.289693545556e+00
  5.623099195160e+00
  5.977538844293e+00
  6.354273156851e+00
  6.754245411275e+00
  7.179625147984e+00
  7.631960453363e+00
  8.112843803370e+00
  8.624128462711e+00
  9.166530213263e+00
  9.743861009672e+00
  1.035801295752e+01
  1.101027890314e+01
  1.170296155568e+01
  1.244008372026e+01
  1.322368176857e+01
  1.405662437681e+01
  1.494114766978e+01
  1.588151304654e+01
  1.688159904611e+01
  3.312722284521e-03
  3.059570743684e-03
  2.850445232475e-03
  2.780614215329e-03
  2.830520052263e-03
  2.854515187484e-03
  2.874435886946e-03
  2.894492496737e-03
  2.916131829457e-03
  2.880249502903e-03
  2.748528643617e-03
  2.555373827435e-03
  2.495838130602e-03
  2.370126815021e-03
  2.280301632920e-03
  2.408880600783e-03
  2.621789600640e-03
  2.828509973330e-03
  3.043642652483e-03
  3.225333969315e-03
  3.384419806771e-03
  3.465574298967e-03
  3.514562991513e-03
  3.567655701668e-03
  3.620817818003e-03
  3.673780768778e-03
  3.736762350775e-03
  3.782624747554e-03
  3.808519288070e-03
  3.829878285596e-03
  3.854146307369e-03
  3.872735093009e-03
  3.870622731005e-03
  3.841873484122e-03
  3.815809954646e-03
  3.789818849010e-03
  3.755447701535e-03
  3.717107539304e-03
  3.683791158816e-03
  3.655309671878e-03
  3.627580394078e-03
  3.603716738746e-03
  3.603798215567e-03
  3.617537621576e-03
  3.531347216470e-03
  3.413646405575e-03
  3.364144710827e-03
  3.365484551870e-03
  3.372642441406e-03
  3.366866640153e-03
  3.357605441593e-03
  3.364518900668e-03
  3.382805920308e-03
  3.399710851664e-03
  3.426287383342e-03
  3.452583272639e-03
  3.528377839023e-03
  3.606483932972e-03
  3.641778484409e-03
  3.669320667288e-03
  3.694970777344e-03
  3.722863008784e-03
  3.720841176580e-03
  3.717057030932e-03
  3.750571162964e-03
  3.822750572661e-03
  3.884286695514e-03
  3.920860734793e-03
  4.002078036209e-03
  4.043172530178e-03
  4.100897348443e-03
  4.131822328190e-03
  4.198585038175e-03
  4.257127173818e-03
  4.311825747580e-03
  4.364438245569e-03
  4.417630942729e-03
  4.468683372917e-03
  4.533276424035e-03
  4.625234128596e-03
  4.721071744687e-03
  4.764972662462e-03
  4.757488865646e-03
  4.813040968706e-03
  4.907499762231e-03
  5.011968133997e-03
  5.111997527894e-03
  5.209163162444e-03
  5.299074342339e-03
  5.372183191317e-03
  5.432153148627e-03
  5.481365148014e-03
  5.508583319489e-03
  5.523312097740e-03
  5.561474383106e-03
  5.627431531430e-03
  5.711409241589e-03
  5.807291398614e-03
  5.908836259133e-03
  6.008986553021e-03
  6.069461705791e-03
  6.101206475979e-03
  6.138440497996e-03
  6.167236811083e-03
  6.185772748252e-03
  6.202596579530e-03
  6.221619244098e-03
  6.238541981844e-03
  6.254161904155e-03
  6.291794614077e-03
  6.539920242430e-03
  6.502768176563e-03
  6.200250907896e-03
  6.727829709739e-03
  7.200577831814e-03
  6.970066330960e-03
  6.309427019339e-03
  6.573477388463e-03
  6.983581968843e-03
  6.893575257833e-03
  7.004095959060e-03
  7.373113295990e-03
  7.339225259977e-03
  7.134510063902e-03
  6.787787797241e-03
  6.848393448696e-03
  7.025929417776e-03
  7.143436425933e-03
  7.095170176527e-03
  7.110974840025e-03
  7.655693368304e-03
  7.952889234194e-03
  7.716519039619e-03
  7.833039689348e-03
  8.345658721956e-03
  8.571606797553e-03
  8.116029064599e-03
  7.472528672234e-03
  7.601282283227e-03
  7.870221388715e-03
  7.881992856311e-03
  8.068242254054e-03
  8.572547737126e-03
  8.460345954685e-03
  8.574701845895e-03
  8.336301653067e-03
  8.166501285857e-03
  8.270220625113e-03
  8.649894673718e-03
  8.910197695808e-03
  9.147076186621e-03
  8.811453355714e-03
  8.736872205452e-03
  9.151963739581e-03
  9.125486280631e-03
  8.319765173426e-03
  8.437538676523e-03
  8.686006590882e-03
  8.980591666647e-03
  9.321657417468e-03
  9.178883717201e-03
  9.764283604699e-03
  1.022774484694e-02
  9.320414781246e-03
  9.386697741142e-03
  9.370549493088e-03
  9.538934074180e-03
  9.960924431928e-03
  1.049110961917e-02
  1.111769225614e-02
  1.124474828522e-02
  1.172878951660e-02
  1.155066473042e-02
  1.126365739243e-02
  1.085655646960e-02
  1.098382175380e-02
  1.089259568882e-02
  1.091963377468e-02
  1.149599326366e-02
  1.207675148933e-02
  1.228672275018e-02
  1.236636490831e-02
  1.319769050576e-02
  1.260908664748e-02
  1.275043880339e-02
  1.297478510879e-02
  1.408644594316e-02
  1.330892669598e-02
  1.267909270011e-02
  1.309780598807e-02
  1.349979313650e-02
  1.383615086461e-02
  1.413288419901e-02
  1.413564072818e-02
  1.321143300205e-02
  1.334288893914e-02
  1.354225837856e-02
  1.376157385377e-02
  1.384127917333e-02
  1.387998864712e-02
  1.392487391678e-02
  1.438699917872e-02
  1.527065824643e-02
  1.583499841965e-02
  1.573347597872e-02
  1.524022220770e-02
  1.455762160960e-02
  1.427836749514e-02
  8.319311730330e-03
  1.303120741913e-02
  2.009644429574e-02
  3.174824855426e-02
  9.798166533000e-03
  1.728667738371e-02
  2.756479378184e-02
  4.164027429070e-02
  1.016877139577e-02
  2.706211392068e-02
  1.762337073468e-02
  3.790743235616e-02
  2.921850716540e-02
  1.057502648018e-02
  2.012315183087e-02
  4.397755629105e-02
  1.050516484342e-02
  2.236842315677e-02
  5.463797042415e-02
  3.336770847009e-02
  4.314352685187e-02
  7.698519847671e-03
  1.555174124420e-02
  2.686779522588e-02
  1.315992411121e-02
  3.074092941583e-02
  2.219688627858e-02
  5.647725487550e-02
  2.927397380431e-02
  1.863357505483e-02
  5.414641832346e-02
  1.008038848146e-02
  8.195140617314e-03
  4.008640787529e-02
  1.989404901680e-02
  2.796502326224e-02
  2.625164388990e-02
  5.977463048258e-02
  3.501951483114e-02
  1.113511784221e-02
  1.021854312944e-02
  2.262471175738e-02
  3.936619229271e-02
  8.293609671476e-02
  8.959248069344e-02
  4.389345717638e-02
  1.364150910421e-02
  2.738265027463e-02
  2.546099241788e-02
  1.010070215753e-02
  4.005907018573e-02
  6.685094938035e-02
  1.264363989209e-02
  3.161452703011e-02
  6.607812217826e-02
  1.136345742954e-01
  3.255016018107e-02
  1.166012430779e-02
  6.543677761093e-02
  8.608992328007e-02
  6.623588676222e-02
  3.973252760402e-02
  1.286324514984e-01
  1.802411778676e-02
  1.315865085213e-02
  3.194104231058e-02
  9.032096512177e-02
  5.101897849223e-02
  4.698805240752e-02
  8.177975101123e-02
  1.155788480296e-02
  2.890122228121e-02
  6.405374697186e-02
  1.329191009442e-02
  3.225587367475e-02
  4.751254056250e-02
  1.249466700772e-01
  1.736682256107e-02
  3.761846298820e-02
  7.713302350465e-02
  5.153189239153e-02
  3.082691719694e-02
  1.434754805825e-02
  1.092905250228e-01
  1.677299986818e-02
  5.113648379399e-02
  9.899021627648e-02
  1.813436501519e-01
  1.812451872572e-02
  1.673183430834e-01
  6.319069891799e-02
  1.152039049067e-01
  1.310069940745e-02
  6.916396728277e-02
  3.201244283967e-02
  1.295169179216e-01
  1.479253289411e-01
  9.469999045352e-02
  5.272937763430e-02
  1.712305952248e-02
  1.479410506701e-02
  4.454238166837e-02
  9.140734122606e-02
  2.701991782832e-01
  5.812136423417e-02
  2.238765116614e-02
  1.095697329823e-01
  1.180173489019e-01
  2.976076592105e-02
  1.009710531805e-02
  6.744158140973e-02
  1.031266676701e-01
  1.453322517308e-02
  3.404597099015e-02
  9.173247828725e-02
  1.576902129984e-01
  8.923581407506e-02
  3.898729793473e-02
  2.405768535055e-02
  2.173021773812e-01
  1.052731877114e-01
  3.281119576231e-02
  6.501682596107e-02
  1.215064338553e-02
  1.497994746002e-01
  1.011807542484e-01
  4.966892329480e-02
  2.012173102672e-02
  3.374663651590e-02
  8.282191547002e-02
  1.309982364884e-01
  1.058489511093e-01
  4.468523601678e-02
  1.619685829897e-01
  1.431725224058e-02
  1.005210609885e-01
  5.032418110465e-02
  1.535215442873e-02
  1.105615048702e-01
  2.075977594970e-01
  2.442278204091e-01
  7.834178876015e-02
  4.137019812963e-02
  9.418456298281e-03
  1.152373962892e-02
  3.158949772842e-02
  5.559445318885e-02
  8.209360178447e-02
  3.837380236038e-02
  1.164774789237e-01
  2.796857851211e-01
  5.210604687940e-01
  3.342404946322e-02
  7.813849264596e-02
  4.727180738612e-01
  1.969823753602e-01
  1.777254284250e-01
  1.030931593005e-01
  7.191336574660e-02
  3.148449951331e-02
  1.008421430693e-01
  1.358878118769e-01
  5.213807823724e-02
  1.593084353926e-01
  9.213781588746e-02
  5.137178239182e-01
  1.921156196399e-01
  3.701364070907e-02
  4.076585353040e-02
  7.361168922421e-01
  3.672094981887e-01
  9.395241014062e-02
  3.966800384568e-01
  1.056217670654e-02
  5.492514242571e-02
  1.312590631750e-01
  1.254744710534e-02
  5.353283068479e-02
  2.371782343972e-01
  1.090452576815e-01
  4.411095558154e-02
  8.962981536143e-02
  2.150607852238e-01
  1.439707203371e-01
  2.373202313772e-01
  1.394800904524e-01
  8.329602164499e-02
  2.658662916303e-01
  1.339057973641e-02
  4.062507152513e-02
  4.160764050651e-01
  8.795053198175e-02
  5.793353861100e-02
  1.081660158677e+00
  3.012516102777e-01
  1.156005170486e-01
  8.246939633517e-02
  1.960307149292e-01
  4.631954534402e-02
  2.114214980658e-02
  6.515764210480e-02
  2.271210414759e-02
  1.495017871124e-01
  1.853598117110e-01
  5.505758784320e-02
  2.744870431386e-02
  1.125285262210e-01
  1.907766129071e-01
  1.749044523883e-01
  7.269378002460e-02
  5.116223073259e-02
  8.414157868279e-02
  5.535258953595e-01
  2.729299072752e-01
  1.496666749178e-01
  5.794319850867e-02
  3.953919886258e-02
  3.966208441381e-02
  3.738545734775e-02
  4.270565573710e-02
  5.664743806762e-02
  8.888598869277e-02
  1.112220555260e-01
  1.686461311065e-01
  2.569379652775e-01
  5.215239484233e-01
  1.000535365950e+00
  1.711894830613e+00
  1.104981235229e-01
  6.558397960820e-02
  3.849118885657e-02
  1.272298672420e-02
  1.299305609301e-02
  4.462862356863e-02
  9.520318019826e-02
  1.879636654789e-01
  1.844736576002e-02
  4.331345541176e-02
  1.155366729602e-01
  3.305940476762e-01
  2.310698230941e-01
  1.548901653815e-01
  1.376461025653e-01
  5.741868122597e-02
  4.693845051448e-02
  3.651937555592e-02
  3.035483830915e-02
  2.555123587679e-02
  1.858599532520e-02
  2.058889118122e-02
  5.434439016267e-02
  3.373312372884e-02
  1.523196459365e-02
  1.376773755699e-02
  1.263673775116e-02
  1.129099348547e-02
  9.043997347692e-03
  8.084272904109e-03
  6.687693627928e-03
  7.079854805847e-03
  1.286452192801e-02
  4.441402115568e-02
  8.739144974080e-02
  1.962982783345e-01
  1.166821900760e-01
  9.960181476898e-02
  7.776871441829e-02
  5.805917314895e-02
  1.402761203574e-01
  1.030703753312e-01
  8.174292205063e-02
  6.433008725647e-02
  4.964659923371e-02
  3.571639708999e-02
  2.857386805979e-02
  2.374051714079e-02
  2.576535362242e-02
  2.781837897584e-02
  2.899164392799e-02
  3.037997504294e-02
  3.176913673927e-02
  3.304691460704e-02
  3.422450717464e-02
  3.547510498242e-02
  3.820594203213e-02
  4.567083788635e-02
  5.862263725502e-02
  7.375380523728e-02
  4.309844020236e-02
  4.205411153752e-02
  4.098598665118e-02
  3.980819434150e-02
  4.176215015074e-02
  4.692088695141e-02
  6.843924742141e-02
  2.290316429233e-01
  2.160769654603e-01
  1.642831604748e-01
  1.577556909615e-01
  1.657688386448e-01
  1.819873989193e-01
  2.057259429497e-01
  2.388044143220e-01
  2.860809316768e-01
  3.555265408930e-01
  4.505563284186e-01
  5.363142155449e-01
  5.500262204790e-01
  5.191406997988e-01
  5.009891053317e-01
  5.066590978473e-01
  5.299528373681e-01
  5.651390403545e-01
  6.088647441161e-01
  6.592405239610e-01
  7.152499226766e-01
  7.763556413814e-01
  8.420332694929e-01
  9.123140253366e-01
  9.870177591274e-01
  1.066098645801e+00
  1.149582748362e+00
  1.237488396838e+00
  1.329960512994e+00
  1.427245120145e+00
  1.529599984280e+00
  1.637269696681e+00
  1.750842250206e+00
  1.870795943968e+00
  1.997664926373e+00
  2.132087311447e+00
  2.274486697602e+00
  2.425895186996e+00
  2.586892771118e+00
  2.758126716936e+00
  2.940248847884e+00
  3.133893992150e+00
  3.339596091849e+00
  3.558190241858e+00
  3.790706619286e+00
  4.037895609562e+00
  4.300338618194e+00
  4.578808943146e+00
  4.874913325742e+00
  5.189476617145e+00
  5.523581434503e+00
  5.878499423357e+00
  6.255338977457e+00
  6.655371742341e+00
  7.080622613050e+00
  7.532237216197e+00
  8.011515837988e+00
  8.521245215158e+00
  9.062828740311e+00
  9.638265531885e+00
  1.024980388211e+01
  1.089895315405e+01
  1.158882945209e+01
  1.232233407563e+01
  1.310228526613e+01
  1.393055325906e+01
  1.480988755826e+01
  1.574546639605e+01
  1.673978437436e+01
  1.779673662369e+01
  1.892008079932e+01
  2.011323946077e+01
  2.138145098571e+01
  2.273015710057e+01
  2.416267060606e+01
  2.568467371890e+01
  2.730377062703e+01
  2.902470801293e+01
  3.085421643298e+01
  3.279880304633e+01
  3.486333676608e+01
  3.705901609239e+01
  3.939383177088e+01
  4.187600367250e+01
  4.451509777947e+01
  4.731480873762e+01
  5.029481268403e+01
  5.346487608559e+01
  5.683167221730e+01
  6.040708695529e+01
  6.421188478192e+01
  6.825657682136e+01
  7.255597029760e+01
  7.712160739876e+01
  8.197548415582e+01
  8.713762039384e+01
  3.162612324373e-03
  2.920931883267e-03
  2.721282512663e-03
  2.654615760524e-03
  2.702260205602e-03
  2.725168045094e-03
  2.744186074442e-03
  2.763333855591e-03
  2.783992641469e-03
  2.749736257009e-03
  2.623984087895e-03
  2.439581729440e-03
  2.382743783977e-03
  2.262728847069e-03
  2.176973929043e-03
  2.299726575807e-03
  2.502987993180e-03
  2.700341209725e-03
  2.905725544429e-03
  3.079183851070e-03
  3.231061004347e-03
  3.308538128946e-03
  3.355306988359e-03
  3.405993899319e-03
  3.456747071445e-03
  3.507310102834e-03
  3.567437789468e-03
  3.611222015498e-03
  3.635943192203e-03
  3.656334345766e-03
  3.679502706453e-03
  3.697249175222e-03
  3.695232531044e-03
  3.667786003778e-03
  3.642903495538e-03
  3.618090129385e-03
  3.585276447685e-03
  3.548673599883e-03
  3.516866890329e-03
  3.489675989955e-03
  3.463203213736e-03
  3.440420896362e-03
  3.440498681209e-03
  3.453615511128e-03
  3.371330666815e-03
  3.258963253204e-03
  3.211704637347e-03
  3.212983765940e-03
  3.219817308784e-03
  3.214303227417e-03
  3.205461683155e-03
  3.212061871458e-03
  3.229520248202e-03
  3.245659163468e-03
  3.271031428150e-03
  3.296135767249e-03
  3.368495841285e-03
  3.443062700235e-03
  3.476757943534e-03
  3.503052102698e-03
  3.527539924862e-03
  3.554168270776e-03
  3.552238054205e-03
  3.548625380206e-03
  3.580620880554e-03
  3.649529612124e-03
  3.708277337957e-03
  3.743194091443e-03
  3.820731179176e-03
  3.859963551203e-03
  3.915072674754e-03
  3.944596345524e-03
  4.008333825237e-03
  4.064223230922e-03
  4.116443238712e-03
  4.166671697443e-03
  4.217454064680e-03
  4.266193147233e-03
  4.327859282209e-03
  4.415650091335e-03
  4.507145000885e-03
  4.549056628749e-03
  4.541911946517e-03
  4.594946807485e-03
  4.685125373295e-03
  4.784859951590e-03
  4.880356696191e-03
  4.973119447470e-03
  5.058956466456e-03
  5.128752521465e-03
  5.186005049686e-03
  5.232987097198e-03
  5.258971926943e-03
  5.273033297508e-03
  5.309466328610e-03
  5.372434749218e-03
  5.452607162813e-03
  5.544144595007e-03
  5.641088135627e-03
  5.736700301856e-03
  5.794435133527e-03
  5.824741447431e-03
  5.860288277743e-03
  5.887779738494e-03
  5.905475753524e-03
  5.921537243613e-03
  5.939697930878e-03
  5.955853845670e-03
  5.970765979729e-03
  6.006693432131e-03
  6.243575700798e-03
  6.208107112944e-03
  5.919297861805e-03
  6.422970393784e-03
  6.874296798109e-03
  6.654230504922e-03
  6.023526857152e-03
  6.275612266045e-03
  6.667133706358e-03
  6.581205485075e-03
  6.686718142574e-03
  7.039014132835e-03
  7.006661671283e-03
  6.811222770437e-03
  6.480211590055e-03
  6.538071007101e-03
  6.707562257984e-03
  6.819744650675e-03
  6.773665498210e-03
  6.788754002246e-03
  7.308789605261e-03
  7.592518583270e-03
  7.366859072369e-03
  7.478099801662e-03
  7.967490439027e-03
  8.183200090237e-03
  7.748266030210e-03
  7.133924682871e-03
  7.256844059131e-03
  7.513596680229e-03
  7.524834745269e-03
  7.702644591710e-03
  8.184098392852e-03
  8.076980829263e-03
  8.186154892116e-03
  7.958557368626e-03
  7.796451194941e-03
  7.895470681766e-03
  8.257940494275e-03
  8.506448360322e-03
  8.732593134945e-03
  8.412178439658e-03
  8.340976798010e-03
  8.737259217370e-03
  8.711981536115e-03
  7.942770209358e-03
  8.055207021257e-03
  8.292416065865e-03
  8.573652556937e-03
  8.899263536163e-03
  8.762959365370e-03
  9.321832926108e-03
  9.764293268596e-03
  8.898077207731e-03
  8.961356676355e-03
  8.945940156669e-03
  9.106694697998e-03
  9.509563333385e-03
  1.001572414717e-02
  1.061391433630e-02
  1.073521305347e-02
  1.119732084048e-02
  1.102726745367e-02
  1.075326532903e-02
  1.036461144101e-02
  1.048610993128e-02
  1.039901760882e-02
  1.042483051321e-02
  1.097507332457e-02
  1.152951555191e-02
  1.172997234856e-02
  1.180600566775e-02
  1.259966126403e-02
  1.203772891460e-02
  1.217267595572e-02
  1.238685641802e-02
  1.344814437196e-02
  1.270585698945e-02
  1.210456277081e-02
  1.250430283084e-02
  1.288807466581e-02
  1.320919095777e-02
  1.349247836306e-02
  1.349510998514e-02
  1.261278104420e-02
  1.273828029559e-02
  1.292861567297e-02
  1.313799326797e-02
  1.321408688655e-02
  1.325104231123e-02
  1.329389368688e-02
  1.373507858656e-02
  1.457869625749e-02
  1.511746438645e-02
  1.502054224951e-02
  1.454963937227e-02
  1.389796957360e-02
  1.363136934933e-02
  7.942337313207e-03
  1.244072205442e-02
  1.918581062553e-02
  3.030963465430e-02
  9.354180511394e-03
  1.650336316951e-02
  2.631574549445e-02
  3.975342131075e-02
  9.707992091659e-03
  2.583584365314e-02
  1.682479987620e-02
  3.618972629101e-02
  2.789452387629e-02
  1.009583846888e-02
  1.921130795748e-02
  4.198479364593e-02
  1.002914248460e-02
  2.135483891390e-02
  5.216215058219e-02
  3.185571170173e-02
  4.118855672757e-02
  7.349675480931e-03
  1.484704249257e-02
  2.565033015509e-02
  1.256360618468e-02
  2.934796034291e-02
  2.119107491605e-02
  5.391809121780e-02
  2.794747714575e-02
  1.778922863257e-02
  5.169287226720e-02
  9.623614087693e-03
  7.823792787399e-03
  3.826996551406e-02
  1.899258651901e-02
  2.669783930690e-02
  2.506209859160e-02
  5.706605227139e-02
  3.343266947430e-02
  1.063055031377e-02
  9.755508510118e-03
  2.159951426464e-02
  3.758238518523e-02
  7.917799896210e-02
  8.553276105764e-02
  4.190450532905e-02
  1.302336903326e-02
  2.614185548761e-02
  2.430727404703e-02
  9.643007286638e-03
  3.824386658197e-02
  6.382172070211e-02
  1.207071644203e-02
  3.018197247679e-02
  6.308391275323e-02
  1.084854310972e-01
  3.107520912031e-02
  1.113176707019e-02
  6.247162954366e-02
  8.218891563658e-02
  6.323452852321e-02
  3.793212068097e-02
  1.228037068860e-01
  1.720738780752e-02
  1.256239062101e-02
  3.049369231365e-02
  8.622823554457e-02
  4.870714666014e-02
  4.485887462909e-02
  7.807405095223e-02
  1.103416036181e-02
  2.759161617715e-02
  6.115126841211e-02
  1.268961146411e-02
  3.079425766954e-02
  4.535959656122e-02
  1.192849399184e-01
  1.657987671453e-02
  3.591385104220e-02
  7.363788141609e-02
  4.919681880284e-02
  2.943005174477e-02
  1.369741512157e-02
  1.043382244836e-01
  1.601296201245e-02
  4.881932742375e-02
  9.450465541625e-02
  1.731263938414e-01
  1.730323926130e-02
  1.597366179477e-01
  6.032732780457e-02
  1.099836503580e-01
  1.250706514020e-02
  6.602992842265e-02
  3.056185745818e-02
  1.236480953286e-01
  1.412223628229e-01
  9.040883334102e-02
  5.034004218886e-02
  1.634715935284e-02
  1.412373721505e-02
  4.252402499284e-02
  8.726538449979e-02
  2.579555959963e-01
  5.548770076359e-02
  2.137319564114e-02
  1.046047806444e-01
  1.126696082769e-01
  2.841221116678e-02
  9.639573431365e-03
  6.438558931978e-02
  9.845367106954e-02
  1.387467861705e-02
  3.250323999443e-02
  8.757578856887e-02
  1.505447689932e-01
  8.519225613568e-02
  3.722065973310e-02
  2.296755527654e-02
  2.074555260820e-01
  1.005029254755e-01
  3.132441635092e-02
  6.207070723583e-02
  1.160005917179e-02
  1.430115849943e-01
  9.659593316066e-02
  4.741826674831e-02
  1.920995153447e-02
  3.221746931520e-02
  7.906899163193e-02
  1.250622906499e-01
  1.010525992065e-01
  4.266040615736e-02
  1.546292724621e-01
  1.366849210355e-02
  9.596613269600e-02
  4.804383274724e-02
  1.465649958913e-02
  1.055516122005e-01
  1.981908461707e-01
  2.331610827716e-01
  7.479187368166e-02
  3.949558315766e-02
  8.991676152480e-03
  1.100156241397e-02
  3.015807733220e-02
  5.307529207728e-02
  7.837368015088e-02
  3.663496359024e-02
  1.111995146944e-01
  2.670123345712e-01
  4.974495652870e-01
  3.190949970566e-02
  7.459778955959e-02
  4.512977176907e-01
  1.880564787786e-01
  1.696721252240e-01
  9.842168107054e-02
  6.865474291644e-02
  3.005783691944e-02
  9.627266552870e-02
  1.297303038598e-01
  4.977553644407e-02
  1.520896645950e-01
  8.796275903600e-02
  4.904396389536e-01
  1.834102512054e-01
  3.533643518003e-02
  3.891862333020e-02
  7.027610996739e-01
  3.505700704297e-01
  8.969512826466e-02
  3.787052069889e-01
  1.008357095927e-02
  5.243630990897e-02
  1.253112984516e-01
  1.197888245573e-02
  5.110708823176e-02
  2.264309358749e-01
  1.041040709840e-01
  4.211214819121e-02
  8.556840397334e-02
  2.053156985167e-01
  1.374469500853e-01
  2.265664985211e-01
  1.331598048924e-01
  7.952161455147e-02
  2.538190461888e-01
  1.278381007148e-02
  3.878422060438e-02
  3.972226626688e-01
  8.396521425306e-02
  5.530838611550e-02
  1.032646704072e+00
  2.876009437475e-01
  1.103622907451e-01
  7.873244625785e-02
  1.871479411020e-01
  4.422065974225e-02
  2.018413190097e-02
  6.220514255319e-02
  2.168294662829e-02
  1.427273866713e-01
  1.769605703743e-01
  5.256275380426e-02
  2.620491640869e-02
  1.074295015712e-01
  1.821319191172e-01
  1.669789765643e-01
  6.939979414674e-02
  4.884390768686e-02
  8.032885671638e-02
  5.284438803409e-01
  2.605625869913e-01
  1.428848028870e-01
  5.531760829255e-02
  3.774755227836e-02
  3.786486949527e-02
  3.569140362680e-02
  4.077052694266e-02
  5.408056286938e-02
  8.485828245169e-02
  1.061822312097e-01
  1.610042396815e-01
  2.452952906385e-01
  4.978920431834e-01
  9.551979331655e-01
  1.634323442876e+00
  1.054911028632e-01
  6.261216135126e-02
  3.674703093174e-02
  1.214646781737e-02
  1.240429948596e-02
  4.260635899890e-02
  9.088922196147e-02
  1.794464352644e-01
  1.761145707187e-02
  4.135078528511e-02
  1.103013396349e-01
  3.156137821847e-01
  2.205993160740e-01
  1.478716004202e-01
  1.314089208169e-01
  5.481685855257e-02
  4.481152035524e-02
  3.486456674960e-02
  2.897936424959e-02
  2.439342828842e-02
  1.774380489149e-02
  1.965594317977e-02
  5.188187337408e-02
  3.220456883541e-02
  1.454175593692e-02
  1.314387767424e-02
  1.206412705901e-02
  1.077936273694e-02
  8.634185125345e-03
  7.717948842134e-03
  6.384653005217e-03
  6.759044115581e-03
  1.228158961190e-02
  4.240148090235e-02
  8.343146580278e-02
  1.874033803603e-01
  1.113949497347e-01
  9.508854044005e-02
  7.424476715697e-02
  5.542832775381e-02
  1.339197641560e-01
  9.839992951520e-02
  7.803889082873e-02
  6.141508684141e-02
  4.739695426128e-02
  3.409797378634e-02
  2.727909541441e-02
  2.266475896494e-02
  2.459784367946e-02
  2.655783993852e-02
  2.767794053215e-02
  2.900336195820e-02
  3.032957632935e-02
  3.154945402671e-02
  3.267368613780e-02
  3.386761538994e-02
  3.647470954620e-02
  4.360134727826e-02
  5.596625951300e-02
  7.041178625288e-02
  4.114551309724e-02
  4.014850627853e-02
  3.912878152066e-02
  3.800435871843e-02
  3.986977458878e-02
  4.479475265296e-02
  6.533804791823e-02
  2.186534923151e-01
  2.062858324017e-01
  1.568389690957e-01
  1.506072799419e-01
  1.582573264728e-01
  1.737409723091e-01
  1.964038475715e-01
  2.279834284263e-01
  2.731176967405e-01
  3.394165050067e-01
  4.301401912678e-01
  5.120121163625e-01
  5.251027868359e-01
  4.956167871177e-01
  4.782876990028e-01
  4.837007661630e-01
  5.059389924198e-01
  5.395307968800e-01
  5.812751502339e-01
  6.293682436187e-01
  6.828396787240e-01
  7.411765033858e-01
  8.038780697296e-01
  8.709741814791e-01
  9.422928520080e-01
  1.017790332731e+00
  1.097491505656e+00
  1.181413870216e+00
  1.269695781315e+00
  1.362572114168e+00
  1.460288954571e+00
  1.563079810596e+00
  1.671506031281e+00
  1.786024242487e+00
  1.907144388661e+00
  2.035475668857e+00
  2.171422486898e+00
  2.315970177120e+00
  2.469672449755e+00
  2.633147242050e+00
  2.807016841253e+00
  2.991887309469e+00
  3.188268394203e+00
  3.396957349533e+00
  3.618937671973e+00
  3.854925744608e+00
  4.105476627615e+00
  4.371328578375e+00
  4.654015531662e+00
  4.954324962016e+00
  5.273290429767e+00
  5.612125958159e+00
  5.971889716104e+00
  6.353795726846e+00
  6.759777131003e+00
  7.190927643213e+00
  7.648488629585e+00
  8.135120550972e+00
  8.652163207801e+00
  9.201525132111e+00
  9.785352738876e+00
  1.040508699713e+01
  1.106370281067e+01
  1.176397001183e+01
  1.250857913860e+01
  1.329931568012e+01
  1.413880455153e+01
  1.503198934297e+01
  1.598125161807e+01
  1.699031000658e+01
  1.806275189250e+01
  1.920184474833e+01
  2.041258958421e+01
  2.170018154468e+01
  2.306778331693e+01
  2.452081963842e+01
  2.606655012718e+01
  2.770950637847e+01
  2.945611396578e+01
  3.131258518823e+01
  3.328356833303e+01
  3.537975446073e+01
  3.760877223093e+01
  3.997846904613e+01
  4.249797742354e+01
  4.517082459287e+01
  4.801579510296e+01
  5.104221287110e+01
  5.425644878504e+01
  5.766985013412e+01
  6.130224049611e+01
  6.516365470280e+01
  6.926822901584e+01
  7.362698261019e+01
  7.826091480686e+01
  8.318913826909e+01
  7.090837901009e-03
  6.548970401626e-03
  6.101340031921e-03
  5.951867670366e-03
  6.058690449222e-03
  6.110051716377e-03
  6.152691708089e-03
  6.195622614051e-03
  6.241941317349e-03
  6.165135675567e-03
  5.883188931725e-03
  5.469743621882e-03
  5.342308256250e-03
  5.073224860617e-03
  4.880955255439e-03
  5.156176822564e-03
  5.611905699296e-03
  6.054387902054e-03
  6.514876534686e-03
  6.903784376945e-03
  7.244305491864e-03
  7.418015600856e-03
  7.522875244373e-03
  7.636519482888e-03
  7.750312284406e-03
  7.863678774696e-03
  7.998490011597e-03
  8.096657860690e-03
  8.152084779566e-03
  8.197803429117e-03
  8.249748806299e-03
  8.289537854227e-03
  8.285016371508e-03
  8.223478991701e-03
  8.167690354208e-03
  8.112056738979e-03
  8.038485755878e-03
  7.956419149585e-03
  7.885105881162e-03
  7.824141637948e-03
  7.764787488368e-03
  7.713707652164e-03
  7.713882052212e-03
  7.743291067669e-03
  7.558801654207e-03
  7.306864637098e-03
  7.200906919206e-03
  7.203774831102e-03
  7.219096198259e-03
  7.206733172653e-03
  7.186909700560e-03
  7.201707867573e-03
  7.240850989399e-03
  7.277035769674e-03
  7.333922481541e-03
  7.390208482133e-03
  7.552445741356e-03
  7.719630794526e-03
  7.795178311502e-03
  7.854131986898e-03
  7.909035705630e-03
  7.968738655305e-03
  7.964410950417e-03
  7.956311037089e-03
  8.028047590058e-03
  8.182546654570e-03
  8.314263905439e-03
  8.392550149090e-03
  8.566394700379e-03
  8.654356917049e-03
  8.777916121241e-03
  8.844110628249e-03
  8.987015319217e-03
  9.112323980364e-03
  9.229405548528e-03
  9.342021899300e-03
  9.455880158667e-03
  9.565157205102e-03
  9.703417770182e-03
  9.900252011265e-03
  1.010539115127e-02
  1.019936048069e-02
  1.018334151335e-02
  1.030225004960e-02
  1.050443783827e-02
  1.072805099578e-02
  1.094216258031e-02
  1.115014432613e-02
  1.134259800844e-02
  1.149908652535e-02
  1.162745141974e-02
  1.173278904858e-02
  1.179104918188e-02
  1.182257593544e-02
  1.190426179867e-02
  1.204544219564e-02
  1.222519536505e-02
  1.243042984433e-02
  1.264778526497e-02
  1.286215563433e-02
  1.299160189287e-02
  1.305955115039e-02
  1.313925007830e-02
  1.320088820269e-02
  1.324056412917e-02
  1.327657531581e-02
  1.331729307580e-02
  1.335351597041e-02
  1.338695020595e-02
  1.346750252000e-02
  1.399861212070e-02
  1.391908861884e-02
  1.327155443694e-02
  1.440082983118e-02
  1.541274088612e-02
  1.491933409059e-02
  1.350524444848e-02
  1.407044074456e-02
  1.494826413336e-02
  1.475560596797e-02
  1.499217405602e-02
  1.578205074779e-02
  1.570951385833e-02
  1.527132370940e-02
  1.452916931841e-02
  1.465889490766e-02
  1.503890828343e-02
  1.529043046836e-02
  1.518711720476e-02
  1.522094687634e-02
  1.638690962660e-02
  1.702305341678e-02
  1.651710616542e-02
  1.676651706328e-02
  1.786377127085e-02
  1.834741011543e-02
  1.737225204958e-02
  1.599484803572e-02
  1.627044342414e-02
  1.684610399525e-02
  1.687130066476e-02
  1.726996501847e-02
  1.834942418405e-02
  1.810925776406e-02
  1.835403502516e-02
  1.784374258960e-02
  1.748028716653e-02
  1.770229702993e-02
  1.851498427101e-02
  1.907215942071e-02
  1.957919467339e-02
  1.886079847671e-02
  1.870115851853e-02
  1.958965641536e-02
  1.953298176735e-02
  1.780834647531e-02
  1.806043908911e-02
  1.859228134843e-02
  1.922283677714e-02
  1.995288347135e-02
  1.964727826869e-02
  2.090031892620e-02
  2.189235153861e-02
  1.995022362508e-02
  2.009210141738e-02
  2.005753630763e-02
  2.041796125938e-02
  2.132122599623e-02
  2.245608032369e-02
  2.379727210757e-02
  2.406923384454e-02
  2.510531764945e-02
  2.472404391851e-02
  2.410970853653e-02
  2.323831443668e-02
  2.351072408143e-02
  2.331545590511e-02
  2.337333056756e-02
  2.460702037252e-02
  2.585012561473e-02
  2.629956630028e-02
  2.647003927836e-02
  2.824948064053e-02
  2.698958192628e-02
  2.729214433218e-02
  2.777235460899e-02
  3.015184980975e-02
  2.848758022324e-02
  2.713942894895e-02
  2.803567916159e-02
  2.889612729548e-02
  2.961609652982e-02
  3.025125027750e-02
  3.025715059145e-02
  2.827889627069e-02
  2.856027595212e-02
  2.898702358016e-02
  2.945646543201e-02
  2.962707360629e-02
  2.970993071905e-02
  2.980600704058e-02
  3.079518000495e-02
  3.268664046276e-02
  3.389460308253e-02
  3.367729565072e-02
  3.262149252750e-02
  3.116039504434e-02
  3.056265533400e-02
  1.780737588640e-02
  2.789312581234e-02
  4.301617118755e-02
  6.795670291806e-02
  2.097284488266e-02
  3.700190255841e-02
  5.900207373104e-02
  8.913045217482e-02
  2.176611965233e-02
  5.792609418751e-02
  3.772259018901e-02
  8.114035376191e-02
  6.254182518933e-02
  2.263570324630e-02
  4.307333831055e-02
  9.413337314734e-02
  2.248616534387e-02
  4.787931166068e-02
  1.169518475268e-01
  7.142313528516e-02
  9.234814424798e-02
  1.647857913493e-02
  3.328829487347e-02
  5.751015761098e-02
  2.816864217632e-02
  6.580054972690e-02
  4.751213925900e-02
  1.208888113825e-01
  6.266055079070e-02
  3.988491907319e-02
  1.158996868062e-01
  2.157693720213e-02
  1.754158927384e-02
  8.580442182118e-02
  4.258294679032e-02
  5.985875959993e-02
  5.619129388783e-02
  1.279467999250e-01
  7.495880478719e-02
  2.383457134234e-02
  2.187265538493e-02
  4.842789399470e-02
  8.426280996504e-02
  1.775236097196e-01
  1.917715109156e-01
  9.395336011320e-02
  2.919946843570e-02
  5.861219798130e-02
  5.449891494907e-02
  2.162041835505e-02
  8.574590586099e-02
  1.430935662188e-01
  2.706354268586e-02
  6.767047377774e-02
  1.414393398923e-01
  2.432332918591e-01
  6.967318406808e-02
  2.495834068508e-02
  1.400665503932e-01
  1.842743334513e-01
  1.417770328817e-01
  8.504694581672e-02
  2.753360481337e-01
  3.858038391319e-02
  2.816591678222e-02
  6.836937538407e-02
  1.933308221259e-01
  1.092054435272e-01
  1.005772999634e-01
  1.750484671520e-01
  2.473949838757e-02
  6.186268112322e-02
  1.371061917421e-01
  2.845115641439e-02
  6.904326772328e-02
  1.016999598693e-01
  2.674466821224e-01
  3.717345224244e-02
  8.052181868092e-02
  1.651022088516e-01
  1.103033288930e-01
  6.598460542640e-02
  3.071073540735e-02
  2.339349122846e-01
  3.590238268226e-02
  1.094569620596e-01
  2.118872386865e-01
  3.881636663636e-01
  3.879529078498e-02
  3.581426835004e-01
  1.352588488847e-01
  2.465924231178e-01
  2.804187248720e-02
  1.480445502131e-01
  6.852220726504e-02
  2.772292367251e-01
  3.166321951815e-01
  2.027040674887e-01
  1.128665300961e-01
  3.665168070700e-02
  3.166658473331e-02
  9.534237434001e-02
  1.956561956989e-01
  5.783577401415e-01
  1.244080055535e-01
  4.792046895849e-02
  2.345325532009e-01
  2.526145624946e-01
  6.370252282906e-02
  2.161271936807e-02
  1.443578062063e-01
  2.207412577676e-01
  3.110817479711e-02
  7.287494717007e-02
  1.963521472452e-01
  3.375337993685e-01
  1.910080707723e-01
  8.345179164136e-02
  5.149515487349e-02
  4.651324146749e-01
  2.253358553092e-01
  7.023192725088e-02
  1.391676494834e-01
  2.600829023378e-02
  3.206437789879e-01
  2.165760560219e-01
  1.063156683694e-01
  4.307029709820e-02
  7.223422571721e-02
  1.772792062870e-01
  2.803999793757e-01
  2.265682691890e-01
  9.564815216894e-02
  3.466915933167e-01
  3.064588761339e-02
  2.151639913908e-01
  1.077182389787e-01
  3.286108195488e-02
  2.366554277095e-01
  4.443602375256e-01
  5.227663947350e-01
  1.676895547716e-01
  8.855235775137e-02
  2.016008018569e-02
  2.466641109759e-02
  6.761689889104e-02
  1.189991861374e-01
  1.757202605493e-01
  8.213861254058e-02
  2.493184913282e-01
  5.986636956490e-01
  1.115322989224e+00
  7.154373243010e-02
  1.672544021485e-01
  1.011846737135e+00
  4.216381492531e-01
  3.804189109777e-01
  2.206695335491e-01
  1.539296009834e-01
  6.739215161091e-02
  2.158512633057e-01
  2.908660503310e-01
  1.116008616170e-01
  3.409975828371e-01
  1.972197669765e-01
  1.099606155724e+00
  4.112209234935e-01
  7.922720465297e-02
  8.725876619089e-02
  1.575648397535e+00
  7.860070370321e-01
  2.011038817921e-01
  8.490883357189e-01
  2.260819847708e-02
  1.175665353689e-01
  2.809582754223e-01
  2.685764330779e-02
  1.145863106430e-01
  5.076768498272e-01
  2.334099208094e-01
  9.441891255082e-02
  1.918514252749e-01
  4.603347446332e-01
  3.081674081682e-01
  5.079807924705e-01
  2.985552747472e-01
  1.782940242360e-01
  5.690832540059e-01
  2.866235746808e-02
  8.695742418482e-02
  8.906059999466e-01
  1.882569415807e-01
  1.240059673103e-01
  2.315279154246e+00
  6.448250569866e-01
  2.474413661220e-01
  1.765246437769e-01
  4.196011327835e-01
  9.914636950328e-02
  4.525448989728e-02
  1.394690645624e-01
  4.861495624126e-02
  3.200065828877e-01
  3.967602066571e-01
  1.178500330199e-01
  5.875358577196e-02
  2.408658106962e-01
  4.083547974271e-01
  3.743806493667e-01
  1.556000673448e-01
  1.095120730385e-01
  1.801039278066e-01
  1.184814802118e+00
  5.842028291561e-01
  3.203595230377e-01
  1.240266441925e-01
  8.463312822218e-02
  8.489616310688e-02
  8.002307321282e-02
  9.141088696237e-02
  1.212530862372e-01
  1.902592742037e-01
  2.380693275850e-01
  3.609847960682e-01
  5.499722904365e-01
  1.116315061194e+00
  2.141632616574e+00
  3.664288070321e+00
  2.365197607804e-01
  1.403816343066e-01
  8.238987677125e-02
  2.723338352254e-02
  2.781146340722e-02
  9.552697397816e-02
  2.037811384313e-01
  4.023337209456e-01
  3.948634055930e-02
  9.271187406577e-02
  2.473047087016e-01
  7.076321531882e-01
  4.946018768405e-01
  3.315403347611e-01
  2.946296481165e-01
  1.229039219392e-01
  1.004711277724e-01
  7.816923667978e-02
  6.497412685851e-02
  5.469207987019e-02
  3.978307529602e-02
  4.407024718303e-02
  1.163234428896e-01
  7.220530177659e-02
  3.260381721466e-02
  2.946965875661e-02
  2.704876874519e-02
  2.416822107937e-02
  1.935855579240e-02
  1.730427841127e-02
  1.431491908296e-02
  1.515433485793e-02
  2.753633774003e-02
  9.506762037326e-02
  1.870602334949e-01
  4.201738486867e-01
  2.497566728216e-01
  2.131963571089e-01
  1.664628967803e-01
  1.242748863644e-01
  3.002591661499e-01
  2.206207647664e-01
  1.749696352526e-01
  1.376976944385e-01
  1.062678840142e-01
  7.645047197483e-02
  6.116198377495e-02
  5.081626054743e-02
  5.515039605114e-02
  5.954486945924e-02
  6.205622745309e-02
  6.502793170219e-02
  6.800141379969e-02
  7.073648029657e-02
  7.325710149362e-02
  7.593398943431e-02
  8.177930974506e-02
  9.775781983555e-02
  1.254809737741e-01
  1.578690371855e-01
  9.225163687559e-02
  9.001626528637e-02
  8.772995820218e-02
  8.520890945987e-02
  8.939132582897e-02
  1.004335331998e-01
  1.464932970083e-01
  4.902391793479e-01
  4.625098648867e-01
  3.516459155768e-01
  3.376739540759e-01
  3.548259899001e-01
  3.895416020210e-01
  4.403536391519e-01
  5.111576662839e-01
  6.123524216227e-01
  7.609998226408e-01
  9.644098163671e-01
  1.147973430856e+00
  1.177323794676e+00
  1.111213749275e+00
  1.072360503226e+00
  1.084497046642e+00
  1.134356985648e+00
  1.209672584210e+00
  1.303266870374e+00
  1.411095555769e+00
  1.530982927276e+00
  1.661778903801e+00
  1.802360991481e+00
  1.952796012725e+00
  2.112698359320e+00
  2.281969943325e+00
  2.460666552256e+00
  2.648827421289e+00
  2.846762753535e+00
  3.054999158620e+00
  3.274088381207e+00
  3.504553965675e+00
  3.747654502903e+00
  4.004413785763e+00
  4.275975151806e+00
  4.563704475594e+00
  4.868508463886e+00
  5.192596317597e+00
  5.537209500779e+00
  5.903733479748e+00
  6.293563473882e+00
  6.708058324453e+00
  7.148360927444e+00
  7.616258792312e+00
  8.113956999424e+00
  8.643061738797e+00
  9.204817501168e+00
  9.800879520523e+00
  1.043468700525e+01
  1.110800553828e+01
  1.182315244719e+01
  1.258284967230e+01
  1.338946971567e+01
  1.424573451762e+01
  1.515597833901e+01
  1.612265337833e+01
  1.714854288087e+01
  1.823961181949e+01
  1.939886413734e+01
  2.063057892079e+01
  2.193956860941e+01
  2.332906397471e+01
  2.480573499661e+01
  2.637579186780e+01
  2.804526699659e+01
  2.981816359702e+01
  3.170036694549e+01
  3.370296097921e+01
  3.583128536041e+01
  3.809367756397e+01
  4.049818080099e+01
  4.305212101445e+01
  4.576671088201e+01
  4.865359834651e+01
  5.171987441375e+01
  5.497770179289e+01
  5.844335714685e+01
  6.212700068626e+01
  6.604303907731e+01
  7.020540080747e+01
  7.462450772034e+01
  7.932433005625e+01
  8.432197189972e+01
  8.963502777496e+01
  9.528397353944e+01
  1.012767175333e+02
  1.076553762658e+02
  1.144408547290e+02
  1.216474369793e+02
  1.293005645760e+02
  1.374446836170e+02
  1.461022930234e+02
  1.553050874608e+02
  1.650777728291e+02
  1.754674313394e+02
  1.865169151605e+02
  2.907143634019e-03
  2.684985593840e-03
  2.501463449089e-03
  2.440181886821e-03
  2.483977721087e-03
  2.505035116973e-03
  2.522516912805e-03
  2.540117979380e-03
  2.559107995131e-03
  2.527618764143e-03
  2.412024571618e-03
  2.242517819764e-03
  2.190271115338e-03
  2.079950714342e-03
  2.001122885176e-03
  2.113959850001e-03
  2.300802268530e-03
  2.482213737369e-03
  2.671007588756e-03
  2.830454324618e-03
  2.970063184009e-03
  3.041281881231e-03
  3.084272857667e-03
  3.130865394283e-03
  3.177518839637e-03
  3.223997503395e-03
  3.279268211120e-03
  3.319515646125e-03
  3.342239901934e-03
  3.360983904103e-03
  3.382280776871e-03
  3.398593725919e-03
  3.396739981709e-03
  3.371510523010e-03
  3.348637967665e-03
  3.325828969263e-03
  3.295665902760e-03
  3.262019750446e-03
  3.232782315151e-03
  3.207787834381e-03
  3.183453469315e-03
  3.162511456154e-03
  3.162582957717e-03
  3.174640239700e-03
  3.099002179519e-03
  2.995711552136e-03
  2.952270380677e-03
  2.953446184148e-03
  2.959727728814e-03
  2.954659062502e-03
  2.946531718244e-03
  2.952598758223e-03
  2.968646886670e-03
  2.983482136762e-03
  3.006804887130e-03
  3.029881354339e-03
  3.096396344801e-03
  3.164939861069e-03
  3.195913278613e-03
  3.220083454906e-03
  3.242593206027e-03
  3.267070574218e-03
  3.265296276188e-03
  3.261975425846e-03
  3.291386401841e-03
  3.354728841498e-03
  3.408731058542e-03
  3.440827315435e-03
  3.512101132105e-03
  3.548164401608e-03
  3.598821934455e-03
  3.625960749690e-03
  3.684549659551e-03
  3.735924445102e-03
  3.783926238444e-03
  3.830097355568e-03
  3.876777637718e-03
  3.921579687113e-03
  3.978264570792e-03
  4.058963836367e-03
  4.143067993488e-03
  4.181594094585e-03
  4.175026543669e-03
  4.223777368187e-03
  4.306671512847e-03
  4.398349756857e-03
  4.486132489819e-03
  4.571402075274e-03
  4.650305373471e-03
  4.714463460580e-03
  4.767091258702e-03
  4.810278202384e-03
  4.834164036190e-03
  4.847089560956e-03
  4.880579613980e-03
  4.938461587595e-03
  5.012157854447e-03
  5.096301099329e-03
  5.185413759392e-03
  5.273302590485e-03
  5.326373732673e-03
  5.354231970895e-03
  5.386907408430e-03
  5.412178170988e-03
  5.428444741836e-03
  5.443208820983e-03
  5.459902528892e-03
  5.474753405326e-03
  5.488460970830e-03
  5.521486284660e-03
  5.739233737947e-03
  5.706630222621e-03
  5.441150331386e-03
  5.904137332255e-03
  6.319006607596e-03
  6.116716773218e-03
  5.536959943575e-03
  5.768682461712e-03
  6.128577683145e-03
  6.049590549768e-03
  6.146580132776e-03
  6.470418447539e-03
  6.440679344861e-03
  6.261027557618e-03
  5.956754713797e-03
  6.009940377636e-03
  6.165740507556e-03
  6.268861059591e-03
  6.226504077131e-03
  6.240373765843e-03
  6.718402065776e-03
  6.979212056887e-03
  6.771780812306e-03
  6.874035766388e-03
  7.323894531877e-03
  7.522179643992e-03
  7.122378576348e-03
  6.557662337413e-03
  6.670652563700e-03
  6.906665287167e-03
  6.916995566660e-03
  7.080442334752e-03
  7.523005383748e-03
  7.424540535344e-03
  7.524895763639e-03
  7.315683054755e-03
  7.166671452153e-03
  7.257692368169e-03
  7.590882686767e-03
  7.819316647899e-03
  8.027193957693e-03
  7.732661638802e-03
  7.667211505172e-03
  8.031483124504e-03
  8.008247317327e-03
  7.301171146605e-03
  7.404525566438e-03
  7.622573399443e-03
  7.881092241089e-03
  8.180401099822e-03
  8.055107272514e-03
  8.568836287544e-03
  8.975555681527e-03
  8.179310600326e-03
  8.237478496200e-03
  8.223307288202e-03
  8.371076440261e-03
  8.741402255944e-03
  9.206676540828e-03
  9.756546275682e-03
  9.868046756069e-03
  1.029282651832e-02
  1.013650966054e-02
  9.884640809522e-03
  9.527381505975e-03
  9.639065622244e-03
  9.559008421155e-03
  9.582736217345e-03
  1.008853165547e-02
  1.059818729022e-02
  1.078245163896e-02
  1.085234315812e-02
  1.158188904541e-02
  1.106534832374e-02
  1.118939464725e-02
  1.138627409488e-02
  1.236183360162e-02
  1.167950651965e-02
  1.112678349178e-02
  1.149423345137e-02
  1.184700506310e-02
  1.214218230527e-02
  1.240258639291e-02
  1.240500543849e-02
  1.159394903933e-02
  1.170931074425e-02
  1.188427125914e-02
  1.207673580427e-02
  1.214668275196e-02
  1.218065300079e-02
  1.222004293896e-02
  1.262558991754e-02
  1.340106205577e-02
  1.389630971045e-02
  1.380721672512e-02
  1.337435232020e-02
  1.277532293804e-02
  1.253025807857e-02
  7.300773218829e-03
  1.143578858666e-02
  1.763602411641e-02
  2.786129072970e-02
  8.598570907850e-03
  1.517025871568e-02
  2.419001892805e-02
  3.654222960031e-02
  8.923802386677e-03
  2.374888247507e-02
  1.546573049020e-02
  3.326640182642e-02
  2.564126715310e-02
  9.280319408328e-03
  1.765946183139e-02
  3.859335671107e-02
  9.219010975223e-03
  1.962984319184e-02
  4.794860970885e-02
  2.928247916038e-02
  3.786143801508e-02
  6.755985272627e-03
  1.364773188723e-02
  2.357835433897e-02
  1.154874641404e-02
  2.697729830015e-02
  1.947930768038e-02
  4.956270942040e-02
  2.568994297690e-02
  1.635225486688e-02
  4.751723863769e-02
  8.846240247558e-03
  7.191804452441e-03
  3.517860401697e-02
  1.745840821740e-02
  2.454124806413e-02
  2.303763879443e-02
  5.245638528024e-02
  3.073205384088e-02
  9.771838436412e-03
  8.967480536024e-03
  1.985475421961e-02
  3.454656487628e-02
  7.278217879033e-02
  7.862361753684e-02
  3.851955390334e-02
  1.197137065670e-02
  2.403017536376e-02
  2.234378727408e-02
  8.864066907633e-03
  3.515461329775e-02
  5.866634605241e-02
  1.109567119310e-02
  2.774394081495e-02
  5.798813656552e-02
  9.972222265991e-02
  2.856502381708e-02
  1.023256803374e-02
  5.742531221263e-02
  7.554988040691e-02
  5.812658593331e-02
  3.486804952750e-02
  1.128839004251e-01
  1.581741383134e-02
  1.154762904086e-02
  2.803048062647e-02
  7.926291316333e-02
  4.477269321093e-02
  4.123527591485e-02
  7.176740521077e-02
  1.014284577511e-02
  2.536282765470e-02
  5.621160687524e-02
  1.166457327121e-02
  2.830676699083e-02
  4.169555065867e-02
  1.096493715166e-01
  1.524059166911e-02
  3.301281115798e-02
  6.768957944406e-02
  4.522281074239e-02
  2.705275854372e-02
  1.259096882229e-02
  9.591001804261e-02
  1.471947105800e-02
  4.487581226548e-02
  8.687078250508e-02
  1.591416342300e-01
  1.590552262088e-02
  1.468334542326e-01
  5.545422233160e-02
  1.010994191480e-01
  1.149677262761e-02
  6.069617973385e-02
  2.809313954436e-02
  1.136600810737e-01
  1.298147388782e-01
  8.310581169904e-02
  4.627368712180e-02
  1.502667269101e-02
  1.298285357862e-02
  3.908903016601e-02
  8.021628356522e-02
  2.371185247654e-01
  5.100552944731e-02
  1.964671710406e-02
  9.615504239792e-02
  1.035684114443e-01
  2.611713683190e-02
  8.860910431444e-03
  5.918466663493e-02
  9.050080558082e-02
  1.275391337242e-02
  2.987770157809e-02
  8.050161389371e-02
  1.383841021046e-01
  7.831061783446e-02
  3.421405879031e-02
  2.111228796416e-02
  1.906977365969e-01
  9.238452583792e-02
  2.879410064969e-02
  5.705677550456e-02
  1.066303255559e-02
  1.314594317182e-01
  8.879313155013e-02
  4.358792611133e-02
  1.765821497718e-02
  2.961501480977e-02
  7.268197682643e-02
  1.149600408867e-01
  9.288979816472e-02
  3.921439476765e-02
  1.421386685959e-01
  1.256438214043e-02
  8.821420494650e-02
  4.416296029982e-02
  1.347258060976e-02
  9.702539103649e-02
  1.821814366325e-01
  2.143268563955e-01
  6.875035481723e-02
  3.630521903168e-02
  8.265348833428e-03
  1.011288101597e-02
  2.772197586624e-02
  4.878798969353e-02
  7.204283103856e-02
  3.367567386085e-02
  1.022170687056e-01
  2.454436804255e-01
  4.572667113906e-01
  2.933192229067e-02
  6.857194837278e-02
  4.148429059486e-01
  1.728657005805e-01
  1.559663936404e-01
  9.047139966179e-02
  6.310896763305e-02
  2.762983264793e-02
  8.849597674836e-02
  1.192509825181e-01
  4.575478087784e-02
  1.398042045242e-01
  8.085732575931e-02
  4.508230310957e-01
  1.685947847912e-01
  3.248203764681e-02
  3.577486471777e-02
  6.459936431058e-01
  3.222518108441e-01
  8.244975810901e-02
  3.481142545303e-01
  9.269042840470e-03
  4.820062306357e-02
  1.151889343998e-01
  1.101125534909e-02
  4.697877291541e-02
  2.081403555853e-01
  9.569477893456e-02
  3.871042384343e-02
  7.865638129819e-02
  1.887307594760e-01
  1.263442954662e-01
  2.082649677867e-01
  1.224034561925e-01
  7.309803788741e-02
  2.333161161214e-01
  1.175116272753e-02
  3.565131874099e-02
  3.651359119062e-01
  7.718269362755e-02
  5.084069943205e-02
  9.492318324306e-01
  2.643691881897e-01
  1.014474738186e-01
  7.237261682860e-02
  1.720305525282e-01
  4.064861458708e-02
  1.855370325091e-02
  5.718035144020e-02
  1.993144710511e-02
  1.311981902948e-01
  1.626660946305e-01
  4.831685310619e-02
  2.408814236586e-02
  9.875158873940e-02
  1.674197134858e-01
  1.534907914552e-01
  6.379383530541e-02
  4.489840699037e-02
  7.384007285095e-02
  4.857573755815e-01
  2.395149289078e-01
  1.313428907836e-01
  5.084917666243e-02
  3.469839014416e-02
  3.480623074090e-02
  3.280833254307e-02
  3.747717573333e-02
  4.971205697842e-02
  7.800362179140e-02
  9.760507006451e-02
  1.479986803419e-01
  2.254808903193e-01
  4.576734469206e-01
  8.780391985542e-01
  1.502306481344e+00
  9.696976950700e-02
  5.755449217778e-02
  3.377868865527e-02
  1.116530354319e-02
  1.140230815114e-02
  3.916471341676e-02
  8.354739561024e-02
  1.649511569615e-01
  1.618884329190e-02
  3.801056211565e-02
  1.013914462017e-01
  2.901192127204e-01
  2.027798008788e-01
  1.359268660597e-01
  1.207940045835e-01
  5.038887635702e-02
  4.119174681243e-02
  3.204828568390e-02
  2.663847656788e-02
  2.242298217017e-02
  1.631050035315e-02
  1.806818042330e-02
  4.769097266144e-02
  2.960315640164e-02
  1.336710569097e-02
  1.208214488147e-02
  1.108961408558e-02
  9.908630127682e-03
  7.936735125151e-03
  7.094510342346e-03
  5.868915135913e-03
  6.213063776813e-03
  1.128951050393e-02
  3.897638491075e-02
  7.669206017323e-02
  1.722653579793e-01
  1.023967169442e-01
  8.740750261360e-02
  6.824744232361e-02
  5.095095245534e-02
  1.231020276608e-01
  9.045140514803e-02
  7.173508524274e-02
  5.645411464686e-02
  4.356833519893e-02
  3.134361637117e-02
  2.507555161429e-02
  2.083395085567e-02
  2.261088534698e-02
  2.441255752896e-02
  2.544217892301e-02
  2.666053579572e-02
  2.787962156122e-02
  2.900096028959e-02
  3.003437946643e-02
  3.113186580647e-02
  3.352836477703e-02
  4.007932878709e-02
  5.144543130031e-02
  6.472408097175e-02
  3.782187135212e-02
  3.690540049550e-02
  3.596804680360e-02
  3.493445233922e-02
  3.664918412297e-02
  4.117633356732e-02
  6.006018777605e-02
  2.009911563745e-01
  1.896225281338e-01
  1.441698709193e-01
  1.384415635599e-01
  1.454736565866e-01
  1.597065684353e-01
  1.805387877497e-01
  2.095674412901e-01
  2.510558652093e-01
  3.119992052794e-01
  3.953944367898e-01
  4.706529324358e-01
  4.826861680741e-01
  4.555819809081e-01
  4.396526974456e-01
  4.446285092497e-01
  4.650703817473e-01
  4.959487160089e-01
  5.343210546524e-01
  5.785292964266e-01
  6.276814296079e-01
  6.813059371510e-01
  7.389426123877e-01
  8.006188515640e-01
  8.661765607455e-01
  9.355755252586e-01
  1.008838617199e+00
  1.085981922436e+00
  1.167132619873e+00
  1.252506612040e+00
  1.342330106473e+00
  1.436817748991e+00
  1.536485544123e+00
  1.641753232520e+00
  1.753089566471e+00
  1.871054535301e+00
  1.996019876007e+00
  2.128891329837e+00
  2.270177879560e+00
  2.420447546848e+00
  2.580272351987e+00
  2.750209400752e+00
  2.930727264395e+00
  3.122558796607e+00
  3.326608049272e+00
  3.543533537666e+00
  3.773845485457e+00
  4.018222515257e+00
  4.278074654053e+00
  4.554125765965e+00
  4.847325922651e+00
  5.158791081297e+00
  5.489493934314e+00
  5.840550438890e+00
  6.213737580903e+00
  6.610060727187e+00
  7.030660969100e+00
  7.477983861465e+00
  7.953260978655e+00
  8.458246685795e+00
  8.994914015296e+00
  9.564587537964e+00
  1.017000185159e+01
  1.081370304767e+01
  1.149816432863e+01
  1.222502695582e+01
  1.299670380965e+01
  1.381773914820e+01
  1.469032215775e+01
  1.561787108555e+01
  1.660368353480e+01
  1.765076303893e+01
  1.876370663778e+01
  1.994728982382e+01
  2.120441980951e+01
  2.254008313425e+01
  2.396095300049e+01
  2.547119495146e+01
  2.707671551730e+01
  2.878322518163e+01
  3.059499675351e+01
  3.252185769372e+01
  3.457082043595e+01
  3.674909848722e+01
  3.906508666061e+01
  4.152202726414e+01
  4.413718747321e+01
  4.691913804006e+01
  4.987373522652e+01
  5.301140971348e+01
  5.635038377481e+01
  5.989988165122e+01
  6.367289770904e+01
  6.767956101912e+01
  7.193917462468e+01
  7.646930731115e+01
  1.217792260532e-03
  1.124731037558e-03
  1.047854255517e-03
  1.022183624259e-03
  1.040529545454e-03
  1.049350414652e-03
  1.056673477543e-03
  1.064046502529e-03
  1.072001353448e-03
  1.058810625155e-03
  1.010388623788e-03
  9.393828406198e-04
  9.174968795879e-04
  8.712840509753e-04
  8.382633501230e-04
  8.855303584873e-04
  9.637979915558e-04
  1.039790618868e-03
  1.118875700308e-03
  1.185667378101e-03
  1.244149039096e-03
  1.273982301294e-03
  1.291991070371e-03
  1.311508520360e-03
  1.331051484806e-03
  1.350521233855e-03
  1.373673939251e-03
  1.390533448455e-03
  1.400052559423e-03
  1.407904356116e-03
  1.416825541339e-03
  1.423658978417e-03
  1.422882451476e-03
  1.412313919815e-03
  1.402732686692e-03
  1.393178077350e-03
  1.380542874703e-03
  1.366448619639e-03
  1.354201160654e-03
  1.343731060422e-03
  1.333537480340e-03
  1.324764944560e-03
  1.324794896314e-03
  1.329845649400e-03
  1.298161131576e-03
  1.254893050446e-03
  1.236695696256e-03
  1.237188236201e-03
  1.239819553205e-03
  1.237696306685e-03
  1.234291790712e-03
  1.236833252456e-03
  1.243555757114e-03
  1.249770191287e-03
  1.259540009523e-03
  1.269206660610e-03
  1.297069556562e-03
  1.325782194852e-03
  1.338756850705e-03
  1.348881652686e-03
  1.358310908394e-03
  1.368564391982e-03
  1.367821144767e-03
  1.366430052219e-03
  1.378750206794e-03
  1.405284132354e-03
  1.427905471457e-03
  1.441350480772e-03
  1.471206832313e-03
  1.486313609280e-03
  1.507533871918e-03
  1.518902226328e-03
  1.543444914947e-03
  1.564965632224e-03
  1.585073414908e-03
  1.604414333752e-03
  1.623968540038e-03
  1.642735961217e-03
  1.666481059955e-03
  1.700285698947e-03
  1.735516635053e-03
  1.751655083527e-03
  1.748903959509e-03
  1.769325508722e-03
  1.804049574857e-03
  1.842453269366e-03
  1.879225147975e-03
  1.914944277918e-03
  1.947996592482e-03
  1.974872189896e-03
  1.996917789739e-03
  2.015008648806e-03
  2.025014340718e-03
  2.030428797658e-03
  2.044457663277e-03
  2.068704218785e-03
  2.099575326202e-03
  2.134822636034e-03
  2.172151616436e-03
  2.208967939179e-03
  2.231199254295e-03
  2.242868972469e-03
  2.256556598520e-03
  2.267142432223e-03
  2.273956441635e-03
  2.280141062549e-03
  2.287133998176e-03
  2.293354978169e-03
  2.299097029227e-03
  2.312931217230e-03
  2.404144860843e-03
  2.390487362752e-03
  2.279278768485e-03
  2.473222397478e-03
  2.647009680201e-03
  2.562271178874e-03
  2.319413078618e-03
  2.416480827825e-03
  2.567239672395e-03
  2.534152239569e-03
  2.574780835334e-03
  2.710435568306e-03
  2.697977962616e-03
  2.622722459745e-03
  2.495263633852e-03
  2.517542921685e-03
  2.582807049053e-03
  2.626003886216e-03
  2.608260694990e-03
  2.614070658892e-03
  2.814315035249e-03
  2.923567424751e-03
  2.836675204743e-03
  2.879509445963e-03
  3.067953703252e-03
  3.151014640485e-03
  2.983539377058e-03
  2.746981727437e-03
  2.794312936490e-03
  2.893177837647e-03
  2.897505155454e-03
  2.965972432702e-03
  3.151360539970e-03
  3.110113960710e-03
  3.152152413469e-03
  3.064513944319e-03
  3.002093507208e-03
  3.040221849329e-03
  3.179794103869e-03
  3.275484288094e-03
  3.362563363255e-03
  3.239184809053e-03
  3.211767977888e-03
  3.364360080171e-03
  3.354626682132e-03
  3.058434956950e-03
  3.101729760513e-03
  3.193069232134e-03
  3.301361867171e-03
  3.426741297141e-03
  3.374256152822e-03
  3.589455433378e-03
  3.759828759417e-03
  3.426284490731e-03
  3.450650818070e-03
  3.444714548799e-03
  3.506614527739e-03
  3.661742711616e-03
  3.856644475851e-03
  4.086982977042e-03
  4.133690136768e-03
  4.311628887660e-03
  4.246148304806e-03
  4.140641327493e-03
  3.990986659671e-03
  4.037770743823e-03
  4.004235063389e-03
  4.014174553898e-03
  4.226050486946e-03
  4.439543442804e-03
  4.516731131491e-03
  4.546008443458e-03
  4.851612654014e-03
  4.635235559418e-03
  4.687198128777e-03
  4.769670238095e-03
  5.178328690016e-03
  4.892504271212e-03
  4.660970535598e-03
  4.814894033453e-03
  4.962668822930e-03
  5.086317533231e-03
  5.195399891193e-03
  5.196413220895e-03
  4.856664543121e-03
  4.904989156247e-03
  4.978279501603e-03
  5.058902223761e-03
  5.088202754548e-03
  5.102432772503e-03
  5.118933079294e-03
  5.288815284636e-03
  5.613657840450e-03
  5.821115344049e-03
  5.783794605327e-03
  5.602469226007e-03
  5.351537921172e-03
  5.248881112029e-03
  3.058268266402e-03
  4.790411684843e-03
  7.387668577572e-03
  1.167099685823e-02
  3.601911161418e-03
  6.354768109168e-03
  1.013311399134e-02
  1.530741167004e-02
  3.738149485924e-03
  9.948323480132e-03
  6.478540198032e-03
  1.393517891786e-02
  1.074103677709e-02
  3.887493214467e-03
  7.397486554082e-03
  1.616662161468e-02
  3.861811327110e-03
  8.222872387437e-03
  2.008550424665e-02
  1.226632770167e-02
  1.586002344289e-02
  2.830058508634e-03
  5.716986966726e-03
  9.876889842691e-03
  4.837729322108e-03
  1.130069553343e-02
  8.159813590254e-03
  2.076164494829e-02
  1.076142690877e-02
  6.849902146597e-03
  1.990480441961e-02
  3.705658978189e-03
  3.012621632780e-03
  1.473619370123e-02
  7.313265901133e-03
  1.028024264319e-02
  9.650385999680e-03
  2.197379560551e-02
  1.287354944549e-02
  4.093388809477e-03
  3.756446109320e-03
  8.317086827248e-03
  1.447143472445e-02
  3.048819913759e-02
  3.293515731765e-02
  1.613570587766e-02
  5.014765133412e-03
  1.006615608351e-02
  9.359734034105e-03
  3.713126503500e-03
  1.472614407319e-02
  2.457512636814e-02
  4.647937702924e-03
  1.162183939099e-02
  2.429102679545e-02
  4.177328892087e-02
  1.196578817754e-02
  4.286386820054e-03
  2.405526165025e-02
  3.164757962664e-02
  2.434902274949e-02
  1.460610351603e-02
  4.728666952253e-02
  6.625859114783e-03
  4.837261258406e-03
  1.174186991192e-02
  3.320295601085e-02
  1.875512397717e-02
  1.727331229266e-02
  3.006311404825e-02
  4.248802480951e-03
  1.062439944889e-02
  2.354684474606e-02
  4.886248785874e-03
  1.185760529984e-02
  1.746611976669e-02
  4.593173672006e-02
  6.384230336400e-03
  1.382895067728e-02
  2.835492715291e-02
  1.894367663061e-02
  1.133230556450e-02
  5.274312629402e-03
  4.017636979235e-02
  6.165934742199e-03
  1.879832018704e-02
  3.638986576485e-02
  6.666387179014e-02
  6.662767577346e-03
  6.150801840655e-02
  2.322957902011e-02
  4.235019169400e-02
  4.815957685465e-03
  2.542541657000e-02
  1.176811751261e-02
  4.761180887088e-02
  5.437893830186e-02
  3.481273271402e-02
  1.938388505604e-02
  6.294620427600e-03
  5.438471777817e-03
  1.637425748451e-02
  3.360231952466e-02
  9.932811743773e-02
  2.136603719143e-02
  8.229940810017e-03
  4.027900963444e-02
  4.338444389765e-02
  1.094037691464e-02
  3.711804266708e-03
  2.479224904019e-02
  3.791046968529e-02
  5.342569529310e-03
  1.251566428247e-02
  3.372184339740e-02
  5.796861446806e-02
  3.280404284135e-02
  1.433214909256e-02
  8.843863297302e-03
  7.988261226974e-02
  3.869955348675e-02
  1.206174765837e-02
  2.390088291727e-02
  4.466706896779e-03
  5.506789435755e-02
  3.719513102994e-02
  1.825882919918e-02
  7.396964251229e-03
  1.240562571758e-02
  3.044622488675e-02
  4.815635747202e-02
  3.891121029030e-02
  1.642677227595e-02
  5.954138918796e-02
  5.263175561724e-03
  3.695262070844e-02
  1.849970900164e-02
  5.643616711598e-03
  4.064359562311e-02
  7.631516411764e-02
  8.978076758519e-02
  2.879928223207e-02
  1.520812877505e-02
  3.462325604474e-03
  4.236250348563e-03
  1.161263835110e-02
  2.043711757495e-02
  3.017848896042e-02
  1.410662153602e-02
  4.281837116934e-02
  1.028154959119e-01
  1.915474198159e-01
  1.228703925534e-02
  2.872454839892e-02
  1.737762366776e-01
  7.241283499550e-02
  6.533377465629e-02
  3.789815164906e-02
  2.643612494903e-02
  1.157403988049e-02
  3.707065392686e-02
  4.995381785477e-02
  1.916651705246e-02
  5.856349038527e-02
  3.387084984890e-02
  1.888481847659e-01
  7.062376336768e-02
  1.360661151713e-02
  1.498596521516e-02
  2.706044688407e-01
  1.349901520504e-01
  3.453791416873e-02
  1.458238389006e-01
  3.882769499786e-03
  2.019107175606e-02
  4.825224016094e-02
  4.612576202273e-03
  1.967924301924e-02
  8.718926411828e-02
  4.008620688575e-02
  1.621566062537e-02
  3.294888194224e-02
  7.905865246035e-02
  5.292518174222e-02
  8.724146373190e-02
  5.127437800778e-02
  3.062051140429e-02
  9.773530180803e-02
  4.922520805091e-03
  1.493421223929e-02
  1.529541514077e-01
  3.233155935152e-02
  2.129699047680e-02
  3.976298815985e-01
  1.107433246618e-01
  4.249599057343e-02
  3.031663506990e-02
  7.206299440884e-02
  1.702756192238e-02
  7.772081144798e-03
  2.395264844280e-02
  8.349213207694e-03
  5.495846124258e-02
  6.814025587659e-02
  2.023976011280e-02
  1.009043825715e-02
  4.136669377972e-02
  7.013153012385e-02
  6.429675359339e-02
  2.672301361223e-02
  1.880778503796e-02
  3.093134724504e-02
  2.034820590071e-01
  1.003319627186e-01
  5.501907576925e-02
  2.130054155884e-02
  1.453503379607e-02
  1.458020784338e-02
  1.374329530347e-02
  1.569905732231e-02
  2.082420611594e-02
  3.267544327685e-02
  4.088642113254e-02
  6.199612753229e-02
  9.445315323109e-02
  1.917177999012e-01
  3.678075372441e-01
  6.293109100355e-01
  4.062029595971e-02
  2.410937468407e-02
  1.414977407169e-02
  4.677106449880e-03
  4.776386847960e-03
  1.640596093251e-02
  3.499771066390e-02
  6.909746046360e-02
  6.781449611620e-03
  1.592249100500e-02
  4.247252080141e-02
  1.215299195225e-01
  8.494374657408e-02
  5.693928691684e-02
  5.060018437999e-02
  2.110772337714e-02
  1.725507810450e-02
  1.342491434289e-02
  1.115876429948e-02
  9.392908498001e-03
  6.832411327409e-03
  7.568697337109e-03
  1.997758099213e-02
  1.240065827205e-02
  5.599433638468e-03
  5.061168067207e-03
  4.645400401853e-03
  4.150690368638e-03
  3.324670475928e-03
  2.971865471687e-03
  2.458467943104e-03
  2.602630600380e-03
  4.729136309609e-03
  1.632707078261e-02
  3.212603472025e-02
  7.216135358784e-02
  4.289362518570e-02
  3.661469593374e-02
  2.858861395435e-02
  2.134317508113e-02
  5.156700714301e-02
  3.788977601746e-02
  3.004957532713e-02
  2.364843040009e-02
  1.825062263477e-02
  1.312973084207e-02
  1.050406052426e-02
  8.727268859869e-03
  9.471620478988e-03
  1.022633462987e-02
  1.065763941656e-02
  1.116800483256e-02
  1.167867557919e-02
  1.214840043519e-02
  1.258129609976e-02
  1.304102927403e-02
  1.404491427805e-02
  1.678909009968e-02
  2.155031053304e-02
  2.711269025552e-02
  1.584344910671e-02
  1.545954268284e-02
  1.506688851260e-02
  1.463391942070e-02
  1.535221454403e-02
  1.724862155024e-02
  2.515900177202e-02
  8.419448967161e-02
  7.943221121988e-02
  6.039225270914e-02
  5.799268486993e-02
  6.093840394724e-02
  6.690052074510e-02
  7.562706426840e-02
  8.778706530913e-02
  1.051664204119e-01
  1.306953715790e-01
  1.656293412357e-01
  1.971548608092e-01
  2.021955409661e-01
  1.908416921323e-01
  1.841689712219e-01
  1.862533213152e-01
  1.948163499276e-01
  2.077511757277e-01
  2.238252136499e-01
  2.423438909022e-01
  2.629335469055e-01
  2.853966648254e-01
  3.095404657042e-01
  3.353764257334e-01
  3.628383199189e-01
  3.919093024751e-01
  4.225989544426e-01
  4.549140141355e-01
  4.889077563505e-01
  5.246706218981e-01
  5.622973683217e-01
  6.018779100013e-01
  6.436283994216e-01
  6.877246644684e-01
  7.343630638287e-01
  7.837781750651e-01
  8.361257175000e-01
  8.917851029621e-01
  9.509695425467e-01
  1.013916978536e+00
  1.080867028221e+00
  1.152053061255e+00
  1.227671360488e+00
  1.308028915760e+00
  1.393504431230e+00
  1.484373756635e+00
  1.580850622878e+00
  1.683219302588e+00
  1.792070451120e+00
  1.907707292610e+00
  2.030527808742e+00
  2.160999470061e+00
  2.299529734004e+00
  2.446586071118e+00
  2.602912854547e+00
  2.768931228929e+00
  2.945119193427e+00
  3.132501182368e+00
  3.331593097934e+00
  3.543129837515e+00
  3.767937897461e+00
  4.006572135830e+00
  4.260178066035e+00
  4.529822236869e+00
  4.816540664136e+00
  5.121020866458e+00
  5.444273590962e+00
  5.788202411406e+00
  6.153724370236e+00
  6.542271359217e+00
  6.955224732759e+00
  7.393842660463e+00
  7.860050826180e+00
  8.355849666935e+00
  8.882457003820e+00
  9.441961680680e+00
  1.003715907860e+01
  1.066979412899e+01
  1.134234105661e+01
  1.205719196299e+01
  1.281613671283e+01
  1.362329199497e+01
  1.448159529323e+01
  1.539406832039e+01
  1.636422763417e+01
  1.739343142602e+01
  1.848891285507e+01
  1.965426217935e+01
  2.089193256638e+01
  2.220629339175e+01
  2.360497790201e+01
  2.509185009920e+01
  2.667235327776e+01
  2.835073046988e+01
  3.013506765261e+01
  3.203272432847e+01
