1601
  7.080863973717e-02
  7.073589856040e-02
  7.066325067868e-02
  7.059071861958e-02
  7.051842004723e-02
  7.044575931246e-02
  7.023875759480e-02
  6.992784465304e-02
  6.961772628731e-02
  6.930853132242e-02
  6.899964655520e-02
  6.869172855948e-02
  6.838454948639e-02
  6.806548796852e-02
  6.767734267764e-02
  6.727980649734e-02
  6.688313189291e-02
  6.648776604522e-02
  6.609321417875e-02
  6.569958330010e-02
  6.530686615709e-02
  6.490518385407e-02
  6.448621387010e-02
  6.406818751468e-02
  6.365118782617e-02
  6.323514499195e-02
  6.282005626912e-02
  6.240604755750e-02
  6.199282502646e-02
  6.157383938214e-02
  6.114961893519e-02
  6.072648164774e-02
  6.030408558593e-02
  5.988286603776e-02
  5.946268836831e-02
  5.904353370507e-02
  5.862504317443e-02
  5.818917687985e-02
  5.773955756339e-02
  5.729103576961e-02
  5.684341681036e-02
  5.639710748810e-02
  5.595178446039e-02
  5.550752577949e-02
  5.506426647209e-02
  5.461958338878e-02
  5.417125512553e-02
  5.372421920235e-02
  5.327857318565e-02
  5.283423069588e-02
  5.239018616298e-02
  5.194763692934e-02
  5.150601809891e-02
  5.107215333408e-02
  5.066073406035e-02
  5.025222169108e-02
  4.984467400254e-02
  4.943827008034e-02
  4.903260714300e-02
  4.862796709499e-02
  4.822435573032e-02
  4.782215877609e-02
  4.743495037657e-02
  4.705596974006e-02
  4.668489355232e-02
  4.631711377247e-02
  4.595039581105e-02
  4.558403914680e-02
  4.521881345957e-02
  4.485445898123e-02
  4.450655104933e-02
  4.422892025140e-02
  4.396045479049e-02
  4.369251645282e-02
  4.342532656908e-02
  4.315900851989e-02
  4.289276802168e-02
  4.262746918128e-02
  4.236275885166e-02
  4.213991667446e-02
  4.201224455666e-02
  4.188860423103e-02
  4.176520962315e-02
  4.164222442034e-02
  4.151964188972e-02
  4.139711842729e-02
  4.127489395022e-02
  4.115306958519e-02
  4.107386683954e-02
  4.109156817774e-02
  4.111299738925e-02
  4.113435544475e-02
  4.115567652564e-02
  4.117693841932e-02
  4.119816001150e-02
  4.121934646872e-02
  4.124046806740e-02
  4.127120808759e-02
  4.134543675988e-02
  4.142492753429e-02
  4.150414595464e-02
  4.158315479105e-02
  4.166210535803e-02
  4.174075087702e-02
  4.181919512309e-02
  4.189754053261e-02
  4.197523647981e-02
  4.203913791521e-02
  4.209544367215e-02
  4.215173060125e-02
  4.220787788014e-02
  4.226381032477e-02
  4.231969254353e-02
  4.237542791972e-02
  4.243100339002e-02
  4.248643809031e-02
  4.254771886718e-02
  4.263804604576e-02
  4.273175109948e-02
  4.282537999994e-02
  4.291868261258e-02
  4.301188714676e-02
  4.310464736709e-02
  4.319744596165e-02
  4.328993218952e-02
  4.338214268413e-02
  4.348104668754e-02
  4.359905879878e-02
  4.371767802153e-02
  4.383629459461e-02
  4.395448722874e-02
  4.407246761442e-02
  4.419001147156e-02
  4.430747846397e-02
  4.442456878348e-02
  4.454140429286e-02
  4.465934914429e-02
  4.478258522103e-02
  4.490599715778e-02
  4.502928214276e-02
  4.515216719291e-02
  4.527473393070e-02
  4.539699646498e-02
  4.551898915024e-02
  4.564066306460e-02
  4.576215457920e-02
  4.588373691938e-02
  4.601356719825e-02
  4.614601671801e-02
  4.627788915153e-02
  4.640960241877e-02
  4.654102195841e-02
  4.667206753166e-02
  4.680270758905e-02
  4.693327795265e-02
  4.706349629941e-02
  4.719328975032e-02
  4.732703434945e-02
  4.747291229877e-02
  4.761918400144e-02
  4.776487832334e-02
  4.791030449021e-02
  4.805545553773e-02
  4.820033041082e-02
  4.834466011428e-02
  4.848874062624e-02
  4.863243932532e-02
  4.877591936673e-02
  4.892292629651e-02
  4.907738785018e-02
  4.923161328324e-02
  4.938519243667e-02
  4.953860738586e-02
  4.969160734852e-02
  4.984421046725e-02
  4.999636145859e-02
  5.014842499943e-02
  5.029995115748e-02
  5.045110451018e-02
  5.060322331302e-02
  5.075935537074e-02
  5.091535786126e-02
  5.107082238422e-02
  5.122615298732e-02
  5.138099040084e-02
  5.153542856494e-02
  5.168953497539e-02
  5.184330160198e-02
  5.199665880280e-02
  5.214967828950e-02
  5.230251718031e-02
  5.246104886889e-02
  5.262193983070e-02
  5.278243179262e-02
  5.294238374996e-02
  5.310227398408e-02
  5.326160933872e-02
  5.342054006402e-02
  5.357897339095e-02
  5.373729316287e-02
  5.389511363144e-02
  5.405259512878e-02
  5.420977016856e-02
  5.436854642227e-02
  5.452723773297e-02
  5.468561073282e-02
  5.484352132382e-02
  5.500113058956e-02
  5.515835487757e-02
  5.531521007328e-02
  5.547160143345e-02
  5.562771533714e-02
  5.578343193738e-02
  5.593876697765e-02
  5.609325966236e-02
  5.624158685235e-02
  5.638753629819e-02
  5.653313311528e-02
  5.667848102053e-02
  5.682322536796e-02
  5.696773839166e-02
  5.711198468848e-02
  5.725582832478e-02
  5.739914906749e-02
  5.754251072822e-02
  5.768530894061e-02
  5.782774752826e-02
  5.794868402427e-02
  5.802842947768e-02
  5.810684800104e-02
  5.818507795367e-02
  5.826310217157e-02
  5.834094820934e-02
  5.841862658748e-02
  5.849613389527e-02
  5.857357999914e-02
  5.865052558212e-02
  5.872747714597e-02
  5.880420533207e-02
  5.888082822933e-02
  5.889678793615e-02
  5.883737201322e-02
  5.877813808650e-02
  5.871896459091e-02
  5.866001831358e-02
  5.860115304517e-02
  5.854241523899e-02
  5.848390559262e-02
  5.842549529659e-02
  5.836706504505e-02
  5.830900534485e-02
  5.825101264397e-02
  5.819316812539e-02
  5.814124667781e-02
  5.810927761505e-02
  5.807885460747e-02
  5.804858336417e-02
  5.801825336871e-02
  5.798797551032e-02
  5.795792417817e-02
  5.792790849528e-02
  5.789784117814e-02
  5.786808964470e-02
  5.783813834457e-02
  5.780833936261e-02
  5.777864103410e-02
  5.774904241158e-02
  5.767422898397e-02
  5.754346699600e-02
  5.741293738682e-02
  5.728280231334e-02
  5.715285310548e-02
  5.702339114765e-02
  5.689396973783e-02
  5.676498213328e-02
  5.663635213217e-02
  5.650795979547e-02
  5.637996871577e-02
  5.625210848359e-02
  5.612477036754e-02
  5.599755074112e-02
  5.584794458637e-02
  5.564473550728e-02
  5.543981432754e-02
  5.523529333759e-02
  5.503135240545e-02
  5.482787687195e-02
  5.462492350472e-02
  5.442246212644e-02
  5.422042787370e-02
  5.401893426124e-02
  5.381773810367e-02
  5.361731930787e-02
  5.341718844202e-02
  5.321759665475e-02
  5.301869177031e-02
  5.283615768367e-02
  5.266607463808e-02
  5.249652420737e-02
  5.232725500786e-02
  5.215844232603e-02
  5.199000869084e-02
  5.182198245121e-02
  5.165432734194e-02
  5.148717583924e-02
  5.132031107195e-02
  5.115404286044e-02
  5.098788242690e-02
  5.082223775250e-02
  5.065703280271e-02
  5.049218430028e-02
  5.033485824002e-02
  5.018924515079e-02
  5.004438238722e-02
  4.989973712470e-02
  4.975546217057e-02
  4.961153043428e-02
  4.946791298530e-02
  4.932472079109e-02
  4.918177947452e-02
  4.903932281611e-02
  4.889710800437e-02
  4.875506570846e-02
  4.861370588942e-02
  4.847248348068e-02
  4.833156931323e-02
  4.819118969685e-02
  4.806089196107e-02
  4.793829103728e-02
  4.781590940961e-02
  4.769408747657e-02
  4.757218673788e-02
  4.745071164846e-02
  4.732961168530e-02
  4.720867365962e-02
  4.708811658534e-02
  4.696784783854e-02
  4.684783017102e-02
  4.672819968171e-02
  4.660880785956e-02
  4.648955642830e-02
  4.637074523094e-02
  4.625219598851e-02
  4.614011525674e-02
  4.604802516177e-02
  4.595784523642e-02
  4.586954843496e-02
  4.581043083786e-02
  4.576088043254e-02
  4.571149789440e-02
  4.566224279648e-02
  4.561308569624e-02
  4.556393230145e-02
  4.551502958495e-02
  4.546623107400e-02
  4.541763124448e-02
  4.536901232946e-02
  4.532052499490e-02
  4.527219960332e-02
  4.522396160547e-02
  4.518728244047e-02
  4.520076888891e-02
  4.521968959913e-02
  4.523857521289e-02
  4.525747751174e-02
  4.527627679532e-02
  4.529498079833e-02
  4.531373668621e-02
  4.533231916763e-02
  4.535091340702e-02
  4.536953544816e-02
  4.538803672951e-02
  4.540656068978e-02
  4.542499594577e-02
  4.545333021464e-02
  4.557266373706e-02
  4.571313508942e-02
  4.585327816964e-02
  4.599816629019e-02
  4.615486958041e-02
  4.631099948636e-02
  4.646746141096e-02
  4.662314431765e-02
  4.677849124670e-02
  4.693320499830e-02
  4.708810892229e-02
  4.724228854289e-02
  4.739614744954e-02
  4.754951338134e-02
  4.770281723936e-02
  4.785564169557e-02
  4.800801234185e-02
  4.816008289531e-02
  4.831174005345e-02
  4.846306543579e-02
  4.861407044780e-02
  4.876354898636e-02
  4.886890122640e-02
  4.895214292446e-02
  4.903533197980e-02
  4.911801567220e-02
  4.920060718364e-02
  4.928279465148e-02
  4.936512287400e-02
  4.944725047501e-02
  4.952907320914e-02
  4.961073892768e-02
  4.969202856917e-02
  4.977337189289e-02
  4.985440201998e-02
  4.993311549504e-02
  4.998188243796e-02
  5.001879280090e-02
  5.005174005662e-02
  5.008437426997e-02
  5.011700159422e-02
  5.014946881131e-02
  5.018225649560e-02
  5.021491760545e-02
  5.024742038383e-02
  5.027990677590e-02
  5.031234669794e-02
  5.034466987094e-02
  5.037693507828e-02
  5.040906265778e-02
  5.044119823884e-02
  5.047324608309e-02
  5.050523049701e-02
  5.053703459583e-02
  5.056888415453e-02
  5.060064280467e-02
  5.063222685228e-02
  5.066379085492e-02
  5.069527615532e-02
  5.072674125460e-02
  5.075797613923e-02
  5.079044965667e-02
  5.083924679984e-02
  5.089346655616e-02
  5.094747403099e-02
  5.100142916729e-02
  5.105521503635e-02
  5.110886266684e-02
  5.116231637340e-02
  5.121584730406e-02
  5.126909491908e-02
  5.132223526778e-02
  5.137520102296e-02
  5.142818340983e-02
  5.148097095552e-02
  5.153355788886e-02
  5.158612412832e-02
  5.163845303385e-02
  5.169081972645e-02
  5.174306278193e-02
  5.179540250908e-02
  5.184762173554e-02
  5.189961026263e-02
  5.195132683785e-02
  5.200339406631e-02
  5.205509961188e-02
  5.210656445300e-02
  5.215756769827e-02
  5.220472591148e-02
  5.225096798916e-02
  5.229697817096e-02
  5.234296458668e-02
  5.238886371384e-02
  5.243459593627e-02
  5.248031681682e-02
  5.252575391932e-02
  5.257126654068e-02
  5.261691207848e-02
  5.266234057384e-02
  5.270777448423e-02
  5.275310666800e-02
  5.279803644540e-02
  5.284326241728e-02
  5.288825041416e-02
  5.293313770700e-02
  5.297729973750e-02
  5.300607847850e-02
  5.302806629046e-02
  5.305012647065e-02
  5.307223722799e-02
  5.309425932736e-02
  5.311611724333e-02
  5.313795186306e-02
  5.315970390304e-02
  5.318154220908e-02
  5.320335571189e-02
  5.322563588997e-02
  5.324784641651e-02
  5.326987263726e-02
  5.329208087652e-02
  5.331404051187e-02
  5.333606519880e-02
  5.335798363890e-02
  5.337979402475e-02
  5.340158167706e-02
  5.342344798023e-02
  5.344514669303e-02
  5.346681282141e-02
  5.348842404921e-02
  5.351003604433e-02
  5.353145342402e-02
  5.355294770069e-02
  5.357442358398e-02
  5.359573869055e-02
  5.361711989730e-02
  5.363876101432e-02
  5.366060777433e-02
  5.368242176370e-02
  5.370425069474e-02
  5.372578837637e-02
  5.374747149459e-02
  5.376909073140e-02
  5.379058653344e-02
  5.381209523873e-02
  5.383343188505e-02
  5.385473842968e-02
  5.387621677756e-02
  5.389740674126e-02
  5.391869924448e-02
  5.393977350971e-02
  5.396111002741e-02
  5.398200540755e-02
  5.400295023739e-02
  5.402392298372e-02
  5.404473670718e-02
  5.407280774762e-02
  5.410932375958e-02
  5.414559684404e-02
  5.418182599306e-02
  5.421797818577e-02
  5.425402988283e-02
  5.428987425702e-02
  5.432575858716e-02
  5.436153970841e-02
  5.439729223564e-02
  5.443292530305e-02
  5.446849259771e-02
  5.450392489907e-02
  5.453927041133e-02
  5.457458671992e-02
  5.460977160313e-02
  5.464497781849e-02
  5.467996705848e-02
  5.471486126478e-02
  5.474973544367e-02
  5.478453712590e-02
  5.481932685714e-02
  5.485459388186e-02
  5.489002782572e-02
  5.492517221932e-02
  5.496044216238e-02
  5.499557511510e-02
  5.503052944058e-02
  5.506546459357e-02
  5.510035926097e-02
  5.513510424825e-02
  5.516982692498e-02
  5.520444536864e-02
  5.523896702940e-02
  5.527336683576e-02
  5.530773825828e-02
  5.534200319310e-02
  5.537623089189e-02
  5.541035045940e-02
  5.544434044773e-02
  5.547830207550e-02
  5.551216601051e-02
  5.554596252715e-02
  5.557965325809e-02
  5.561477861476e-02
  5.565234356991e-02
  5.568975997031e-02
  5.572712589982e-02
  5.576431937916e-02
  5.580151449340e-02
  5.583856079290e-02
  5.587561652199e-02
  5.591252629506e-02
  5.594932727716e-02
  5.598601624621e-02
  5.602262522841e-02
  5.606240756111e-02
  5.610425280698e-02
  5.614606793846e-02
  5.618771806688e-02
  5.622923954529e-02
  5.627069313831e-02
  5.631208599862e-02
  5.635337153960e-02
  5.639452911374e-02
  5.643561997040e-02
  5.647654635561e-02
  5.651756947481e-02
  5.655854567584e-02
  5.659977442463e-02
  5.664089170291e-02
  5.668199390891e-02
  5.672294722152e-02
  5.676380434288e-02
  5.680463983183e-02
  5.684530913030e-02
  5.688589395234e-02
  5.692639344765e-02
  5.696680834505e-02
  5.700701047753e-02
  5.704725075982e-02
  5.708737019784e-02
  5.712733603824e-02
  5.716735740509e-02
  5.720715346454e-02
  5.724683906399e-02
  5.728649815052e-02
  5.732596665879e-02
  5.736538962532e-02
  5.740475157830e-02
  5.744401782449e-02
  5.748318989989e-02
  5.752223957534e-02
  5.756128821148e-02
  5.760051130060e-02
  5.763978341695e-02
  5.767883678275e-02
  5.771789713586e-02
  5.775679986902e-02
  5.779567433356e-02
  5.783440793950e-02
  5.787303257856e-02
  5.791159601298e-02
  5.795009707630e-02
  5.798847310677e-02
  5.802675253140e-02
  5.806493896155e-02
  5.810297959120e-02
  5.814102226613e-02
  5.817894253210e-02
  5.821680953703e-02
  5.825453277039e-02
  5.829221528216e-02
  5.832975685118e-02
  5.836724575593e-02
  5.840459007038e-02
  5.844194260065e-02
  5.847912504378e-02
  5.851621625481e-02
  5.855322398593e-02
  5.859259227981e-02
  5.864148584836e-02
  5.869123187027e-02
  5.874094895520e-02
  5.879055353507e-02
  5.884001735005e-02
  5.888940180846e-02
  5.893856743253e-02
  5.898775750856e-02
  5.903671080602e-02
  5.908554533884e-02
  5.913436323712e-02
  5.918303351179e-02
  5.923150026949e-02
  5.927994133814e-02
  5.932819386813e-02
  5.937646075229e-02
  5.942444857312e-02
  5.947238028732e-02
  5.952023732659e-02
  5.956788509435e-02
  5.961555761928e-02
  5.966310096685e-02
  5.971045529057e-02
  5.975769614940e-02
  5.980487414148e-02
  5.985188825569e-02
  5.989881812386e-02
  5.994567848455e-02
  5.998940387091e-02
  6.002553513334e-02
  6.006119295268e-02
  6.009684232468e-02
  6.013234562923e-02
  6.016775996123e-02
  6.020311934308e-02
  6.023836362576e-02
  6.027352470485e-02
  6.030866921093e-02
  6.034366196578e-02
  6.037861592663e-02
  6.041341300676e-02
  6.044821724270e-02
  6.048294791071e-02
  6.051744821970e-02
  6.055200364564e-02
  6.058644518520e-02
  6.062081639168e-02
  6.065503657868e-02
  6.068922516432e-02
  6.072332602026e-02
  6.075726727723e-02
  6.079128654665e-02
  6.082514549656e-02
  6.085890210035e-02
  6.089262464423e-02
  6.092622114726e-02
  6.095975402096e-02
  6.099326254036e-02
  6.102658918250e-02
  6.105684022587e-02
  6.107888208856e-02
  6.110051219574e-02
  6.112219219251e-02
  6.114364616843e-02
  6.116512664874e-02
  6.118656644621e-02
  6.120803849034e-02
  6.122933594575e-02
  6.125061333232e-02
  6.127183449285e-02
  6.129299477544e-02
  6.131419502437e-02
  6.133523966904e-02
  6.135624761529e-02
  6.137724317578e-02
  6.139811290124e-02
  6.141794872457e-02
  6.143745551480e-02
  6.145692049311e-02
  6.147636899503e-02
  6.149571292018e-02
  6.151504666195e-02
  6.153428650953e-02
  6.155351848261e-02
  6.157277808529e-02
  6.159184964122e-02
  6.161094873581e-02
  6.163001078038e-02
  6.164910059577e-02
  6.166798781738e-02
  6.168689536893e-02
  6.170579403473e-02
  6.172489071413e-02
  6.174819314498e-02
  6.177327102179e-02
  6.179835495941e-02
  6.182342209842e-02
  6.184833614290e-02
  6.187319886281e-02
  6.189802647623e-02
  6.192281181088e-02
  6.194744717634e-02
  6.197213255084e-02
  6.199672122120e-02
  6.202131706810e-02
  6.204571833426e-02
  6.207011343856e-02
  6.209448518074e-02
  6.211882966543e-02
  6.214298085139e-02
  6.216716847684e-02
  6.219130367604e-02
  6.221543647791e-02
  6.223940262037e-02
  6.226333042465e-02
  6.228723740286e-02
  6.231108979497e-02
  6.233482584216e-02
  6.235854343372e-02
  6.238226600607e-02
  6.240579483009e-02
  6.242941866492e-02
  6.245291532853e-02
  6.247633734295e-02
  6.249969944263e-02
  6.252308537694e-02
  6.254635311718e-02
  6.256956334676e-02
  6.259269911206e-02
  6.261537859169e-02
  6.263705188019e-02
  6.265876667795e-02
  6.268037561168e-02
  6.270194300564e-02
  6.272343968362e-02
  6.274486931895e-02
  6.276623700675e-02
  6.278767696402e-02
  6.280897773211e-02
  6.283016944367e-02
  6.285142668099e-02
  6.287256308149e-02
  6.289369237625e-02
  6.291475487266e-02
  6.293570912122e-02
  6.295666933475e-02
  6.297761441996e-02
  6.299846375191e-02
  6.301923523549e-02
  6.304003942405e-02
  6.306069789401e-02
  6.308138948037e-02
  6.310202974306e-02
  6.312253682786e-02
  6.314303807882e-02
  6.316351889863e-02
  6.318393451181e-02
  6.320428761597e-02
  6.322461126043e-02
  6.324486032054e-02
  6.326511502486e-02
  6.328525480870e-02
  6.330536351058e-02
  6.332539626124e-02
  6.334538219314e-02
  6.336542431652e-02
  6.338540796685e-02
  6.340528705925e-02
  6.342507598932e-02
  6.343184103343e-02
  6.342395814905e-02
  6.341617448696e-02
  6.340832982605e-02
  6.340058610182e-02
  6.339275730185e-02
  6.338499556200e-02
  6.337730831807e-02
  6.336955628985e-02
  6.336187177747e-02
  6.335412026790e-02
  6.334653380980e-02
  6.333883595277e-02
  6.333123480566e-02
  6.332366194575e-02
  6.331607726305e-02
  6.330845793740e-02
  6.330095492474e-02
  6.329341605175e-02
  6.328589049882e-02
  6.327838142327e-02
  6.327089408857e-02
  6.326345829124e-02
  6.325603045582e-02
  6.324857421399e-02
  6.324116301606e-02
  6.323382879965e-02
  6.322636357589e-02
  6.321901338399e-02
  6.321168986159e-02
  6.320436009363e-02
  6.319707949656e-02
  6.318977071683e-02
  6.318250280421e-02
  6.317528552328e-02
  6.316802497510e-02
  6.316078169194e-02
  6.315360671400e-02
  6.314640665892e-02
  6.313921684318e-02
  6.313212383004e-02
  6.312499698780e-02
  6.311784206502e-02
  6.311079937634e-02
  6.310481485492e-02
  6.310068350758e-02
  6.309640882134e-02
  6.309222000508e-02
  6.308801692360e-02
  6.308389344456e-02
  6.307975246377e-02
  6.307560424951e-02
  6.307145731573e-02
  6.306733630249e-02
  6.306329354552e-02
  6.305916895190e-02
  6.305338694205e-02
  6.304653330770e-02
  6.303975356145e-02
  6.303298026985e-02
  6.302620293511e-02
  6.301944063446e-02
  6.301274476033e-02
  6.300595570282e-02
  6.299930851091e-02
  6.299258671096e-02
  6.298593147143e-02
  6.297930917152e-02
  6.297220052438e-02
  6.296453809254e-02
  6.295693921802e-02
  6.294938979713e-02
  6.294180843363e-02
  6.293423827552e-02
  6.292670352889e-02
  6.291927686289e-02
  6.291170470357e-02
  6.290426995394e-02
  6.289678262839e-02
  6.288939304222e-02
  6.288194711598e-02
  6.287459617696e-02
  6.286719649995e-02
  6.285976774901e-02
  6.285248798173e-02
  6.284513507361e-02
  6.283783531572e-02
  6.283051049205e-02
  6.282326141806e-02
  6.281598565439e-02
  6.280873702921e-02
  6.280152259417e-02
  6.279430638155e-02
  6.278574108271e-02
  6.277187189687e-02
  6.275753165234e-02
  6.274325528692e-02
  6.272899618617e-02
  6.271469461150e-02
  6.270054563535e-02
  6.268634825335e-02
  6.267214106017e-02
  6.265810072970e-02
  6.264398977113e-02
  6.262994462679e-02
  6.261590387020e-02
  6.260192863218e-02
  6.258800478978e-02
  6.257408653183e-02
  6.256023138758e-02
  6.254641017091e-02
  6.253260209377e-02
  6.251878236951e-02
  6.250506354314e-02
  6.249129320885e-02
  6.247764157702e-02
  6.246395934583e-02
  6.245037597315e-02
  6.243678914513e-02
  6.242323145961e-02
  6.240905233522e-02
  6.239217939368e-02
  6.237500687003e-02
  6.235789633639e-02
  6.234091331007e-02
  6.232391644656e-02
  6.230691857604e-02
  6.229000954011e-02
  6.227315065083e-02
  6.225630213213e-02
  6.223945448991e-02
  6.222276154766e-02
  6.220605702892e-02
  6.218931095870e-02
  6.217269471637e-02
  6.215607970372e-02
  6.213950250674e-02
  6.212297652252e-02
  6.210652870355e-02
  6.209009592828e-02
  6.207369723654e-02
  6.205731864168e-02
  6.204099331324e-02
  6.202472488789e-02
  6.200847858572e-02
  6.199220039822e-02
  6.197610125218e-02
  6.195995404453e-02
  6.194388096257e-02
  6.192925924008e-02
  6.191839480690e-02
  6.190763966704e-02
  6.189703737288e-02
  6.188632945289e-02
  6.187570451558e-02
  6.186515571736e-02
  6.185454480706e-02
  6.184400572859e-02
  6.183345574608e-02
  6.182289720824e-02
  6.181246177061e-02
  6.180198804269e-02
  6.179159246927e-02
  6.178118051446e-02
  6.177078440068e-02
  6.176045334425e-02
  6.175006066720e-02
  6.173979477473e-02
  6.172950257934e-02
  6.171922710053e-02
  6.170899186561e-02
  6.169883936299e-02
  6.168862635207e-02
  6.167846721810e-02
  6.166834769463e-02
  6.165823836400e-02
  6.164808774953e-02
  6.163811914069e-02
  6.162799111507e-02
  6.161799015404e-02
  6.160806588657e-02
  6.159864768659e-02
  6.158911376716e-02
  6.157968792005e-02
  6.157023670300e-02
  6.156084864084e-02
  6.155145324858e-02
  6.154208838877e-02
  6.153276920706e-02
  6.152339359605e-02
  6.151413172468e-02
  6.150488882685e-02
  6.149564754674e-02
  6.148636334811e-02
  6.147726960601e-02
  6.146800010453e-02
  6.145872286714e-02
  6.144750353634e-02
  6.143603599417e-02
  6.142446783078e-02
  6.141289922921e-02
  6.140136590446e-02
  6.138997586289e-02
  6.137849916140e-02
  6.136708580534e-02
  6.135559930032e-02
  6.134428538823e-02
  6.133290262476e-02
  6.132161269519e-02
  6.131022415130e-02
  6.129906956411e-02
  6.128784870098e-02
  6.127664865689e-02
  6.126548055274e-02
  6.125625780637e-02
  6.124792221700e-02
  6.123956277855e-02
  6.123126621746e-02
  6.122289625721e-02
  6.121461842896e-02
  6.120626348469e-02
  6.119800143894e-02
  6.118973134747e-02
  6.118154281647e-02
  6.117333956716e-02
  6.116506026488e-02
  6.115699483655e-02
  6.114883652259e-02
  6.114066739909e-02
  6.113242735823e-02
  6.112452449748e-02
  6.111636164160e-02
  6.110833764039e-02
  6.110021025485e-02
  6.109223620416e-02
  6.108428138609e-02
  6.107631611744e-02
  6.106824462630e-02
  6.106041021430e-02
  6.105249019088e-02
  6.104459470583e-02
  6.103667277699e-02
  6.102877228792e-02
  6.102100151132e-02
  6.101314777469e-02
  6.100534874945e-02
  6.099755435487e-02
  6.098976601766e-02
  6.098200164834e-02
  6.097427528669e-02
  6.097541529212e-02
  6.099170942780e-02
  6.100797987873e-02
  6.102444328803e-02
  6.104060985367e-02
  6.105686711718e-02
  6.107307757341e-02
  6.108929477338e-02
  6.110541063603e-02
  6.112147305385e-02
  6.113757303477e-02
  6.115360857417e-02
  6.116967430933e-02
  6.118547863642e-02
  6.120139418423e-02
  6.121715986830e-02
  6.123309074455e-02
  6.124881340311e-02
  6.126457864802e-02
  6.128026738543e-02
  6.129595013575e-02
  6.131163245096e-02
  6.132726771264e-02
  6.134274883129e-02
  6.135840023485e-02
  6.137386781286e-02
  6.138925500023e-02
  6.140466514794e-02
  6.142007450861e-02
  6.143542553672e-02
  6.145076621680e-02
  6.146601333239e-02
  6.148126584178e-02
  6.149644524730e-02
  6.151163189759e-02
  6.152694222782e-02
  6.154178666177e-02
  6.155686012420e-02
  6.157187000710e-02
  6.158688206993e-02
  6.160470934182e-02
  6.162571250179e-02
  6.164662860446e-02
  6.166756635893e-02
  6.168835695850e-02
  6.170916358854e-02
  6.172998654815e-02
  6.175062361188e-02
  6.176277730532e-02
  6.173052168727e-02
  6.169190677978e-02
  6.165342057507e-02
  6.161505658694e-02
  6.157655343542e-02
  6.153833137529e-02
  6.150014420523e-02
  6.146207936595e-02
  6.138766500392e-02
  6.126212811280e-02
  6.113634082611e-02
  6.101085886283e-02
  6.088568092523e-02
  6.076095651809e-02
  6.063642093658e-02
  6.051218946362e-02
  6.038856706883e-02
  6.029552909709e-02
  6.022352203631e-02
  6.015175515607e-02
  6.007998919564e-02
  6.000862583218e-02
  5.993738731109e-02
  5.986625173970e-02
  5.979534417182e-02
  5.972457651106e-02
  5.965399784305e-02
  5.958350561407e-02
  5.951325482198e-02
  5.944305042096e-02
  5.937325590348e-02
  5.930349394734e-02
  5.923386041637e-02
  5.916443606724e-02
  5.909516939364e-02
  5.903581535977e-02
  5.899096314405e-02
  5.894620183195e-02
  5.890143802244e-02
  5.885695592250e-02
  5.881239339007e-02
  5.876806686814e-02
  5.872370203006e-02
  5.867964895032e-02
  5.863556328919e-02
  5.859164930447e-02
  5.854765068329e-02
  5.850401236196e-02
  5.846045484667e-02
  5.841684886862e-02
  5.837346695940e-02
  5.833015878498e-02
  5.828699528248e-02
  5.824375832743e-02
  5.820083073616e-02
  5.815796700090e-02
  5.811503801740e-02
  5.807241329489e-02
  5.802979848249e-02
  5.801023592510e-02
  5.801418778565e-02
  5.801799276376e-02
  5.802193917536e-02
  5.802567630351e-02
  5.802969535172e-02
  5.803352797604e-02
  5.803737818075e-02
  5.804123845357e-02
  5.804509525986e-02
  5.804889071320e-02
  5.805277393249e-02
  5.805663159657e-02
  5.806035476242e-02
  5.806415165586e-02
  5.806793101623e-02
  5.807167507244e-02
  5.807525442909e-02
  5.807918267062e-02
  5.808297839372e-02
  5.808672159733e-02
  5.809035440243e-02
  5.809413679800e-02
  5.809781142991e-02
  5.810151438130e-02
  5.810800699531e-02
  5.812473145801e-02
  5.814235598251e-02
  5.815997599133e-02
  5.817753284020e-02
  5.819494355022e-02
  5.821245719687e-02
  5.822977911437e-02
  5.824718312906e-02
  5.826457892019e-02
  5.828176497000e-02
  5.829901116985e-02
  5.831622277234e-02
  5.833339188453e-02
  5.835045050465e-02
  5.836756717945e-02
  5.838458122156e-02
  5.840156618797e-02
  5.841852747637e-02
  5.843529407457e-02
  5.845236656188e-02
  5.846917173072e-02
  5.848598847485e-02
  5.850260907389e-02
  5.851945218426e-02
  5.853604950640e-02
  5.855270926850e-02
  5.856732205219e-02
  5.857524348051e-02
  5.858240448427e-02
  5.858952736506e-02
  5.859657187070e-02
  5.860374546169e-02
  5.861082855852e-02
  5.861790455404e-02
  5.862492810400e-02
  5.863198495969e-02
  5.863902264665e-02
  5.864602287023e-02
  5.865296204473e-02
  5.865990256489e-02
  5.866688950393e-02
  5.867384171712e-02
  5.868073567515e-02
  5.868766803751e-02
  5.869452863572e-02
  5.870138953481e-02
  5.870846305194e-02
  5.871502980658e-02
  5.872192273845e-02
  5.872863514802e-02
  5.873541791526e-02
  5.874212997493e-02
  5.874897086891e-02
  5.875571329711e-02
  5.876238372687e-02
  5.876786427892e-02
  5.877025031452e-02
  5.877269211375e-02
  5.877482803933e-02
  5.877733157714e-02
  5.877968998264e-02
  5.878200880198e-02
  5.878437949717e-02
  5.878666548217e-02
  5.878897231307e-02
  5.879131255683e-02
  5.879353729627e-02
  5.879589188267e-02
  5.879810649612e-02
  5.880043741165e-02
  5.880276446986e-02
  5.880501950132e-02
  5.880724124106e-02
  5.880963853171e-02
  5.881190805968e-02
  5.881407234488e-02
  5.881632165268e-02
  5.881861325360e-02
  5.882082684387e-02
  5.882294783549e-02
  5.882522927731e-02
  5.882756814424e-02
  5.882972717970e-02
  5.883184232739e-02
  5.883410568250e-02
  5.883637459262e-02
  5.884226606575e-02
  5.885790893172e-02
  5.887362436148e-02
  5.888930286096e-02
  5.890494996680e-02
  5.892056795788e-02
  5.893610161378e-02
  5.895166782012e-02
  5.896719991408e-02
  5.898264941818e-02
  5.899807970069e-02
  5.901344366743e-02
  5.902887604494e-02
  5.904411933177e-02
  5.905944987675e-02
  5.907462360301e-02
  5.908983145042e-02
  5.910501703237e-02
  5.912025642779e-02
  5.913531049142e-02
  5.915039139418e-02
  5.916537806897e-02
  5.918037476082e-02
  5.919528382048e-02
  5.921027437158e-02
  5.922509952758e-02
  5.923999694919e-02
  5.925482800895e-02
  5.926960930997e-02
  5.928432787258e-02
  5.929906879165e-02
  5.931374212064e-02
  5.932840500291e-02
  5.934341902912e-02
  5.936639322644e-02
  5.939243554633e-02
  5.941801014420e-02
  5.944379141576e-02
  5.946941829570e-02
  5.949509632906e-02
  5.952059525055e-02
  5.954609349885e-02
  5.957156775200e-02
  5.959689284051e-02
  5.962228234468e-02
  5.964796948950e-02
  5.967381911083e-02
  5.969912955046e-02
  5.972454086225e-02
  5.975002958028e-02
  5.977531884985e-02
  5.980037966865e-02
  5.982587522068e-02
  5.985099238599e-02
  5.987610611586e-02
  5.989931684488e-02
  5.991874145918e-02
  5.993801464072e-02
  5.995717263249e-02
  5.997627290700e-02
  5.999533244689e-02
  6.001446360317e-02
  6.003356464199e-02
  6.005253016003e-02
  6.007135801202e-02
  6.009026415749e-02
  6.010920375031e-02
  6.012789086627e-02
  6.014671138011e-02
  6.016537724805e-02
  6.018583024174e-02
  6.020897141845e-02
  6.023215822406e-02
  6.025511942401e-02
  6.027834367188e-02
  6.030134004681e-02
  6.032429418677e-02
  6.034739829695e-02
  6.037633868600e-02
  6.040813487236e-02
  6.043985709831e-02
  6.047152751457e-02
  6.050321774782e-02
  6.053463086591e-02
  6.056613383303e-02
  6.059735718840e-02
  6.062952129868e-02
  6.066160085469e-02
  6.069365291261e-02
  6.072530082079e-02
  6.075748733138e-02
  6.078919522590e-02
  6.082094029670e-02
  6.085239279446e-02
  6.088195058583e-02
  6.091107247164e-02
  6.094012490726e-02
  6.096901283180e-02
  6.099800871539e-02
  6.102678229012e-02
  6.105560148347e-02
  6.108424810706e-02
  6.111289278039e-02
  6.114145383661e-02
  6.116999222909e-02
  6.119866314181e-02
  6.122681790802e-02
  6.125502285214e-02
  6.128332823375e-02
  6.131143056960e-02
  6.135824010216e-02
  6.153648554220e-02
  6.152668813584e-02
  6.202713193729e-02
  6.227981924353e-02
  6.238285823580e-02
  6.253363102526e-02
  6.319209361717e-02
  6.335836036150e-02
  6.430791182280e-02
  6.417489169249e-02
  6.439202216061e-02
  6.531569557372e-02
  6.527348830865e-02
  6.576939499236e-02
  6.581427948791e-02
  6.582633718056e-02
  6.631803195837e-02
  6.634988080810e-02
  6.670678744340e-02
  6.674037585509e-02
  6.681601130872e-02
  6.698397767098e-02
  6.712626119253e-02
  6.724156735176e-02
  6.742638006996e-02
  6.732702853946e-02
  6.777065688108e-02
  6.772605575089e-02
  6.774522374616e-02
  6.826883007771e-02
  6.827547615771e-02
  6.828955223351e-02
  6.830704519302e-02
  6.852448857137e-02
  6.852370081764e-02
  6.852329954898e-02
  6.852291640294e-02
  6.852239468699e-02
  6.852171800258e-02
  6.851978665873e-02
  6.852097903347e-02
  6.851935105684e-02
  6.871573785485e-02
  6.876604087421e-02
  6.879096701823e-02
  6.909304738939e-02
  6.931641651640e-02
  6.961804777299e-02
  6.992003035486e-02
  6.997790033597e-02
  7.024788858593e-02
  7.056676511315e-02
  7.090846112264e-02
  7.113653232116e-02
  7.214463698423e-02
  7.191620659158e-02
  7.198774822613e-02
  7.313761797635e-02
  7.297038266234e-02
  7.317426426036e-02
  7.372289796872e-02
  7.371454210214e-02
  7.364421538221e-02
  7.440920420132e-02
  7.504008223846e-02
  7.533345979180e-02
  7.539851974198e-02
  7.549298878081e-02
  7.589844568744e-02
  7.644842460077e-02
  7.653518422873e-02
  7.716993039550e-02
  7.736775324472e-02
  7.809881401203e-02
  7.854515394912e-02
  7.866509916011e-02
  7.884882116407e-02
  7.880780818318e-02
  7.872033807032e-02
  7.909047213011e-02
  7.935374523442e-02
  7.989064914804e-02
  8.031628169475e-02
  8.056355474047e-02
  8.070015698710e-02
  8.097385884132e-02
  8.094078911197e-02
  8.148392475230e-02
  8.156562304775e-02
  8.178099955592e-02
  8.233758158924e-02
  8.318533179701e-02
  8.404369465596e-02
  8.471315656357e-02
  8.499876520067e-02
  8.509309997862e-02
  8.517793675973e-02
  8.528418912639e-02
  8.556273144289e-02
  8.600713330394e-02
  8.651096101996e-02
  8.664294776244e-02
  8.647639013470e-02
  8.696784711800e-02
  8.746540413451e-02
  8.777344429375e-02
  8.778527238600e-02
  8.781582306892e-02
  8.847874886944e-02
  8.980711665280e-02
  9.060219628628e-02
  9.116957543923e-02
  9.259384255379e-02
  9.284533266838e-02
  9.402303143066e-02
  9.397395588664e-02
  9.397269122694e-02
  9.545912682568e-02
  9.561773284539e-02
  9.458483119072e-02
  9.488590914754e-02
  9.561197258027e-02
  9.561208882298e-02
  9.519017726974e-02
  9.721235747685e-02
  9.686158109401e-02
  9.833520350285e-02
  9.892947743224e-02
  9.851939997945e-02
  9.883652178225e-02
  9.883589423068e-02
  9.883626174088e-02
  1.004048222511e-01
  1.002362815073e-01
  1.023945744478e-01
  1.032669828941e-01
  1.032825889822e-01
  1.036492029303e-01
  1.047099723925e-01
  1.061413843302e-01
  1.073014962662e-01
  1.086650536645e-01
  1.092609486691e-01
  1.091692393968e-01
  1.091697888120e-01
  1.108639705922e-01
  1.120750067144e-01
  1.120052328870e-01
  1.114163917645e-01
  1.114160759530e-01
  1.111074084328e-01
  1.124187374220e-01
  1.133944897461e-01
  1.131799149100e-01
  1.131794596858e-01
  1.142786364229e-01
  1.161352583932e-01
  1.176745495518e-01
  1.184506103699e-01
  1.194007192405e-01
  1.204308018501e-01
  1.225934705546e-01
  1.242974918892e-01
  1.270158315899e-01
  1.294099038133e-01
  1.292643253406e-01
  1.315002847089e-01
  1.321917143023e-01
  1.320124031016e-01
  1.323265759169e-01
  1.327634127361e-01
  1.331854814379e-01
  1.335245736892e-01
  1.349790769859e-01
  1.396582413108e-01
  1.334829323749e-01
  1.394068817230e-01
  1.513597394835e-01
  1.437054503329e-01
  1.353897202299e-01
  1.482535909888e-01
  1.551515749177e-01
  1.583659868068e-01
  1.515350910792e-01
  1.467996811010e-01
  1.528734153247e-01
  1.539715711418e-01
  1.622700024532e-01
  1.705532284970e-01
  1.688044046604e-01
  1.816753929003e-01
  1.726629320584e-01
  1.617514336820e-01
  1.717638453030e-01
  1.795354489310e-01
  1.905757441423e-01
  1.862366794997e-01
  1.864487431120e-01
  1.797457647760e-01
  2.887685767840e-01
