1601
  2.753347010660e-01
  2.752327650820e-01
  2.751311118610e-01
  2.750296000210e-01
  2.749283709440e-01
  2.748273775030e-01
  2.747209644410e-01
  2.746103099380e-01
  2.744999853250e-01
  2.743899906010e-01
  2.742801372590e-01
  2.741705666800e-01
  2.740612788630e-01
  2.739534519880e-01
  2.738518458940e-01
  2.737513708510e-01
  2.736510843160e-01
  2.735511747990e-01
  2.734514537900e-01
  2.733519212900e-01
  2.732527186790e-01
  2.731561551880e-01
  2.730638331390e-01
  2.729719352330e-01
  2.728802258370e-01
  2.727887049490e-01
  2.726974668230e-01
  2.726064172060e-01
  2.725155089710e-01
  2.724287950500e-01
  2.723456156640e-01
  2.722626719140e-01
  2.721798695450e-01
  2.720973499390e-01
  2.720150188410e-01
  2.719328291250e-01
  2.718508279170e-01
  2.717730210240e-01
  2.716984659030e-01
  2.716241464180e-01
  2.715499211870e-01
  2.714759315910e-01
  2.714021305040e-01
  2.713284707990e-01
  2.712549996020e-01
  2.711847801770e-01
  2.711184251770e-01
  2.710522586850e-01
  2.709862807020e-01
  2.709205383540e-01
  2.708547960070e-01
  2.707892892950e-01
  2.707238768370e-01
  2.706600195750e-01
  2.706004508810e-01
  2.705414005860e-01
  2.704825388000e-01
  2.704237712680e-01
  2.703651922440e-01
  2.703067074750e-01
  2.702483640870e-01
  2.701903977160e-01
  2.701379452190e-01
  2.700883203500e-01
  2.700390253710e-01
  2.699898246470e-01
  2.699408124310e-01
  2.698918002140e-01
  2.698430236340e-01
  2.697942470540e-01
  2.697489578810e-01
  2.697183723730e-01
  2.696896719500e-01
  2.696610186550e-01
  2.696325067400e-01
  2.696039948260e-01
  2.695755771660e-01
  2.695471595060e-01
  2.695188832280e-01
  2.694997967400e-01
  2.695017289520e-01
  2.695044623260e-01
  2.695071956990e-01
  2.695099762000e-01
  2.695127095740e-01
  2.695154900750e-01
  2.695181291940e-01
  2.695209096950e-01
  2.695310420280e-01
  2.695580930010e-01
  2.695857566270e-01
  2.696133731250e-01
  2.696408953700e-01
  2.696683233600e-01
  2.696957513500e-01
  2.697230850860e-01
  2.697503245680e-01
  2.697817583640e-01
  2.698322315210e-01
  2.698850139080e-01
  2.699375606590e-01
  2.699900131550e-01
  2.700424185250e-01
  2.700946353860e-01
  2.701466637380e-01
  2.701987392180e-01
  2.702508618250e-01
  2.703182536220e-01
  2.703935156500e-01
  2.704687776780e-01
  2.705438040700e-01
  2.706185477000e-01
  2.706931970750e-01
  2.707676579420e-01
  2.708419303000e-01
  2.709160612770e-01
  2.709934440260e-01
  2.710879339230e-01
  2.711842617780e-01
  2.712804953800e-01
  2.713763519640e-01
  2.714721142940e-01
  2.715674996070e-01
  2.716627906650e-01
  2.717578460880e-01
  2.718526187480e-01
  2.719523868840e-01
  2.720666701770e-01
  2.721812362320e-01
  2.722958022870e-01
  2.724099441980e-01
  2.725238976000e-01
  2.726374739860e-01
  2.727509089900e-01
  2.728640141040e-01
  2.729768835820e-01
  2.730931933410e-01
  2.732233584770e-01
  2.733545132820e-01
  2.734854324510e-01
  2.736160217310e-01
  2.737462811210e-01
  2.738761634930e-01
  2.740058102300e-01
  2.741350799500e-01
  2.742641611620e-01
  2.743935251360e-01
  2.745333513330e-01
  2.746766649380e-01
  2.748194601450e-01
  2.749620197160e-01
  2.751042493960e-01
  2.752460549330e-01
  2.753875305800e-01
  2.755288177180e-01
  2.756697278400e-01
  2.758102138170e-01
  2.759542814560e-01
  2.761095182250e-01
  2.762649435020e-01
  2.764199446360e-01
  2.765746158790e-01
  2.767289572330e-01
  2.768829686970e-01
  2.770364617620e-01
  2.771897191910e-01
  2.773425053500e-01
  2.774950558720e-01
  2.776540628120e-01
  2.778257469500e-01
  2.779971483240e-01
  2.781680313010e-01
  2.783386315150e-01
  2.785087604570e-01
  2.786784652550e-01
  2.788477459090e-01
  2.790167909280e-01
  2.791853175480e-01
  2.793534200240e-01
  2.795261409580e-01
  2.797143195920e-01
  2.799031108780e-01
  2.800913366390e-01
  2.802792325090e-01
  2.804666571090e-01
  2.806535633100e-01
  2.808400924940e-01
  2.810261504060e-01
  2.812117370480e-01
  2.813968995450e-01
  2.815822976780e-01
  2.817847558320e-01
  2.819946600730e-01
  2.822041401700e-01
  2.824129133590e-01
  2.826214509130e-01
  2.828294229420e-01
  2.830368294450e-01
  2.832436232950e-01
  2.834501815100e-01
  2.836560799440e-01
  2.838616013620e-01
  2.840692435010e-01
  2.842987055010e-01
  2.845322675610e-01
  2.847653583510e-01
  2.849977422330e-01
  2.852297019710e-01
  2.854611433110e-01
  2.856919248700e-01
  2.859221409050e-01
  2.861518856680e-01
  2.863810649050e-01
  2.866096786170e-01
  2.868389521090e-01
  2.870860867830e-01
  2.873388767130e-01
  2.875910068630e-01
  2.878426186140e-01
  2.880934292050e-01
  2.883437685240e-01
  2.885935423180e-01
  2.888427034590e-01
  2.890909691840e-01
  2.893392349090e-01
  2.895865580920e-01
  2.898332686220e-01
  2.900923264610e-01
  2.903761731700e-01
  2.906598784970e-01
  2.909428769180e-01
  2.912251684320e-01
  2.915067530390e-01
  2.917877249930e-01
  2.920680371680e-01
  2.923477366890e-01
  2.926266350500e-01
  2.929049207580e-01
  2.931825466850e-01
  2.934595599610e-01
  2.937518424260e-01
  2.940638240330e-01
  2.943750516050e-01
  2.946854308890e-01
  2.949952446470e-01
  2.953038331000e-01
  2.956123272990e-01
  2.959198789550e-01
  2.962266294490e-01
  2.965323431470e-01
  2.968378683370e-01
  2.971424509830e-01
  2.974463267230e-01
  2.977550094300e-01
  2.980824487360e-01
  2.984104535660e-01
  2.987377514900e-01
  2.990641068710e-01
  2.993898024730e-01
  2.997146969130e-01
  3.000388373190e-01
  3.003620823100e-01
  3.006847617750e-01
  3.010064986970e-01
  3.013274815850e-01
  3.016477104400e-01
  3.019672795140e-01
  3.022984418630e-01
  3.026454860540e-01
  3.029912578130e-01
  3.033364169200e-01
  3.036805863570e-01
  3.040241431410e-01
  3.043665688730e-01
  3.047083819540e-01
  3.050493467450e-01
  3.053895103760e-01
  3.057285429550e-01
  3.060672927720e-01
  3.064051471730e-01
  3.067419647770e-01
  3.070841548750e-01
  3.074407658740e-01
  3.077967642200e-01
  3.081520556600e-01
  3.085064988110e-01
  3.088600936740e-01
  3.092128402490e-01
  3.095648327890e-01
  3.099158356600e-01
  3.102660844960e-01
  3.106154379170e-01
  3.109640373040e-01
  3.113116941490e-01
  3.116585969590e-01
  3.120048399890e-01
  3.123633360740e-01
  3.127308334400e-01
  3.130976239000e-01
  3.134633304350e-01
  3.138282829370e-01
  3.141922457680e-01
  3.145555959470e-01
  3.149176736940e-01
  3.152792801690e-01
  3.156397555930e-01
  3.159996654910e-01
  3.163583972110e-01
  3.167163748970e-01
  3.170735514220e-01
  3.174297854040e-01
  3.177904022100e-01
  3.181595018990e-01
  3.185277532990e-01
  3.188948736490e-01
  3.192614284730e-01
  3.196268522450e-01
  3.199914748570e-01
  3.203553434340e-01
  3.207181752150e-01
  3.210803472150e-01
  3.214415295460e-01
  3.218017693350e-01
  3.221612550890e-01
  3.225198454280e-01
  3.228774932240e-01
  3.232345754940e-01
  3.235982555630e-01
  3.239667425990e-01
  3.243341928390e-01
  3.247011246800e-01
  3.250668783420e-01
  3.254317837170e-01
  3.257959821840e-01
  3.261590967270e-01
  3.265211273460e-01
  3.268830165840e-01
  3.272436805170e-01
  3.276035432880e-01
  3.279621807540e-01
  3.283204412030e-01
  3.286777119820e-01
  3.290341344730e-01
  3.293893787850e-01
  3.297435391730e-01
  3.300968041460e-01
  3.304493622120e-01
  3.308047007790e-01
  3.311602278540e-01
  3.315150008950e-01
  3.318689727750e-01
  3.322220021130e-01
  3.325738532720e-01
  3.329254687950e-01
  3.332760475220e-01
  3.336258250870e-01
  3.339744244740e-01
  3.343225997170e-01
  3.346698795440e-01
  3.350162168290e-01
  3.353630725120e-01
  3.357157719590e-01
  3.360680472620e-01
  3.364198512940e-01
  3.367707127840e-01
  3.371206317300e-01
  3.374695138800e-01
  3.378179718860e-01
  3.381652988400e-01
  3.385118246330e-01
  3.388575963920e-01
  3.392025669900e-01
  3.395467364270e-01
  3.398900104480e-01
  3.402331902150e-01
  3.405825436360e-01
  3.409325568370e-01
  3.412817688770e-01
  3.416301797550e-01
  3.419791561590e-01
  3.423265773680e-01
  3.426739985770e-01
  3.430200530990e-01
  3.433653535870e-01
  3.437096644050e-01
  3.440536453330e-01
  3.443964480830e-01
  3.447384496710e-01
  3.450796029720e-01
  3.454200964920e-01
  3.457598359790e-01
  3.460984915410e-01
  3.464365815780e-01
  3.467736348180e-01
  3.471100754050e-01
  3.474457148310e-01
  3.477805530960e-01
  3.481142603090e-01
  3.484473548700e-01
  3.487798839060e-01
  3.491113761440e-01
  3.494420672220e-01
  3.497717686290e-01
  3.501010458920e-01
  3.504296162490e-01
  3.507571498080e-01
  3.510839293340e-01
  3.514098134440e-01
  3.517352734090e-01
  3.520596494510e-01
  3.523828001870e-01
  3.526980335660e-01
  3.530099209180e-01
  3.533226565580e-01
  3.536345910370e-01
  3.539458657370e-01
  3.542529932490e-01
  3.545519677670e-01
  3.548495755980e-01
  3.551462880140e-01
  3.554423406500e-01
  3.557380162690e-01
  3.560328436000e-01
  3.563268697690e-01
  3.566200476500e-01
  3.569128013870e-01
  3.572048482170e-01
  3.574960938860e-01
  3.577864912660e-01
  3.580765587570e-01
  3.583657308320e-01
  3.586541488730e-01
  3.589419071340e-01
  3.592290527420e-01
  3.595155385710e-01
  3.598010818570e-01
  3.600841274050e-01
  3.603340897070e-01
  3.605733070230e-01
  3.608117231780e-01
  3.610496680620e-01
  3.612869531660e-01
  3.615236727440e-01
  3.617598267970e-01
  3.619956509590e-01
  3.622306268340e-01
  3.624651314370e-01
  3.626990233880e-01
  3.629325383210e-01
  3.631653934750e-01
  3.633976359750e-01
  3.636294543320e-01
  3.638604715280e-01
  3.640903105450e-01
  3.642968687590e-01
  3.644937187850e-01
  3.646899561580e-01
  3.648854866240e-01
  3.650805929460e-01
  3.652755578860e-01
  3.654700044280e-01
  3.656636498090e-01
  3.658551744690e-01
  3.660308644120e-01
  3.662028313130e-01
  3.663740913070e-01
  3.665451156640e-01
  3.667158101320e-01
  3.668859862020e-01
  3.670559266360e-01
  3.672251130360e-01
  3.673916603160e-01
  3.675369532610e-01
  3.676771564750e-01
  3.678171711810e-01
  3.679569031240e-01
  3.680960224140e-01
  3.682350003230e-01
  3.683737425960e-01
  3.685121078520e-01
  3.686496248200e-01
  3.687737576830e-01
  3.688916697640e-01
  3.690095347190e-01
  3.691272582920e-01
  3.692446991020e-01
  3.693615743860e-01
  3.694783082890e-01
  3.695947594300e-01
  3.697111163160e-01
  3.698207811490e-01
  3.699194182340e-01
  3.700174897940e-01
  3.701150900820e-01
  3.702128317510e-01
  3.703100078950e-01
  3.704072311660e-01
  3.705040302930e-01
  3.706005937840e-01
  3.706969216390e-01
  3.707932966220e-01
  3.708892003330e-01
  3.709848684090e-01
  3.710803479760e-01
  3.711757804160e-01
  3.712706473300e-01
  3.713655142450e-01
  3.714601926510e-01
  3.715544940400e-01
  3.716474287420e-01
  3.717261310500e-01
  3.718012516970e-01
  3.718761838350e-01
  3.719511159730e-01
  3.720253883310e-01
  3.720999434520e-01
  3.721742158100e-01
  3.722481582790e-01
  3.723221007470e-01
  3.723955719440e-01
  3.724689960140e-01
  3.725426085920e-01
  3.726156556450e-01
  3.726887026980e-01
  3.727613256070e-01
  3.728341370240e-01
  3.729064771700e-01
  3.729786288070e-01
  3.730507804440e-01
  3.731225550650e-01
  3.731871663610e-01
  3.732435304100e-01
  3.732993289330e-01
  3.733550803280e-01
  3.734106903430e-01
  3.734662061030e-01
  3.735212034650e-01
  3.735764364620e-01
  3.736251659150e-01
  3.736701251980e-01
  3.737148959730e-01
  3.737594782380e-01
  3.738039191230e-01
  3.738481714990e-01
  3.738926123830e-01
  3.739364406150e-01
  3.739767814390e-01
  3.740157555760e-01
  3.740545412050e-01
  3.740933739610e-01
  3.741321124620e-01
  3.741701440570e-01
  3.742038399550e-01
  3.742372059640e-01
  3.742700064470e-01
  3.743032310740e-01
  3.743355131590e-01
  3.743573330200e-01
  3.743757126020e-01
  3.743939979280e-01
  3.744122361280e-01
  3.744304743280e-01
  3.744486654000e-01
  3.744668093450e-01
  3.744848590370e-01
  3.745029087280e-01
  3.745208641650e-01
  3.745388667290e-01
  3.745492818250e-01
  3.745505071300e-01
  3.745517324350e-01
  3.745529577410e-01
  3.745541830460e-01
  3.745554083520e-01
  3.745486691720e-01
  3.745294884300e-01
  3.745102134330e-01
  3.744909855640e-01
  3.744718048210e-01
  3.744505033580e-01
  3.744094556270e-01
  3.743637894370e-01
  3.743182175020e-01
  3.742727398210e-01
  3.742273563940e-01
  3.741819729670e-01
  3.741237238330e-01
  3.740564262900e-01
  3.739893172560e-01
  3.739223967300e-01
  3.738555233310e-01
  3.737888855680e-01
  3.737224363140e-01
  3.736561284400e-01
  3.735899148220e-01
  3.735239368380e-01
  3.734581002360e-01
  3.733920751260e-01
  3.733144567420e-01
  3.732286382360e-01
  3.731431024940e-01
  3.730578023870e-01
  3.729727379160e-01
  3.728877676990e-01
  3.728030802450e-01
  3.727185812990e-01
  3.726343179890e-01
  3.725501960600e-01
  3.724663097670e-01
  3.723825648560e-01
  3.722991027070e-01
  3.722158290670e-01
  3.721326968080e-01
  3.720498473120e-01
  3.719671391970e-01
  3.718846195910e-01
  3.718023356210e-01
  3.717201930320e-01
  3.716382389510e-01
  3.715565676330e-01
  3.714750376970e-01
  3.713937433960e-01
  3.713125904770e-01
  3.712225776570e-01
  3.711086242540e-01
  3.709931627840e-01
  3.708777955670e-01
  3.707628053680e-01
  3.706480979320e-01
  3.705336732580e-01
  3.704194842200e-01
  3.703055779450e-01
  3.701919544320e-01
  3.700785665550e-01
  3.699655085680e-01
  3.698526862170e-01
  3.697401466280e-01
  3.696278426760e-01
  3.695158214860e-01
  3.694040830580e-01
  3.692926745210e-01
  3.691814544920e-01
  3.690706114800e-01
  3.689598155960e-01
  3.688493967280e-01
  3.687392606230e-01
  3.686294544080e-01
  3.685197424480e-01
  3.684103603770e-01
  3.683012610690e-01
  3.681873547940e-01
  3.680527597080e-01
  3.679163266640e-01
  3.677802706370e-01
  3.676445445000e-01
  3.675091011260e-01
  3.673740347690e-01
  3.672302027660e-01
  3.670751073780e-01
  3.669203418800e-01
  3.667660005270e-01
  3.666120833170e-01
  3.664585431250e-01
  3.663052856950e-01
  3.661524524100e-01
  3.659999490150e-01
  3.658478697630e-01
  3.656961204020e-01
  3.655447009300e-01
  3.653937056030e-01
  3.652429930390e-01
  3.650927046180e-01
  3.649427932150e-01
  3.647931645750e-01
  3.646439600780e-01
  3.644952268530e-01
  3.643465407550e-01
  3.641983730560e-01
  3.640505823740e-01
  3.638962881470e-01
  3.637246511370e-01
  3.635527784900e-01
  3.633810943530e-01
  3.632099286130e-01
  3.630391398910e-01
  3.628689166940e-01
  3.626988820060e-01
  3.625293185890e-01
  3.623602264440e-01
  3.621915584420e-01
  3.620231732040e-01
  3.618552121090e-01
  3.616877222860e-01
  3.615206566070e-01
  3.613538265640e-01
  3.611875620470e-01
  3.610216274190e-01
  3.608560698080e-01
  3.606909363410e-01
  3.605262270190e-01
  3.603618475870e-01
  3.601978451710e-01
  3.600343611540e-01
  3.598712070270e-01
  3.597083827900e-01
  3.595459826970e-01
  3.593841481300e-01
  3.592223606900e-01
  3.590611387750e-01
  3.589002467500e-01
  3.587320500200e-01
  3.585435414970e-01
  3.583546559560e-01
  3.581662888140e-01
  3.579782044350e-01
  3.577906384540e-01
  3.576035437440e-01
  3.574169203060e-01
  3.572307210120e-01
  3.570449458620e-01
  3.568595948570e-01
  3.566746679950e-01
  3.564903066590e-01
  3.563062752130e-01
  3.561227150380e-01
  3.559395790080e-01
  3.557518245190e-01
  3.555513457040e-01
  3.553489346770e-01
  3.551472776840e-01
  3.549460919620e-01
  3.547455188930e-01
  3.545451343330e-01
  3.543453624250e-01
  3.541460617890e-01
  3.539474209320e-01
  3.537489214570e-01
  3.535510817610e-01
  3.533537133370e-01
  3.531569104390e-01
  3.529603431760e-01
  3.527643885660e-01
  3.525689052270e-01
  3.523732333800e-01
  3.521669108010e-01
  3.519571008140e-01
  3.517478092260e-01
  3.515391774180e-01
  3.513307341180e-01
  3.511229034710e-01
  3.509155912220e-01
  3.507088444990e-01
  3.505023805390e-01
  3.502966234850e-01
  3.500912434490e-01
  3.498864760660e-01
  3.496820385720e-01
  3.494781666040e-01
  3.492747659070e-01
  3.490716008460e-01
  3.488627334020e-01
  3.486517452370e-01
  3.484413225980e-01
  3.482314183570e-01
  3.480218440060e-01
  3.478128823080e-01
  3.476043918810e-01
  3.473964198520e-01
  3.471889190950e-01
  3.469819367360e-01
  3.467754727760e-01
  3.465694329600e-01
  3.463639586690e-01
  3.461589085230e-01
  3.459543767750e-01
  3.457502691710e-01
  3.455468213470e-01
  3.453437505400e-01
  3.451411510050e-01
  3.449390227400e-01
  3.447351036450e-01
  3.445268017270e-01
  3.443191595880e-01
  3.441119415940e-01
  3.439053362520e-01
  3.436991550550e-01
  3.434934451280e-01
  3.432882064730e-01
  3.430832034540e-01
  3.428782004350e-01
  3.426736215600e-01
  3.424696082100e-01
  3.422660661320e-01
  3.420630424520e-01
  3.418604900440e-01
  3.416585974150e-01
  3.414567990410e-01
  3.412557075740e-01
  3.410550402500e-01
  3.408550327070e-01
  3.406552136720e-01
  3.404559601630e-01
  3.402572250520e-01
  3.400591025940e-01
  3.398612157710e-01
  3.396638944740e-01
  3.394670444490e-01
  3.392707599490e-01
  3.390748053390e-01
  3.388793691270e-01
  3.386844041870e-01
  3.384899105170e-01
  3.382958409930e-01
  3.381022427390e-01
  3.379091628840e-01
  3.377164600460e-01
  3.375243227330e-01
  3.373326095650e-01
  3.371413205410e-01
  3.369505027880e-01
  3.367613816120e-01
  3.365735799950e-01
  3.363863910310e-01
  3.361996262120e-01
  3.360133797910e-01
  3.358275103860e-01
  3.356420651270e-01
  3.354571382650e-01
  3.352725884210e-01
  3.350887926100e-01
  3.349057037070e-01
  3.347227561850e-01
  3.345403270610e-01
  3.343584163360e-01
  3.341770711370e-01
  3.339958673180e-01
  3.338151818990e-01
  3.336350148770e-01
  3.334553191270e-01
  3.332758590130e-01
  3.330969172970e-01
  3.329183997250e-01
  3.327404476790e-01
  3.325627783960e-01
  3.323855332570e-01
  3.322087122620e-01
  3.320323625380e-01
  3.318563427040e-01
  3.316808412690e-01
  3.315057639780e-01
  3.313310165770e-01
  3.311576358620e-01
  3.309851034360e-01
  3.308129951540e-01
  3.306413110160e-01
  3.304699567690e-01
  3.302990737920e-01
  3.301286149600e-01
  3.299585331440e-01
  3.297888283460e-01
  3.296196419460e-01
  3.294507854370e-01
  3.292823059440e-01
  3.291142977220e-01
  3.289474676790e-01
  3.287818629410e-01
  3.286167294740e-01
  3.284520201520e-01
  3.282876407200e-01
  3.281237325590e-01
  3.279602485420e-01
  3.277970944150e-01
  3.276343173050e-01
  3.274719643390e-01
  3.273105539150e-01
  3.271496147640e-01
  3.269898066630e-01
  3.268307525960e-01
  3.266721226740e-01
  3.265138697680e-01
  3.263559938800e-01
  3.261984478810e-01
  3.260413260270e-01
  3.258844869360e-01
  3.257282133700e-01
  3.255721283120e-01
  3.254165145260e-01
  3.252612777570e-01
  3.251080203270e-01
  3.249564594750e-01
  3.248053698930e-01
  3.246547044560e-01
  3.245044160350e-01
  3.243544103780e-01
  3.242047817370e-01
  3.240555772410e-01
  3.239066083800e-01
  3.237581107910e-01
  3.236098959640e-01
  3.234621052820e-01
  3.233145502350e-01
  3.231675135870e-01
  3.230207125740e-01
  3.228742414520e-01
  3.227281944730e-01
  3.225826187660e-01
  3.224370901860e-01
  3.222920328770e-01
  3.221473997120e-01
  3.220031435650e-01
  3.218589816720e-01
  3.217153381770e-01
  3.215720245720e-01
  3.214293236190e-01
  3.212888847690e-01
  3.211519804540e-01
  3.210154531560e-01
  3.208793028750e-01
  3.207434353570e-01
  3.206079919830e-01
  3.204727842440e-01
  3.203378592690e-01
  3.202034055640e-01
  3.200691403680e-01
  3.199352521900e-01
  3.198016939010e-01
  3.196684183750e-01
  3.195354727390e-01
  3.194028569920e-01
  3.192705711360e-01
  3.191386151700e-01
  3.190069419660e-01
  3.188756929060e-01
  3.187445381010e-01
  3.186137603130e-01
  3.184833595420e-01
  3.183533357880e-01
  3.182234534150e-01
  3.180939951870e-01
  3.179647725940e-01
  3.178394615530e-01
  3.177275817440e-01
  3.176173042580e-01
  3.175074037890e-01
  3.173975975740e-01
  3.172881683760e-01
  3.171789276870e-01
  3.170700640150e-01
  3.169612945970e-01
  3.168529021960e-01
  3.167446983030e-01
  3.166368714280e-01
  3.165291859340e-01
  3.164217832020e-01
  3.163146632340e-01
  3.162089099520e-01
  3.161190856410e-01
  3.160343510600e-01
  3.159498049870e-01
  3.158654474230e-01
  3.157812312400e-01
  3.156972978200e-01
  3.156135529080e-01
  3.155299965050e-01
  3.154466286110e-01
  3.153634963520e-01
  3.152805054740e-01
  3.151977031050e-01
  3.151151363720e-01
  3.150429376080e-01
  3.149952920780e-01
  3.149489661090e-01
  3.149026872660e-01
  3.148565026780e-01
  3.148104594710e-01
  3.147646047730e-01
  3.147187500740e-01
  3.146730367570e-01
  3.146274176950e-01
  3.145818928860e-01
  3.145364623320e-01
  3.144911731590e-01
  3.144460253680e-01
  3.144009718310e-01
  3.143560125480e-01
  3.143111946470e-01
  3.142663767450e-01
  3.142217944790e-01
  3.141772122140e-01
  3.141328184560e-01
  3.140884718260e-01
  3.140442665780e-01
  3.140002027100e-01
  3.139561859700e-01
  3.139122634840e-01
  3.138684823790e-01
  3.138248426560e-01
  3.137812500600e-01
  3.137377045910e-01
  3.136943476310e-01
  3.136610758760e-01
  3.136525458660e-01
  3.136450526520e-01
  3.136376065650e-01
  3.136302076060e-01
  3.136227615190e-01
  3.136154568140e-01
  3.136080107270e-01
  3.136006588950e-01
  3.135933070620e-01
  3.135860494840e-01
  3.135786976520e-01
  3.135714872010e-01
  3.135641824950e-01
  3.135570662990e-01
  3.135552754680e-01
  3.135578674600e-01
  3.135736550490e-01
  3.135934484440e-01
  3.136131475840e-01
  3.136327995980e-01
  3.136524516120e-01
  3.136719622440e-01
  3.136914728760e-01
  3.137109835080e-01
  3.137303998860e-01
  3.137497220100e-01
  3.137690912600e-01
  3.137883662570e-01
  3.138075469990e-01
  3.138267748690e-01
  3.138459556110e-01
  3.138650420990e-01
  3.138849297480e-01
  3.139213590200e-01
  3.139642918360e-01
  3.140071303980e-01
  3.140498747060e-01
  3.140924305050e-01
  3.141349863040e-01
  3.141773064680e-01
  3.142195795040e-01
  3.142643031520e-01
  3.143266052190e-01
  3.143922061850e-01
  3.144575243880e-01
  3.145228425910e-01
  3.145879722860e-01
  3.146528192180e-01
  3.147175718960e-01
  3.147822774470e-01
  3.148467002350e-01
  3.149110287680e-01
  3.149751216660e-01
  3.150391674370e-01
  3.151030718270e-01
  3.151667405800e-01
  3.152302679530e-01
  3.152937010710e-01
  3.153569456810e-01
  3.154200960360e-01
  3.154830107560e-01
  3.155457369670e-01
  3.156084631780e-01
  3.156709066260e-01
  3.157332558210e-01
  3.157955107600e-01
  3.158575300650e-01
  3.159193608600e-01
  3.159811916560e-01
  3.160552283790e-01
  3.161503780560e-01
  3.162454334790e-01
  3.163403475200e-01
  3.164349316720e-01
  3.165293744420e-01
  3.166235815770e-01
  3.167176002030e-01
  3.168113360660e-01
  3.169047891670e-01
  3.169981951400e-01
  3.170912712230e-01
  3.171844415610e-01
  3.172960857340e-01
  3.174186634020e-01
  3.175408169250e-01
  3.176629233210e-01
  3.177845113180e-01
  3.179059108080e-01
  3.180269804070e-01
  3.181478143700e-01
  3.182683655710e-01
  3.183885868820e-01
  3.185084783030e-01
  3.186282754690e-01
  3.187476013650e-01
  3.188666444970e-01
  3.189854519940e-01
  3.191039767280e-01
  3.192222658270e-01
  3.193402250350e-01
  3.194579014810e-01
  3.195752951640e-01
  3.196923589570e-01
  3.198092813690e-01
  3.199258267630e-01
  3.200419951410e-01
  3.201580221370e-01
  3.202737192440e-01
  3.203892278410e-01
  3.205171308740e-01
  3.206583237590e-01
  3.207991396260e-01
  3.209396727300e-01
  3.210797816900e-01
  3.212196550140e-01
  3.213592455760e-01
  3.214983648660e-01
  3.216382381910e-01
  3.217833897540e-01
  3.219288712070e-01
  3.220741641510e-01
  3.222190329510e-01
  3.223634304800e-01
  3.225076866280e-01
  3.226515186310e-01
  3.227949264900e-01
  3.229413504860e-01
  3.230924400680e-01
  3.232429641240e-01
  3.233932054170e-01
  3.235430696930e-01
  3.236925569520e-01
  3.238417143210e-01
  3.239905889280e-01
  3.241391336440e-01
  3.242949359390e-01
  3.244555923280e-01
  3.246159188270e-01
  3.247757740550e-01
  3.249352993930e-01
  3.250945890950e-01
  3.252533132720e-01
  3.254117075590e-01
  3.255697719560e-01
  3.257274593360e-01
  3.258846754440e-01
  3.260415616630e-01
  3.261979294830e-01
  3.263542973030e-01
  3.265100053440e-01
  3.266654306210e-01
  3.268228352380e-01
  3.269870732890e-01
  3.271576263760e-01
  3.273374635070e-01
  3.275168764940e-01
  3.276955354480e-01
  3.278741944010e-01
  3.280520993200e-01
  3.282297214760e-01
  3.284068252340e-01
  3.285836933560e-01
  3.287599959520e-01
  3.289358744050e-01
  3.291112815860e-01
  3.292864060040e-01
  3.294610591510e-01
  3.296352410270e-01
  3.298091401400e-01
  3.299825679810e-01
  3.301555716790e-01
  3.303280098500e-01
  3.305002123870e-01
  3.306720379060e-01
  3.308432507720e-01
  3.310142751300e-01
  3.311847339620e-01
  3.313716872900e-01
  3.315757477670e-01
  3.317790070830e-01
  3.319819836350e-01
  3.321843004080e-01
  3.323863815450e-01
  3.325877557750e-01
  3.327887058610e-01
  3.329892789300e-01
  3.331892864740e-01
  3.333887756190e-01
  3.335879348740e-01
  3.337865286030e-01
  3.339846510610e-01
  3.341822551210e-01
  3.343794350360e-01
  3.345760494260e-01
  3.347720982910e-01
  3.349681471550e-01
  3.351633477310e-01
  3.353582655440e-01
  3.355524293240e-01
  3.357464517210e-01
  3.359399085940e-01
  3.361328941940e-01
  3.363316293050e-01
  3.365530796930e-01
  3.367761324040e-01
  3.369987138430e-01
  3.372206355020e-01
  3.374420858900e-01
  3.376629707520e-01
  3.378833372160e-01
  3.381032324090e-01
  3.383225620760e-01
  3.385413262170e-01
  3.387595719600e-01
  3.389774406860e-01
  3.391946967600e-01
  3.394134609010e-01
  3.396499919710e-01
  3.398896805580e-01
  3.401287564930e-01
  3.403672197750e-01
  3.406049290230e-01
  3.408426382720e-01
  3.410793578500e-01
  3.413156532840e-01
  3.415511946840e-01
  3.417864533210e-01
  3.420209579240e-01
  3.422549441290e-01
  3.424925119960e-01
  3.427452076720e-01
  3.429986573810e-01
  3.432514944380e-01
  3.435036245890e-01
  3.437554248490e-01
  3.440064239480e-01
  3.442568575210e-01
  3.445067255690e-01
  3.447560280910e-01
  3.450046237070e-01
  3.452527009230e-01
  3.455000712330e-01
  3.457469231450e-01
  3.459933037850e-01
  3.462389775180e-01
  3.464841328530e-01
  3.467286284080e-01
  3.469725584370e-01
  3.472158286870e-01
  3.474587219190e-01
  3.477007197360e-01
  3.479424819170e-01
  3.481833958100e-01
  3.484238855590e-01
  3.486635741470e-01
  3.489030742260e-01
  3.491417731440e-01
  3.493800007900e-01
  3.496240722010e-01
  3.498828944040e-01
  3.501418108610e-01
  3.503996433940e-01
  3.506574759260e-01
  3.509143187900e-01
  3.511706432540e-01
  3.514263079390e-01
  3.516814542260e-01
  3.519358936050e-01
  3.521897203320e-01
  3.524429815330e-01
  3.526955829550e-01
  3.529476659780e-01
  3.531990892210e-01
  3.534501354470e-01
  3.537002391310e-01
  3.539498244160e-01
  3.541990326840e-01
  3.544474869180e-01
  3.546953284990e-01
  3.549425103000e-01
  3.551893150850e-01
  3.554354129620e-01
  3.556806154240e-01
  3.559257236310e-01
  3.561702663130e-01
  3.564139607070e-01
  3.566568539400e-01
  3.569014908760e-01
  3.571544221870e-01
  3.574116891950e-01
  3.576785230100e-01
  3.579449326800e-01
  3.582106354440e-01
  3.584756784280e-01
  3.587401087590e-01
  3.590037850570e-01
  3.592670843370e-01
  3.595296767100e-01
  3.597914207950e-01
  3.600527878620e-01
  3.603134951500e-01
  3.605735897860e-01
  3.608329303870e-01
  3.610917525890e-01
  3.613498678850e-01
  3.616074647830e-01
  3.618643547730e-01
  3.621209148730e-01
  3.623765795580e-01
  3.626317729720e-01
  3.628861652240e-01
  3.631402275870e-01
  3.633933474070e-01
  3.636462787180e-01
  3.638981732320e-01
  3.641496907300e-01
  3.644006898290e-01
  3.646509820210e-01
  3.649005673060e-01
  3.651498227010e-01
  3.653982298080e-01
  3.656462127700e-01
  3.658941957330e-01
  3.661539133510e-01
  3.664176839030e-01
  3.666805119110e-01
  3.669430100300e-01
  3.672047541150e-01
  3.674659326740e-01
  3.677262629450e-01
  3.679863104530e-01
  3.682456039270e-01
  3.685043318760e-01
  3.687643793840e-01
  3.690301764020e-01
  3.692959262930e-01
  3.695607336410e-01
  3.698249283370e-01
  3.700886988880e-01
  3.703516211510e-01
  3.706137422530e-01
  3.708759576090e-01
  3.711369476600e-01
  3.713974664400e-01
  3.716605772110e-01
  3.719298616370e-01
  3.721983920290e-01
  3.724663097670e-01
  3.727333792180e-01
  3.729997417620e-01
  3.732660100510e-01
  3.735314300520e-01
  3.737960960190e-01
  3.740599608250e-01
  3.743234957410e-01
  3.745864651310e-01
  3.748484448510e-01
  3.751115084960e-01
  3.753782480560e-01
  3.756461657950e-01
  3.759160157470e-01
  3.761852059180e-01
  3.764535949280e-01
  3.767215126670e-01
  3.769886292450e-01
  3.772552745520e-01
  3.775214957140e-01
  3.777910157750e-01
  3.780622324130e-01
  3.783326478900e-01
  3.786024978420e-01
  3.788719236490e-01
  3.791402655320e-01
  3.794083717790e-01
  3.796759596280e-01
  3.799479774280e-01
  3.802206078800e-01
  3.804925785520e-01
  3.807637951900e-01
  3.810348233200e-01
  3.813048146520e-01
  3.815742404590e-01
  3.818438547750e-01
  3.821204439060e-01
  3.823983997240e-01
  3.826755543810e-01
  3.829519078760e-01
  3.832280257360e-01
  3.835030596710e-01
  3.837777165900e-01
  3.840515252200e-01
  3.843246740710e-01
  3.845973045230e-01
  3.848692280680e-01
  3.851407745960e-01
  3.854113314540e-01
  3.856813227870e-01
  3.859506543400e-01
  3.862192318590e-01
  3.867814622120e-01
  3.889789638700e-01
  3.888728665920e-01
  3.927638712230e-01
  3.939765374980e-01
  3.944016791450e-01
  3.950227212850e-01
  3.977332066450e-01
  3.984179047650e-01
  4.022868501090e-01
  4.017457317710e-01
  4.026356681390e-01
  4.075378667720e-01
  4.072238967280e-01
  4.116463454260e-01
  4.120691991890e-01
  4.121616746690e-01
  4.169205192780e-01
  4.172334081710e-01
  4.207462716330e-01
  4.210945452060e-01
  4.218697651070e-01
  4.235853438090e-01
  4.250787965630e-01
  4.263015848280e-01
  4.282860745030e-01
  4.272162747660e-01
  4.318041950800e-01
  4.313670288860e-01
  4.315556043540e-01
  4.367773522110e-01
  4.368403682040e-01
  4.369858025300e-01
  4.371652790740e-01
  4.410215110930e-01
  4.426372506980e-01
  4.430017437920e-01
  4.436232529140e-01
  4.443123702680e-01
  4.451941832570e-01
  4.474857609970e-01
  4.460513308850e-01
  4.481477584980e-01
  4.522170497000e-01
  4.527974998990e-01
  4.530801953780e-01
  4.565518412650e-01
  4.588763956520e-01
  4.606897097300e-01
  4.622499976060e-01
  4.624728077620e-01
  4.637211991810e-01
  4.650620735040e-01
  4.664226746680e-01
  4.673780025740e-01
  4.721610634660e-01
  4.711055308400e-01
  4.714833807200e-01
  4.760551836850e-01
  4.751843995190e-01
  4.777445525180e-01
  4.810738912010e-01
  4.811927468950e-01
  4.814853195550e-01
  4.855082349620e-01
  4.873272616210e-01
  4.881729828440e-01
  4.884849644500e-01
  4.889638941580e-01
  4.910199328190e-01
  4.941296873960e-01
  4.947863357850e-01
  4.990036173820e-01
  4.997545174940e-01
  5.026182234310e-01
  5.045939329790e-01
  5.057963347560e-01
  5.077502437690e-01
  5.073083026520e-01
  5.063916904520e-01
  5.098594746530e-01
  5.107483562600e-01
  5.126394144150e-01
  5.141392498040e-01
  5.150076728680e-01
  5.155322849960e-01
  5.167096408150e-01
  5.165609526620e-01
  5.189865220510e-01
  5.193518523430e-01
  5.203132148210e-01
  5.227595841840e-01
  5.264519948880e-01
  5.300925657470e-01
  5.329013427460e-01
  5.340691530490e-01
  5.344254341580e-01
  5.347458986480e-01
  5.351474218030e-01
  5.361992516670e-01
  5.379086396340e-01
  5.399030970230e-01
  5.404270742740e-01
  5.397665756020e-01
  5.417150587600e-01
  5.436876572910e-01
  5.449088336970e-01
  5.449557571490e-01
  5.450771344080e-01
  5.474226255790e-01
  5.508605497760e-01
  5.528342340160e-01
  5.542323990530e-01
  5.576260976650e-01
  5.582185087170e-01
  5.610339482110e-01
  5.609056977190e-01
  5.609024007520e-01
  5.644543706730e-01
  5.664189842130e-01
  5.679152916650e-01
  5.712987506260e-01
  5.721443434470e-01
  5.721445758870e-01
  5.747379818990e-01
  5.781669519400e-01
  5.775126865100e-01
  5.796915146240e-01
  5.808013585560e-01
  5.822608473710e-01
  5.818178907680e-01
  5.818194897260e-01
  5.818176614950e-01
  5.849040017480e-01
  5.859193649670e-01
  5.874574982800e-01
  5.883051897140e-01
  5.890971474010e-01
  5.915845173680e-01
  5.948669220330e-01
  5.981111537220e-01
  6.013101433650e-01
  6.044596495200e-01
  6.075492675450e-01
  6.076530962870e-01
  6.076534551790e-01
  6.105880616180e-01
  6.135570708620e-01
  6.164304715190e-01
  6.172890872060e-01
  6.172895396260e-01
  6.192783045490e-01
  6.218891475990e-01
  6.242164874490e-01
  6.252464844010e-01
  6.252468121610e-01
  6.274006655530e-01
  6.307047486980e-01
  6.334692261940e-01
  6.363270154100e-01
  6.392328742990e-01
  6.419558799200e-01
  6.446553219760e-01
  6.473905806510e-01
  6.502464847810e-01
  6.530990900130e-01
  6.555836323520e-01
  6.581383941160e-01
  6.607252023290e-01
  6.623572148710e-01
  6.633817586960e-01
  6.646607890270e-01
  6.656089869000e-01
  6.662626402050e-01
  6.683621538850e-01
  6.809653624920e-01
  6.808832298000e-01
  6.841205239030e-01
  6.910199358620e-01
  6.869736004060e-01
  6.899690008430e-01
  6.882983440540e-01
  6.898851145500e-01
  6.974631571930e-01
  7.008845868940e-01
  6.999293199510e-01
  7.039398387880e-01
  7.025731519930e-01
  7.066953621290e-01
  7.179158607170e-01
  7.205474397040e-01
  7.328165169530e-01
  7.287819632800e-01
  7.225781477730e-01
  7.322575891810e-01
  7.394675689320e-01
  7.525557157150e-01
  7.490002504120e-01
  7.472586262060e-01
  7.377394170430e-01
  8.479066257760e-01
