1401
  2.753143421460e-01
  2.751718297020e-01
  2.750296471480e-01
  2.748879829930e-01
  2.747428314300e-01
  2.745883015680e-01
  2.744339602140e-01
  2.742801372590e-01
  2.741268327020e-01
  2.739748948320e-01
  2.738317226090e-01
  2.736911895050e-01
  2.735512690530e-01
  2.734116313640e-01
  2.732725592010e-01
  2.731377284800e-01
  2.730086943950e-01
  2.728802729640e-01
  2.727521814220e-01
  2.726246082790e-01
  2.724979305510e-01
  2.723788874190e-01
  2.722627190410e-01
  2.721469276810e-01
  2.720314662100e-01
  2.719164288830e-01
  2.718036536590e-01
  2.716985130300e-01
  2.715945034530e-01
  2.714908237650e-01
  2.713874268400e-01
  2.712843598040e-01
  2.711849686850e-01
  2.710919397290e-01
  2.709994762980e-01
  2.709073427570e-01
  2.708154919790e-01
  2.707239239640e-01
  2.706360318650e-01
  2.705532294960e-01
  2.704707570170e-01
  2.703887086820e-01
  2.703067074750e-01
  2.702251304110e-01
  2.701480775520e-01
  2.700785179070e-01
  2.700095237870e-01
  2.699408124310e-01
  2.698722895820e-01
  2.698040023700e-01
  2.697426899720e-01
  2.697011709700e-01
  2.696610657820e-01
  2.696211019750e-01
  2.695812324220e-01
  2.695415042510e-01
  2.695054991230e-01
  2.695016818250e-01
  2.695055462500e-01
  2.695094106750e-01
  2.695132750990e-01
  2.695170923970e-01
  2.695209096950e-01
  2.695415042510e-01
  2.695802427520e-01
  2.696188398730e-01
  2.696573427380e-01
  2.696957513500e-01
  2.697339714530e-01
  2.697751134380e-01
  2.698428351260e-01
  2.699165890850e-01
  2.699900602820e-01
  2.700632487170e-01
  2.701362957690e-01
  2.702090129320e-01
  2.702895531990e-01
  2.703935156500e-01
  2.704987976600e-01
  2.706036083990e-01
  2.707080421210e-01
  2.708122402070e-01
  2.709160612770e-01
  2.710302974420e-01
  2.711648925280e-01
  2.712995818680e-01
  2.714337999360e-01
  2.715674996070e-01
  2.717008222600e-01
  2.718336736420e-01
  2.719751492890e-01
  2.721353815330e-01
  2.722957551600e-01
  2.724555161330e-01
  2.726147587090e-01
  2.727735300120e-01
  2.729317357910e-01
  2.730939945020e-01
  2.732758581000e-01
  2.734592768940e-01
  2.736420359070e-01
  2.738242293950e-01
  2.740057631030e-01
  2.741866841590e-01
  2.743676052140e-01
  2.745620046290e-01
  2.747622478080e-01
  2.749619725880e-01
  2.751609904620e-01
  2.753592071740e-01
  2.755569526160e-01
  2.757539440230e-01
  2.759548941090e-01
  2.761715846560e-01
  2.763887936020e-01
  2.766054841500e-01
  2.768213264090e-01
  2.770363203800e-01
  2.772507959530e-01
  2.774644703640e-01
  2.776883242360e-01
  2.779285312220e-01
  2.781678427920e-01
  2.784066830920e-01
  2.786445337210e-01
  2.788814418080e-01
  2.791178786240e-01
  2.793533257690e-01
  2.796007432060e-01
  2.798653149190e-01
  2.801288498350e-01
  2.803916778440e-01
  2.806535161830e-01
  2.809144119790e-01
  2.811746008690e-01
  2.814338000880e-01
  2.817018120820e-01
  2.819945658190e-01
  2.822876494450e-01
  2.825796962750e-01
  2.828708476900e-01
  2.831609151800e-01
  2.834500872550e-01
  2.837382696600e-01
  2.840275359900e-01
  2.843453613600e-01
  2.846720937590e-01
  2.849976008510e-01
  2.853222596560e-01
  2.856456460280e-01
  2.859679956030e-01
  2.862893083810e-01
  2.866095843630e-01
  2.869362225070e-01
  2.872882150470e-01
  2.876412443840e-01
  2.879929541620e-01
  2.883436742700e-01
  2.886931690720e-01
  2.890413443150e-01
  2.893885770150e-01
  2.897345372830e-01
  2.900936460200e-01
  2.904895610470e-01
  2.908861358530e-01
  2.912813439720e-01
  2.916753267860e-01
  2.920678957860e-01
  2.924591452270e-01
  2.928491693620e-01
  2.932378739370e-01
  2.936323751500e-01
  2.940633998880e-01
  2.944991844680e-01
  2.949331310890e-01
  2.953653811330e-01
  2.957967357620e-01
  2.962265351950e-01
  2.966546851790e-01
  2.970814684760e-01
  2.975069793410e-01
  2.979509640400e-01
  2.984102650580e-01
  2.988681522610e-01
  2.993246727780e-01
  2.997793553370e-01
  3.002327183350e-01
  3.006845732660e-01
  3.011347787470e-01
  3.015836175420e-01
  3.020321735730e-01
  3.025068380350e-01
  3.029911635590e-01
  3.034740281420e-01
  3.039553846570e-01
  3.044348560860e-01
  3.049128665740e-01
  3.053894632490e-01
  3.058641748380e-01
  3.063374254860e-01
  3.068093565750e-01
  3.072978292860e-01
  3.077966699660e-01
  3.082938140700e-01
  3.087893558510e-01
  3.092831068010e-01
  3.097753496830e-01
  3.102658488610e-01
  3.107546985890e-01
  3.112420402490e-01
  3.117277795870e-01
  3.122179488750e-01
  3.127306449320e-01
  3.132436237510e-01
  3.137551416300e-01
  3.142647744230e-01
  3.147725692580e-01
  3.152790445330e-01
  3.157835404690e-01
  3.162862455740e-01
  3.167876311190e-01
  3.172872258340e-01
  3.177907321000e-01
  3.183067270560e-01
  3.188214024520e-01
  3.193343812710e-01
  3.198456635140e-01
  3.203551077990e-01
  3.208629026340e-01
  3.213691422730e-01
  3.218734968280e-01
  3.223763433140e-01
  3.228773989690e-01
  3.233789258960e-01
  3.238928472580e-01
  3.244074284000e-01
  3.249203129650e-01
  3.254316423350e-01
  3.259412280010e-01
  3.264488814550e-01
  3.269550268400e-01
  3.274595227760e-01
  3.279621336270e-01
  3.284633306640e-01
  3.289626897420e-01
  3.294599281000e-01
  3.299554227540e-01
  3.304494093390e-01
  3.309467419510e-01
  3.314439331820e-01
  3.319394278360e-01
  3.324332259130e-01
  3.329253274140e-01
  3.334159208460e-01
  3.339047705740e-01
  3.343919708530e-01
  3.348776630640e-01
  3.353634966560e-01
  3.358567292080e-01
  3.363494433610e-01
  3.368405551920e-01
  3.373299704460e-01
  3.378177833770e-01
  3.383038526050e-01
  3.387884137640e-01
  3.392713726010e-01
  3.397527291160e-01
  3.402335672320e-01
  3.407224169610e-01
  3.412118793420e-01
  3.416998807820e-01
  3.421877408410e-01
  3.426737158140e-01
  3.431581827190e-01
  3.436409059210e-01
  3.441220739270e-01
  3.446016396110e-01
  3.450795087180e-01
  3.455558697560e-01
  3.460306756000e-01
  3.465037848660e-01
  3.469755745740e-01
  3.474454320680e-01
  3.479138286220e-01
  3.483807642340e-01
  3.488460503970e-01
  3.493096871110e-01
  3.497717215020e-01
  3.502323892060e-01
  3.506914545880e-01
  3.511489176470e-01
  3.516050140200e-01
  3.520594609430e-01
  3.525093365340e-01
  3.529475245970e-01
  3.533849114980e-01
  3.538212616030e-01
  3.542524277230e-01
  3.546709166450e-01
  3.550868135750e-01
  3.555012024370e-01
  3.559148372640e-01
  3.563268697690e-01
  3.567371114430e-01
  3.571463163210e-01
  3.575542487660e-01
  3.579604846340e-01
  3.583655423230e-01
  3.587692804530e-01
  3.591715576420e-01
  3.595724681450e-01
  3.599720590870e-01
  3.603339011980e-01
  3.606686452090e-01
  3.610019754050e-01
  3.613340802960e-01
  3.616655254080e-01
  3.619954153240e-01
  3.623242213160e-01
  3.626522261470e-01
  3.629790056720e-01
  3.633045598920e-01
  3.636292658240e-01
  3.639528407040e-01
  3.642570934610e-01
  3.645327871770e-01
  3.648073498410e-01
  3.650806400730e-01
  3.653531762710e-01
  3.656248170530e-01
  3.658906611980e-01
  3.661340257020e-01
  3.663739970520e-01
  3.666134500040e-01
  3.668519604130e-01
  3.670896225340e-01
  3.673262007310e-01
  3.675367647520e-01
  3.677330963790e-01
  3.679288624810e-01
  3.681238745480e-01
  3.683184153450e-01
  3.685121549800e-01
  3.687002864860e-01
  3.688682004530e-01
  3.690331925380e-01
  3.691977133520e-01
  3.693613858780e-01
  3.695250112760e-01
  3.696876941320e-01
  3.698405745440e-01
  3.699782800210e-01
  3.701149958270e-01
  3.702517116340e-01
  3.703878147880e-01
  3.705232110350e-01
  3.706585601550e-01
  3.707932494950e-01
  3.709274675630e-01
  3.710613557420e-01
  3.711945841410e-01
  3.713273883960e-01
  3.714600983960e-01
  3.715921014900e-01
  3.717110974950e-01
  3.718162852510e-01
  3.719211431180e-01
  3.720255768400e-01
  3.721295864170e-01
  3.722334074870e-01
  3.723366630300e-01
  3.724398714470e-01
  3.725425143380e-01
  3.726447802120e-01
  3.727467161960e-01
  3.728484636720e-01
  3.729496927490e-01
  3.730507804440e-01
  3.731497474190e-01
  3.732320785170e-01
  3.733104509360e-01
  3.733882578290e-01
  3.734661118490e-01
  3.735435888520e-01
  3.736159289980e-01
  3.736789850990e-01
  3.737416170560e-01
  3.738038719960e-01
  3.738659384270e-01
  3.739278163500e-01
  3.739843689070e-01
  3.740388949970e-01
  3.740934682150e-01
  3.741476644150e-01
  3.741973835380e-01
  3.742438508890e-01
  3.742898469690e-01
  3.743348062520e-01
  3.743648262340e-01
  3.743902277580e-01
  3.744159591710e-01
  3.744414078220e-01
  3.744669036000e-01
  3.744920694880e-01
  3.745172353760e-01
  3.745417886110e-01
  3.745500829860e-01
  3.745517795620e-01
  3.745535703930e-01
  3.745550313340e-01
  3.745449461280e-01
  3.745180365370e-01
  3.744909384360e-01
  3.744640288450e-01
  3.744185040360e-01
  3.743547410280e-01
  3.742909780200e-01
  3.742273563940e-01
  3.741602002320e-01
  3.740699517760e-01
  3.739759331500e-01
  3.738822915410e-01
  3.737890740770e-01
  3.736958566120e-01
  3.736030632910e-01
  3.735106941150e-01
  3.734187019550e-01
  3.733142682330e-01
  3.731943296850e-01
  3.730749095350e-01
  3.729558192760e-01
  3.728370117790e-01
  3.727187226800e-01
  3.726008105990e-01
  3.724829456450e-01
  3.723659289790e-01
  3.722492422030e-01
  3.721328853170e-01
  3.720167640660e-01
  3.719011612140e-01
  3.717860296330e-01
  3.716710394340e-01
  3.715567561420e-01
  3.714426142310e-01
  3.713288022100e-01
  3.711999095070e-01
  3.710392531180e-01
  3.708777013130e-01
  3.707168092880e-01
  3.705566241710e-01
  3.703966746880e-01
  3.702374792400e-01
  3.700787079370e-01
  3.699204550310e-01
  3.697627205240e-01
  3.696054101610e-01
  3.694489480870e-01
  3.692926745210e-01
  3.691369193530e-01
  3.689819182200e-01
  3.688272941040e-01
  3.686733768940e-01
  3.685197895750e-01
  3.683666735270e-01
  3.682105413420e-01
  3.680256144810e-01
  3.678347967280e-01
  3.676446858820e-01
  3.674551876890e-01
  3.672597043500e-01
  3.670440505990e-01
  3.668275956870e-01
  3.666119890630e-01
  3.663972778550e-01
  3.661830850450e-01
  3.659694106340e-01
  3.657570557820e-01
  3.655448894390e-01
  3.653332414940e-01
  3.651230073640e-01
  3.649129146140e-01
  3.647036701530e-01
  3.644951797260e-01
  3.642873490790e-01
  3.640801310850e-01
  3.638622152320e-01
  3.636216312280e-01
  3.633810943530e-01
  3.631415942740e-01
  3.629030367370e-01
  3.626649504720e-01
  3.624277596220e-01
  3.621914641880e-01
  3.619559227880e-01
  3.617211354220e-01
  3.614874791070e-01
  3.612541055550e-01
  3.610218159270e-01
  3.607900918250e-01
  3.605593102650e-01
  3.603291413580e-01
  3.600997264850e-01
  3.598711127730e-01
  3.596435829850e-01
  3.594166187230e-01
  3.591902671130e-01
  3.589644810290e-01
  3.587309189690e-01
  3.584680909600e-01
  3.582039433920e-01
  3.579408326200e-01
  3.576783816280e-01
  3.574169674330e-01
  3.571563544000e-01
  3.568966367810e-01
  3.566378617060e-01
  3.563798877920e-01
  3.561227621660e-01
  3.558654951580e-01
  3.555918279090e-01
  3.553086409800e-01
  3.550265379750e-01
  3.547455188930e-01
  3.544652067190e-01
  3.541859313410e-01
  3.539077870150e-01
  3.536302082140e-01
  3.533537604650e-01
  3.530783495120e-01
  3.528035983390e-01
  3.525298839630e-01
  3.522506557120e-01
  3.519571479410e-01
  3.516642999500e-01
  3.513723473750e-01
  3.510814315960e-01
  3.507914583600e-01
  3.505024747930e-01
  3.502144337690e-01
  3.499273824150e-01
  3.496412264770e-01
  3.493561073350e-01
  3.490713180830e-01
  3.487783287100e-01
  3.484833599980e-01
  3.481895223370e-01
  3.478964387110e-01
  3.476044390080e-01
  3.473135232290e-01
  3.470233614840e-01
  3.467342365360e-01
  3.464462426400e-01
  3.461589556500e-01
  3.458727525840e-01
  3.455876334420e-01
  3.453031740810e-01
  3.450198457700e-01
  3.447349151370e-01
  3.444437637220e-01
  3.441533663420e-01
  3.438641000130e-01
  3.435757290990e-01
  3.432883007280e-01
  3.430011551190e-01
  3.427144807820e-01
  3.424289374960e-01
  3.421442424990e-01
  3.418604900440e-01
  3.415777272590e-01
  3.412959070160e-01
  3.410149821890e-01
  3.407350470320e-01
  3.404560072900e-01
  3.401779100910e-01
  3.399007554340e-01
  3.396245433200e-01
  3.393492266220e-01
  3.390748053390e-01
  3.388013737250e-01
  3.385287904000e-01
  3.382571496180e-01
  3.379864042510e-01
  3.377165543000e-01
  3.374475997640e-01
  3.371795877710e-01
  3.369125654470e-01
  3.366487948960e-01
  3.363863910310e-01
  3.361251182180e-01
  3.358648822010e-01
  3.356051174560e-01
  3.353463895070e-01
  3.350889339920e-01
  3.348323738910e-01
  3.345768505880e-01
  3.343220813180e-01
  3.340682074640e-01
  3.338151818990e-01
  3.335630046210e-01
  3.333117227600e-01
  3.330612420590e-01
  3.328115625200e-01
  3.325627312690e-01
  3.323147483060e-01
  3.320676136320e-01
  3.318212801190e-01
  3.315757477670e-01
  3.313311108310e-01
  3.310887359970e-01
  3.308473979600e-01
  3.306070495920e-01
  3.303675495130e-01
  3.301286149600e-01
  3.298906700760e-01
  3.296536206080e-01
  3.294170895380e-01
  3.291814538840e-01
  3.289475148060e-01
  3.287158849580e-01
  3.284849620170e-01
  3.282548873640e-01
  3.280257081260e-01
  3.277970944150e-01
  3.275693289910e-01
  3.273427417460e-01
  3.271176625690e-01
  3.268943742230e-01
  3.266721226740e-01
  3.264508136670e-01
  3.262299288050e-01
  3.260099393580e-01
  3.257908453270e-01
  3.255721754390e-01
  3.253544009680e-01
  3.251384644540e-01
  3.249262038570e-01
  3.247149800560e-01
  3.245044631630e-01
  3.242945589220e-01
  3.240853615880e-01
  3.238770125420e-01
  3.236691818950e-01
  3.234621052820e-01
  3.232558298300e-01
  3.230500727770e-01
  3.228450697580e-01
  3.226408207730e-01
  3.224371373130e-01
  3.222342078870e-01
  3.220319382420e-01
  3.218302812490e-01
  3.216293311630e-01
  3.214293707470e-01
  3.212340759160e-01
  3.210427397650e-01
  3.208521105210e-01
  3.206621410560e-01
  3.204727842440e-01
  3.202840872120e-01
  3.200960028330e-01
  3.199085311060e-01
  3.197217191600e-01
  3.195355198660e-01
  3.193499332240e-01
  3.191650063630e-01
  3.189806921540e-01
  3.187968963440e-01
  3.186138545670e-01
  3.184313311900e-01
  3.182494675920e-01
  3.180681695190e-01
  3.178886151510e-01
  3.177275817440e-01
  3.175733346450e-01
  3.174195116900e-01
  3.172662542600e-01
  3.171135623560e-01
  3.169613417240e-01
  3.168096394890e-01
  3.166584085260e-01
  3.165076488350e-01
  3.163575017960e-01
  3.162099938760e-01
  3.160852483610e-01
  3.159666765000e-01
  3.158485759100e-01
  3.157309465910e-01
  3.156135529080e-01
  3.154966304960e-01
  3.153801322290e-01
  3.152639167240e-01
  3.151481724910e-01
  3.150443985490e-01
  3.149768182430e-01
  3.149119241840e-01
  3.148473600150e-01
  3.147829372270e-01
  3.147187500740e-01
  3.146547514310e-01
  3.145910355500e-01
  3.145274610500e-01
  3.144641221860e-01
  3.144010189580e-01
  3.143380571110e-01
  3.142753780270e-01
  3.142128874520e-01
  3.141505853850e-01
  3.140885189530e-01
  3.140266881580e-01
  3.139649987430e-01
  3.139034978380e-01
  3.138422796950e-01
  3.137812500600e-01
  3.137204089340e-01
  3.136669196410e-01
  3.136510377980e-01
  3.136406227020e-01
  3.136302076060e-01
  3.136198396370e-01
  3.136095187950e-01
  3.135991979540e-01
  3.135889713660e-01
  3.135787447790e-01
  3.135685181910e-01
  3.135584329850e-01
  3.135555582300e-01
  3.135662089620e-01
  3.135934484440e-01
  3.136210649420e-01
  3.136484929330e-01
  3.136758737960e-01
  3.137031604040e-01
  3.137303527590e-01
  3.137574979860e-01
  3.137845018320e-01
  3.138114585510e-01
  3.138382738890e-01
  3.138650420990e-01
  3.138980310900e-01
  3.139557146990e-01
  3.140156604090e-01
  3.140754176110e-01
  3.141349391770e-01
  3.141942251080e-01
  3.142551604880e-01
  3.143397536880e-01
  3.144314159580e-01
  3.145227954640e-01
  3.146138450810e-01
  3.147046119350e-01
  3.147951431540e-01
  3.148853444820e-01
  3.149751216660e-01
  3.150647103420e-01
  3.151539691280e-01
  3.152429451510e-01
  3.153316384110e-01
  3.154200489090e-01
  3.155080823890e-01
  3.155958802340e-01
  3.156833953160e-01
  3.157705805080e-01
  3.158575300650e-01
  3.159441497310e-01
  3.160393465350e-01
  3.161693702900e-01
  3.163024101800e-01
  3.164348845450e-01
  3.165670290200e-01
  3.166987493510e-01
  3.168299512830e-01
  3.169608233250e-01
  3.170912240960e-01
  3.172269973600e-01
  3.173940630390e-01
  3.175651816510e-01
  3.177359232470e-01
  3.179059108080e-01
  3.180753328430e-01
  3.182442364800e-01
  3.184126217190e-01
  3.185803471770e-01
  3.187475542380e-01
  3.189142429000e-01
  3.190803189090e-01
  3.192458293920e-01
  3.194108214770e-01
  3.195752480370e-01
  3.197390619440e-01
  3.199024517070e-01
  3.200652288170e-01
  3.202274875280e-01
  3.203895106040e-01
  3.205736834310e-01
  3.207710518560e-01
  3.209677605000e-01
  3.211637622370e-01
  3.213591513220e-01
  3.215539748810e-01
  3.217540295510e-01
  3.219579015190e-01
  3.221610194530e-01
  3.223633362260e-01
  3.225651817270e-01
  3.227662260680e-01
  3.229715118500e-01
  3.231827356500e-01
  3.233931582900e-01
  3.236027797680e-01
  3.238118828470e-01
  3.240201847660e-01
  3.242315499480e-01
  3.244554980740e-01
  3.246798232160e-01
  3.249032529440e-01
  3.251262585270e-01
  3.253483686950e-01
  3.255695834470e-01
  3.257902798010e-01
  3.260101749940e-01
  3.262292218980e-01
  3.264476561490e-01
  3.266653834940e-01
  3.268882005690e-01
  3.271230350620e-01
  3.273733272540e-01
  3.276240907170e-01
  3.278741001460e-01
  3.281231670330e-01
  3.283714327580e-01
  3.286188973230e-01
  3.288654664710e-01
  3.291112344590e-01
  3.293562955390e-01
  3.296004140770e-01
  3.298437785810e-01
  3.300862947960e-01
  3.303280098500e-01
  3.305688766160e-01
  3.308089893480e-01
  3.310483480460e-01
  3.312944459230e-01
  3.315756063860e-01
  3.318601600020e-01
  3.321438653300e-01
  3.324266281150e-01
  3.327084012300e-01
  3.329892318030e-01
  3.332690727060e-01
  3.335480181940e-01
  3.338260682660e-01
  3.341031286680e-01
  3.343793879090e-01
  3.346546103540e-01
  3.349289373820e-01
  3.352023218680e-01
  3.354747638120e-01
  3.357464517210e-01
  3.360171499610e-01
  3.362912884810e-01
  3.365975677050e-01
  3.369095964380e-01
  3.372204469930e-01
  3.375303550060e-01
  3.378392262220e-01
  3.381470135130e-01
  3.384537640080e-01
  3.387595248330e-01
  3.390642017340e-01
  3.393695855420e-01
  3.396978260090e-01
  3.400330412900e-01
  3.403671726480e-01
  3.407001258280e-01
  3.410319479560e-01
  3.413627332880e-01
  3.416923875680e-01
  3.420208636700e-01
  3.423487742470e-01
  3.426944517520e-01
  3.430492719200e-01
  3.434029139100e-01
  3.437553305950e-01
  3.441065691010e-01
  3.444566765560e-01
  3.448055587060e-01
  3.451534040590e-01
  3.454999769790e-01
  3.458454188480e-01
  3.461896825390e-01
  3.465328623060e-01
  3.468748638950e-01
  3.472156873050e-01
  3.475553796650e-01
  3.478940352270e-01
  3.482314654840e-01
  3.485677646900e-01
  3.489030742260e-01
  3.492371113290e-01
  3.495746829680e-01
  3.499346871200e-01
  3.502965292310e-01
  3.506573345450e-01
  3.510168202990e-01
  3.513751750020e-01
  3.517322572730e-01
  3.520882084920e-01
  3.524429344060e-01
  3.527964350150e-01
  3.531487574450e-01
  3.534999488240e-01
  3.538500091530e-01
  3.541988913020e-01
  3.545464538920e-01
  3.548930268130e-01
  3.552384215550e-01
  3.555825438640e-01
  3.559257236310e-01
  3.562676309660e-01
  3.566083601220e-01
  3.569518697790e-01
  3.573079152520e-01
  3.576783345010e-01
  3.580511572330e-01
  3.584226132790e-01
  3.587927968920e-01
  3.591616609450e-01
  3.595295824560e-01
  3.598959958980e-01
  3.602612311620e-01
  3.606253825020e-01
  3.609882142830e-01
  3.613498207580e-01
  3.617103433090e-01
  3.620695463010e-01
  3.624275711140e-01
  3.627844177490e-01
  3.631399919510e-01
  3.634944351020e-01
  3.638477000750e-01
  3.641998811240e-01
  3.645507897410e-01
  3.649005201790e-01
  3.652490724390e-01
  3.655964936470e-01
  3.659455171780e-01
  3.663120248750e-01
  3.666803234030e-01
  3.670475851340e-01
  3.674136215590e-01
  3.677781970430e-01
  3.681419713670e-01
  3.685042376220e-01
  3.688702269200e-01
  3.692426726350e-01
  3.696135631550e-01
  3.699830869880e-01
  3.703516211510e-01
  3.707187886280e-01
  3.710847307990e-01
  3.714497304280e-01
  3.718220347610e-01
  3.721982035200e-01
  3.725730055920e-01
  3.729466294850e-01
  3.733190280730e-01
  3.736902484830e-01
  3.740598665700e-01
  3.744286363690e-01
  3.747960394820e-01
  3.751645736450e-01
  3.755388573180e-01
  3.759159214920e-01
  3.762924672680e-01
  3.766675521030e-01
  3.770420242840e-01
  3.774148941440e-01
  3.777907330120e-01
  3.781704363060e-01
  3.785486315310e-01
  3.789254129420e-01
  3.793011104290e-01
  3.796761952640e-01
  3.800570767360e-01
  3.804382880970e-01
  3.808180385180e-01
  3.811967521410e-01
  3.815740990780e-01
  3.819537081170e-01
  3.823427425820e-01
  3.827308345050e-01
  3.831172298510e-01
  3.835030125440e-01
  3.838870986610e-01
  3.842697709630e-01
  3.846515949780e-01
  3.850320051780e-01
  3.854109073100e-01
  3.857889611540e-01
  3.861655069300e-01
  3.866884501070e-01
  3.875856622070e-01
  3.881546552100e-01
  3.881866827840e-01
  3.897848089060e-01
  3.893285545680e-01
  3.900330270950e-01
  3.920348140620e-01
  3.939765374980e-01
  3.941514887390e-01
  3.945137387250e-01
  3.934650791280e-01
  3.949434774060e-01
  3.950229569210e-01
  3.966769501590e-01
  3.967339140150e-01
  3.990169066830e-01
  3.989100281370e-01
  3.989722769590e-01
  4.007238348720e-01
  4.014593448190e-01
  4.019080893590e-01
  4.021666287990e-01
  4.022733961670e-01
  4.032806774930e-01
  4.036836380060e-01
  4.060445318890e-01
  4.075378667720e-01
  4.086306264160e-01
  4.105983333520e-01
  4.116216348380e-01
  4.116490788000e-01
  4.120194037940e-01
  4.122322378870e-01
  4.133244198370e-01
  4.157141708540e-01
  4.172327483910e-01
  4.177814176630e-01
  4.189719280290e-01
  4.197075825420e-01
  4.196624761940e-01
  4.197166745230e-01
  4.207462716330e-01
  4.208421948270e-01
  4.224589586960e-01
  4.236877369940e-01
  4.238518010480e-01
  4.248248479130e-01
  4.252732024420e-01
  4.258297738580e-01
  4.263957706990e-01
  4.266238188860e-01
  4.267170363500e-01
  4.286314161680e-01
  4.273466637350e-01
  4.272446774470e-01
  4.275248962280e-01
  4.280040470980e-01
  4.300871848180e-01
  4.301273762600e-01
  4.305216580010e-01
  4.302087998270e-01
  4.306710412830e-01
  4.330430712070e-01
  4.329629141750e-01
  4.330627221210e-01
  4.329694941460e-01
  4.354198889450e-01
  4.366416579270e-01
  4.368524798770e-01
  4.369858025300e-01
  4.370597771310e-01
  4.372247431710e-01
  4.378190194810e-01
  4.388008982680e-01
  4.406880156760e-01
  4.423496166110e-01
  4.429726376780e-01
  4.434934480740e-01
  4.437562275310e-01
  4.439719340080e-01
  4.441425659930e-01
  4.444237474400e-01
  4.451941832570e-01
  4.457021296730e-01
  4.453309833880e-01
  4.453412071960e-01
  4.465208404270e-01
  4.476066578880e-01
  4.484795578760e-01
  4.480843832300e-01
  4.480817216860e-01
  4.499950584960e-01
  4.499950585310e-01
  4.499953878950e-01
  4.509996723350e-01
  4.533417848940e-01
  4.533406490490e-01
  4.536004339590e-01
  4.561393775080e-01
  4.561168672570e-01
  4.562406516150e-01
  4.579740587680e-01
  4.592263680170e-01
  4.603063743600e-01
  4.607044633490e-01
  4.608467401570e-01
  4.609219079310e-01
  4.610486799130e-01
  4.613117906850e-01
  4.619572438690e-01
  4.628707561740e-01
  4.637697061950e-01
  4.639086158740e-01
  4.641458055890e-01
  4.650620735040e-01
  4.660725950250e-01
  4.660056550150e-01
  4.661632522400e-01
  4.684246274120e-01
  4.684341610990e-01
  4.685541736930e-01
  4.709447831780e-01
  4.712163635640e-01
  4.711122921300e-01
  4.714833807200e-01
  4.733420747610e-01
  4.750146623070e-01
  4.755217045640e-01
  4.757153970720e-01
  4.759246415330e-01
  4.764323135260e-01
  4.772979261260e-01
  4.772974722490e-01
  4.780492991680e-01
  4.806354158370e-01
  4.806354695340e-01
  4.806368351700e-01
  4.803382161360e-01
  4.818096060180e-01
  4.818103489060e-01
  4.826473953060e-01
  4.848857212810e-01
  4.851893641890e-01
  4.867334663420e-01
  4.875306400500e-01
  4.881154877440e-01
  4.882120983630e-01
  4.884849644500e-01
  4.887453508870e-01
  4.892140211650e-01
  4.899355375380e-01
  4.915486992280e-01
  4.937078901250e-01
  4.938377334390e-01
  4.958650731440e-01
  4.979837988390e-01
  4.978658334760e-01
  4.978660911200e-01
  5.000633048610e-01
  5.010184249030e-01
  5.021589140060e-01
  5.025057571530e-01
  5.025055313300e-01
  5.041500227490e-01
  5.042161871340e-01
  5.055105830170e-01
  5.059531067760e-01
  5.062712149090e-01
  5.066218407630e-01
  5.070440998560e-01
  5.081891115650e-01
  5.087404791320e-01
  5.090658537700e-01
  5.090661068330e-01
  5.090938486900e-01
  5.098585943510e-01
  5.098562855700e-01
  5.098594746530e-01
  5.102720981850e-01
  5.119156313730e-01
  5.128982320510e-01
  5.133308591130e-01
  5.147335807260e-01
  5.141370157710e-01
  5.153382380830e-01
  5.156651085640e-01
  5.159732773400e-01
  5.160887388110e-01
  5.162042002810e-01
  5.165609526620e-01
  5.168479467710e-01
  5.176439341290e-01
  5.186001436140e-01
  5.199504702830e-01
  5.203132148210e-01
  5.203128455900e-01
  5.218307084350e-01
  5.237101384140e-01
  5.255546943160e-01
  5.273705026680e-01
  5.292004491600e-01
  5.310054182720e-01
  5.327755133070e-01
  5.337793211940e-01
  5.340691530490e-01
  5.343311798970e-01
  5.345262862180e-01
  5.347458986480e-01
  5.351474218030e-01
  5.359325598030e-01
  5.365621782720e-01
  5.368231346360e-01
  5.377328162020e-01
  5.386287029600e-01
  5.393968751930e-01
  5.401167103860e-01
  5.404270742740e-01
  5.407296304540e-01
  5.407965509800e-01
  5.409214378770e-01
  5.417150587600e-01
  5.432060848400e-01
  5.436143569440e-01
  5.437801696350e-01
  5.437802934470e-01
  5.437807073510e-01
  5.448928580190e-01
  5.450573732860e-01
  5.452494358220e-01
  5.454104508950e-01
  5.454121821760e-01
  5.465842339210e-01
  5.482803393610e-01
  5.500183879470e-01
  5.517225049990e-01
  5.528342340160e-01
  5.528345261670e-01
  5.534075392010e-01
  5.550567495080e-01
  5.567891428380e-01
  5.582185087170e-01
  5.585035832150e-01
  5.601452362720e-01
  5.609057570240e-01
  5.609056977190e-01
  5.609022534420e-01
  5.619010227230e-01
  5.636065535890e-01
  5.653215098810e-01
  5.664189842130e-01
  5.670630237340e-01
  5.687542500930e-01
  5.697986463770e-01
  5.704909296740e-01
  5.721430654530e-01
  5.721439355050e-01
  5.721445758870e-01
  5.721840855680e-01
  5.738934637140e-01
  5.756018222070e-01
  5.768115756570e-01
  5.776626916400e-01
  5.785976939160e-01
  5.791726449130e-01
  5.793903722570e-01
  5.796099846870e-01
  5.798060335520e-01
  5.807607255480e-01
  5.806727014880e-01
  5.818175953090e-01
  5.818178907680e-01
  5.818176614950e-01
  5.818187009020e-01
  5.829070344380e-01
  5.823080677950e-01
  5.840851770340e-01
  5.857630392220e-01
  5.859193649670e-01
  5.874406287510e-01
  5.890971474010e-01
  5.887937542670e-01
  5.898393997120e-01
  5.907663903770e-01
  5.924210239410e-01
  5.940605768240e-01
  5.956916468230e-01
  5.973147052100e-01
  5.989259818140e-01
  6.005250053640e-01
  6.021110722710e-01
  6.021475924800e-01
  6.036877071170e-01
  6.052490289620e-01
  6.067962126680e-01
  6.076530962870e-01
  6.076534551790e-01
  6.083494135050e-01
  6.098458093060e-01
  6.113468084240e-01
  6.128317843180e-01
  6.142988519020e-01
  6.157484824470e-01
  6.171697257530e-01
  6.172881816490e-01
  6.172894733470e-01
  6.172895396260e-01
  6.185897771670e-01
  6.199814413410e-01
  6.213410590670e-01
  6.224494891840e-01
  6.236969443380e-01
  6.247575384440e-01
  6.252464844010e-01
  6.252463488210e-01
  6.252468121610e-01
  6.265208020200e-01
  6.282998512100e-01
  6.300364859820e-01
  6.313866782810e-01
  6.326661798840e-01
  6.342897095430e-01
  6.356743046470e-01
  6.369943355830e-01
  6.385127717390e-01
  6.399685288120e-01
  6.413168360260e-01
  6.426081194110e-01
  6.439503000980e-01
  6.453758958070e-01
  6.467237317490e-01
  6.480725102350e-01
  6.495141291680e-01
  6.509943923480e-01
  6.524704140870e-01
  6.537419040780e-01
  6.550251758510e-01
  6.561543419060e-01
  6.574762579270e-01
  6.588151397150e-01
  6.601050092870e-01
  6.613585909680e-01
  6.622035804240e-01
  6.626112301060e-01
  6.632139861100e-01
  6.638327653380e-01
  6.643784975130e-01
  6.649817247880e-01
  6.656763786970e-01
  6.662626402050e-01
  6.672018839230e-01
  6.695492863120e-01
  6.783507492720e-01
  6.836516089510e-01
  6.803348014810e-01
  6.814330745150e-01
  6.841200526320e-01
  6.885184277550e-01
  6.935893070360e-01
  6.895627649750e-01
  6.843519181160e-01
  6.861738529950e-01
  6.938829090620e-01
  6.912027891290e-01
  6.853618525300e-01
  6.875834254790e-01
  6.922475976210e-01
  6.955512094940e-01
  6.994231745660e-01
  7.018252444260e-01
  6.999279061370e-01
  6.989754668230e-01
  7.009043802890e-01
  7.029492264970e-01
  7.049526008300e-01
  7.041707617290e-01
  7.009515074200e-01
  7.016885757460e-01
  7.118732199970e-01
  7.171580564520e-01
  7.186901594770e-01
  7.199545803980e-01
  7.211530233360e-01
  7.281410343000e-01
  7.376446915100e-01
  7.325822951120e-01
  7.249462860990e-01
  7.212025068230e-01
  7.239863064430e-01
  7.323108428390e-01
  7.322033929800e-01
  7.340319256580e-01
  7.450921920000e-01
  7.525557157150e-01
  7.511632898110e-01
  7.469065865380e-01
  7.487172109060e-01
  7.457764779400e-01
  7.400679685790e-01
  7.353783477870e-01
  8.479066257760e-01
