599
  5.133881358055e+03
  4.979928398589e+03
  4.830626169917e+03
  4.685710644248e+03
  4.545142583395e+03
  4.408768688219e+03
  4.276477704797e+03
  4.148138315524e+03
  4.023628355153e+03
  3.902853297989e+03
  3.785673346361e+03
  3.672016917716e+03
  3.561752054330e+03
  3.454801863658e+03
  3.351053705327e+03
  3.250389884267e+03
  3.152762040241e+03
  3.058048799731e+03
  2.966184019090e+03
  2.877064473576e+03
  2.790623950028e+03
  2.706782628844e+03
  2.625446457170e+03
  2.546542521021e+03
  2.470015859972e+03
  2.395788013010e+03
  2.323780735486e+03
  2.253938645085e+03
  2.186194227179e+03
  2.120483767167e+03
  2.056744765379e+03
  1.994918145516e+03
  1.934951572032e+03
  1.876785644241e+03
  1.820366589064e+03
  1.765640529360e+03
  1.712559258832e+03
  1.661073279244e+03
  1.611132020024e+03
  1.562695581119e+03
  1.515712098975e+03
  1.470139410380e+03
  1.425938331589e+03
  1.383063884827e+03
  1.341478972518e+03
  1.301144408553e+03
  1.262020429082e+03
  1.224073211329e+03
  1.187266331145e+03
  1.151566937131e+03
  1.116939924158e+03
  1.083353429539e+03
  1.050777233650e+03
  1.019180155176e+03
  9.885330170028e+02
  9.588077034446e+02
  9.299747604850e+02
  9.020093159522e+02
  8.748852806676e+02
  8.485758775335e+02
  8.230574609336e+02
  7.983069506191e+02
  7.743000521104e+02
  7.510157488003e+02
  7.284313304143e+02
  7.065255405450e+02
  6.852783703532e+02
  6.646708815663e+02
  6.446821459148e+02
  6.252946701133e+02
  6.064902952455e+02
  5.882519035832e+02
  5.705613182249e+02
  5.534028185912e+02
  5.367602973437e+02
  5.206180360830e+02
  5.049614992105e+02
  4.897756876328e+02
  4.750465189304e+02
  4.607602728807e+02
  4.469038057434e+02
  4.334639360173e+02
  4.204284502251e+02
  4.077846081700e+02
  3.955211188501e+02
  3.836263663333e+02
  3.720892850565e+02
  3.608991730717e+02
  3.500455584294e+02
  3.395184541861e+02
  3.293079823267e+02
  3.194044257316e+02
  3.097988445123e+02
  3.004819429884e+02
  2.914451804731e+02
  2.826803182415e+02
  2.741790257432e+02
  2.659334703600e+02
  2.579358477436e+02
  2.501786901294e+02
  2.453384468408e+02
  2.426125097318e+02
  2.391874705949e+02
  2.360334298867e+02
  2.335265687848e+02
  2.308348766568e+02
  2.275761794192e+02
  2.246678566574e+02
  2.222832266189e+02
  2.194471905822e+02
  2.168382724755e+02
  2.143465121428e+02
  2.109818144225e+02
  2.083536912252e+02
  2.065761023262e+02
  2.041248737998e+02
  2.005180986633e+02
  1.970469363832e+02
  1.950953801804e+02
  1.937276789390e+02
  1.921794125498e+02
  1.904607722232e+02
  1.877598948995e+02
  1.848718274377e+02
  1.823388753411e+02
  1.794864247238e+02
  1.772783727831e+02
  1.757468935418e+02
  1.734280481714e+02
  1.711625945374e+02
  1.696309678295e+02
  1.677192446932e+02
  1.653813777261e+02
  1.627167977595e+02
  1.605451857636e+02
  1.592349334693e+02
  1.579194803312e+02
  1.553247498806e+02
  1.529470136484e+02
  1.517625935256e+02
  1.504443750729e+02
  1.488264661081e+02
  1.471066981063e+02
  1.451232844070e+02
  1.429999385100e+02
  1.413545040916e+02
  1.396952018330e+02
  1.379077138128e+02
  1.365911040126e+02
  1.356285849178e+02
  1.344104810067e+02
  1.321102216717e+02
  1.301134250772e+02
  1.294111572347e+02
  1.285751939878e+02
  1.261740813707e+02
  1.235754378000e+02
  1.222779102999e+02
  1.208929053273e+02
  1.192272405630e+02
  1.177452999609e+02
  1.168570774840e+02
  1.158256393257e+02
  1.138938413728e+02
  1.117653357129e+02
  1.096093533607e+02
  1.080710835391e+02
  1.075419954181e+02
  1.069157604309e+02
  1.061951488782e+02
  1.046494056542e+02
  1.028076776774e+02
  1.016339073481e+02
  1.007383922676e+02
  9.947289313926e+01
  9.792986067519e+01
  9.687500605469e+01
  9.579278105602e+01
  9.448750449997e+01
  9.325009208447e+01
  9.227722662641e+01
  9.156855096431e+01
  9.086943879035e+01
  8.937293269235e+01
  8.728715028403e+01
  8.616077082872e+01
  8.567255094304e+01
  8.469315247393e+01
  8.353646617358e+01
  8.261731658956e+01
  8.161906098903e+01
  8.053442645395e+01
  7.955936839409e+01
  7.886198994036e+01
  7.759408670984e+01
  7.637878991556e+01
  7.568006102840e+01
  7.477183374931e+01
  7.395235397738e+01
  7.304383141192e+01
  7.198916131187e+01
  7.089227139546e+01
  7.000384321099e+01
  6.937064178943e+01
  6.881038541385e+01
  6.797237059080e+01
  6.676663858017e+01
  6.595666515186e+01
  6.451017022950e+01
  6.422721566722e+01
  6.404356376623e+01
  6.334562021529e+01
  6.132544237285e+01
  6.088967776077e+01
  6.095500966232e+01
  6.076111825336e+01
  5.833802843474e+01
  5.812792660700e+01
  5.808684627771e+01
  5.791567503218e+01
  5.545464428524e+01
  5.542501206394e+01
  5.526576613562e+01
  5.528484913832e+01
  5.308596982406e+01
  5.262927887227e+01
  5.233641163188e+01
  5.222881161536e+01
  5.037336610175e+01
  5.029513605930e+01
  5.019215714185e+01
  5.017264254729e+01
  4.797871148445e+01
  4.793322431471e+01
  4.794594799093e+01
  4.728259858731e+01
  4.561248024538e+01
  4.566506800461e+01
  4.549851840556e+01
  4.538850218719e+01
  4.345004898928e+01
  4.342365906292e+01
  4.330781221580e+01
  4.336104483573e+01
  4.140113903879e+01
  4.135350805591e+01
  4.136399458470e+01
  4.125317478895e+01
  3.963639915554e+01
  3.928912555468e+01
  3.917675400358e+01
  3.880500785215e+01
  3.770112568178e+01
  3.749442524796e+01
  3.742956019854e+01
  3.741735742025e+01
  3.564949283656e+01
  3.566308842126e+01
  3.563655487274e+01
  3.568701512010e+01
  3.427815244834e+01
  3.388655198149e+01
  3.382462457459e+01
  3.366164727376e+01
  3.247142368048e+01
  3.231934620827e+01
  3.222420506145e+01
  3.199794540425e+01
  3.087809905243e+01
  3.082728154200e+01
  3.079831697194e+01
  3.076806979832e+01
  2.940963852032e+01
  2.939077272042e+01
  2.925311966911e+01
  2.919417812174e+01
  2.801710057851e+01
  2.797806936271e+01
  2.785342422725e+01
  2.783578879622e+01
  2.663963582694e+01
  2.671640095761e+01
  2.656285107059e+01
  2.642985811173e+01
  2.530277746823e+01
  2.535409467391e+01
  2.532982224635e+01
  2.525782507677e+01
  2.419993277995e+01
  2.409856465656e+01
  2.409135402137e+01
  2.394601253611e+01
  2.316832941478e+01
  2.286533173996e+01
  2.283578510729e+01
  2.276308685662e+01
  2.196100955806e+01
  2.186596312149e+01
  2.175189059169e+01
  2.197524138157e+01
  2.095533990836e+01
  2.088012267023e+01
  2.071908560287e+01
  2.080001744727e+01
  1.994960889412e+01
  1.980703255498e+01
  1.979238774992e+01
  1.983471019147e+01
  1.896841911377e+01
  1.887038163414e+01
  1.872392726684e+01
  1.880307523324e+01
  1.799663503069e+01
  1.797495948039e+01
  1.802470591679e+01
  1.768602579824e+01
  1.716835946474e+01
  1.704697916366e+01
  1.718644533186e+01
  1.707776105367e+01
  1.646133568650e+01
  1.631369624762e+01
  1.612394244678e+01
  1.622498112650e+01
  1.564418615430e+01
  1.555259441000e+01
  1.546808857534e+01
  1.547602968846e+01
  1.480330209017e+01
  1.480198441100e+01
  1.474408986780e+01
  1.471139359812e+01
  1.422947185820e+01
  1.412036981507e+01
  1.410599075409e+01
  1.400747297267e+01
  1.351719028601e+01
  1.331289792961e+01
  1.329042865155e+01
  1.329911479468e+01
  1.281402057562e+01
  1.276953344935e+01
  1.271125503616e+01
  1.273035696585e+01
  1.226429571245e+01
  1.212520427310e+01
  1.215318127848e+01
  1.196198147352e+01
  1.170108885551e+01
  1.163473397086e+01
  1.166857219496e+01
  1.142429631878e+01
  1.119101993073e+01
  1.098973781601e+01
  1.102893945187e+01
  1.089180146841e+01
  1.060454800009e+01
  1.053924580003e+01
  1.041683847418e+01
  1.035350826598e+01
  1.011158580321e+01
  9.992995243501e+00
  9.920743182713e+00
  9.928476708808e+00
  9.604686790377e+00
  9.544689353158e+00
  9.516005445116e+00
  9.418701770326e+00
  9.089587117555e+00
  9.084618574622e+00
  9.043963928125e+00
  8.963175688999e+00
  8.762846651359e+00
  8.695735350512e+00
  8.695831247771e+00
  8.570879136862e+00
  8.357779839363e+00
  8.148472993501e+00
  8.154650707154e+00
  8.152104509193e+00
  7.885746983505e+00
  7.854406362891e+00
  7.775224728493e+00
  7.764992501386e+00
  7.513029622635e+00
  7.425713006300e+00
  7.303390891357e+00
  7.303877221676e+00
  7.180739094559e+00
  7.113602828399e+00
  7.036745544627e+00
  7.013383411988e+00
  6.731812875040e+00
  6.744057153511e+00
  6.781417595043e+00
  6.707384964994e+00
  6.500074100845e+00
  6.397256856260e+00
  6.357695386284e+00
  6.317899564912e+00
  6.184822250949e+00
  6.085245773949e+00
  6.081003762877e+00
  6.081085119600e+00
  5.895667892299e+00
  5.886293295159e+00
  5.853301252139e+00
  5.767292071819e+00
  5.577829409672e+00
  5.544979770037e+00
  5.569500641410e+00
  5.509383881185e+00
  5.367040213173e+00
  5.354614714053e+00
  5.272238903442e+00
  5.219344359425e+00
  5.101341393739e+00
  5.048765102620e+00
  5.029117572398e+00
  4.988652365469e+00
  4.811656689332e+00
  4.804330673842e+00
  4.809736292792e+00
  4.778370316290e+00
  4.673943373306e+00
  4.556394982118e+00
  4.561303000060e+00
  4.562897981571e+00
  4.385572727881e+00
  4.325478378322e+00
  4.347794840281e+00
  4.248378924812e+00
  4.170782993537e+00
  4.112619651356e+00
  4.104856807275e+00
  4.103274495113e+00
  4.032355621507e+00
  4.013847774823e+00
  3.990276494239e+00
  3.912621765680e+00
  3.788922176675e+00
  3.720980076384e+00
  3.709531790316e+00
  3.685315345063e+00
  3.598513813795e+00
  3.589172218675e+00
  3.521893144353e+00
  3.502775424107e+00
  3.482213029954e+00
  3.467030103876e+00
  3.444604388908e+00
  3.376727660498e+00
  3.270201012716e+00
  3.207294156663e+00
  3.189012448948e+00
  3.172291933337e+00
  3.125251973440e+00
  3.054226018623e+00
  3.049887001687e+00
  3.048392985457e+00
  3.006128293138e+00
  2.993606853204e+00
  2.971610128317e+00
  2.912360377803e+00
  2.813074042922e+00
  2.793583287875e+00
  2.744454760545e+00
  2.735419053890e+00
  2.704470841883e+00
  2.670284011407e+00
  2.659720186797e+00
  2.628665279432e+00
  2.551236730565e+00
  2.532751185397e+00
  2.539931183786e+00
  2.536993165848e+00
  2.455939222381e+00
  2.425971480279e+00
  2.409725652734e+00
  2.380535220495e+00
  2.339690271802e+00
  2.312377183867e+00
  2.298521912499e+00
  2.269526209170e+00
  2.229679757785e+00
  2.203192028675e+00
  2.184400540421e+00
  2.157252954088e+00
  2.125693985944e+00
  2.094827828196e+00
  2.069076105792e+00
  2.048891887556e+00
  2.025896221035e+00
  1.984852296596e+00
  1.975220234731e+00
  1.975464728077e+00
  1.938014167271e+00
  1.934008908432e+00
  1.927583390631e+00
  1.885521326849e+00
  1.793149773373e+00
  1.686946576089e+00
  1.587035569911e+00
  1.493040044528e+00
  1.404611367211e+00
  1.321419241265e+00
  1.243155342081e+00
  1.169526900639e+00
  1.100259375145e+00
  1.035094463756e+00
  9.737894822946e-01
  9.161150127432e-01
  8.618557305218e-01
  8.108110299489e-01
  7.627893069144e-01
  7.176113302218e-01
  6.751091313911e-01
  6.351242779431e-01
  5.975079139923e-01
  5.621192344835e-01
  5.288266025165e-01
  4.971056026287e-01
  4.668667034869e-01
  4.393570799977e-01
  4.134539571472e-01
  3.890646380318e-01
  3.661043060456e-01
  3.444899860206e-01
  3.241435398355e-01
  3.049931651032e-01
  2.869690785079e-01
  2.700059563314e-01
  2.540416760450e-01
  2.390185896708e-01
  2.248812683124e-01
  2.115781934819e-01
  1.990602366229e-01
  1.872815945455e-01
  1.761985376931e-01
  1.657705937223e-01
  1.559587956862e-01
  1.467271554256e-01
  1.380413533243e-01
  1.298692528310e-01
  1.221805613659e-01
  1.149467302368e-01
  1.081409011057e-01
  1.017378141244e-01
  9.571365537150e-02
  9.004604054053e-02
  8.471388731698e-02
  7.969740489310e-02
  7.497786278601e-02
  7.053773027924e-02
  6.636052345181e-02
  6.243054601756e-02
  5.873335643512e-02
  5.525502958907e-02
  5.198264403481e-02
  4.890406001506e-02
  4.600778911870e-02
  4.328303556048e-02
  4.071962987485e-02
  3.830802641262e-02
  3.603923086515e-02
  3.390479871569e-02
  3.189677692638e-02
  3.000767296198e-02
  2.823043715397e-02
  2.655846394343e-02
  2.498552713341e-02
  2.350572352615e-02
  2.211356598721e-02
  2.080386119664e-02
  1.957173137407e-02
  1.841256443937e-02
  1.732204928851e-02
  1.629612271241e-02
  1.533095703499e-02
  1.442296112334e-02
  1.356873459609e-02
  1.276510245654e-02
  1.200906924910e-02
  1.129780737803e-02
  1.062867552886e-02
  9.999170068884e-03
  9.406957197404e-03
  8.849808136160e-03
  8.325659850171e-03
  7.832552558386e-03
  7.368659176670e-03
  6.932236006588e-03
  6.521663989524e-03
  6.135405955270e-03
  5.772022430079e-03
  5.430164018104e-03
  5.108551613230e-03
  4.805987106498e-03
  4.521345498164e-03
