1002
 -8.432902285853e-04
  3.430496802325e-04
  4.416435097108e-04
 -2.116780953403e-04
 -6.222282046270e-04
 -1.591341823345e-03
  1.120546962463e-04
 -1.148391515362e-04
  1.288988248704e-05
 -3.127072180592e-04
  4.769250282777e-05
  1.656406719652e-05
  2.112943505544e-05
  4.775655070453e-04
  6.047218898305e-04
  6.298107450342e-04
  5.414509971823e-04
  5.959996358406e-04
  6.227999945219e-04
  9.084544515039e-04
  6.137945773991e-04
  5.996491750424e-04
  4.628048612546e-04
  6.578746766133e-04
  4.707477371191e-04
  3.769831359623e-04
  3.012455204963e-04
  3.607709493845e-04
  6.522797386444e-04
  5.445109298335e-04
  6.227166849377e-04
  5.871596590458e-04
  6.968141409993e-04
  4.390373758969e-04
  3.171063509626e-04
  4.702675773019e-04
  4.038917047062e-04
  4.994371318725e-04
  2.713694087942e-04
  2.696607581575e-04
  4.541815199785e-04
  1.700782644802e-04
  3.579903058036e-04
  3.654904968978e-04
  5.915722356544e-04
  3.907889296808e-04
  4.073994515920e-04
  1.704066773500e-04
  3.550836513020e-04
  3.151935375532e-04
  2.444552098746e-04
  7.049256843959e-04
  2.996363053437e-04
  4.957905616579e-04
  3.729756564170e-04
  4.031047016886e-04
  1.847499868607e-04
  2.935363342841e-04
  4.006838665828e-04
  3.855430371170e-04
  3.750326956893e-04
  4.428353252923e-04
  1.929108238183e-04
  5.042135118736e-04
  3.939140541953e-04
  1.814482140656e-04
  4.348606128529e-04
  2.058256797312e-04
  2.026607091083e-04
  4.303251151736e-04
  2.419390892266e-04
  1.266563604019e-04
  3.525535214642e-04
  9.459865740680e-05
  2.804736018363e-04
  2.161390133977e-04
  6.287629678894e-04
  1.868005975112e-04
  6.155796476694e-04
  3.464683234978e-04
  2.786895480143e-04
  3.850191026864e-04
  3.893024842004e-04
  4.000658431293e-04
  1.271423329992e-03
  1.258460513161e-04
  4.144892063602e-04
  1.214812676993e-04
  4.351206523625e-04
  2.380448785140e-04
  4.775557235479e-04
  1.301747415727e-04
  3.053997690374e-04
  3.420301693971e-05
  4.748354285256e-04
  6.057653622381e-04
  8.834336632419e-04
  1.321866273827e-04
  2.460177614461e-04
  6.318590678135e-05
  4.095330669804e-04
  5.597203927905e-05
  3.713617400285e-04
  3.077937351132e-04
  8.627783395259e-04
  1.181656597541e-04
  2.129343128208e-04
  4.518430516902e-04
  8.628021330157e-04
  1.640436807997e-04
  4.534155634718e-04
  7.304934974567e-04
  1.258756759862e-04
  4.470310826062e-04
  9.717391802296e-04
  6.070762089884e-04
  2.168591797580e-04
  5.255697069886e-05
  3.489211956612e-04
  5.931246443245e-04
  4.794615757708e-05
  5.178484695159e-04
  5.852167998938e-05
  6.968613375374e-05
  3.915387597355e-04
  7.037151362080e-04
  5.330858506495e-04
  5.347205348887e-04
  3.116503284932e-04
  7.730689646796e-04
  9.753793296061e-05
  1.937380433579e-04
  1.662539612175e-04
  4.597517272160e-04
  2.814325286052e-04
  1.253556152263e-03
  1.280859027113e-04
  4.656885643741e-04
  4.921593683997e-04
  8.770959607654e-05
  6.345510046457e-05
  5.871167643484e-05
  4.848458283348e-04
  2.414821008040e-04
  1.345477320793e-04
  1.190079540329e-04
  1.132491344561e-04
  1.673627238556e-04
  1.987774773701e-03
  7.805425098854e-04
  3.040199269994e-04
  1.484251614283e-04
  1.199360099768e-04
  1.765461860438e-04
  3.340269920887e-03
  4.965742236931e-04
  8.920020483698e-05
  3.341220341640e-04
  1.295687595119e-03
  5.133113230755e-04
  4.938702966500e-05
  7.330263938563e-05
  2.510906075734e-05
  2.995908666634e-05
  6.494862146694e-05
  6.707508475836e-04
  4.015092193721e-05
  8.651906941914e-05
  3.648173370727e-05
  3.075143676406e-05
  1.374903213992e-03
  1.032222179896e-04
  6.134516239959e-03
  8.743762401187e-05
  2.608101575380e-05
  1.043314467233e-04
  1.621683778999e-04
  2.902032943642e-03
  1.903258181313e-05
  2.296593299395e-05
  3.075275744266e-03
  8.761054355366e-05
  1.825525493913e-03
  8.059828599433e-05
  6.154104260991e-05
  4.467611812597e-05
  6.950301547437e-05
  2.005338144024e-04
  7.712157744411e-04
  2.251706872976e-04
  3.283445631570e-03
  5.833412860579e-04
  6.058628413991e-06
 -2.007489502504e-05
  8.899472129657e-04
  7.273042638228e-05
  2.953905948919e-04
  3.799925651898e-03
  3.361185735527e-04
  2.581653623073e-04
  1.355276364652e-04
  7.405298050664e-05
  3.468961725828e-05
  2.022144983835e-05
  2.496597973017e-05
  1.222065472005e-04
  5.294399614664e-06
  4.409822983636e-05
  3.121010565776e-05
  2.138582670700e-03
  2.707123072504e-05
  2.949086448228e-05
  3.484956936528e-05
  3.580691258126e-05
  2.052387989062e-03
  7.190005707897e-05
  2.876969847249e-05
  4.506355470157e-05
  4.503992609550e-05
  2.623638999674e-04
  9.120861783768e-05
  4.781949763668e-04
  3.380694817686e-03
  4.121849654013e-04
  1.918089522682e-03
  1.687230050632e-04
  5.011628931034e-05
  3.644971576738e-05
  3.262417583916e-05
  2.926016513105e-05
  2.889855593008e-05
  5.038754642206e-05
  5.093509657533e-05
  2.045711262418e-03
  2.925106992274e-05
  2.218484481858e-05
  2.163462908172e-05
  1.737547627517e-05
  2.467804644862e-05
  8.775280397333e-06
  1.420739822431e-04
  6.902012820564e-05
  4.719236264805e-05
  2.322599205407e-05
  3.262398369203e-05
  3.034776427066e-04
  4.163947356520e-04
  9.056571289043e-03
  3.547816309390e-05
  3.468275246432e-05
  3.178633441142e-03
  4.378782756209e-05
  4.444337647058e-05
  4.738174065966e-05
  1.816415615180e-04
  3.021590272738e-04
  9.354820091558e-03
  4.313220282204e-05
  8.514371918045e-05
  5.638253189166e-05
  1.311351643956e-04
  1.336727839611e-04
  2.049591772419e-04
  2.549461695118e-04
  1.932067841157e-03
  2.647632481956e-04
  6.318851608662e-04
  8.812470466975e-04
  1.414438798057e-03
  2.200581809347e-03
  2.948752327446e-03
  4.510193093335e-03
  3.793708862776e-03
  2.619526332569e-03
  1.602299098835e-03
  1.026058570374e-03
  7.189774763323e-04
  5.580551975213e-04
  4.031643358476e-04
  3.588937926850e-04
  2.565257523424e-04
  2.312384170371e-04
  1.984305995095e-04
  1.671491892437e-04
  1.470337377334e-04
  2.725236902155e-04
  1.480644837084e-02
  1.268524645980e-04
  1.049226109650e-04
  8.015028355227e-05
  8.774812706412e-05
  6.979524472208e-04
  7.733251559403e-05
  6.395601881834e-05
  6.825879284608e-05
  3.602910607186e-04
  6.241797728912e-05
  5.983020231135e-05
  5.611173971115e-05
  5.371599877727e-05
  5.364592281343e-05
  5.421278152687e-05
  5.495265964575e-05
  6.477631331414e-04
  5.372339274481e-05
  1.752226570178e-03
  5.069456156714e-05
  4.665648234967e-05
  4.762664580815e-05
  4.347557593976e-05
  4.518870492226e-05
  4.448006920721e-05
  4.623605509974e-05
  4.465475837717e-05
  4.749568698426e-05
  4.658641695116e-05
  4.828265661688e-05
  4.725454879922e-05
  4.994488676396e-05
  5.010301562852e-05
  3.885633225609e-04
  3.894088443879e-03
  7.660594377640e-05
  2.316540628220e-03
  8.325100789996e-05
  6.483682873998e-05
  5.815867179998e-05
  5.793742508003e-05
  5.867352449995e-05
  6.052166872000e-05
  8.199089735300e-04
  6.777006520003e-05
  6.187867435700e-04
  6.835217523704e-05
  7.229783990004e-05
  7.074296860005e-05
  7.768074066999e-05
  8.580194034263e-05
  9.702182610000e-05
  1.322103474301e-04
  4.403166827900e-03
  1.359699304000e-04
  1.133627845380e-04
  1.140518617600e-04
  1.194919328000e-04
  1.255514050099e-04
  1.377194045099e-04
  1.542753872223e-04
  1.686926069999e-04
  1.794360833000e-04
  1.974462236700e-04
  2.272791390000e-04
  6.258774070400e-03
  3.644989600341e-04
  3.159562312000e-04
  3.568235294100e-04
  4.159188428999e-04
  4.359284409001e-04
  5.515253972000e-04
  5.787462225499e-04
  7.262042848999e-04
  8.505344529002e-04
  9.584879834001e-04
  1.211922295600e-03
  1.376600476600e-03
  1.597185566000e-03
  3.817814713800e-03
  2.169626801000e-03
  2.139301216400e-03
  1.982222171300e-03
  1.869579406000e-03
  1.471134777900e-03
  1.461924982500e-03
  5.193980004900e-03
  1.339516525800e-03
  1.062477145600e-03
  9.863957800000e-04
  9.116780236000e-04
  8.881615683000e-04
  9.100432050000e-04
  9.931874551000e-04
  1.217680063414e-03
  1.555851204000e-03
  1.817415165688e-03
  2.146642337100e-03
  2.007282151900e-03
  1.553477568600e-03
  1.190717107370e-03
  9.141310049000e-04
  7.447092265889e-04
  6.201454571699e-04
  4.893666243000e-04
  4.351515487200e-04
  4.160103440300e-04
  3.809087577201e-04
  3.489875740000e-04
  3.278492083200e-04
  3.171979711979e-04
  3.028592336233e-04
  2.874466945254e-04
  2.788571149001e-04
  2.707318967000e-04
  2.658388022677e-04
  2.623771682388e-04
  4.781363317001e-04
  1.974272054800e-03
  2.589727322700e-04
  2.607770301261e-04
  2.661039232000e-04
  2.723325397000e-04
  2.836340635201e-04
  3.015031503399e-04
  3.293382578000e-04
  3.667810615799e-04
  4.363621059772e-04
  5.865874204398e-04
  8.248857960002e-04
  1.158764086820e-03
  1.708532371600e-03
  1.715019302445e-03
  1.216869252100e-03
  9.440805827300e-04
  6.719346181000e-04
  5.617890799500e-04
  4.600609865000e-04
  3.685865062300e-04
  3.334005690450e-04
  3.098711378505e-04
  2.933892945001e-04
  2.811630323880e-04
  2.709364318100e-04
  2.625214199000e-04
  2.568488142900e-04
  2.559085523000e-04
  2.525244677201e-04
  2.496675596000e-04
  2.483565683000e-04
  2.479508191000e-04
  2.477597655141e-04
  2.477312605000e-04
  2.470597374999e-04
  2.483370987801e-04
  2.497999034000e-04
  2.503547864000e-04
  2.523434786000e-04
  2.534457486499e-04
  2.542284334999e-04
  2.567935107800e-04
  2.601151724001e-04
  2.615565227000e-04
  2.633990283000e-04
  2.660175954899e-04
  2.684804472000e-04
  2.697676573200e-04
  2.738349760353e-04
  2.773362425141e-04
  2.821657573000e-04
  2.955133988499e-04
  1.801703542200e-03
  2.927595737999e-04
  2.927346470000e-04
  2.961272202301e-04
  2.979895240500e-04
  3.035023581002e-04
  3.038525153501e-04
  3.101680119201e-04
  3.109271412002e-04
  3.173829816000e-04
  3.187862907000e-04
  3.248720819200e-04
  3.275095943600e-04
  3.338762466000e-04
  3.348358864000e-04
  3.434938773998e-04
  3.432097775000e-04
  3.520750407500e-04
  3.534594326700e-04
  3.620881136001e-04
  3.619990139999e-04
  3.723436812000e-04
  3.725277720000e-04
  3.841349790000e-04
  3.860125559001e-04
  4.076558749300e-04
  4.149773508301e-04
  1.428315917868e-02
  2.064151589900e-03
  4.293309820800e-04
  4.283688333001e-04
  4.302066027999e-04
  4.316364743001e-04
  4.405921804700e-04
  4.418518834000e-04
  4.550335450001e-04
  4.589249272000e-04
  4.718505968001e-04
  4.736603030999e-04
  4.908654835001e-04
  4.930075982000e-04
  5.132217567001e-04
  5.168812690001e-04
  5.448175946999e-04
  5.494674455000e-04
  5.940485780002e-04
  5.993365051999e-04
  6.751516680000e-04
  6.963709830000e-04
  9.229815739999e-04
  9.405555255999e-04
  1.916371603400e-03
  2.862775885900e-03
  4.961147745530e-02
  3.469320991607e-01
  3.540994281100e-03
  3.891613819500e-03
  1.118574340300e-03
  1.114272463500e-03
  8.337193290999e-04
  8.089335440999e-04
  7.315075659999e-04
  7.284257342000e-04
  7.001784875998e-04
  6.983560897000e-04
  6.916740720999e-04
  6.905741970000e-04
  6.922676400000e-04
  6.929211677000e-04
  6.987177374000e-04
  6.995397710000e-04
  7.072818484000e-04
  7.100767873001e-04
  7.215003605000e-04
  7.196813224000e-04
  7.321768332000e-04
  7.342346516999e-04
  7.460472810000e-04
  7.500291113001e-04
  7.622929772000e-04
  7.646039503001e-04
  7.786534264600e-04
  7.806457902100e-04
  7.956305383999e-04
  7.962989896001e-04
  8.117404381000e-04
  8.140646732000e-04
  8.303216381000e-04
  8.327297749999e-04
  8.468441355000e-04
  8.519315790001e-04
  8.663223019000e-04
  8.684395098000e-04
  8.841171407000e-04
  8.882320768999e-04
  9.040856247001e-04
  9.060652161000e-04
  9.240096824000e-04
  9.288446233000e-04
  9.422348385000e-04
  9.476005899000e-04
  9.630865404001e-04
  9.690481513001e-04
  9.841666211001e-04
  9.870331263999e-04
  1.004634530300e-03
  1.009320286200e-03
  1.027073616700e-03
  1.030363340200e-03
  1.048096542130e-03
  1.053382873900e-03
  1.068838805800e-03
  1.074647484900e-03
  1.094362011500e-03
  1.094115670800e-03
  1.115419858170e-03
  1.118067823430e-03
  1.138513221500e-03
  1.140971319300e-03
  1.162011685700e-03
  1.166212013000e-03
  1.185802805600e-03
  1.190901810700e-03
  1.206238411400e-03
  1.211031481900e-03
  1.233028724800e-03
  1.236034319400e-03
  1.256935993700e-03
  1.260174727900e-03
  1.283139306800e-03
  1.286851913600e-03
  1.309673671900e-03
  1.309476195100e-03
  1.334446985900e-03
  1.337700628000e-03
  1.361138056700e-03
  1.361035737100e-03
  1.383339286770e-03
  1.390265073500e-03
  1.414004217500e-03
  1.413884888400e-03
  1.439573203500e-03
  1.446377647200e-03
  1.468256003980e-03
  1.469142511620e-03
  1.495419531900e-03
  1.498261800000e-03
  1.521962771400e-03
  1.525862738900e-03
  1.550846925710e-03
  1.558630201100e-03
  1.580859436200e-03
  1.581498248873e-03
  1.609728239400e-03
  1.610399419800e-03
  1.640249896787e-03
  1.639148633500e-03
  1.665001613200e-03
  1.676568848500e-03
  1.696696038810e-03
  1.713030974600e-03
  1.728103812170e-03
  1.736141844500e-03
  1.762338904200e-03
  1.761536439100e-03
  1.792885787810e-03
  1.793472518000e-03
  1.822898528146e-03
  1.827590038200e-03
  1.851810369800e-03
  1.860110739400e-03
  1.888496526100e-03
  1.891655344500e-03
  1.917229751600e-03
  1.932142455300e-03
  1.952734991600e-03
  1.956516829000e-03
  1.988292529500e-03
  1.989894810700e-03
  2.016643462560e-03
  2.023540650100e-03
  2.058102477200e-03
  2.058674133600e-03
  2.091645322600e-03
  2.097398020500e-03
  2.123165630100e-03
  2.133754098300e-03
  2.159218022600e-03
  2.165764355100e-03
  2.195133915000e-03
  2.201463161800e-03
  2.233825226100e-03
  2.236300962500e-03
  2.268059828000e-03
  2.276008180200e-03
  2.296411563608e-03
  2.311431387140e-03
  2.342957821900e-03
  2.355660445440e-03
  2.386931597500e-03
  2.387327887400e-03
  2.424347347400e-03
  2.428394021200e-03
  2.460562046500e-03
  2.480581645900e-03
  2.498856356802e-03
  2.512775522700e-03
  2.540256774300e-03
  2.546696122000e-03
  2.587075406900e-03
  2.583826110000e-03
  2.630483446200e-03
  2.626535867010e-03
  2.668872332100e-03
  2.667032510300e-03
  2.710195107790e-03
  2.711852038370e-03
  2.751127975700e-03
  2.766533253000e-03
  2.795491843300e-03
  2.800076572000e-03
  2.830637762240e-03
  2.852326137200e-03
  2.877623528650e-03
  2.885690116100e-03
  2.925252011300e-03
  2.929790323600e-03
  2.962527471890e-03
  2.977299235600e-03
  3.015422353740e-03
  3.021778436300e-03
  3.065169629000e-03
  3.068954301900e-03
  3.110647956900e-03
  3.116137500700e-03
  3.157214388400e-03
  3.167224412400e-03
  3.208002867800e-03
  3.212676979900e-03
  3.256988697100e-03
  3.260397462900e-03
  3.285543371900e-03
  3.309691537500e-03
  3.352842662700e-03
  3.358876736500e-03
  3.408789099600e-03
  3.407893156100e-03
  3.449909485200e-03
  3.463303694900e-03
  3.503986936670e-03
  3.515660794200e-03
  3.561163359790e-03
  3.565779334220e-03
  3.606710791180e-03
  3.619706223800e-03
  3.656871155290e-03
  3.678252096600e-03
  3.712567218090e-03
  3.740655679600e-03
  3.760323082488e-03
  3.787562699500e-03
  3.834278001900e-03
  3.841740561500e-03
  3.890677650900e-03
  3.897543199500e-03
  3.927523168495e-03
  3.955360231200e-03
  3.983415646915e-03
  4.013453920600e-03
  4.066867706200e-03
  4.067194020500e-03
  4.125621628100e-03
  4.127003897700e-03
  4.161032578517e-03
  4.190091828200e-03
  4.223636852050e-03
  4.254656977400e-03
  4.304080967000e-03
  4.308711597600e-03
  4.360210782475e-03
  4.381159328300e-03
  4.420228110300e-03
  4.436364409100e-03
  4.485826290003e-03
  4.500084326900e-03
  4.558971467830e-03
  4.559033634200e-03
  4.596793808400e-03
  4.630108269610e-03
  4.682394424300e-03
  4.699554109500e-03
  4.750666563700e-03
  4.768773308500e-03
  4.819197794000e-03
  4.853139953300e-03
  4.889470978900e-03
  4.899613393800e-03
  4.935913082455e-03
  4.972104768300e-03
  5.024661654400e-03
  5.042632523900e-03
  5.107127571099e-03
  5.108771677400e-03
  5.155339204820e-03
  5.192745413900e-03
  5.249365133000e-03
  5.260006254200e-03
  5.320999936123e-03
  5.356905561500e-03
  5.375285666592e-03
  5.411320835543e-03
  5.452515959013e-03
  5.490627737600e-03
  5.538198835740e-03
  5.577999650200e-03
  5.625173578880e-03
  5.664360539200e-03
  5.697744679500e-03
  5.725667530500e-03
  5.777093350860e-03
  5.803410239500e-03
  5.844425630513e-03
  5.884512009200e-03
  5.934224455000e-03
  5.975652349410e-03
  6.001034896700e-03
  6.042196220200e-03
  6.099188905150e-03
  6.131182823500e-03
  6.198807548500e-03
  6.228224490800e-03
  6.281634173900e-03
  6.314984770851e-03
  6.376670474900e-03
  6.420585014100e-03
  6.441563297384e-03
  6.485803851900e-03
  6.551143556000e-03
  6.596624090600e-03
  6.646997025000e-03
  6.655839984800e-03
  6.733030107400e-03
  6.760099649400e-03
  6.841091358000e-03
  6.826937311500e-03
  6.911250072855e-03
  6.940635644200e-03
  7.021434796500e-03
  7.039913145300e-03
  7.116810609300e-03
  7.130842066200e-03
  7.184000132039e-03
  7.232186672894e-03
  7.312075875100e-03
  7.364595502900e-03
  7.387321149075e-03
  7.438594656970e-03
  7.509196198860e-03
  7.559121640000e-03
  7.580358710600e-03
  7.630573941300e-03
  7.706481891170e-03
  7.759349069200e-03
  7.798074507190e-03
  7.850196544700e-03
  7.925131551005e-03
  7.949616164700e-03
  8.050618480700e-03
  8.058816322300e-03
  8.122192889561e-03
  8.176717297300e-03
  8.262467649100e-03
  8.320368894000e-03
  8.388961030300e-03
  8.388767920000e-03
  8.472419476073e-03
  8.530601678800e-03
  8.572313633062e-03
  8.631946249300e-03
  8.738240508240e-03
  8.734801311500e-03
  8.811932113466e-03
  8.870997034292e-03
  8.934777412581e-03
  8.996270262200e-03
  9.074115877712e-03
  9.134629993900e-03
  9.205480419700e-03
  9.266547606500e-03
  9.303900618655e-03
  9.369174406600e-03
  9.443166295240e-03
  9.495232530100e-03
  9.599365244140e-03
  9.661042200300e-03
  9.689377715880e-03
  9.754519769200e-03
  9.812501116696e-03
  9.878691724700e-03
  9.966866668500e-03
  1.003537688690e-02
  1.010032124270e-02
  1.016768669041e-02
  1.022099572710e-02
  1.029084475495e-02
  1.037725873200e-02
  1.044701364750e-02
  1.053314469639e-02
  1.060589659190e-02
  1.067346244670e-02
  1.074573476996e-02
  1.079631041527e-02
  1.086716544780e-02
  1.094783912070e-02
  1.102256385505e-02
  1.111000834334e-02
  1.118328216800e-02
  1.122214481343e-02
  1.129887958710e-02
  1.141797683064e-02
  1.149502557430e-02
  1.154740204555e-02
  1.162290606570e-02
  1.170416550090e-02
  1.178450276568e-02
  1.186473661060e-02
  1.194344360634e-02
  1.201353574101e-02
  1.209210993515e-02
  1.219667220800e-02
  1.228088135146e-02
  1.236764560581e-02
  1.244960157150e-02
  1.254149037413e-02
  1.262619430930e-02
  1.271576942310e-02
  1.280370496090e-02
  1.284610833543e-02
  1.293130191625e-02
  1.301769843033e-02
  1.310131948170e-02
  1.317908997803e-02
  1.327210423600e-02
  1.341817748040e-02
  1.350879284263e-02
  1.354888700982e-02
  1.363695685940e-02
  1.372986850021e-02
  1.381828432760e-02
  1.395130733800e-02
  1.404470012930e-02
  1.410463954144e-02
  1.419877544610e-02
  1.428555987012e-02
  1.438159060919e-02
  1.450725022650e-02
  1.460434316404e-02
  1.469671442380e-02
  1.479563031969e-02
  1.491129399600e-02
  1.501114649178e-02
  1.510390132760e-02
  1.520624033490e-02
  1.531719735073e-02
  1.541661458890e-02
  1.551521171050e-02
  1.562273248980e-02
  1.572356756939e-02
  1.582879900960e-02
  1.591539067959e-02
  1.601749786420e-02
  1.613931375660e-02
  1.625205178611e-02
  1.634096830345e-02
  1.645023595550e-02
  1.656236454086e-02
  1.666839932014e-02
  1.680860498510e-02
  1.692654171610e-02
  1.706260680751e-02
  1.717795205970e-02
  1.726648331800e-02
  1.737941559689e-02
  1.748472739300e-02
  1.760043365278e-02
  1.772734680550e-02
  1.785097019960e-02
  1.797657471870e-02
  1.809726015960e-02
  1.823775696400e-02
  1.835512261566e-02
  1.843677206600e-02
  1.855987960350e-02
  1.868038408111e-02
  1.880498205000e-02
  1.894859650280e-02
  1.907676692670e-02
  1.918327290270e-02
  1.931198061764e-02
  1.950074510710e-02
  1.951058246240e-02
  1.971330310820e-02
  1.984675425622e-02
  1.998245715630e-02
  2.011196425013e-02
  2.021602752763e-02
  2.035496548840e-02
  2.055144488000e-02
  2.068725163540e-02
  2.079365228757e-02
  2.093323399450e-02
  2.101711663027e-02
  2.115859974430e-02
  2.139673532693e-02
  2.153524623220e-02
  2.160407150058e-02
  2.175261340210e-02
  2.189788063345e-02
  2.204479284690e-02
  2.223168031486e-02
  2.237550568680e-02
  2.251570196550e-02
  2.267209263076e-02
  2.281598539330e-02
  2.296945157913e-02
  2.310955825490e-02
  2.325813962550e-02
  2.344082327130e-02
  2.360532952180e-02
  2.378553763710e-02
  2.394619397120e-02
  2.404318187934e-02
  2.419908666400e-02
  2.437083797280e-02
  2.452953364002e-02
  2.466096065208e-02
  2.482745414520e-02
  2.502645055160e-02
  2.518829293700e-02
  2.538594181200e-02
  2.556015963890e-02
  2.570204556640e-02
  2.587112418600e-02
  5.723511597500e-02
