411
  1.871400000000e-01
  1.846700000000e-01
  1.822300000000e-01
  1.798400000000e-01
  1.774600000000e-01
  1.751300000000e-01
  1.728200000000e-01
  1.705400000000e-01
  1.682900000000e-01
  1.660700000000e-01
  1.638900000000e-01
  1.617300000000e-01
  1.595900000000e-01
  1.575000000000e-01
  1.554100000000e-01
  1.533700000000e-01
  1.513500000000e-01
  1.493500000000e-01
  1.473800000000e-01
  1.454500000000e-01
  1.435200000000e-01
  1.416400000000e-01
  1.397600000000e-01
  1.379300000000e-01
  1.361100000000e-01
  1.343100000000e-01
  1.325450000000e-01
  1.307970000000e-01
  1.290740000000e-01
  1.273720000000e-01
  1.256940000000e-01
  1.240380000000e-01
  1.224030000000e-01
  1.207900000000e-01
  1.191970000000e-01
  1.176280000000e-01
  1.160760000000e-01
  1.145480000000e-01
  1.130370000000e-01
  1.115480000000e-01
  1.100780000000e-01
  1.086270000000e-01
  1.071960000000e-01
  1.057830000000e-01
  1.043890000000e-01
  1.030130000000e-01
  1.016550000000e-01
  1.003160000000e-01
  9.899400000000e-02
  9.769000000000e-02
  9.640100000000e-02
  9.513200000000e-02
  9.387800000000e-02
  9.264000000000e-02
  9.142000000000e-02
  9.021500000000e-02
  8.902600000000e-02
  8.785300000000e-02
  8.669500000000e-02
  8.555200000000e-02
  8.442500000000e-02
  8.331300000000e-02
  8.221400000000e-02
  8.113100000000e-02
  8.006200000000e-02
  7.900700000000e-02
  7.796500000000e-02
  7.693800000000e-02
  7.592400000000e-02
  7.492400000000e-02
  7.393600000000e-02
  7.296200000000e-02
  7.200000000000e-02
  7.105100000000e-02
  7.011500000000e-02
  6.919100000000e-02
  6.827900000000e-02
  6.738000000000e-02
  6.649100000000e-02
  6.561500000000e-02
  6.475100000000e-02
  6.389700000000e-02
  6.305500000000e-02
  6.222400000000e-02
  6.140400000000e-02
  6.059400000000e-02
  5.979700000000e-02
  5.900800000000e-02
  5.823000000000e-02
  5.746300000000e-02
  5.670600000000e-02
  5.595900000000e-02
  5.522100000000e-02
  5.449300000000e-02
  5.377500000000e-02
  5.306700000000e-02
  5.236700000000e-02
  5.167700000000e-02
  5.099600000000e-02
  5.032400000000e-02
  4.966100000000e-02
  4.900600000000e-02
  4.836100000000e-02
  4.772300000000e-02
  4.709400000000e-02
  4.647400000000e-02
  4.586100000000e-02
  4.525700000000e-02
  4.466000000000e-02
  4.407200000000e-02
  4.349100000000e-02
  4.291800000000e-02
  4.235200000000e-02
  4.179400000000e-02
  4.124300000000e-02
  4.070000000000e-02
  4.016300000000e-02
  3.963400000000e-02
  3.911200000000e-02
  3.859700000000e-02
  3.808700000000e-02
  3.758600000000e-02
  3.709000000000e-02
  3.660200000000e-02
  3.611900000000e-02
  3.564400000000e-02
  3.517300000000e-02
  3.471000000000e-02
  3.425300000000e-02
  3.380100000000e-02
  3.335600000000e-02
  3.291600000000e-02
  3.248200000000e-02
  3.205400000000e-02
  3.163200000000e-02
  3.121500000000e-02
  3.080400000000e-02
  3.039700000000e-02
  2.999700000000e-02
  2.960200000000e-02
  2.921200000000e-02
  2.882700000000e-02
  2.844600000000e-02
  2.807200000000e-02
  2.770200000000e-02
  2.733700000000e-02
  2.697700000000e-02
  2.662100000000e-02
  2.627000000000e-02
  2.592400000000e-02
  2.558200000000e-02
  2.524600000000e-02
  2.491200000000e-02
  2.458400000000e-02
  2.426100000000e-02
  2.394000000000e-02
  2.362500000000e-02
  2.331400000000e-02
  2.300600000000e-02
  2.270400000000e-02
  2.240400000000e-02
  2.210900000000e-02
  2.181700000000e-02
  2.153000000000e-02
  2.124600000000e-02
  2.096600000000e-02
  2.069000000000e-02
  2.041800000000e-02
  2.014800000000e-02
  1.988200000000e-02
  1.962100000000e-02
  1.936200000000e-02
  1.910700000000e-02
  1.885500000000e-02
  1.860700000000e-02
  1.836100000000e-02
  1.811900000000e-02
  1.788100000000e-02
  1.764500000000e-02
  1.741200000000e-02
  1.718300000000e-02
  1.695700000000e-02
  1.673300000000e-02
  1.651200000000e-02
  1.629500000000e-02
  1.608100000000e-02
  1.586800000000e-02
  1.565900000000e-02
  1.545300000000e-02
  1.524900000000e-02
  1.504800000000e-02
  1.485000000000e-02
  1.465400000000e-02
  1.446100000000e-02
  1.427100000000e-02
  1.408200000000e-02
  1.389700000000e-02
  1.371300000000e-02
  1.353300000000e-02
  1.335500000000e-02
  8.798920000000e-02
  8.024700000000e-02
  7.318620000000e-02
  2.634980000000e-02
  4.039680000000e-02
  2.757910000000e-02
  3.329460000000e-02
  5.551740000000e-02
  3.459580000000e-02
  1.603660000000e-02
  2.632620000000e-02
  1.985120000000e-02
  2.229690000000e-02
  1.981740000000e-02
  1.876690000000e-02
  1.964170000000e-02
  2.047630000000e-02
  1.455280000000e-02
  1.390680000000e-02
  1.804020000000e-02
  1.731870000000e-02
  1.181720000000e-02
  7.423000000000e-03
  1.914930000000e-02
  1.033220000000e-02
  1.390210000000e-02
  1.262880000000e-02
  9.473000000000e-03
  1.486730000000e-02
  5.289900000000e-03
  8.496700000000e-03
  9.886800000000e-03
  7.125100000000e-03
  9.640900000000e-03
  5.927100000000e-03
  9.363700000000e-03
  5.127500000000e-03
  8.817800000000e-03
  4.908500000000e-03
  3.101600000000e-03
  4.708200000000e-03
  3.830600000000e-03
  2.491100000000e-03
  2.442700000000e-03
  2.834900000000e-03
  4.211600000000e-03
  2.258000000000e-03
  4.109000000000e-03
  2.404700000000e-03
  2.087200000000e-03
  2.046700000000e-03
  3.109200000000e-03
  2.794810000000e-03
  3.484200000000e-03
  2.519910000000e-03
  3.587670000000e-03
  2.902880000000e-03
  1.534150000000e-03
  1.731200000000e-03
  1.809080000000e-03
  1.768900000000e-03
  2.009440000000e-03
  1.373580000000e-03
  1.617490000000e-03
  1.582380000000e-03
  2.101210000000e-03
  9.611900000000e-04
  1.481500000000e-03
  1.449340000000e-03
  2.195340000000e-03
  6.095800000000e-04
  1.356950000000e-03
  1.327480000000e-03
  1.298660000000e-03
  9.590700000000e-04
  3.113800000000e-04
  1.242860000000e-03
  1.215870000000e-03
  1.189470000000e-03
  1.103660000000e-03
  9.821500000000e-04
  1.012260000000e-03
  1.662000000000e-03
  9.613300000000e-04
  9.937100000000e-04
  6.341300000000e-04
  6.255500000000e-04
  6.170800000000e-04
  6.087300000000e-04
  7.322300000000e-04
  1.045000000000e-03
  1.145110000000e-03
  5.609600000000e-04
  5.533700000000e-04
  5.364200000000e-04
  5.479600000000e-04
  5.312100000000e-04
  5.240300000000e-04
  5.169300000000e-04
  5.099400000000e-04
  8.728400000000e-04
  6.159600000000e-04
  4.829000000000e-04
  4.763700000000e-04
  4.699200000000e-04
  4.635600000000e-04
  4.572900000000e-04
  2.287000000000e-04
  2.224000000000e-04
  4.450000000000e-04
  4.389800000000e-04
  4.518500000000e-04
  4.454700000000e-04
  4.391900000000e-04
  4.707000000000e-04
  3.891500000000e-04
  4.208400000000e-04
  4.149000000000e-04
  4.090500000000e-04
  4.032600000000e-04
  6.200300000000e-04
  1.695200000000e-04
  3.864300000000e-04
  3.809700000000e-04
  3.756000000000e-04
  3.702900000000e-04
  3.650700000000e-04
  3.755500000000e-04
  2.650000000000e-05
  3.957100000000e-04
  3.894800000000e-04
  3.833300000000e-04
  8.292500000000e-04
  1.859100000000e-04
  9.285000000000e-05
  1.946400000000e-04
  1.929800000000e-04
  1.913300000000e-04
  1.897100000000e-04
  2.796100000000e-04
  2.760700000000e-04
  2.951100000000e-04
  3.034200000000e-04
  3.662600000000e-04
  3.717700000000e-04
  2.143800000000e-04
  2.120900000000e-04
  2.098400000000e-04
  2.076100000000e-04
  2.054000000000e-04
  5.100000000000e-05
  1.522100000000e-04
  2.010500000000e-04
  1.989100000000e-04
  2.318600000000e-04
  2.289500000000e-04
  3.290600000000e-04
  3.230700000000e-04
  1.149000000000e-05
  3.056800000000e-04
  3.113800000000e-04
  2.571400000000e-04
  2.531900000000e-04
  2.493000000000e-04
  1.523900000000e-04
  9.310000000000e-05
  3.485100000000e-04
  2.810700000000e-04
  1.320700000000e-04
  1.309200000000e-04
  1.297800000000e-04
  1.286400000000e-04
  1.504400000000e-04
  1.288400000000e-04
  2.739400000000e-04
  2.687100000000e-04
  2.393000000000e-04
  1.126100000000e-04
  1.116700000000e-04
  1.101900000000e-04
  2.657000000000e-05
  2.980500000000e-04
  6.235000000000e-04
  2.383800000000e-04
  4.336000000000e-05
  1.384400000000e-04
  1.368300000000e-04
  1.058300000000e-04
  1.048700000000e-04
  1.126300000000e-04
  1.115300000000e-04
  9.577000000000e-05
  9.495000000000e-05
  1.136500000000e-04
  1.613000000000e-04
  1.349100000000e-04
  1.332200000000e-04
  2.458900000000e-04
  1.207800000000e-04
  1.686800000000e-04
  8.480089000000e-03
  1.288898000000e-03
  1.959010800000e-04
  2.977522100000e-05
  4.525568200000e-06
  6.878461000000e-07
  1.045465300000e-07
  1.589013400000e-08
  2.415159900000e-09
  3.670827800000e-10
  6.579332000000e-11
