411
  1.410643000000e+01
  1.392052500000e+01
  1.373707500000e+01
  1.355604000000e+01
  1.337739000000e+01
  1.320109500000e+01
  1.302712000000e+01
  1.285544000000e+01
  1.268602500000e+01
  1.251884500000e+01
  1.235386500000e+01
  1.219105500000e+01
  1.203039500000e+01
  1.187185000000e+01
  1.171539500000e+01
  1.156100500000e+01
  1.140864500000e+01
  1.125829500000e+01
  1.110993000000e+01
  1.096351500000e+01
  1.081903000000e+01
  1.067645000000e+01
  1.053575000000e+01
  1.039690500000e+01
  1.025988500000e+01
  1.012467500000e+01
  9.991247500000e+00
  9.859576500000e+00
  9.729641000000e+00
  9.601418000000e+00
  9.474885000000e+00
  9.350019000000e+00
  9.226798500000e+00
  9.105202000000e+00
  8.985208500000e+00
  8.866796000000e+00
  8.749944000000e+00
  8.634632000000e+00
  8.520839500000e+00
  8.408547000000e+00
  8.297734000000e+00
  8.188381500000e+00
  8.080470000000e+00
  7.973980500000e+00
  7.868894500000e+00
  7.765193500000e+00
  7.662859500000e+00
  7.561874000000e+00
  7.462219000000e+00
  7.363877000000e+00
  7.266831500000e+00
  7.171065000000e+00
  7.076560000000e+00
  6.983301000000e+00
  6.891271000000e+00
  6.800453500000e+00
  6.710833000000e+00
  6.622393500000e+00
  6.535119500000e+00
  6.448996000000e+00
  6.364007500000e+00
  6.280138500000e+00
  6.197375000000e+00
  6.115702500000e+00
  6.035106000000e+00
  5.955571500000e+00
  5.877085500000e+00
  5.799634000000e+00
  5.723203000000e+00
  5.647779000000e+00
  5.573349000000e+00
  5.499900000000e+00
  5.427419000000e+00
  5.355893500000e+00
  5.285310500000e+00
  5.215657500000e+00
  5.146922500000e+00
  5.079093000000e+00
  5.012157500000e+00
  4.946104500000e+00
  4.880921500000e+00
  4.816597500000e+00
  4.753121500000e+00
  4.690482000000e+00
  4.628668000000e+00
  4.567669000000e+00
  4.507473500000e+00
  4.448071000000e+00
  4.389452000000e+00
  4.331605500000e+00
  4.274521000000e+00
  4.218188500000e+00
  4.162598500000e+00
  4.107741500000e+00
  4.053607500000e+00
  4.000186500000e+00
  3.947469500000e+00
  3.895447500000e+00
  3.844111000000e+00
  3.793451000000e+00
  3.743458500000e+00
  3.694125000000e+00
  3.645441500000e+00
  3.597399500000e+00
  3.549991000000e+00
  3.503207000000e+00
  3.457039500000e+00
  3.411480500000e+00
  3.366522000000e+00
  3.322156000000e+00
  3.278374500000e+00
  3.235170000000e+00
  3.192535000000e+00
  3.150462000000e+00
  3.108943500000e+00
  3.067972000000e+00
  3.027540500000e+00
  2.987642000000e+00
  2.948269000000e+00
  2.909414500000e+00
  2.871072500000e+00
  2.833236000000e+00
  2.795898000000e+00
  2.759052000000e+00
  2.722691500000e+00
  2.686810000000e+00
  2.651401500000e+00
  2.616460000000e+00
  2.581978500000e+00
  2.547951500000e+00
  2.514373000000e+00
  2.481237000000e+00
  2.448538000000e+00
  2.416270000000e+00
  2.384427000000e+00
  2.353003500000e+00
  2.321994000000e+00
  2.291393500000e+00
  2.261196500000e+00
  2.231397000000e+00
  2.201990000000e+00
  2.172970500000e+00
  2.144334000000e+00
  2.116075000000e+00
  2.088188000000e+00
  2.060668500000e+00
  2.033511500000e+00
  2.006712500000e+00
  1.980267000000e+00
  1.954170000000e+00
  1.928417000000e+00
  1.903003000000e+00
  1.877924000000e+00
  1.853176000000e+00
  1.828753500000e+00
  1.804653000000e+00
  1.780870500000e+00
  1.757401000000e+00
  1.734241000000e+00
  1.711386000000e+00
  1.688832000000e+00
  1.666575500000e+00
  1.644612500000e+00
  1.622939000000e+00
  1.601551000000e+00
  1.580445000000e+00
  1.559617000000e+00
  1.539063000000e+00
  1.518780000000e+00
  1.498765000000e+00
  1.479013500000e+00
  1.459522000000e+00
  1.440287500000e+00
  1.421306500000e+00
  1.402575500000e+00
  1.384091500000e+00
  1.365851500000e+00
  1.347851500000e+00
  1.330088500000e+00
  1.312560000000e+00
  1.295262500000e+00
  1.278192500000e+00
  1.261347500000e+00
  1.244725000000e+00
  1.228321500000e+00
  1.212133500000e+00
  1.196159000000e+00
  1.180395500000e+00
  1.164839500000e+00
  1.149488500000e+00
  1.134340000000e+00
  1.119391000000e+00
  1.104639000000e+00
  1.090081500000e+00
  1.075715500000e+00
  1.061539000000e+00
  1.047549500000e+00
  1.033744500000e+00
  1.020121500000e+00
  1.006677500000e+00
  9.560054000000e-01
  8.718873000000e-01
  7.951707000000e-01
  7.454027000000e-01
  7.120294000000e-01
  6.780414500000e-01
  6.476046000000e-01
  6.031986000000e-01
  5.581420000000e-01
  5.328258000000e-01
  5.116444000000e-01
  4.885557000000e-01
  4.674816500000e-01
  4.464245000000e-01
  4.271323500000e-01
  4.079280500000e-01
  3.878690500000e-01
  3.703545000000e-01
  3.561247000000e-01
  3.401512000000e-01
  3.224717500000e-01
  3.079038000000e-01
  2.982837000000e-01
  2.849975500000e-01
  2.702568000000e-01
  2.581396500000e-01
  2.448742000000e-01
  2.338233000000e-01
  2.216531500000e-01
  2.115745500000e-01
  2.046812500000e-01
  1.954895000000e-01
  1.869835500000e-01
  1.786005500000e-01
  1.708165500000e-01
  1.631711500000e-01
  1.559255500000e-01
  1.489529000000e-01
  1.420897500000e-01
  1.380847000000e-01
  1.341798000000e-01
  1.299104000000e-01
  1.267495500000e-01
  1.242826500000e-01
  1.216438500000e-01
  1.181206000000e-01
  1.148858000000e-01
  1.117023000000e-01
  1.084454500000e-01
  1.061995000000e-01
  1.041325500000e-01
  1.015546000000e-01
  9.860259500000e-02
  9.546309000000e-02
  9.246103500000e-02
  8.940724500000e-02
  8.616197000000e-02
  8.394345500000e-02
  8.231078000000e-02
  8.054064000000e-02
  7.875165000000e-02
  7.686248000000e-02
  7.517097000000e-02
  7.367543500000e-02
  7.207550000000e-02
  7.023370500000e-02
  6.870250500000e-02
  6.748116000000e-02
  6.601574000000e-02
  6.419340000000e-02
  6.279094000000e-02
  6.180767500000e-02
  6.046546000000e-02
  5.915239000000e-02
  5.802352500000e-02
  5.738830000000e-02
  5.661118000000e-02
  5.538181500000e-02
  5.417914500000e-02
  5.303258000000e-02
  5.198967500000e-02
  5.099247000000e-02
  4.965534000000e-02
  4.834367500000e-02
  4.736615500000e-02
  4.655223500000e-02
  4.592239500000e-02
  4.530108000000e-02
  4.468817500000e-02
  4.401769500000e-02
  4.312908000000e-02
  4.203402500000e-02
  4.118099000000e-02
  4.062382500000e-02
  4.007893000000e-02
  3.953674000000e-02
  3.899715500000e-02
  3.846953500000e-02
  3.794905500000e-02
  3.743562000000e-02
  3.674423000000e-02
  3.599983000000e-02
  3.545040000000e-02
  3.497076500000e-02
  3.449762000000e-02
  3.403088000000e-02
  3.357045500000e-02
  3.322746000000e-02
  3.300191000000e-02
  3.266821000000e-02
  3.222622000000e-02
  3.178080500000e-02
  3.133214500000e-02
  3.088981500000e-02
  3.043487000000e-02
  3.000494500000e-02
  2.959995000000e-02
  2.918208000000e-02
  2.877010500000e-02
  2.836395000000e-02
  2.785230500000e-02
  2.745753000000e-02
  2.717955500000e-02
  2.679585500000e-02
  2.641757000000e-02
  2.604462500000e-02
  2.567694500000e-02
  2.530663500000e-02
  2.510561000000e-02
  2.489450500000e-02
  2.450191000000e-02
  2.411550500000e-02
  2.350921500000e-02
  2.300163500000e-02
  2.286225500000e-02
  2.271851000000e-02
  2.252470000000e-02
  2.233254500000e-02
  2.214202500000e-02
  2.190736500000e-02
  2.162952500000e-02
  2.134393500000e-02
  2.104467000000e-02
  2.070983000000e-02
  2.034081500000e-02
  2.004774000000e-02
  1.983450500000e-02
  1.962354000000e-02
  1.941481500000e-02
  1.920831000000e-02
  1.908011000000e-02
  1.897850500000e-02
  1.880187500000e-02
  1.860189500000e-02
  1.838651000000e-02
  1.815610500000e-02
  1.787710000000e-02
  1.755103500000e-02
  1.738375500000e-02
  1.722517000000e-02
  1.691664000000e-02
  1.663238000000e-02
  1.637721500000e-02
  1.612597000000e-02
  1.592512500000e-02
  1.580238000000e-02
  1.558157500000e-02
  1.526678500000e-02
  1.506021500000e-02
  1.492872000000e-02
  1.479837000000e-02
  1.466916000000e-02
  1.452962000000e-02
  1.438998000000e-02
  1.418859000000e-02
  1.391726500000e-02
  1.366326000000e-02
  1.348730500000e-02
  1.337516500000e-02
  1.326423500000e-02
  1.319585500000e-02
  1.303354500000e-02
  1.257277000000e-02
  1.214183000000e-02
  1.200096000000e-02
  1.191006000000e-02
  1.177242500000e-02
  1.165109500000e-02
  1.154574500000e-02
  1.143699500000e-02
  1.132491500000e-02
  1.122126500000e-02
  1.112590500000e-02
  1.102160500000e-02
  1.088413000000e-02
  1.073602500000e-02
  1.060196000000e-02
  1.041240500000e-02
  1.022907000000e-02
  1.008434000000e-02
  5.759955500000e-03
  8.754620000000e-04
  1.330624600000e-04
  2.022430950000e-05
  3.073914900000e-06
  4.672077500000e-07
  7.101143500000e-08
  1.079310300000e-08
  1.640456050000e-09
  2.493347100000e-10
  3.289666000000e-11
