411
  5.202876715410e+03
  5.168468825605e+03
  5.134287815637e+03
  5.100344598991e+03
  5.066633793626e+03
  5.033135257941e+03
  4.999864207113e+03
  4.966808510839e+03
  4.933968593735e+03
  4.901352780007e+03
  4.868949643550e+03
  4.836763229449e+03
  4.804787541160e+03
  4.773014255033e+03
  4.741459643487e+03
  4.710113308329e+03
  4.678975025954e+03
  4.648038554142e+03
  4.617312690783e+03
  4.586797808246e+03
  4.556473965296e+03
  4.526349903630e+03
  4.496425732379e+03
  4.466701268405e+03
  4.437170089328e+03
  4.407834505128e+03
  4.378695282094e+03
  4.349747925530e+03
  4.320989367764e+03
  4.292422930173e+03
  4.264044622112e+03
  4.235842862688e+03
  4.207833198967e+03
  4.180018546227e+03
  4.152386020224e+03
  4.124927655430e+03
  4.097663717032e+03
  4.070569012631e+03
  4.043658764074e+03
  4.016928568014e+03
  3.990378027241e+03
  3.963996747054e+03
  3.937790327961e+03
  3.911757109885e+03
  3.885893941251e+03
  3.860200679884e+03
  3.834673939685e+03
  3.809329182653e+03
  3.784139798516e+03
  3.759134813241e+03
  3.734279812305e+03
  3.709588209742e+03
  3.685066660686e+03
  3.660708958562e+03
  3.636501943455e+03
  3.612461661991e+03
  3.588581240475e+03
  3.564853739304e+03
  3.541290481041e+03
  3.517878120161e+03
  3.494618620639e+03
  3.471515371982e+03
  3.448566928431e+03
  3.425767876497e+03
  3.403117325613e+03
  3.380619454950e+03
  3.358271398627e+03
  3.336069176922e+03
  3.314011091922e+03
  3.292104522952e+03
  3.270336084558e+03
  3.248717918386e+03
  3.227239544560e+03
  3.205904414441e+03
  3.184710214484e+03
  3.163656687600e+03
  3.142741355139e+03
  3.121963372287e+03
  3.101324747303e+03
  3.080819910864e+03
  3.060452911658e+03
  3.040218317518e+03
  3.020120468476e+03
  3.000153734325e+03
  2.980320406044e+03
  2.960615799494e+03
  2.941044004132e+03
  2.921600386336e+03
  2.902285133043e+03
  2.883097765439e+03
  2.864037566466e+03
  2.845102733088e+03
  2.826292993269e+03
  2.807608187893e+03
  2.789046668145e+03
  2.770607741736e+03
  2.752290905833e+03
  2.734094983318e+03
  2.716019433175e+03
  2.698063066325e+03
  2.680225949220e+03
  2.662506475987e+03
  2.644903902541e+03
  2.627418285252e+03
  2.610047922832e+03
  2.592792681663e+03
  2.575651155969e+03
  2.558623714002e+03
  2.541708019360e+03
  2.524904472941e+03
  2.508211963126e+03
  2.491629737884e+03
  2.475156420886e+03
  2.458793907003e+03
  2.442537896222e+03
  2.426390382193e+03
  2.410348062391e+03
  2.394414052151e+03
  2.378583858588e+03
  2.362858938364e+03
  2.347237504036e+03
  2.331719112409e+03
  2.316304170343e+03
  2.300990709917e+03
  2.285778887949e+03
  2.270666552319e+03
  2.255654950730e+03
  2.240743092293e+03
  2.225928145259e+03
  2.211212264484e+03
  2.196593745186e+03
  2.182071984316e+03
  2.167646079974e+03
  2.153315998374e+03
  2.139079878974e+03
  2.124938244306e+03
  2.110889600633e+03
  2.096934472395e+03
  2.083071571353e+03
  2.069299905123e+03
  2.055619203779e+03
  2.042028968601e+03
  2.028529162992e+03
  2.015118486585e+03
  2.001795894243e+03
  1.988561653857e+03
  1.975415099626e+03
  1.962355307306e+03
  1.949381958197e+03
  1.936494221211e+03
  1.923692134619e+03
  1.910974187570e+03
  1.898340099060e+03
  1.885790137582e+03
  1.873322879712e+03
  1.860938054211e+03
  1.848635226558e+03
  1.836413403635e+03
  1.824272873040e+03
  1.812212081355e+03
  1.800231221698e+03
  1.788329398114e+03
  1.776506904216e+03
  1.764762122313e+03
  1.753095115318e+03
  1.741505242192e+03
  1.729991308342e+03
  1.718554111684e+03
  1.707192573029e+03
  1.695906336594e+03
  1.684694316176e+03
  1.673556419520e+03
  1.662492425269e+03
  1.651501479085e+03
  1.640583021227e+03
  1.629736830097e+03
  1.618962584965e+03
  1.608259491060e+03
  1.597626821215e+03
  1.587064781821e+03
  1.576572629878e+03
  1.566149603693e+03
  1.555795251744e+03
  1.545510001250e+03
  1.535292458628e+03
  1.525142101839e+03
  1.515058991312e+03
  1.505042858657e+03
  1.495092793323e+03
  1.485208364337e+03
  1.475389505234e+03
  1.465635465095e+03
  1.455946098385e+03
  1.446320651446e+03
  1.436758488944e+03
  1.427259952408e+03
  1.417824119202e+03
  1.408450720028e+03
  1.399139517745e+03
  1.389889404935e+03
  1.354105844244e+03
  1.293161017609e+03
  1.234959111939e+03
  1.195958212437e+03
  1.168806750227e+03
  1.140625682425e+03
  1.114696340859e+03
  1.075604437936e+03
  1.034803007772e+03
  1.011155162728e+03
  9.907993948197e+02
  9.682154240590e+02
  9.470844950903e+02
  9.255179942806e+02
  9.053001356360e+02
  8.847036342327e+02
  8.626646938372e+02
  8.429954513119e+02
  8.266423378797e+02
  8.078581982662e+02
  7.865821667664e+02
  7.686435936507e+02
  7.565607052962e+02
  7.394294857859e+02
  7.201217346983e+02
  7.037614642743e+02
  6.854455536155e+02
  6.698215260544e+02
  6.520987460491e+02
  6.371776597866e+02
  6.266904746577e+02
  6.124411071690e+02
  5.989898991877e+02
  5.853817376145e+02
  5.725140580827e+02
  5.595185007590e+02
  5.469918374278e+02
  5.345818420321e+02
  5.221588553442e+02
  5.147583745229e+02
  5.074161406030e+02
  4.992840267057e+02
  4.931800595466e+02
  4.883570788824e+02
  4.831424357046e+02
  4.760817971605e+02
  4.695316761077e+02
  4.629668380940e+02
  4.561794482127e+02
  4.514332208855e+02
  4.470184719334e+02
  4.414428211407e+02
  4.349811860949e+02
  4.279933318639e+02
  4.212177215795e+02
  4.141921431448e+02
  4.066115647053e+02
  4.013528477966e+02
  3.974292374697e+02
  3.931318083359e+02
  3.887406859502e+02
  3.840478800173e+02
  3.798027000934e+02
  3.760038773751e+02
  3.718987364369e+02
  3.671113746228e+02
  3.630950577112e+02
  3.598494016752e+02
  3.559203624794e+02
  3.509669600678e+02
  3.471239506231e+02
  3.443906856658e+02
  3.406311102763e+02
  3.369124510940e+02
  3.336841465995e+02
  3.318550297939e+02
  3.295949330597e+02
  3.259965411819e+02
  3.224383485592e+02
  3.190089794648e+02
  3.158574640458e+02
  3.128132099412e+02
  3.086769983411e+02
  3.045794063232e+02
  3.014845386871e+02
  2.988856716930e+02
  2.968569226546e+02
  2.948417982898e+02
  2.928400088024e+02
  2.906338766700e+02
  2.876821460464e+02
  2.840049439975e+02
  2.811135097388e+02
  2.792050194255e+02
  2.773263118992e+02
  2.754440853501e+02
  2.735590593104e+02
  2.717023271120e+02
  2.698579103275e+02
  2.680257870379e+02
  2.655365420765e+02
  2.628347845692e+02
  2.608219819121e+02
  2.590516361819e+02
  2.572938246043e+02
  2.555473724515e+02
  2.538123516564e+02
  2.525137135661e+02
  2.516553918344e+02
  2.503782475942e+02
  2.486786288875e+02
  2.469537888146e+02
  2.452050197366e+02
  2.434680680349e+02
  2.416682604617e+02
  2.399558118840e+02
  2.383307617911e+02
  2.366424218066e+02
  2.349660988474e+02
  2.333016633929e+02
  2.311857868633e+02
  2.295448180815e+02
  2.283787494243e+02
  2.267610185510e+02
  2.251547198619e+02
  2.235597937402e+02
  2.219761297110e+02
  2.203695385852e+02
  2.194939128851e+02
  2.185675211648e+02
  2.168372681569e+02
  2.151206504823e+02
  2.123924213382e+02
  2.100950633408e+02
  2.094578761347e+02
  2.087980144594e+02
  2.079052818718e+02
  2.070157332333e+02
  2.061311138147e+02
  2.050352347564e+02
  2.037311579883e+02
  2.023815805515e+02
  2.009574871258e+02
  1.993515308570e+02
  1.975676092096e+02
  1.961410650308e+02
  1.950939479470e+02
  1.940542217945e+02
  1.930197288395e+02
  1.919901815336e+02
  1.913494730236e+02
  1.908389598759e+02
  1.899482898996e+02
  1.889353256086e+02
  1.878382836231e+02
  1.866577391728e+02
  1.852170262132e+02
  1.835200862491e+02
  1.826454995144e+02
  1.818080104018e+02
  1.801720827550e+02
  1.786528318651e+02
  1.772769906445e+02
  1.759118115562e+02
  1.748135324588e+02
  1.741396371792e+02
  1.729156725819e+02
  1.711609857214e+02
  1.700008773581e+02
  1.692572026338e+02
  1.685159867134e+02
  1.677787107107e+02
  1.669787796722e+02
  1.661747276710e+02
  1.650061562279e+02
  1.634209053265e+02
  1.619230006549e+02
  1.608786596659e+02
  1.602084736287e+02
  1.595425886730e+02
  1.591313465360e+02
  1.581466793046e+02
  1.553168186772e+02
  1.526414779264e+02
  1.517555772043e+02
  1.511785914774e+02
  1.503025098771e+02
  1.495264012641e+02
  1.488491692967e+02
  1.481463670011e+02
  1.474186455554e+02
  1.467425424519e+02
  1.461174147894e+02
  1.454307366119e+02
  1.445205433183e+02
  1.435342587163e+02
  1.426350588587e+02
  1.413524497719e+02
  1.401046168851e+02
  1.391094039005e+02
  9.626679121385e+01
  3.753060396527e+01
  1.463168464974e+01
  5.704314572413e+00
  2.223885688717e+00
  8.670049141839e-01
  3.380108400076e-01
  1.317770290500e-01
  5.137465739525e-02
  2.002894182093e-02
  7.808492047441e-03
