666
  3.039285889566e-05
  2.836691658101e-05
  2.657899491039e-05
  2.540114602206e-05
  2.559292248752e-05
  2.591248081117e-05
  2.609129827165e-05
  2.624729397367e-05
  2.640467056288e-05
  2.658399286380e-05
  2.658110935007e-05
  2.575451029205e-05
  2.449610907858e-05
  2.305721033019e-05
  2.272837772755e-05
  2.167709741564e-05
  2.080712578570e-05
  2.146781272806e-05
  2.312918923880e-05
  2.474751870467e-05
  2.645637984666e-05
  2.812525594056e-05
  2.952669507746e-05
  3.080941555803e-05
  3.154515640976e-05
  3.193534430145e-05
  3.233754475635e-05
  3.276930823968e-05
  3.318261205005e-05
  3.361379694664e-05
  3.412190633075e-05
  3.449140285774e-05
  3.472845811974e-05
  3.488261016423e-05
  3.507768310544e-05
  3.525380845807e-05
  3.539176651488e-05
  3.531818219221e-05
  3.508845583348e-05
  3.487935905763e-05
  3.467812107143e-05
  3.443797308319e-05
  3.413901596788e-05
  3.383707633331e-05
  3.358916568162e-05
  3.336431584514e-05
  3.314257935649e-05
  3.294798134215e-05
  3.286058718932e-05
  3.297222688268e-05
  3.138094797628e-05
  3.072292951724e-05
  3.112270541817e-05
  3.212280641238e-05
  3.343008187379e-05
  3.396519197349e-05
  3.479901815295e-05
  3.624350133223e-05
  3.761505502773e-05
  3.920002458323e-05
  4.062516643359e-05
  4.216886346668e-05
  4.348277890001e-05
  4.368274950570e-05
  4.477195286127e-05
  4.584823454356e-05
  4.745596174729e-05
  4.883693814146e-05
  4.955714090158e-05
  5.013463454194e-05
  5.036614248087e-05
  5.056389561924e-05
  5.108606613601e-05
  5.178578669858e-05
  5.248936151502e-05
  5.329354936601e-05
  5.432328253559e-05
  5.542054334464e-05
  5.612190312220e-05
  5.653668297494e-05
  5.688918488515e-05
  5.793239829325e-05
  5.822997143148e-05
  6.494412938914e-05
  5.889618342077e-05
  6.246534567680e-05
  6.536035600957e-05
  6.700837846466e-05
  6.312604250024e-05
  6.442021393016e-05
  6.471108368956e-05
  7.147378366700e-05
  7.105660303294e-05
  7.067000386168e-05
  7.504824970719e-05
  7.043061122008e-05
  7.190593152358e-05
  7.678875838569e-05
  7.743364577807e-05
  7.520420334891e-05
  1.005915971310e-04
  2.062290192799e-04
  3.675195770081e-04
  4.795717894461e-04
  3.338161803558e-04
  2.383431599654e-03
  8.403901918512e-03
  2.469828027761e-02
  6.527733621672e-02
  1.685161195358e-01
  4.326732049840e-01
  1.568785858781e-04
  1.464212950229e-04
  1.371925934944e-04
  1.311128999515e-04
  1.321027910574e-04
  1.337522527975e-04
  1.346752535071e-04
  1.354804553219e-04
  1.362927848513e-04
  1.372183913920e-04
  1.372035075814e-04
  1.329368575846e-04
  1.264413777248e-04
  1.190142251281e-04
  1.173168924135e-04
  1.118905069175e-04
  1.073999810500e-04
  1.108102437561e-04
  1.193857581068e-04
  1.277390768572e-04
  1.365596922635e-04
  1.451739171548e-04
  1.524077147631e-04
  1.590287231968e-04
  1.628263910893e-04
  1.648404209272e-04
  1.669164559202e-04
  1.691450861696e-04
  1.712784332670e-04
  1.735040770296e-04
  1.761267813275e-04
  1.780340087075e-04
  1.792576150291e-04
  1.800533004509e-04
  1.810602069504e-04
  1.819693118277e-04
  1.826814088679e-04
  1.823015892359e-04
  1.811158124578e-04
  1.800365192390e-04
  1.789977906742e-04
  1.777582206513e-04
  1.762150960098e-04
  1.746565765216e-04
  1.733769380185e-04
  1.722163323479e-04
  1.710717968207e-04
  1.700673417476e-04
  1.696162400215e-04
  1.701924897676e-04
  1.619787976819e-04
  1.585823088655e-04
  1.606458290569e-04
  1.658080426626e-04
  1.725557963518e-04
  1.753178700356e-04
  1.796218242095e-04
  1.870778019202e-04
  1.941573400757e-04
  2.023384652334e-04
  2.096946089555e-04
  2.176626980519e-04
  2.244447252331e-04
  2.254769119696e-04
  2.310990445483e-04
  2.366544794254e-04
  2.449530725609e-04
  2.520812477876e-04
  2.557987128323e-04
  2.587795573117e-04
  2.599745300586e-04
  2.609952709111e-04
  2.636905544492e-04
  2.673022966924e-04
  2.709339334082e-04
  2.750849036502e-04
  2.804000694274e-04
  2.860637921017e-04
  2.896839954683e-04
  2.918249614423e-04
  2.936444678396e-04
  2.990292144603e-04
  3.005651954380e-04
  3.352216129003e-04
  3.040039767364e-04
  3.224268940874e-04
  3.373700466440e-04
  3.458766314683e-04
  3.258372077967e-04
  3.325173225074e-04
  3.340187027061e-04
  3.689256791384e-04
  3.667723210699e-04
  3.647768151026e-04
  3.873759729912e-04
  3.635411439467e-04
  3.711562934041e-04
  3.963599432433e-04
  3.996886535338e-04
  3.881809577036e-04
  5.192228728237e-04
  1.064490741813e-03
  1.897022972452e-03
  2.475402015113e-03
  1.723056409311e-03
  1.230254054660e-02
  4.337835586184e-02
  1.274849232471e-01
  3.369415240181e-01
  8.698283574176e-01
  2.233325952595e+00
  1.497699115308e-04
  1.397864742282e-04
  1.309759549101e-04
  1.251717518766e-04
  1.261167878261e-04
  1.276915071385e-04
  1.285726837112e-04
  1.293413992365e-04
  1.301169194968e-04
  1.310005838219e-04
  1.309863744447e-04
  1.269130601107e-04
  1.207119113784e-04
  1.136213070036e-04
  1.120008859049e-04
  1.068203874249e-04
  1.025333417575e-04
  1.057890744691e-04
  1.139760046256e-04
  1.219508075805e-04
  1.303717324738e-04
  1.385956190716e-04
  1.455016299957e-04
  1.518226191977e-04
  1.554482025181e-04
  1.573709701728e-04
  1.593529333292e-04
  1.614805771590e-04
  1.635172554237e-04
  1.656420480942e-04
  1.681459092073e-04
  1.699667139677e-04
  1.711348747432e-04
  1.718945050940e-04
  1.728557854147e-04
  1.737236958200e-04
  1.744035254482e-04
  1.740409166679e-04
  1.729088712574e-04
  1.718784842929e-04
  1.708868238672e-04
  1.697034227572e-04
  1.682302220667e-04
  1.667423241197e-04
  1.655206701614e-04
  1.644126552744e-04
  1.633199823408e-04
  1.623610423644e-04
  1.619303815114e-04
  1.624805195243e-04
  1.546390162998e-04
  1.513964333386e-04
  1.533664487794e-04
  1.582947458487e-04
  1.647367370702e-04
  1.673736522932e-04
  1.714825804318e-04
  1.786007037617e-04
  1.853594452260e-04
  1.931698572350e-04
  2.001926703760e-04
  2.077996996743e-04
  2.142744113454e-04
  2.152598263741e-04
  2.206272020055e-04
  2.259309022230e-04
  2.338534593571e-04
  2.406586339901e-04
  2.442076487122e-04
  2.470534215210e-04
  2.481942462013e-04
  2.491687339959e-04
  2.517418855500e-04
  2.551899681115e-04
  2.586570436629e-04
  2.626199200646e-04
  2.676942385497e-04
  2.731013196953e-04
  2.765574799794e-04
  2.786014318848e-04
  2.803384905830e-04
  2.854792369792e-04
  2.869456177083e-04
  3.200316411974e-04
  2.902285767429e-04
  3.078166923315e-04
  3.220827224837e-04
  3.302038465329e-04
  3.110724737351e-04
  3.174498909182e-04
  3.188832387412e-04
  3.522084675657e-04
  3.501526850916e-04
  3.482476019312e-04
  3.698227191387e-04
  3.470679230180e-04
  3.543380055098e-04
  3.783995967431e-04
  3.815774724420e-04
  3.705912273992e-04
  4.956952109959e-04
  1.016255235438e-03
  1.811062747447e-03
  2.363233571564e-03
  1.644979169979e-03
  1.174507278323e-02
  4.141274274890e-02
  1.217081704897e-01
  3.216736175992e-01
  8.304136310782e-01
  2.132126755653e+00
  3.357965124497e-04
  3.134128213985e-04
  2.936589093501e-04
  2.806454067292e-04
  2.827642553867e-04
  2.862949061549e-04
  2.882705768149e-04
  2.899941005175e-04
  2.917328809981e-04
  2.937141294045e-04
  2.936822708072e-04
  2.845495636200e-04
  2.706460759554e-04
  2.547483552725e-04
  2.511152373245e-04
  2.395001318301e-04
  2.298882213394e-04
  2.371878429981e-04
  2.555436166385e-04
  2.734237835718e-04
  2.923041927399e-04
  3.107428257743e-04
  3.262266726936e-04
  3.403988525897e-04
  3.485277098625e-04
  3.528387137625e-04
  3.572824388667e-04
  3.620527920737e-04
  3.666191929701e-04
  3.713831536423e-04
  3.769970170736e-04
  3.810794117424e-04
  3.836985246897e-04
  3.854016786807e-04
  3.875569485602e-04
  3.895028753772e-04
  3.910271095566e-04
  3.902141107201e-04
  3.876759714043e-04
  3.853657587213e-04
  3.831423741371e-04
  3.804890911011e-04
  3.771860534685e-04
  3.738500633728e-04
  3.711110142915e-04
  3.686267533941e-04
  3.661768904237e-04
  3.640268677894e-04
  3.630612905849e-04
  3.642947454505e-04
  3.467134475233e-04
  3.394433086913e-04
  3.438602460302e-04
  3.549098951306e-04
  3.693533715491e-04
  3.752655532847e-04
  3.844781095636e-04
  4.004375300169e-04
  4.155911866429e-04
  4.331027754968e-04
  4.488485026342e-04
  4.659040906515e-04
  4.804209290207e-04
  4.826303109092e-04
  4.946644104128e-04
  5.065557443793e-04
  5.243187718667e-04
  5.395765354923e-04
  5.475337196432e-04
  5.539141773376e-04
  5.564720005014e-04
  5.586568826284e-04
  5.644261009517e-04
  5.721569868616e-04
  5.799304566237e-04
  5.888155528446e-04
  6.001925940202e-04
  6.123157165666e-04
  6.200647133978e-04
  6.246474223974e-04
  6.285420514774e-04
  6.400680295167e-04
  6.433557762324e-04
  7.175373737570e-04
  6.507164415560e-04
  6.901504494608e-04
  7.221360674176e-04
  7.403442983299e-04
  6.974501802910e-04
  7.117488763818e-04
  7.149625605936e-04
  7.896804762383e-04
  7.850712421264e-04
  7.807998883235e-04
  8.291730831788e-04
  7.781549507600e-04
  7.944550762060e-04
  8.484031512069e-04
  8.555282110120e-04
  8.308961421767e-04
  1.111389606825e-03
  2.278528179197e-03
  4.060552271177e-03
  5.298564867430e-03
  3.688179172207e-03
  2.633342330756e-02
  9.285078988108e-02
  2.728797711726e-01
  7.212188204748e-01
  1.861855951950e+00
  4.780404297039e+00
  1.376718482743e-04
  1.284948496934e-04
  1.203960235248e-04
  1.150606704407e-04
  1.159293685959e-04
  1.173768857643e-04
  1.181868829539e-04
  1.188935034365e-04
  1.196063789835e-04
  1.204186629707e-04
  1.204056013937e-04
  1.166613198673e-04
  1.109610854298e-04
  1.044432434969e-04
  1.029537162256e-04
  9.819168629971e-05
  9.425093815716e-05
  9.724368039301e-05
  1.047692894744e-04
  1.120999064936e-04
  1.198406087641e-04
  1.274001890319e-04
  1.337483485414e-04
  1.395587430155e-04
  1.428914601928e-04
  1.446589111722e-04
  1.464807759792e-04
  1.484365537153e-04
  1.503087138720e-04
  1.522618707588e-04
  1.545634758258e-04
  1.562372002351e-04
  1.573109997146e-04
  1.580092689019e-04
  1.588928992460e-04
  1.596907018782e-04
  1.603156164586e-04
  1.599822983677e-04
  1.589416969385e-04
  1.579945422237e-04
  1.570829858084e-04
  1.559951770731e-04
  1.546409780896e-04
  1.532732690597e-04
  1.521502974517e-04
  1.511317854164e-04
  1.501273760475e-04
  1.492458970002e-04
  1.488500239238e-04
  1.493557230744e-04
  1.421476381451e-04
  1.391669834536e-04
  1.409778656535e-04
  1.455080664091e-04
  1.514296886426e-04
  1.538536000195e-04
  1.576306185507e-04
  1.641737565219e-04
  1.703865426542e-04
  1.775660478437e-04
  1.840215745602e-04
  1.910141258187e-04
  1.969658254204e-04
  1.978716409272e-04
  2.028054525053e-04
  2.076807322206e-04
  2.149633237141e-04
  2.212187922524e-04
  2.244811258636e-04
  2.270970237990e-04
  2.281456953291e-04
  2.290414662783e-04
  2.314067646665e-04
  2.345763191811e-04
  2.377633324763e-04
  2.414060969883e-04
  2.460705238911e-04
  2.510408336649e-04
  2.542178134025e-04
  2.560966596522e-04
  2.576934028104e-04
  2.624188917330e-04
  2.637668216555e-04
  2.941802335300e-04
  2.667845909356e-04
  2.829519796721e-04
  2.960656332660e-04
  3.035307519035e-04
  2.859447666667e-04
  2.918070310016e-04
  2.931245963390e-04
  3.237578911012e-04
  3.218681699285e-04
  3.201169749313e-04
  3.399493046183e-04
  3.190325877223e-04
  3.257154099496e-04
  3.478333621047e-04
  3.507545364352e-04
  3.406557345785e-04
  4.556541109026e-04
  9.341645137609e-04
  1.664769333395e-03
  2.172337089444e-03
  1.512101598972e-03
  1.079633326652e-02
  3.806751822228e-02
  1.118768690596e-01
  2.956895749174e-01
  7.633347596603e-01
  1.959898541741e+00
  5.767025088006e-05
  5.382603859469e-05
  5.043346892388e-05
  4.819850836549e-05
  4.856240295381e-05
  4.916876278192e-05
  4.950806774309e-05
  4.980406856693e-05
  5.010268961517e-05
  5.044295250777e-05
  5.043748105934e-05
  4.886901475557e-05
  4.648120668730e-05
  4.375090572761e-05
  4.312694801581e-05
  4.113215050296e-05
  3.948138502778e-05
  4.073503417772e-05
  4.388748523571e-05
  4.695825480772e-05
  5.020080764277e-05
  5.336748911073e-05
  5.602671070273e-05
  5.846066442120e-05
  5.985672787305e-05
  6.059710684436e-05
  6.136027957576e-05
  6.217954796014e-05
  6.296378923588e-05
  6.378195975572e-05
  6.474609398727e-05
  6.544721122945e-05
  6.589702203794e-05
  6.618952453368e-05
  6.655967416316e-05
  6.689387086732e-05
  6.715564537738e-05
  6.701601960662e-05
  6.658011534413e-05
  6.618335558017e-05
  6.580150781814e-05
  6.534582858186e-05
  6.477855941177e-05
  6.420563093091e-05
  6.373522209152e-05
  6.330857099810e-05
  6.288782746180e-05
  6.251857900294e-05
  6.235274916980e-05
  6.256458475745e-05
  5.954514344503e-05
  5.829655772471e-05
  5.905512988080e-05
  6.095281497320e-05
  6.343336160712e-05
  6.444872951983e-05
  6.603090923924e-05
  6.877180662001e-05
  7.137432078252e-05
  7.438179014289e-05
  7.708598747859e-05
  8.001514249776e-05
  8.250828843496e-05
  8.288773135075e-05
  8.495448759080e-05
  8.699672504032e-05
  9.004737688931e-05
  9.266777056088e-05
  9.403435058559e-05
  9.513014098937e-05
  9.556942578863e-05
  9.594466107469e-05
  9.693547621347e-05
  9.826319140234e-05
  9.959822001273e-05
  1.011241611978e-04
  1.030780731491e-04
  1.051601183544e-04
  1.064909439430e-04
  1.072779859994e-04
  1.079468560675e-04
  1.099263466831e-04
  1.104909897658e-04
  1.232310605566e-04
  1.117551226561e-04
  1.185275846823e-04
  1.240208478453e-04
  1.271479596701e-04
  1.197812525815e-04
  1.222369344014e-04
  1.227888578666e-04
  1.356210368223e-04
  1.348294392990e-04
  1.340958699012e-04
  1.424035627442e-04
  1.336416239302e-04
  1.364410345524e-04
  1.457061665727e-04
  1.469298361799e-04
  1.426994837589e-04
  1.908718973390e-04
  3.913182146323e-04
  6.973659925233e-04
  9.099843324154e-04
  6.334140179124e-04
  4.522545864455e-03
  1.594634889978e-02
  4.686482521457e-02
  1.238633183316e-01
  3.197582341406e-01
  8.209945752775e-01
