666
  0.000000000000e+00
  0.000000000000e+00
  0.000000000000e+00
  0.000000000000e+00
  0.000000000000e+00
  0.000000000000e+00
  0.000000000000e+00
  0.000000000000e+00
  0.000000000000e+00
  0.000000000000e+00
  0.000000000000e+00
  0.000000000000e+00
  0.000000000000e+00
  0.000000000000e+00
  0.000000000000e+00
  0.000000000000e+00
  0.000000000000e+00
  0.000000000000e+00
  0.000000000000e+00
  0.000000000000e+00
  0.000000000000e+00
  0.000000000000e+00
  0.000000000000e+00
  0.000000000000e+00
  0.000000000000e+00
  0.000000000000e+00
  0.000000000000e+00
  0.000000000000e+00
  0.000000000000e+00
  0.000000000000e+00
  0.000000000000e+00
  0.000000000000e+00
  0.000000000000e+00
  0.000000000000e+00
  0.000000000000e+00
  0.000000000000e+00
  0.000000000000e+00
  0.000000000000e+00
  3.059551377015e-08
  5.276407409844e-05
  8.316174483592e-04
  8.142092039225e-04
  1.867972727653e-03
  4.397031407521e-03
  5.633239000298e-03
  4.653773162260e-03
  1.110129649313e-02
  1.729383483312e-02
  9.910213451134e-03
  1.123065144391e-02
  1.128897029108e-01
  6.348256174817e-02
  6.392955103133e-02
  7.643005423838e-02
  8.874294077800e-02
  5.869559446336e-02
  8.956045012711e-02
  5.968912298188e-02
  5.307357875610e-02
  5.811914739446e-02
  3.139142777813e-02
  1.642262564037e-02
  6.833931397793e-03
  1.550853712674e-02
  7.061693690123e-03
  1.378791975227e-02
  1.566640021304e-02
  9.111325798963e-03
  9.519674846740e-03
  1.212803213343e-02
  4.068496569617e-03
  3.852751684715e-03
  4.863510771712e-03
  2.536835002245e-03
  1.708666238456e-03
  1.618059214112e-03
  2.267629936276e-03
  1.812362439011e-03
  2.700274885440e-03
  3.720180284973e-03
  3.586054934758e-03
  3.678520700965e-03
  3.995278079676e-03
  2.022853028876e-03
  3.455934434843e-03
  1.752456505660e-03
  1.731364484513e-03
  1.397599060742e-03
  2.713085835958e-03
  2.129319488932e-03
  1.333748264150e-03
  1.104592843794e-03
  7.495368702780e-04
  9.916994845295e-04
  1.215516342312e-03
  2.308733068902e-03
  1.104042105465e-03
  1.101076459543e-03
  1.150500368517e-03
  1.134124472796e-03
  2.224009061100e-03
  1.319606457886e-04
  7.800905644987e-06
  4.400127882361e-07
  6.687802922783e-08
  1.016486422840e-08
  1.544969553520e-09
  2.348216265290e-10
  3.569087166724e-11
  5.424686849387e-12
  9.722816736261e-13
  0.000000000000e+00
  0.000000000000e+00
  0.000000000000e+00
  0.000000000000e+00
  0.000000000000e+00
  0.000000000000e+00
  0.000000000000e+00
  0.000000000000e+00
  0.000000000000e+00
  0.000000000000e+00
  0.000000000000e+00
  0.000000000000e+00
  0.000000000000e+00
  0.000000000000e+00
  0.000000000000e+00
  0.000000000000e+00
  0.000000000000e+00
  0.000000000000e+00
  0.000000000000e+00
  0.000000000000e+00
  0.000000000000e+00
  0.000000000000e+00
  0.000000000000e+00
  0.000000000000e+00
  0.000000000000e+00
  0.000000000000e+00
  0.000000000000e+00
  0.000000000000e+00
  0.000000000000e+00
  0.000000000000e+00
  0.000000000000e+00
  0.000000000000e+00
  0.000000000000e+00
  0.000000000000e+00
  0.000000000000e+00
  4.188193233164e-09
  1.743934311693e-07
  8.890342871868e-07
  6.414026078016e-05
  4.052010364157e-04
  1.148107142750e-03
  1.214710460646e-03
  2.412206583177e-03
  5.185088580648e-03
  6.907943546273e-03
  6.028233646115e-03
  1.377704331989e-02
  2.146114842180e-02
  1.255824870135e-02
  1.430926222006e-02
  1.418931636900e-01
  7.950588103020e-02
  9.018141595616e-02
  9.279488961873e-02
  1.161222934344e-01
  6.267787768787e-02
  5.439462994413e-02
  4.280658457084e-02
  2.726772518997e-02
  3.784792435991e-02
  2.227332583047e-02
  2.213036923619e-02
  1.215595361522e-02
  1.851774342452e-02
  6.395033083606e-03
  9.181579854328e-03
  1.033918404769e-02
  5.368489406212e-03
  4.237710603816e-03
  5.586380889805e-03
  2.783890407867e-03
  2.636267469500e-03
  3.327883082977e-03
  2.110738729865e-03
  2.227942993095e-03
  2.109799594914e-03
  2.956779784252e-03
  2.363153522615e-03
  1.395849503921e-03
  1.695578546381e-03
  1.634446782556e-03
  1.676591086061e-03
  1.820962746976e-03
  9.219731865826e-04
  1.575140714785e-03
  8.520488617094e-04
  8.796374035891e-04
  7.100646069099e-04
  1.378411035190e-03
  1.081822588396e-03
  6.776243289583e-04
  5.611998189083e-04
  3.808099252994e-04
  5.038431340861e-04
  6.175556636843e-04
  1.172975679748e-03
  5.609197939908e-04
  5.594134148887e-04
  5.845232381797e-04
  5.762038417648e-04
  9.891481759013e-03
  5.869067704327e-04
  3.469522010605e-05
  1.956995088754e-06
  2.974457879049e-07
  4.520911535232e-08
  6.871385352488e-09
  1.044387794869e-09
  1.587381566864e-10
  2.412674767130e-11
  4.324309693099e-12
  0.000000000000e+00
  0.000000000000e+00
  0.000000000000e+00
  0.000000000000e+00
  0.000000000000e+00
  0.000000000000e+00
  0.000000000000e+00
  0.000000000000e+00
  0.000000000000e+00
  0.000000000000e+00
  0.000000000000e+00
  0.000000000000e+00
  0.000000000000e+00
  0.000000000000e+00
  0.000000000000e+00
  0.000000000000e+00
  0.000000000000e+00
  0.000000000000e+00
  0.000000000000e+00
  0.000000000000e+00
  0.000000000000e+00
  0.000000000000e+00
  0.000000000000e+00
  0.000000000000e+00
  0.000000000000e+00
  0.000000000000e+00
  0.000000000000e+00
  0.000000000000e+00
  0.000000000000e+00
  5.168417095487e-06
  1.875682274161e-05
  4.355255841753e-05
  7.167907130584e-05
  1.172166719160e-04
  1.247914709595e-04
  2.948774844193e-04
  4.927263221003e-04
  7.872758258886e-04
  8.320534713783e-04
  2.222913362465e-03
  2.148709048984e-03
  2.697505625046e-03
  2.256315447860e-03
  3.357433029528e-03
  3.895516035386e-03
  4.590286599580e-03
  6.187570821917e-03
  6.917927690342e-03
  6.989848080730e-03
  8.667801162318e-03
  1.356665968396e-01
  1.218312979478e-01
  6.919556579654e-02
  7.327445535054e-02
  9.480321294493e-02
  8.376345910579e-02
  5.415268604509e-02
  5.723666044124e-02
  4.172787197236e-02
  4.764919764795e-02
  2.750915804216e-02
  2.535112896386e-02
  1.112083890569e-02
  1.476931909512e-02
  4.882340656535e-03
  7.189998579587e-03
  9.803154403342e-03
  5.698471589965e-03
  4.683313569595e-03
  6.134808720417e-03
  2.874381556365e-03
  2.721959833065e-03
  3.436056792161e-03
  2.183799730310e-03
  2.312932973850e-03
  2.190282825709e-03
  3.069572927795e-03
  2.453300916238e-03
  1.436498355306e-03
  1.741554542964e-03
  1.678765207540e-03
  1.722051926585e-03
  1.870338821605e-03
  9.469730615583e-04
  1.617851123692e-03
  8.664850611926e-04
  8.887747593565e-04
  7.174405297557e-04
  1.392729345902e-03
  1.093060086493e-03
  6.846633349939e-04
  5.670292384537e-04
  3.847655673397e-04
  5.090767768062e-04
  6.239701076674e-04
  1.185159575049e-03
  5.667464725439e-04
  5.652240117289e-04
  5.905952670404e-04
  5.821888069662e-04
  6.925480867474e-03
  4.109204865165e-04
  2.429170747053e-05
  1.370182271634e-06
  2.082554694892e-07
  3.165298289181e-08
  4.810973856643e-09
  7.312263822922e-10
  1.111395235586e-10
  1.689221981315e-11
  3.027647287792e-12
  0.000000000000e+00
  0.000000000000e+00
  0.000000000000e+00
  0.000000000000e+00
  0.000000000000e+00
  0.000000000000e+00
  0.000000000000e+00
  0.000000000000e+00
  0.000000000000e+00
  0.000000000000e+00
  0.000000000000e+00
  0.000000000000e+00
  0.000000000000e+00
  0.000000000000e+00
  0.000000000000e+00
  0.000000000000e+00
  0.000000000000e+00
  0.000000000000e+00
  0.000000000000e+00
  0.000000000000e+00
  0.000000000000e+00
  0.000000000000e+00
  0.000000000000e+00
  0.000000000000e+00
  0.000000000000e+00
  0.000000000000e+00
  0.000000000000e+00
  0.000000000000e+00
  0.000000000000e+00
  2.274973495678e-04
  4.469519275278e-04
  3.646947575507e-04
  7.124887841888e-04
  1.294282529751e-03
  1.619571894828e-03
  1.920372535425e-03
  2.496018633331e-03
  4.302195084423e-03
  3.572947251167e-03
  4.534860977362e-03
  5.878493517277e-03
  6.909322016910e-03
  1.004861164800e-02
  1.308512247629e-02
  1.054243234359e-02
  1.178957902983e-02
  1.446324989173e-02
  1.643879380306e-02
  1.549425678639e-02
  2.019565081146e-02
  1.403025155761e-01
  9.891117281511e-02
  7.890251618499e-02
  7.530022941595e-02
  7.854169285801e-02
  7.701220114278e-02
  4.630041186302e-02
  4.985424757769e-02
  3.758465149044e-02
  4.350705603799e-02
  2.028335135656e-02
  1.716533727117e-02
  7.932921639913e-03
  1.165836819689e-02
  4.098426599951e-03
  6.483004447168e-03
  8.420296845726e-03
  4.550099532029e-03
  3.161281342317e-03
  4.192784640518e-03
  2.208569179755e-03
  2.091453880614e-03
  2.640140353684e-03
  1.670273311936e-03
  1.755487702617e-03
  1.662397817981e-03
  2.329768432229e-03
  1.862025728090e-03
  1.174916609328e-03
  1.447476024894e-03
  1.395289533847e-03
  1.431266897879e-03
  1.554513814978e-03
  7.870672118247e-04
  1.344661026010e-03
  7.264506509872e-04
  7.493581233413e-04
  6.049000378780e-04
  1.174260684435e-03
  9.215985190997e-04
  5.772643217549e-04
  4.780828934055e-04
  3.244098000456e-04
  4.292210133944e-04
  5.260920969101e-04
  9.992512876507e-04
  4.778445162863e-04
  4.765608477434e-04
  4.979522209364e-04
  4.908645090662e-04
  4.412311352118e-03
  2.618027127002e-04
  1.547657758096e-05
  8.729615719451e-07
  1.326823850493e-07
  2.016654139731e-08
  3.065136766073e-09
  4.658721418218e-10
  7.080860467030e-11
  1.076228740545e-11
  1.928954370258e-12
  0.000000000000e+00
  0.000000000000e+00
  0.000000000000e+00
  0.000000000000e+00
  0.000000000000e+00
  0.000000000000e+00
  0.000000000000e+00
  0.000000000000e+00
  0.000000000000e+00
  0.000000000000e+00
  0.000000000000e+00
  0.000000000000e+00
  0.000000000000e+00
  0.000000000000e+00
  0.000000000000e+00
  0.000000000000e+00
  0.000000000000e+00
  0.000000000000e+00
  0.000000000000e+00
  0.000000000000e+00
  0.000000000000e+00
  0.000000000000e+00
  0.000000000000e+00
  0.000000000000e+00
  0.000000000000e+00
  0.000000000000e+00
  0.000000000000e+00
  0.000000000000e+00
  0.000000000000e+00
  6.205933785507e-04
  1.055055781151e-03
  1.312366479734e-03
  1.565089450099e-03
  1.940512551692e-03
  2.436655021029e-03
  2.877136838359e-03
  3.384438050075e-03
  4.085015994926e-03
  4.098798728660e-03
  4.624558057890e-03
  6.115747562067e-03
  6.526833234950e-03
  7.536858650630e-03
  9.016989049687e-03
  9.010272993946e-03
  9.951567619468e-03
  1.122578311890e-02
  1.157313878304e-02
  1.176499095562e-02
  1.480878309114e-02
  1.143551324268e-01
  8.940173768018e-02
  7.409638267051e-02
  7.570974952561e-02
  8.048275259507e-02
  7.836123571970e-02
  5.412099780657e-02
  5.982840917961e-02
  4.480151508387e-02
  4.715697772061e-02
  2.375602605962e-02
  2.212072008909e-02
  1.011142235841e-02
  1.483102490203e-02
  5.319278845397e-03
  8.793000708042e-03
  1.070052449843e-02
  5.659360989636e-03
  4.101132006241e-03
  5.367331751260e-03
  2.491865413526e-03
  2.359728120407e-03
  2.978794589496e-03
  1.790520009535e-03
  1.715187305055e-03
  1.624234883706e-03
  2.276284438561e-03
  1.819279232263e-03
  1.216412015744e-03
  1.515904589302e-03
  1.461251030347e-03
  1.498929048975e-03
  1.628002181077e-03
  8.242750792826e-04
  1.408228873852e-03
  1.037550523752e-03
  1.254652543454e-03
  1.012785619997e-03
  1.966067616747e-03
  1.543034932032e-03
  9.665154643292e-04
  8.004554682558e-04
  5.431602197543e-04
  7.186463419482e-04
  8.808375115456e-04
  1.673048942553e-03
  8.000562886048e-04
  7.979071507678e-04
  8.337229616400e-04
  8.218560379849e-04
  2.948904042449e-03
  1.749719813257e-04
  1.034353302850e-05
  5.834305097754e-07
  8.867621447553e-08
  1.347800137575e-08
  2.048535736317e-09
  3.113594972136e-10
  4.732385121076e-11
  7.192801105885e-12
  1.289186312887e-12
  0.000000000000e+00
  0.000000000000e+00
  0.000000000000e+00
  0.000000000000e+00
  0.000000000000e+00
  0.000000000000e+00
  0.000000000000e+00
  0.000000000000e+00
  0.000000000000e+00
  0.000000000000e+00
  0.000000000000e+00
  0.000000000000e+00
  0.000000000000e+00
  0.000000000000e+00
  0.000000000000e+00
  0.000000000000e+00
  0.000000000000e+00
  0.000000000000e+00
  0.000000000000e+00
  0.000000000000e+00
  0.000000000000e+00
  0.000000000000e+00
  0.000000000000e+00
  0.000000000000e+00
  0.000000000000e+00
  0.000000000000e+00
  0.000000000000e+00
  0.000000000000e+00
  0.000000000000e+00
  1.246830817441e-03
  2.074979048929e-03
  2.649554609193e-03
  3.012303877941e-03
  3.190414759464e-03
  3.533212682943e-03
  3.997200012356e-03
  4.333959691976e-03
  5.116877999430e-03
  5.603818483701e-03
  5.478516267438e-03
  7.012469569780e-03
  7.206653831928e-03
  8.132669937960e-03
  8.606930260667e-03
  9.112873674941e-03
  1.022375699220e-02
  1.054999076779e-02
  1.126547976068e-02
  1.160583137494e-02
  1.417560017353e-02
  1.184662196759e-01
  9.041706399890e-02
  6.864876583926e-02
  7.023179135180e-02
  7.305534403218e-02
  7.670595998710e-02
  5.232951984613e-02
  5.626014411766e-02
  4.103631775669e-02
  4.437467927595e-02
  2.143293551076e-02
  2.042058501253e-02
  1.065226305272e-02
  1.639715153283e-02
  5.898792191039e-03
  9.576704440564e-03
  1.043819217841e-02
  5.189841241802e-03
  3.792830071336e-03
  5.089774398719e-03
  2.957717310413e-03
  2.800876523005e-03
  3.535677057213e-03
  1.997927082966e-03
  1.676239678969e-03
  1.587352092656e-03
  2.224595320683e-03
  1.777967001478e-03
  1.441932182098e-03
  1.857335810448e-03
  1.790371670988e-03
  1.836536913124e-03
  1.994681395167e-03
  1.009928877920e-03
  1.725408236114e-03
  1.737569027412e-03
  2.328958635463e-03
  1.879990891936e-03
  3.649527535494e-03
  2.864269803717e-03
  1.794102104368e-03
  1.485851637100e-03
  1.008245365552e-03
  1.333992287971e-03
  1.635060391375e-03
  3.105609875057e-03
  1.485110819398e-03
  1.481121152513e-03
  1.547604460487e-03
  1.525575634159e-03
  2.236965365509e-03
  1.327294970772e-04
  7.846353907121e-06
  4.425764784298e-07
  6.726769256152e-08
  1.022409721736e-08
  1.553970886137e-09
  2.361900259033e-10
  3.589872215267e-11
  5.456293241794e-12
  9.779471108159e-13
