111
  6.845817138600e-02
  5.993379005550e-02
  5.035150880773e-02
  4.290697399904e-02
  4.152323838037e-02
  4.309777522322e-02
  4.561143415255e-02
  4.862916863848e-02
  5.201549810609e-02
  5.549757741456e-02
  5.828297490421e-02
  5.814166818395e-02
  5.630443490796e-02
  5.235458330582e-02
  4.887616552117e-02
  4.622867514226e-02
  4.534928610614e-02
  4.751303515260e-02
  4.980981556533e-02
  5.069847701420e-02
  5.176500261790e-02
  5.279862703433e-02
  5.339825534103e-02
  5.387981295042e-02
  5.454865072510e-02
  5.532440499392e-02
  5.614184014866e-02
  5.704229627103e-02
  5.791481212437e-02
  5.881774104405e-02
  5.985542842997e-02
  6.067821684507e-02
  6.128936399854e-02
  6.174337138138e-02
  6.226945806681e-02
  6.277514938849e-02
  6.323599090180e-02
  6.333844948930e-02
  6.317334224583e-02
  6.304339379652e-02
  6.289190878420e-02
  6.267406999004e-02
  6.235380648755e-02
  6.199723757780e-02
  6.173670248836e-02
  6.151802598399e-02
  6.128645929726e-02
  6.109428019503e-02
  6.108661424468e-02
  6.142520370594e-02
  5.923724143611e-02
  5.912316827974e-02
  6.060409278713e-02
  6.320884112056e-02
  6.653752327570e-02
  6.851035768729e-02
  7.110344576279e-02
  7.501151370959e-02
  7.878578014441e-02
  8.300566873687e-02
  8.701053139490e-02
  9.111329545573e-02
  9.500951316565e-02
  9.526414992313e-02
  9.847382625071e-02
  1.018327946734e-01
  1.052033343609e-01
  1.086453498679e-01
  1.110332466740e-01
  1.116995639119e-01
  1.128009581749e-01
  1.139369871730e-01
  1.165452202648e-01
  1.185781120772e-01
  1.196686837201e-01
  1.217703598761e-01
  1.252471382803e-01
  1.292881573865e-01
  1.308106923507e-01
  1.322014253216e-01
  1.325769949138e-01
  1.356352448254e-01
  1.365090538320e-01
  1.526574146213e-01
  1.387256268436e-01
  1.474683836834e-01
  1.544807198806e-01
  1.585284165126e-01
  1.495566732992e-01
  1.529072987555e-01
  1.538089091286e-01
  1.700272260984e-01
  1.691822692671e-01
  1.684081607502e-01
  1.790075713383e-01
  1.683231507157e-01
  1.721696191220e-01
  1.840995454590e-01
  1.859338992985e-01
  1.808955161906e-01
  2.489693574476e-01
  5.420626341655e-01
  9.814549385793e-01
  1.386303366173e+00
  9.015254425245e-01
  4.975984034556e+00
  1.764466665829e+01
  5.262854798801e+01
  1.399651619957e+02
  3.613592614833e+02
  9.277913827788e+02
