111
  2.742343296880e-01
  2.721413195520e-01
  2.705647756430e-01
  2.696146455580e-01
  2.699514631620e-01
  2.715516177630e-01
  2.741177842930e-01
  2.773574917770e-01
  2.812651320870e-01
  2.860092318430e-01
  2.916626495880e-01
  2.983359927000e-01
  3.056916424120e-01
  3.134971205880e-01
  3.215293273910e-01
  3.295432488670e-01
  3.373434016780e-01
  3.450183848290e-01
  3.523586239690e-01
  3.589552912390e-01
  3.643039849560e-01
  3.681424897650e-01
  3.706808984150e-01
  3.725436453890e-01
  3.738426104970e-01
  3.744752451020e-01
  3.739682514280e-01
  3.723099890740e-01
  3.701814450820e-01
  3.675427498980e-01
  3.642310321580e-01
  3.605790565330e-01
  3.566789565640e-01
  3.523147486100e-01
  3.477482238840e-01
  3.431850451840e-01
  3.387458108380e-01
  3.345620055410e-01
  3.306287752000e-01
  3.269484761690e-01
  3.235387339970e-01
  3.203830070600e-01
  3.175471319600e-01
  3.154028475060e-01
  3.142097299340e-01
  3.136072566930e-01
  3.139082576780e-01
  3.150301190280e-01
  3.166610947730e-01
  3.191338553290e-01
  3.323095643220e-01
  3.597437281380e-01
  3.793698689130e-01
  3.974935967570e-01
  4.190297530180e-01
  4.441434240380e-01
  4.672363779410e-01
  4.874561791840e-01
  5.067825442790e-01
  5.254651527670e-01
  5.418611528660e-01
  5.540213664430e-01
  5.639486965590e-01
  5.729608177940e-01
  5.809069233290e-01
  5.868614363130e-01
  5.960799743810e-01
  6.049153688760e-01
  6.109349173010e-01
  6.173008501380e-01
  6.226389402510e-01
  6.263728228290e-01
  6.315831984170e-01
  6.360913797550e-01
  6.398789872630e-01
  6.436241803530e-01
  6.484155957470e-01
  6.538691473310e-01
  6.575309253990e-01
  6.608171002340e-01
  6.640721711630e-01
  6.693320302380e-01
  6.821416556780e-01
  6.917866942810e-01
  6.879161430230e-01
  6.891405058830e-01
  6.894878328370e-01
  6.971196004090e-01
  7.003388547190e-01
  7.037668822170e-01
  7.011687634930e-01
  7.130801458190e-01
  7.183329358250e-01
  7.202316879270e-01
  7.301462937180e-01
  7.265137344710e-01
  7.322825665600e-01
  7.449281895850e-01
  7.480074763150e-01
  7.394897186830e-01
  8.099259284710e-01
  1.089542506390e+00
  1.509513576720e+00
  1.888521744910e+00
  1.460005111940e+00
  5.628831521300e+00
  1.834513581670e+01
  5.334640406890e+01
  1.407079458890e+02
  3.622460845330e+02
  9.293545609620e+02
