1002
  2.636415672200e-01
  1.580932919330e-01
  1.991851470660e-01
  2.929610117150e-01
  1.502446731720e-01
  1.425775664270e-01
  1.500472661570e-01
  1.655300391190e-01
  2.195454558900e-01
  1.590610322470e-01
  1.798970289300e-01
  2.728921861960e-01
  2.292661616130e-01
  1.774547138140e-01
  2.262386319860e-01
  2.380653197050e-01
  2.169382079090e-01
  2.843451950590e-01
  4.705547947170e-01
  3.497954726330e-01
  3.198462187100e-01
  3.178605409930e-01
  3.476420004930e-01
  2.278933070280e-01
  3.633783626920e-01
  4.132527941810e-01
  2.386036889670e-01
  8.451267278220e-02
  2.376103570500e-01
  1.823062877910e-01
  3.378168412520e-01
  2.462971977450e-01
  1.530933128890e-01
  1.158735711780e-01
  6.725777862940e-02
  1.280679818310e-01
  1.213987919220e-01
  1.667580574080e-01
  9.526260497610e-02
  1.334938165840e-01
  1.607564410950e-01
  1.719246117380e-01
  2.994176486830e-01
  2.572876957710e-01
  2.445114067420e-01
  1.412554907860e-01
  2.533456835150e-01
  1.776120092990e-01
  2.340560728690e-01
  2.226151219750e-01
  2.284922793780e-01
  3.995797259900e-01
  2.961469109600e-01
  2.419147683700e-01
  2.425432293110e-01
  2.733878480300e-01
  2.907519605630e-01
  2.723014226540e-01
  1.352019430980e-01
  2.526601105530e-01
  2.714281478180e-01
  4.024820910530e-01
  4.072824015370e-01
  2.233409767620e-01
  2.686136983890e-01
  3.185830381760e-01
  5.154124813560e-01
  4.185867670920e-01
  4.898210159850e-01
  3.546599957470e-01
  3.845275778110e-01
  4.780115211830e-01
  5.640615064590e-01
  5.064234116040e-01
  1.419180133630e-01
  1.473793115100e-01
  4.594460175950e-01
  4.121530833390e-01
  1.887575716040e-01
  7.827387518610e-02
  1.432345134150e-01
  1.090820483230e-01
  1.729982077920e-01
  2.247929075150e-01
  2.500142949790e-01
  3.879704386170e-01
  6.356832075770e-01
  6.611136430930e-01
  1.420665243500e-01
  6.317989562240e-02
  7.410708613900e-02
  7.773448375060e-02
  1.171347532500e-01
  1.427801665170e-01
  2.188071144230e-01
  2.873653848630e-01
  4.621789063760e-01
  6.683411135210e-01
  1.095753089760e-01
  4.851073597630e-02
  1.491152120760e-01
  1.236141946800e-01
  1.752010281700e-01
  1.915942472380e-01
  2.658568546540e-01
  2.411067776630e-01
  3.143115860820e-01
  2.497374043310e-01
  1.702008393880e-01
  1.874782416050e-01
  2.161921784550e-01
  2.594984012800e-01
  2.855481959380e-01
  3.862051621510e-01
  5.735180807970e-01
  1.966255316440e-01
  1.230968165120e-01
  1.997376186230e-01
  2.530942879620e-01
  3.137179380180e-01
  3.415211826520e-01
  3.911893052360e-01
  4.199390943300e-01
  4.697788348590e-01
  5.898288314880e-01
  7.080468689850e-01
  9.963395160180e-01
  1.041118309310e+00
  1.690055053590e-01
  1.154109678340e-01
  1.360766132600e-01
  1.708693704090e-01
  2.865813416380e-01
  3.654294587410e-01
  6.282824600910e-01
  2.409050615710e-01
  9.097815784390e-02
  1.512446757490e-01
  1.794249130430e-01
  2.253252739210e-01
  2.473965739720e-01
  2.591485345170e-01
  2.951998437870e-01
  3.471877888940e-01
  4.361623861130e-01
  5.131950675480e-01
  5.828485268080e-01
  7.827989436750e-01
  1.284469587950e+00
  9.682039930120e-01
  9.997424439640e-02
  3.630971400330e-02
  9.774776964020e-02
  3.052674092180e-01
  1.021519639770e+00
  2.205949577220e-01
  7.810770197960e-02
  1.170358655840e-01
  1.602783487610e-01
  1.929907655160e-01
  1.564965777130e-01
  1.689763344420e-01
  1.793800980180e-01
  1.890137428820e-01
  2.039489721790e-01
  2.347319110930e-01
  2.486846018500e-01
  2.548817807280e-01
  2.480378882520e-01
  2.444354378460e-01
  2.563019030250e-01
  2.640525793460e-01
  4.278285582040e-01
  2.831179952270e-01
  2.967669190990e-01
  3.333056875200e-01
  3.362006789450e-01
  3.476616368180e-01
  3.415567314160e-01
  3.624889163120e-01
  3.826519478300e-01
  4.065309019120e-01
  5.333594248560e-01
  4.675388040050e-01
  5.285494412450e-01
  6.662942916720e-01
  9.092589214970e-01
  1.258002080880e+00
  1.566475374680e+00
  8.009889860040e-02
  1.331876822030e-01
  1.530041267340e-01
  2.169491974120e-01
  2.832318110040e-01
  3.687315742950e-01
  4.196865132030e-01
  6.734797974840e-01
  6.180509390120e-01
  1.586855600040e-01
  2.070730788540e-01
  1.532174933050e-01
  1.448439811070e-01
  1.601705270690e-01
  1.765381247830e-01
  1.953086166640e-01
  2.103550566720e-01
  2.270568645620e-01
  2.562717419270e-01
  2.751531483020e-01
  2.981740900570e-01
  3.158822800280e-01
  3.295822388020e-01
  3.307391615070e-01
  3.220641234470e-01
  3.390739845310e-01
  3.154952971800e-01
  3.223202373310e-01
  3.421513539420e-01
  3.591541142700e-01
  3.911031042250e-01
  4.223360398220e-01
  4.840423672900e-01
  5.779823901120e-01
  5.396466315140e-01
  5.007235300440e-01
  3.589129142600e-01
  3.463465805990e-01
  3.468879528780e-01
  3.513396257750e-01
  3.597927507520e-01
  3.749152596760e-01
  4.169529337940e-01
  3.734288365640e-01
  4.136107531880e-01
  3.855522008440e-01
  3.969225354460e-01
  4.091230436060e-01
  4.240811757770e-01
  4.425074233770e-01
  4.722373400770e-01
  5.209002014330e-01
  5.271912992640e-01
  4.866232797020e-01
  4.818128138740e-01
  4.878416967180e-01
  4.983827970860e-01
  5.060277603370e-01
  5.310864958340e-01
  5.349185327080e-01
  5.527846034290e-01
  5.795447348710e-01
  5.938962419760e-01
  6.179166944730e-01
  6.450401547000e-01
  6.751323472270e-01
  7.101313210100e-01
  7.597236620180e-01
  7.957848472060e-01
  8.491604809170e-01
  9.148007798580e-01
  9.922370778060e-01
  1.092973295370e+00
  1.213308289510e+00
  1.382054592270e+00
  1.606658183980e+00
  1.892145822780e+00
  2.287486285600e+00
  2.918872236240e+00
  3.855071220900e+00
  4.572269741760e+00
  6.243169830420e+00
  7.543115883440e+00
  5.356776855140e+00
  2.639351400110e+00
  1.231888127020e+00
  5.664508270960e-01
  2.849844592680e-01
  1.427736621600e-01
  7.933702630270e-02
  4.820553531010e-02
  3.858980856100e-02
  3.823210823190e-02
  4.203697189370e-02
  5.129210553120e-02
  6.059218183340e-02
  7.210055274950e-02
  9.891230724430e-02
  8.916529912480e-02
  9.938049599890e-02
  1.107416271560e-01
  1.204752987160e-01
  1.326404478940e-01
  1.390721677840e-01
  1.496134199710e-01
  1.581448136850e-01
  1.672217389140e-01
  1.748186856160e-01
  1.808810387010e-01
  1.882352474230e-01
  1.939515928800e-01
  2.009292612000e-01
  2.064126310770e-01
  2.130475684590e-01
  2.265452366800e-01
  2.280865577400e-01
  2.340892946030e-01
  2.383125856200e-01
  2.464733273210e-01
  2.522465710430e-01
  2.562170700700e-01
  2.618082151270e-01
  2.682373625920e-01
  2.737586928960e-01
  2.800655298940e-01
  2.852921882540e-01
  2.896318615510e-01
  2.947977461700e-01
  3.001321409310e-01
  3.053602038270e-01
  3.087780431260e-01
  3.150036513740e-01
  3.311043035350e-01
  3.254756002220e-01
  3.510836431250e-01
  3.380837756090e-01
  3.419751130400e-01
  3.479215648290e-01
  3.536170381680e-01
  3.597461929530e-01
  3.656401197400e-01
  3.737857100770e-01
  3.803335406750e-01
  3.877393498570e-01
  3.947047590480e-01
  4.021247878980e-01
  4.088612255740e-01
  4.168783275800e-01
  4.263960536120e-01
  4.354149105130e-01
  4.427744403810e-01
  5.037828624460e-01
  4.642673092630e-01
  4.752920039360e-01
  4.868086467410e-01
  4.999480696840e-01
  5.130192610850e-01
  5.285509546280e-01
  5.517140850180e-01
  5.710758031050e-01
  5.874960156940e-01
  6.111765744610e-01
  6.385063565140e-01
  7.012812829410e-01
  7.050784139450e-01
  7.448982946530e-01
  8.001918983790e-01
  8.563964673270e-01
  9.142437106630e-01
  9.914415796160e-01
  1.056324375720e+00
  1.160460359300e+00
  1.283028019230e+00
  1.425630484550e+00
  1.560730075990e+00
  1.726645101110e+00
  1.947590596870e+00
  2.063978199060e+00
  2.098617136910e+00
  2.047593845310e+00
  1.868744557290e+00
  1.678932662750e+00
  1.507951207940e+00
  1.324550296270e+00
  1.172929132650e+00
  1.037463541530e+00
  9.598214793350e-01
  8.797772343410e-01
  8.123600364390e-01
  7.767259388650e-01
  7.606070644870e-01
  7.721143644700e-01
  8.294698822930e-01
  9.257555169130e-01
  1.001136322570e+00
  1.089344662820e+00
  1.023878968390e+00
  8.710390793260e-01
  7.554112471290e-01
  6.669791744900e-01
  6.143774132350e-01
  5.764690100270e-01
  5.381758187690e-01
  5.229285996630e-01
  5.177035334880e-01
  5.089570592640e-01
  5.012198329710e-01
  4.968678275500e-01
  4.948516482880e-01
  4.926311087340e-01
  4.909227571030e-01
  4.904072299290e-01
  4.906013991080e-01
  4.912970129250e-01
  4.926041515530e-01
  4.944670824990e-01
  4.974237351180e-01
  4.979259404600e-01
  5.021991604500e-01
  5.060470191870e-01
  5.097554049400e-01
  5.154046136910e-01
  5.224798158370e-01
  5.318057892520e-01
  5.427661339290e-01
  5.605680429290e-01
  5.950082221500e-01
  6.427826967180e-01
  7.029107336920e-01
  7.800366328800e-01
  7.343536753740e-01
  6.340411708720e-01
  5.892352595540e-01
  5.500124200720e-01
  5.358901593300e-01
  5.254392220570e-01
  5.183158195990e-01
  5.171765114460e-01
  5.173019579850e-01
  5.182811037900e-01
  5.196340189150e-01
  5.214155610550e-01
  5.241799842620e-01
  5.263996583900e-01
  5.274474415190e-01
  5.297438436710e-01
  5.327961274070e-01
  5.352147701020e-01
  5.380475338510e-01
  5.405113931400e-01
  5.428025776580e-01
  5.453015862330e-01
  5.476160672640e-01
  5.501207100080e-01
  5.531129632690e-01
  5.556536592520e-01
  5.574981574690e-01
  5.599886818440e-01
  5.636633568040e-01
  5.661958851260e-01
  5.677625002300e-01
  5.702505397820e-01
  5.726542067390e-01
  5.751581641770e-01
  5.775091890350e-01
  5.799947907690e-01
  5.829377244890e-01
  5.854335580380e-01
  5.874054582350e-01
  5.913947143310e-01
  5.931742430010e-01
  5.956638933320e-01
  5.982890185530e-01
  5.997127871000e-01
  6.036742860420e-01
  6.039825666350e-01
  6.082871644250e-01
  6.089295921350e-01
  6.135960938910e-01
  6.139135794360e-01
  6.182082159830e-01
  6.192913136660e-01
  6.234240262420e-01
  6.234957881630e-01
  6.283655204390e-01
  6.281615600200e-01
  6.330237669750e-01
  6.336043685270e-01
  6.379081502800e-01
  6.379287172860e-01
  6.427225219460e-01
  6.427137134000e-01
  6.474008529520e-01
  6.479013267780e-01
  6.519632970990e-01
  6.524061889300e-01
  6.715266539450e-01
  6.588723353730e-01
  6.614165126060e-01
  6.617481163370e-01
  6.662080519870e-01
  6.667605171930e-01
  6.703336519740e-01
  6.709986044480e-01
  6.751729949750e-01
  6.762159620860e-01
  6.798964638550e-01
  6.803538355140e-01
  6.844309958690e-01
  6.848826846580e-01
  6.887440389290e-01
  6.893958937840e-01
  6.933026823920e-01
  6.938952536640e-01
  6.979549581570e-01
  6.983177997000e-01
  7.021672565310e-01
  7.028723627190e-01
  7.071916108610e-01
  7.073025173670e-01
  7.121162345530e-01
  7.143948270820e-01
  7.691187832560e-01
  1.099499243640e+00
  7.228737464650e-01
  7.233489126590e-01
  7.244527782150e-01
  7.244535149650e-01
  7.278410468440e-01
  7.284460438260e-01
  7.321809454820e-01
  7.323818659300e-01
  7.362329393570e-01
  7.365792256560e-01
  7.399909916340e-01
  7.405766104300e-01
  7.442022791860e-01
  7.447124672670e-01
  7.482200293550e-01
  7.484637471080e-01
  7.516337318340e-01
  7.526592910070e-01
  7.563925614220e-01
  7.559489019570e-01
  7.594979202030e-01
  7.601359002560e-01
  7.631560824790e-01
  7.641387585160e-01
  7.671214731670e-01
  7.676564549380e-01
  7.708977693080e-01
  7.713357341920e-01
  7.746568654100e-01
  7.747976716040e-01
  7.780547916770e-01
  7.785366519040e-01
  7.818443408860e-01
  7.822503835660e-01
  7.850488587380e-01
  7.859835204210e-01
  7.886562441970e-01
  7.890372488740e-01
  7.918551009300e-01
  7.926343631880e-01
  7.953820646420e-01
  7.956915625640e-01
  7.988544432160e-01
  7.995318658250e-01
  8.017553298930e-01
  8.026550110590e-01
  8.051970762540e-01
  8.060073258870e-01
  8.083420634260e-01
  8.087809754530e-01
  8.114313075330e-01
  8.120502827890e-01
  8.145689710710e-01
  8.150456163290e-01
  8.174838783830e-01
  8.182504783360e-01
  8.204040049590e-01
  8.211593302070e-01
  8.237287350090e-01
  8.236792829390e-01
  8.265011776540e-01
  8.267611516510e-01
  8.292806445850e-01
  8.295977832120e-01
  8.321054270030e-01
  8.325267883220e-01
  8.348732552670e-01
  8.354231525890e-01
  8.371676536100e-01
  8.377300916050e-01
  8.400844871440e-01
  8.404303991170e-01
  8.425981503740e-01
  8.429709378510e-01
  8.453270013870e-01
  8.456869646480e-01
  8.480123538940e-01
  8.479451978090e-01
  8.504150728280e-01
  8.506659668340e-01
  8.528696454050e-01
  8.528889868930e-01
  8.548824205550e-01
  8.555204972150e-01
  8.576248811240e-01
  8.575871979710e-01
  8.597618074190e-01
  8.603336351540e-01
  8.621157506240e-01
  8.622040916800e-01
  8.642776402160e-01
  8.644785618980e-01
  8.663560413060e-01
  8.666633944100e-01
  8.685143494790e-01
  8.690950911320e-01
  8.707338232290e-01
  8.707937225230e-01
  8.727750009790e-01
  8.728264320290e-01
  8.748704349840e-01
  8.748197084840e-01
  8.765474418250e-01
  8.772589556610e-01
  8.785659752440e-01
  8.795240770930e-01
  8.804675550110e-01
  8.809629985710e-01
  8.825083441040e-01
  8.824605753530e-01
  8.842870348840e-01
  8.843370656620e-01
  8.859947675870e-01
  8.862600268580e-01
  8.875656541250e-01
  8.879955660280e-01
  8.895158785000e-01
  8.896777607280e-01
  8.910037504770e-01
  8.917461230730e-01
  8.927284680600e-01
  8.929183322300e-01
  8.944419635040e-01
  8.945186317320e-01
  8.957864337860e-01
  8.960887944050e-01
  8.975842885370e-01
  8.976058688250e-01
  8.990360206750e-01
  8.992830940170e-01
  9.003932591520e-01
  9.008447218810e-01
  9.018588442880e-01
  9.021289226840e-01
  9.032935868390e-01
  9.035476314180e-01
  9.047903636730e-01
  9.048706501260e-01
  9.060314665200e-01
  9.063184574300e-01
  9.070579425850e-01
  9.075869934730e-01
  9.086480696890e-01
  9.090612219540e-01
  9.100871872350e-01
  9.101031512140e-01
  9.113048506210e-01
  9.114282556390e-01
  9.124250079460e-01
  9.130299381950e-01
  9.135816869130e-01
  9.139952957980e-01
  9.148275877700e-01
  9.150181064130e-01
  9.161032586130e-01
  9.160204360400e-01
  9.172668090610e-01
  9.171603661290e-01
  9.182918881350e-01
  9.182415323430e-01
  9.193238909270e-01
  9.193610747490e-01
  9.203071439390e-01
  9.206707950170e-01
  9.213636281810e-01
  9.214791815930e-01
  9.222022729860e-01
  9.226973135810e-01
  9.232431312240e-01
  9.234206212430e-01
  9.242894890990e-01
  9.243727820030e-01
  9.250482228740e-01
  9.253387922270e-01
  9.261044880070e-01
  9.262363989390e-01
  9.270613724180e-01
  9.271406161930e-01
  9.279330880990e-01
  9.280241523170e-01
  9.287620719140e-01
  9.289308222560e-01
  9.296521742440e-01
  9.297330183630e-01
  9.304808155230e-01
  9.305373744430e-01
  9.309401539310e-01
  9.313357552910e-01
  9.320239047630e-01
  9.321186442730e-01
  9.328640997520e-01
  9.328485099690e-01
  9.334766031680e-01
  9.336766816640e-01
  9.342467550960e-01
  9.344112527100e-01
  9.350422203280e-01
  9.350963230440e-01
  9.356437569440e-01
  9.358116232340e-01
  9.362885389930e-01
  9.365585164660e-01
  9.369954955530e-01
  9.373299411670e-01
  9.375704459240e-01
  9.378961356780e-01
  9.384197573420e-01
  9.385007101580e-01
  9.390466658280e-01
  9.391202028020e-01
  9.394579495570e-01
  9.397622116990e-01
  9.400633192370e-01
  9.403637559410e-01
  9.408906807300e-01
  9.408940863430e-01
  9.414699579310e-01
  9.414823906320e-01
  9.418220209970e-01
  9.421009406820e-01
  9.424087063910e-01
  9.426845007380e-01
  9.431290089670e-01
  9.431651167330e-01
  9.436038486050e-01
  9.437809150760e-01
  9.441053017150e-01
  9.442430640820e-01
  9.446374958300e-01
  9.447474291110e-01
  9.452119581910e-01
  9.452123154580e-01
  9.454958497370e-01
  9.457394352830e-01
  9.461203803040e-01
  9.462477334270e-01
  9.466049241970e-01
  9.467254303920e-01
  9.470652394140e-01
  9.472945745100e-01
  9.475396930150e-01
  9.476061866930e-01
  9.478433292770e-01
  9.480651646530e-01
  9.483826150220e-01
  9.484941527410e-01
  9.488868984830e-01
  9.488954819780e-01
  9.491763014900e-01
  9.493859805190e-01
  9.496968669650e-01
  9.497553490350e-01
  9.500897418240e-01
  9.502895618550e-01
  9.503882542800e-01
  9.505833107400e-01
  9.507943499150e-01
  9.509874335490e-01
  9.512260579980e-01
  9.514170292110e-01
  9.516414072370e-01
  9.518280353050e-01
  9.519884843200e-01
  9.521148334990e-01
  9.523474728760e-01
  9.524645587920e-01
  9.526495603380e-01
  9.528263066570e-01
  9.530366252730e-01
  9.532112975580e-01
  9.533183555950e-01
  9.534890002910e-01
  9.537201734570e-01
  9.538456904020e-01
  9.541120831140e-01
  9.542277298090e-01
  9.544316559370e-01
  9.545550385660e-01
  9.547816494340e-01
  9.549429384410e-01
  9.550211739730e-01
  9.551792837750e-01
  9.554029083450e-01
  9.555597880700e-01
  9.557323453160e-01
  9.557632618480e-01
  9.560230681240e-01
  9.561086516400e-01
  9.563674575030e-01
  9.563234671210e-01
  9.565924510110e-01
  9.566851699620e-01
  9.569343231690e-01
  9.569882365950e-01
  9.572141956560e-01
  9.572556119530e-01
  9.574127951240e-01
  9.575536476350e-01
  9.577828667930e-01
  9.579261544750e-01
  9.579880248840e-01
  9.581275075270e-01
  9.583186382490e-01
  9.584545408220e-01
  9.585118874100e-01
  9.586457071660e-01
  9.588397430180e-01
  9.589745667670e-01
  9.590728542000e-01
  9.592044058200e-01
  9.593888222120e-01
  9.594482321350e-01
  9.596892011170e-01
  9.597080945260e-01
  9.598597420890e-01
  9.599874335590e-01
  9.601837043570e-01
  9.603131912210e-01
  9.604671337830e-01
  9.604668201850e-01
  9.606552674580e-01
  9.607816359870e-01
  9.608697550650e-01
  9.609953763060e-01
  9.612212253450e-01
  9.612140312070e-01
  9.613771827500e-01
  9.614993981650e-01
  9.616263032580e-01
  9.617491533030e-01
  9.619033469670e-01
  9.620237182970e-01
  9.621640336770e-01
  9.622834126320e-01
  9.623529998320e-01
  9.624750256080e-01
  9.626125964520e-01
  9.627100185060e-01
  9.629038170620e-01
  9.630195411180e-01
  9.630719261570e-01
  9.631893934790e-01
  9.632924727200e-01
  9.634097356230e-01
  9.635655571750e-01
  9.636837756790e-01
  9.637946018430e-01
  9.639103846930e-01
  9.640017556130e-01
  9.641187506090e-01
  9.642620071570e-01
  9.643779040740e-01
  9.645209465350e-01
  9.646385750760e-01
  9.647472219990e-01
  9.648634934260e-01
  9.649447234170e-01
  9.650583034530e-01
  9.651840705920e-01
  9.653005123910e-01
  9.654364721400e-01
  9.655501931850e-01
  9.656103170070e-01
  9.657265957860e-01
  9.659056373360e-01
  9.660211278610e-01
  9.661003392140e-01
  9.662133468500e-01
  9.663322622650e-01
  9.664490264010e-01
  9.665652685320e-01
  9.666792967050e-01
  9.667811587440e-01
  9.668941547490e-01
  9.670413743510e-01
  9.671596604390e-01
  9.672812516530e-01
  9.673962406480e-01
  9.675253102270e-01
  9.676420418890e-01
  9.677638320400e-01
  9.678831404660e-01
  9.679402951910e-01
  9.680562782990e-01
  9.681733523880e-01
  9.682866052150e-01
  9.683910754580e-01
  9.685130352030e-01
  9.687047093070e-01
  9.688236137670e-01
  9.688764657580e-01
  9.689918127790e-01
  9.691137810430e-01
  9.692291681120e-01
  9.693993801620e-01
  9.695190006700e-01
  9.695956616420e-01
  9.697153066210e-01
  9.698247723920e-01
  9.699453139620e-01
  9.701032612820e-01
  9.702247059240e-01
  9.703395102840e-01
  9.704618133080e-01
  9.706057383940e-01
  9.707286077700e-01
  9.708421213200e-01
  9.709669944420e-01
  9.711024388120e-01
  9.712236694080e-01
  9.713425459730e-01
  9.714716937120e-01
  9.715925200700e-01
  9.717183271910e-01
  9.718224948950e-01
  9.719449790040e-01
  9.720892161270e-01
  9.722218035230e-01
  9.723266645730e-01
  9.724553418910e-01
  9.725871052820e-01
  9.727122148550e-01
  9.728756973810e-01
  9.730123681890e-01
  9.731698213850e-01
  9.733031606620e-01
  9.734058333580e-01
  9.735360434980e-01
  9.736579651410e-01
  9.737907485710e-01
  9.739352792070e-01
  9.740756299790e-01
  9.742185427880e-01
  9.743555267830e-01
  9.745153779110e-01
  9.746487885360e-01
  9.747415717300e-01
  9.748803059110e-01
  9.750157329870e-01
  9.751553770280e-01
  9.753167789830e-01
  9.754597728680e-01
  9.755782907810e-01
  9.757213367840e-01
  9.759309738880e-01
  9.759423809470e-01
  9.761666286350e-01
  9.763139255870e-01
  9.764637060640e-01
  9.766068380000e-01
  9.767214806950e-01
  9.768736038650e-01
  9.770889925170e-01
  9.772377531390e-01
  9.773543980300e-01
  9.775067607330e-01
  9.775980471460e-01
  9.777519443800e-01
  9.780109770760e-01
  9.781617460470e-01
  9.782362829250e-01
  9.783969174730e-01
  9.785538268950e-01
  9.787121847560e-01
  9.789141583750e-01
  9.790691351430e-01
  9.792199938630e-01
  9.793876590540e-01
  9.795418690220e-01
  9.797061173130e-01
  9.798561704080e-01
  9.800154420930e-01
  9.802107790030e-01
  9.803859896720e-01
  9.805780376560e-01
  9.807491157210e-01
  9.808522361900e-01
  9.810182941230e-01
  9.812010783120e-01
  9.813696720860e-01
  9.815088919850e-01
  9.816850451720e-01
  9.818955552000e-01
  9.820667105080e-01
  9.822755886080e-01
  9.824593135230e-01
  9.826088917440e-01
  9.827873593160e-01
  1.015609256010e+00
