211
  3.718100000000e-01
  3.620700000000e-01
  3.525900000000e-01
  3.433600000000e-01
  3.343600000000e-01
  3.256200000000e-01
  3.170900000000e-01
  3.087800000000e-01
  3.007000000000e-01
  2.928300000000e-01
  2.851600000000e-01
  2.776900000000e-01
  2.704200000000e-01
  2.633420000000e-01
  2.564460000000e-01
  2.497320000000e-01
  2.431930000000e-01
  2.368250000000e-01
  2.306240000000e-01
  2.245850000000e-01
  2.187050000000e-01
  2.129790000000e-01
  2.074020000000e-01
  2.019710000000e-01
  1.966840000000e-01
  1.915330000000e-01
  1.865180000000e-01
  1.816350000000e-01
  1.768790000000e-01
  1.722470000000e-01
  1.677380000000e-01
  1.633450000000e-01
  1.590690000000e-01
  1.549030000000e-01
  1.508480000000e-01
  1.468980000000e-01
  1.430510000000e-01
  1.393060000000e-01
  1.356590000000e-01
  1.321060000000e-01
  1.286480000000e-01
  1.252790000000e-01
  1.219980000000e-01
  1.188050000000e-01
  1.156930000000e-01
  1.126650000000e-01
  1.097140000000e-01
  1.068420000000e-01
  1.040440000000e-01
  1.013200000000e-01
  9.866700000000e-02
  9.608400000000e-02
  9.356800000000e-02
  9.111800000000e-02
  8.873200000000e-02
  8.640900000000e-02
  8.414600000000e-02
  8.194300000000e-02
  7.979700000000e-02
  7.770900000000e-02
  7.567300000000e-02
  7.369200000000e-02
  7.176300000000e-02
  6.988300000000e-02
  6.805400000000e-02
  6.627200000000e-02
  6.453600000000e-02
  6.284700000000e-02
  6.120100000000e-02
  5.959900000000e-02
  5.803900000000e-02
  5.651800000000e-02
  5.503900000000e-02
  5.359800000000e-02
  5.219400000000e-02
  5.082800000000e-02
  4.949600000000e-02
  4.820100000000e-02
  4.693900000000e-02
  4.571000000000e-02
  4.451300000000e-02
  4.334700000000e-02
  4.221200000000e-02
  4.110800000000e-02
  4.003000000000e-02
  3.898300000000e-02
  3.796200000000e-02
  3.696800000000e-02
  3.600000000000e-02
  3.505700000000e-02
  3.414000000000e-02
  3.324500000000e-02
  3.237600000000e-02
  3.152700000000e-02
  3.070200000000e-02
  2.989800000000e-02
  2.911500000000e-02
  2.835300000000e-02
  2.761000000000e-02
  2.688800000000e-02
  1.682362000000e-01
  9.953600000000e-02
  4.039680000000e-02
  1.163911000000e-01
  5.114840000000e-02
  4.566140000000e-02
  2.229690000000e-02
  5.822600000000e-02
  4.893590000000e-02
  1.804020000000e-02
  2.386790000000e-02
  3.184030000000e-02
  2.658520000000e-02
  1.975090000000e-02
  2.415990000000e-02
  1.438080000000e-02
  1.892960000000e-02
  1.312720000000e-02
  1.568170000000e-02
  1.098190000000e-02
  8.764400000000e-03
  4.743700000000e-03
  8.669800000000e-03
  4.491900000000e-03
  7.950710000000e-03
  6.004110000000e-03
  5.051340000000e-03
  4.704560000000e-03
  5.587420000000e-03
  2.991070000000e-03
  3.130380000000e-03
  2.995900000000e-03
  3.644680000000e-03
  1.966530000000e-03
  2.626140000000e-03
  2.513310000000e-03
  2.405340000000e-03
  1.103660000000e-03
  1.994410000000e-03
  2.322580000000e-03
  1.294460000000e-03
  1.259680000000e-03
  1.958040000000e-03
  2.190110000000e-03
  1.114330000000e-03
  1.084380000000e-03
  1.055240000000e-03
  1.026870000000e-03
  8.728400000000e-04
  6.159600000000e-04
  9.592700000000e-04
  9.334800000000e-04
  9.083900000000e-04
  8.839800000000e-04
  8.973200000000e-04
  9.098900000000e-04
  8.099900000000e-04
  8.239500000000e-04
  8.008400000000e-04
  7.784000000000e-04
  7.565700000000e-04
  1.110910000000e-03
  4.222100000000e-04
  3.894800000000e-04
  1.212580000000e-03
  4.734000000000e-04
  3.843100000000e-04
  4.693200000000e-04
  8.746000000000e-04
  7.380300000000e-04
  2.143800000000e-04
  4.219300000000e-04
  4.130100000000e-04
  4.042600000000e-04
  4.307700000000e-04
  5.580100000000e-04
  3.345600000000e-04
  6.170600000000e-04
  5.103300000000e-04
  4.947900000000e-04
  3.485100000000e-04
  2.810700000000e-04
  2.629900000000e-04
  1.297800000000e-04
  2.790800000000e-04
  4.027800000000e-04
  2.687100000000e-04
  3.519100000000e-04
  2.218600000000e-04
  9.481200000000e-04
  2.383800000000e-04
  1.818000000000e-04
  2.426600000000e-04
  2.175000000000e-04
  1.115300000000e-04
  1.907200000000e-04
  2.749500000000e-04
  2.681300000000e-04
  2.458900000000e-04
  2.894600000000e-04
  8.480089000000e-03
  1.288898000000e-03
  1.959010800000e-04
  2.977522100000e-05
  4.525568200000e-06
  6.878461000000e-07
  1.045465300000e-07
  1.589013400000e-08
  2.415159900000e-09
  3.670827800000e-10
  6.579332000000e-11
