211
  1.401409500000e+01
  1.364715500000e+01
  1.328982500000e+01
  1.294185000000e+01
  1.260299000000e+01
  1.227300000000e+01
  1.195164500000e+01
  1.163871000000e+01
  1.133397000000e+01
  1.103720500000e+01
  1.074821000000e+01
  1.046678500000e+01
  1.019273000000e+01
  9.925849000000e+00
  9.665955000000e+00
  9.412866000000e+00
  9.166403500000e+00
  8.926394500000e+00
  8.692670000000e+00
  8.465065500000e+00
  8.243420500000e+00
  8.027578500000e+00
  7.817388000000e+00
  7.612701500000e+00
  7.413374000000e+00
  7.219265500000e+00
  7.030240000000e+00
  6.846163500000e+00
  6.666906500000e+00
  6.492343500000e+00
  6.322351000000e+00
  6.156809500000e+00
  5.995602500000e+00
  5.838616500000e+00
  5.685741000000e+00
  5.536868000000e+00
  5.391893500000e+00
  5.250715000000e+00
  5.113232500000e+00
  4.979350000000e+00
  4.848973000000e+00
  4.722009500000e+00
  4.598371000000e+00
  4.477969500000e+00
  4.360720500000e+00
  4.246541500000e+00
  4.135352000000e+00
  4.027074000000e+00
  3.921631000000e+00
  3.818949000000e+00
  3.718955500000e+00
  3.621580000000e+00
  3.526754000000e+00
  3.434411000000e+00
  3.344486000000e+00
  3.256915500000e+00
  3.171638000000e+00
  3.088593500000e+00
  3.007723500000e+00
  2.928970500000e+00
  2.852279500000e+00
  2.777597000000e+00
  2.704869500000e+00
  2.634046500000e+00
  2.565078000000e+00
  2.497915000000e+00
  2.432511000000e+00
  2.368819500000e+00
  2.306795500000e+00
  2.246395500000e+00
  2.187576500000e+00
  2.130298000000e+00
  2.074519500000e+00
  2.020201000000e+00
  1.967305000000e+00
  1.915794000000e+00
  1.865632000000e+00
  1.816783500000e+00
  1.769213500000e+00
  1.722889000000e+00
  1.677777500000e+00
  1.633847500000e+00
  1.591068000000e+00
  1.549408000000e+00
  1.508839000000e+00
  1.469332500000e+00
  1.430860000000e+00
  1.393395000000e+00
  1.356911000000e+00
  1.321382500000e+00
  1.286784000000e+00
  1.253091500000e+00
  1.220281000000e+00
  1.188329500000e+00
  1.157215000000e+00
  1.126915000000e+00
  1.097408500000e+00
  1.068674500000e+00
  1.040693000000e+00
  1.013444000000e+00
  9.158819000000e-01
  7.819958000000e-01
  7.120294000000e-01
  6.336354500000e-01
  5.498657000000e-01
  5.014608000000e-01
  4.674816500000e-01
  4.272202000000e-01
  3.736392500000e-01
  3.401512000000e-01
  3.191971500000e-01
  2.913430500000e-01
  2.621303000000e-01
  2.389622500000e-01
  2.170068500000e-01
  1.977365000000e-01
  1.810813000000e-01
  1.650529000000e-01
  1.506484500000e-01
  1.373166500000e-01
  1.274435000000e-01
  1.206894500000e-01
  1.139827000000e-01
  1.074018500000e-01
  1.011805450000e-01
  9.420313500000e-02
  8.867541000000e-02
  8.379746000000e-02
  7.865147000000e-02
  7.436222500000e-02
  7.130150000000e-02
  6.823836000000e-02
  6.491807000000e-02
  6.211246500000e-02
  5.981613000000e-02
  5.724640500000e-02
  5.478708000000e-02
  5.303258000000e-02
  5.148354500000e-02
  4.932505000000e-02
  4.751653000000e-02
  4.623946000000e-02
  4.463060000000e-02
  4.255652500000e-02
  4.090430500000e-02
  3.980495000000e-02
  3.873514000000e-02
  3.769408500000e-02
  3.674423000000e-02
  3.599983000000e-02
  3.521221500000e-02
  3.426584000000e-02
  3.334490500000e-02
  3.244872000000e-02
  3.155807000000e-02
  3.065446500000e-02
  2.979452500000e-02
  2.897755500000e-02
  2.816516000000e-02
  2.737554000000e-02
  2.660805500000e-02
  2.567431500000e-02
  2.490775500000e-02
  2.450191000000e-02
  2.370088000000e-02
  2.285789000000e-02
  2.242903500000e-02
  2.200222000000e-02
  2.133026000000e-02
  2.052394500000e-02
  2.004774000000e-02
  1.972958500000e-02
  1.931211500000e-02
  1.890348000000e-02
  1.848596500000e-02
  1.799157500000e-02
  1.754529000000e-02
  1.706948000000e-02
  1.650578500000e-02
  1.600322500000e-02
  1.558157500000e-02
  1.526678500000e-02
  1.499475500000e-02
  1.479837000000e-02
  1.459394000000e-02
  1.425301000000e-02
  1.391726500000e-02
  1.360695500000e-02
  1.332007000000e-02
  1.273508000000e-02
  1.214183000000e-02
  1.193174000000e-02
  1.171951000000e-02
  1.148943000000e-02
  1.132491500000e-02
  1.117379000000e-02
  1.094095500000e-02
  1.066941500000e-02
  1.041240500000e-02
  1.014473000000e-02
  5.759955500000e-03
  8.754620000000e-04
  1.330624600000e-04
  2.022430950000e-05
  3.073914900000e-06
  4.672077500000e-07
  7.101143500000e-08
  1.079310300000e-08
  1.640456050000e-09
  2.493347100000e-10
  3.289666000000e-11
