1401
  4.744000000000e-02
  4.728000000000e-02
  4.712000000000e-02
  4.697000000000e-02
  4.681000000000e-02
  4.665000000000e-02
  4.650000000000e-02
  4.634000000000e-02
  4.618000000000e-02
  4.603000000000e-02
  4.588000000000e-02
  4.573000000000e-02
  4.557000000000e-02
  4.542000000000e-02
  4.527000000000e-02
  4.511000000000e-02
  4.497000000000e-02
  4.482000000000e-02
  4.466000000000e-02
  4.452000000000e-02
  4.437000000000e-02
  4.422000000000e-02
  4.407000000000e-02
  4.392000000000e-02
  4.378000000000e-02
  4.363000000000e-02
  4.349000000000e-02
  4.334000000000e-02
  4.320000000000e-02
  4.305000000000e-02
  4.291000000000e-02
  4.276000000000e-02
  4.262000000000e-02
  4.248000000000e-02
  4.234000000000e-02
  4.220000000000e-02
  4.205000000000e-02
  4.192000000000e-02
  4.177000000000e-02
  4.164000000000e-02
  4.149000000000e-02
  4.136000000000e-02
  4.122000000000e-02
  4.108000000000e-02
  4.095000000000e-02
  4.080000000000e-02
  4.067000000000e-02
  4.054000000000e-02
  4.040000000000e-02
  4.026000000000e-02
  4.013000000000e-02
  4.000000000000e-02
  3.986000000000e-02
  3.973000000000e-02
  3.960000000000e-02
  3.946000000000e-02
  3.934000000000e-02
  3.920000000000e-02
  3.907000000000e-02
  3.894000000000e-02
  3.881000000000e-02
  3.868000000000e-02
  3.855000000000e-02
  3.842000000000e-02
  3.829000000000e-02
  3.817000000000e-02
  3.804000000000e-02
  3.791000000000e-02
  3.778000000000e-02
  3.766000000000e-02
  3.753000000000e-02
  3.741000000000e-02
  3.728000000000e-02
  3.716000000000e-02
  3.703000000000e-02
  3.691000000000e-02
  3.679000000000e-02
  3.666000000000e-02
  3.654000000000e-02
  3.642000000000e-02
  3.630000000000e-02
  3.617000000000e-02
  3.606000000000e-02
  3.593000000000e-02
  3.582000000000e-02
  3.569000000000e-02
  3.558000000000e-02
  3.546000000000e-02
  3.533000000000e-02
  3.522000000000e-02
  3.511000000000e-02
  3.498000000000e-02
  3.487000000000e-02
  3.475000000000e-02
  3.464000000000e-02
  3.452000000000e-02
  3.440000000000e-02
  3.429000000000e-02
  3.418000000000e-02
  3.406000000000e-02
  3.395000000000e-02
  3.383000000000e-02
  3.372000000000e-02
  3.361000000000e-02
  3.349700000000e-02
  3.338400000000e-02
  3.327300000000e-02
  3.316100000000e-02
  3.305100000000e-02
  3.294000000000e-02
  3.283100000000e-02
  3.272000000000e-02
  3.261100000000e-02
  3.250200000000e-02
  3.239400000000e-02
  3.228600000000e-02
  3.217700000000e-02
  3.207000000000e-02
  3.196300000000e-02
  3.185600000000e-02
  3.175000000000e-02
  3.164400000000e-02
  3.153800000000e-02
  3.143200000000e-02
  3.132800000000e-02
  3.122300000000e-02
  3.111800000000e-02
  3.101500000000e-02
  3.091100000000e-02
  3.080800000000e-02
  3.070500000000e-02
  3.060200000000e-02
  3.050000000000e-02
  3.039800000000e-02
  3.029700000000e-02
  3.019500000000e-02
  3.009500000000e-02
  2.999400000000e-02
  2.989300000000e-02
  2.979400000000e-02
  2.969500000000e-02
  2.959500000000e-02
  2.949600000000e-02
  2.939800000000e-02
  2.929900000000e-02
  2.920200000000e-02
  2.910400000000e-02
  2.900700000000e-02
  2.891000000000e-02
  2.881300000000e-02
  2.871700000000e-02
  2.862100000000e-02
  2.852600000000e-02
  2.843000000000e-02
  2.833500000000e-02
  2.824100000000e-02
  2.814600000000e-02
  2.805200000000e-02
  2.795900000000e-02
  2.786500000000e-02
  2.777200000000e-02
  2.767900000000e-02
  2.758700000000e-02
  2.749500000000e-02
  2.740200000000e-02
  2.731200000000e-02
  2.722000000000e-02
  2.712900000000e-02
  2.703800000000e-02
  2.694800000000e-02
  2.685800000000e-02
  2.676800000000e-02
  2.667900000000e-02
  2.659000000000e-02
  2.650100000000e-02
  2.641200000000e-02
  2.632500000000e-02
  2.623600000000e-02
  2.614800000000e-02
  2.606100000000e-02
  2.597500000000e-02
  2.588700000000e-02
  2.580100000000e-02
  2.571500000000e-02
  2.562800000000e-02
  2.554300000000e-02
  2.545800000000e-02
  2.537300000000e-02
  2.528800000000e-02
  2.520400000000e-02
  2.511900000000e-02
  2.503500000000e-02
  2.495200000000e-02
  2.486800000000e-02
  2.478600000000e-02
  2.470200000000e-02
  2.462000000000e-02
  2.453800000000e-02
  2.445600000000e-02
  2.437400000000e-02
  2.429200000000e-02
  2.421200000000e-02
  2.413100000000e-02
  2.405000000000e-02
  2.396900000000e-02
  2.389000000000e-02
  2.380900000000e-02
  2.373100000000e-02
  2.365100000000e-02
  2.357100000000e-02
  2.349400000000e-02
  2.341400000000e-02
  2.333700000000e-02
  2.325800000000e-02
  2.318100000000e-02
  2.310300000000e-02
  2.302700000000e-02
  2.294900000000e-02
  2.287200000000e-02
  2.279700000000e-02
  2.272000000000e-02
  2.264400000000e-02
  2.256800000000e-02
  2.249300000000e-02
  2.241800000000e-02
  2.234300000000e-02
  2.226800000000e-02
  2.219400000000e-02
  2.212000000000e-02
  2.204600000000e-02
  2.197200000000e-02
  2.189900000000e-02
  2.182600000000e-02
  2.175300000000e-02
  2.168000000000e-02
  2.160800000000e-02
  2.153500000000e-02
  2.146400000000e-02
  2.139200000000e-02
  2.132000000000e-02
  2.124900000000e-02
  2.117800000000e-02
  2.110800000000e-02
  2.103700000000e-02
  2.096600000000e-02
  2.089700000000e-02
  2.082700000000e-02
  2.075700000000e-02
  2.068800000000e-02
  2.061800000000e-02
  2.055000000000e-02
  2.048100000000e-02
  2.041300000000e-02
  2.034500000000e-02
  2.027600000000e-02
  2.020900000000e-02
  2.014200000000e-02
  2.007400000000e-02
  2.000700000000e-02
  1.994000000000e-02
  1.987400000000e-02
  1.980700000000e-02
  1.974100000000e-02
  1.967500000000e-02
  1.960900000000e-02
  1.954400000000e-02
  1.947800000000e-02
  1.941400000000e-02
  1.934800000000e-02
  1.928400000000e-02
  1.922000000000e-02
  1.915500000000e-02
  1.909100000000e-02
  1.902800000000e-02
  1.896400000000e-02
  1.890000000000e-02
  1.883800000000e-02
  1.877400000000e-02
  1.871200000000e-02
  1.865000000000e-02
  1.858700000000e-02
  1.852400000000e-02
  1.846300000000e-02
  1.840200000000e-02
  1.834000000000e-02
  1.827800000000e-02
  1.821800000000e-02
  1.815600000000e-02
  1.809600000000e-02
  1.803600000000e-02
  1.797500000000e-02
  1.791600000000e-02
  1.785500000000e-02
  1.779600000000e-02
  1.773600000000e-02
  1.767700000000e-02
  1.761800000000e-02
  1.755900000000e-02
  1.750100000000e-02
  1.744200000000e-02
  1.738300000000e-02
  1.732600000000e-02
  1.726800000000e-02
  1.721000000000e-02
  1.715200000000e-02
  1.709600000000e-02
  1.703800000000e-02
  1.698100000000e-02
  1.692500000000e-02
  1.686800000000e-02
  1.681100000000e-02
  1.675600000000e-02
  1.669900000000e-02
  1.664400000000e-02
  1.658800000000e-02
  1.653300000000e-02
  1.647700000000e-02
  1.642200000000e-02
  1.636800000000e-02
  1.631300000000e-02
  1.625800000000e-02
  1.620400000000e-02
  1.615000000000e-02
  1.609600000000e-02
  1.604200000000e-02
  1.598900000000e-02
  1.593500000000e-02
  1.588200000000e-02
  1.582900000000e-02
  1.577600000000e-02
  1.572300000000e-02
  1.567100000000e-02
  1.561800000000e-02
  1.556600000000e-02
  1.551500000000e-02
  1.546200000000e-02
  1.541100000000e-02
  1.535900000000e-02
  1.530800000000e-02
  1.525700000000e-02
  1.520600000000e-02
  1.515500000000e-02
  1.510400000000e-02
  1.505400000000e-02
  1.500400000000e-02
  1.495300000000e-02
  1.490400000000e-02
  1.485300000000e-02
  1.480500000000e-02
  1.475400000000e-02
  1.470600000000e-02
  1.465600000000e-02
  1.460700000000e-02
  1.455900000000e-02
  1.451000000000e-02
  1.446100000000e-02
  1.441300000000e-02
  1.436500000000e-02
  1.431700000000e-02
  1.426900000000e-02
  1.422200000000e-02
  1.417300000000e-02
  1.412700000000e-02
  1.407900000000e-02
  1.403300000000e-02
  1.398500000000e-02
  1.393900000000e-02
  1.389200000000e-02
  1.384600000000e-02
  1.380000000000e-02
  1.375300000000e-02
  1.370700000000e-02
  1.366200000000e-02
  1.361600000000e-02
  1.357100000000e-02
  1.352500000000e-02
  1.348000000000e-02
  1.343500000000e-02
  1.339000000000e-02
  1.334500000000e-02
  1.330100000000e-02
  1.325600000000e-02
  1.321300000000e-02
  1.316700000000e-02
  1.312400000000e-02
  1.308000000000e-02
  1.303700000000e-02
  1.299300000000e-02
  1.294900000000e-02
  1.290600000000e-02
  1.286300000000e-02
  1.282000000000e-02
  1.277800000000e-02
  1.273400000000e-02
  1.269200000000e-02
  1.265000000000e-02
  1.260700000000e-02
  1.256600000000e-02
  1.252300000000e-02
  1.248100000000e-02
  1.244000000000e-02
  1.239800000000e-02
  1.235700000000e-02
  1.231500000000e-02
  1.227500000000e-02
  1.223300000000e-02
  1.219200000000e-02
  1.215200000000e-02
  1.211100000000e-02
  1.207100000000e-02
  1.203000000000e-02
  1.199000000000e-02
  1.195100000000e-02
  1.191000000000e-02
  1.187000000000e-02
  1.183100000000e-02
  1.179100000000e-02
  1.175200000000e-02
  1.171200000000e-02
  1.167400000000e-02
  1.163400000000e-02
  1.159600000000e-02
  1.155700000000e-02
  1.151800000000e-02
  1.147900000000e-02
  1.144200000000e-02
  1.140300000000e-02
  1.136500000000e-02
  1.132700000000e-02
  1.128900000000e-02
  1.125200000000e-02
  1.121400000000e-02
  1.117600000000e-02
  1.113900000000e-02
  1.110200000000e-02
  1.106500000000e-02
  1.102800000000e-02
  1.099100000000e-02
  1.095400000000e-02
  1.091800000000e-02
  1.088100000000e-02
  1.084500000000e-02
  1.080900000000e-02
  1.077200000000e-02
  1.073700000000e-02
  1.070100000000e-02
  1.066500000000e-02
  1.062900000000e-02
  1.059400000000e-02
  1.055800000000e-02
  1.052300000000e-02
  1.048800000000e-02
  1.045300000000e-02
  1.041800000000e-02
  1.038300000000e-02
  1.034900000000e-02
  1.031400000000e-02
  1.027900000000e-02
  1.024600000000e-02
  1.021000000000e-02
  1.017700000000e-02
  1.014300000000e-02
  1.010900000000e-02
  1.007500000000e-02
  1.004200000000e-02
  1.000800000000e-02
  9.974000000000e-03
  9.941000000000e-03
  9.908000000000e-03
  9.875000000000e-03
  9.842000000000e-03
  9.809000000000e-03
  9.776000000000e-03
  9.744000000000e-03
  9.711000000000e-03
  9.679000000000e-03
  9.646000000000e-03
  9.614000000000e-03
  9.582000000000e-03
  9.550000000000e-03
  9.518000000000e-03
  9.486000000000e-03
  9.454000000000e-03
  9.423000000000e-03
  9.392000000000e-03
  9.360000000000e-03
  9.329000000000e-03
  9.297000000000e-03
  9.267000000000e-03
  9.235000000000e-03
  9.205000000000e-03
  9.174000000000e-03
  9.144000000000e-03
  9.112000000000e-03
  9.083000000000e-03
  9.052000000000e-03
  9.022000000000e-03
  8.991000000000e-03
  8.962000000000e-03
  8.931000000000e-03
  8.902000000000e-03
  8.872000000000e-03
  8.843000000000e-03
  8.813000000000e-03
  8.783000000000e-03
  8.754000000000e-03
  8.725000000000e-03
  8.696000000000e-03
  8.667000000000e-03
  8.637000000000e-03
  8.609000000000e-03
  8.580000000000e-03
  8.552000000000e-03
  8.523000000000e-03
  8.494000000000e-03
  8.466000000000e-03
  8.438000000000e-03
  8.409000000000e-03
  8.382000000000e-03
  8.353000000000e-03
  8.326000000000e-03
  8.298000000000e-03
  8.270000000000e-03
  8.242000000000e-03
  8.215000000000e-03
  8.187000000000e-03
  8.160000000000e-03
  8.133000000000e-03
  8.106000000000e-03
  8.078000000000e-03
  8.052000000000e-03
  8.024000000000e-03
  7.998000000000e-03
  7.971000000000e-03
  7.945000000000e-03
  7.918000000000e-03
  7.891000000000e-03
  7.865000000000e-03
  7.839000000000e-03
  7.813000000000e-03
  7.787000000000e-03
  7.760000000000e-03
  7.735000000000e-03
  7.709000000000e-03
  7.683000000000e-03
  7.657000000000e-03
  7.632000000000e-03
  7.606000000000e-03
  7.581000000000e-03
  7.556000000000e-03
  7.530000000000e-03
  7.505000000000e-03
  7.480000000000e-03
  7.455000000000e-03
  7.430000000000e-03
  7.406000000000e-03
  7.380000000000e-03
  7.356000000000e-03
  7.332000000000e-03
  7.307000000000e-03
  7.282000000000e-03
  7.258000000000e-03
  7.234000000000e-03
  7.210000000000e-03
  7.186000000000e-03
  7.161000000000e-03
  7.138000000000e-03
  7.114000000000e-03
  7.090000000000e-03
  7.066000000000e-03
  7.043000000000e-03
  7.020000000000e-03
  6.995000000000e-03
  6.973000000000e-03
  6.949000000000e-03
  6.926000000000e-03
  6.903000000000e-03
  6.880000000000e-03
  6.856000000000e-03
  6.834000000000e-03
  6.811000000000e-03
  6.789000000000e-03
  6.765000000000e-03
  6.743000000000e-03
  6.721000000000e-03
  6.698000000000e-03
  6.675000000000e-03
  6.654000000000e-03
  6.631000000000e-03
  6.609000000000e-03
  6.587000000000e-03
  6.565000000000e-03
  6.543000000000e-03
  6.521000000000e-03
  6.499000000000e-03
  6.478000000000e-03
  6.456000000000e-03
  6.434000000000e-03
  6.413000000000e-03
  6.391000000000e-03
  6.370000000000e-03
  6.349000000000e-03
  6.328000000000e-03
  6.306000000000e-03
  6.286000000000e-03
  6.264000000000e-03
  6.244000000000e-03
  6.222000000000e-03
  6.202000000000e-03
  6.181000000000e-03
  6.161000000000e-03
  6.140000000000e-03
  6.119000000000e-03
  6.099000000000e-03
  6.078000000000e-03
  6.059000000000e-03
  6.038000000000e-03
  6.018000000000e-03
  5.997000000000e-03
  5.978000000000e-03
  5.958000000000e-03
  5.938000000000e-03
  5.918000000000e-03
  5.898000000000e-03
  5.878000000000e-03
  5.859000000000e-03
  5.840000000000e-03
  5.819000000000e-03
  5.801000000000e-03
  5.781000000000e-03
  5.761000000000e-03
  5.743000000000e-03
  5.723000000000e-03
  5.704000000000e-03
  5.685000000000e-03
  5.666000000000e-03
  5.647000000000e-03
  5.629000000000e-03
  5.609000000000e-03
  5.591000000000e-03
  5.572000000000e-03
  5.553000000000e-03
  5.535000000000e-03
  5.516000000000e-03
  5.498000000000e-03
  5.480000000000e-03
  5.461000000000e-03
  5.443000000000e-03
  5.425000000000e-03
  5.407000000000e-03
  5.389000000000e-03
  5.370000000000e-03
  5.353000000000e-03
  5.335000000000e-03
  5.317000000000e-03
  5.299000000000e-03
  5.282000000000e-03
  5.264000000000e-03
  5.246000000000e-03
  5.229000000000e-03
  5.211000000000e-03
  5.194000000000e-03
  5.176000000000e-03
  5.160000000000e-03
  5.142000000000e-03
  5.125000000000e-03
  5.107000000000e-03
  5.091000000000e-03
  5.074000000000e-03
  5.056000000000e-03
  5.040000000000e-03
  5.023000000000e-03
  5.006000000000e-03
  4.990000000000e-03
  4.973000000000e-03
  4.956000000000e-03
  4.940000000000e-03
  4.923000000000e-03
  4.906000000000e-03
  4.891000000000e-03
  4.874000000000e-03
  4.857000000000e-03
  4.842000000000e-03
  4.825000000000e-03
  4.809000000000e-03
  4.793000000000e-03
  4.777000000000e-03
  4.761000000000e-03
  4.746000000000e-03
  4.729000000000e-03
  4.714000000000e-03
  4.697000000000e-03
  4.683000000000e-03
  4.666000000000e-03
  4.651000000000e-03
  4.635000000000e-03
  4.620000000000e-03
  4.604000000000e-03
  4.590000000000e-03
  4.573000000000e-03
  4.559000000000e-03
  4.543000000000e-03
  4.528000000000e-03
  4.513000000000e-03
  4.498000000000e-03
  4.482000000000e-03
  4.468000000000e-03
  4.453000000000e-03
  4.438000000000e-03
  4.423000000000e-03
  4.409000000000e-03
  4.393000000000e-03
  4.379000000000e-03
  4.365000000000e-03
  4.350000000000e-03
  4.335000000000e-03
  4.321000000000e-03
  4.306000000000e-03
  4.292000000000e-03
  4.278000000000e-03
  4.263000000000e-03
  4.249000000000e-03
  4.235000000000e-03
  4.221000000000e-03
  4.206000000000e-03
  4.193000000000e-03
  4.178000000000e-03
  4.165000000000e-03
  4.151000000000e-03
  4.137000000000e-03
  4.123000000000e-03
  4.109000000000e-03
  4.095000000000e-03
  4.082000000000e-03
  4.069000000000e-03
  4.054000000000e-03
  4.041000000000e-03
  4.028000000000e-03
  4.014000000000e-03
  4.001000000000e-03
  3.987000000000e-03
  3.974000000000e-03
  3.961000000000e-03
  3.947000000000e-03
  3.934000000000e-03
  3.922000000000e-03
  3.908000000000e-03
  3.895000000000e-03
  3.882000000000e-03
  3.869000000000e-03
  3.856000000000e-03
  3.843000000000e-03
  3.831000000000e-03
  3.817000000000e-03
  3.805000000000e-03
  3.792000000000e-03
  3.780000000000e-03
  3.766000000000e-03
  3.755000000000e-03
  3.741000000000e-03
  3.730000000000e-03
  3.716000000000e-03
  3.705000000000e-03
  3.692000000000e-03
  3.679000000000e-03
  3.668000000000e-03
  3.655000000000e-03
  3.642000000000e-03
  3.631000000000e-03
  3.619000000000e-03
  3.606000000000e-03
  3.595000000000e-03
  3.582000000000e-03
  3.570000000000e-03
  3.559000000000e-03
  3.547000000000e-03
  3.534000000000e-03
  3.523000000000e-03
  3.512000000000e-03
  3.499000000000e-03
  3.488000000000e-03
  3.476000000000e-03
  3.465000000000e-03
  3.452000000000e-03
  3.442000000000e-03
  3.430000000000e-03
  3.418000000000e-03
  3.407000000000e-03
  3.396000000000e-03
  3.384000000000e-03
  3.373000000000e-03
  3.362000000000e-03
  3.350500000000e-03
  3.339300000000e-03
  3.328200000000e-03
  3.317000000000e-03
  3.306000000000e-03
  3.294900000000e-03
  3.283900000000e-03
  3.272900000000e-03
  3.262000000000e-03
  3.251100000000e-03
  3.240300000000e-03
  3.229400000000e-03
  3.218600000000e-03
  3.207900000000e-03
  3.197100000000e-03
  3.186500000000e-03
  3.175800000000e-03
  3.165300000000e-03
  3.154600000000e-03
  3.144100000000e-03
  3.133600000000e-03
  3.123100000000e-03
  3.112700000000e-03
  3.102300000000e-03
  3.092000000000e-03
  3.081600000000e-03
  3.071300000000e-03
  3.061100000000e-03
  3.050800000000e-03
  3.040600000000e-03
  3.030500000000e-03
  3.020300000000e-03
  3.010300000000e-03
  3.000200000000e-03
  2.990200000000e-03
  2.980200000000e-03
  2.970200000000e-03
  2.960300000000e-03
  2.950400000000e-03
  2.940600000000e-03
  2.930700000000e-03
  2.921000000000e-03
  2.911200000000e-03
  2.901500000000e-03
  2.891700000000e-03
  2.882100000000e-03
  2.872500000000e-03
  2.862900000000e-03
  2.853300000000e-03
  2.843800000000e-03
  2.834300000000e-03
  2.824800000000e-03
  2.815400000000e-03
  2.806000000000e-03
  2.796600000000e-03
  2.787300000000e-03
  2.777900000000e-03
  2.768700000000e-03
  2.759400000000e-03
  2.750200000000e-03
  2.741000000000e-03
  2.731900000000e-03
  2.722700000000e-03
  2.713600000000e-03
  2.704600000000e-03
  2.695500000000e-03
  2.686600000000e-03
  2.677500000000e-03
  2.668600000000e-03
  2.659700000000e-03
  2.650800000000e-03
  2.642000000000e-03
  2.633100000000e-03
  2.624300000000e-03
  2.615600000000e-03
  2.606800000000e-03
  2.598100000000e-03
  2.589400000000e-03
  2.580800000000e-03
  2.572200000000e-03
  2.563600000000e-03
  2.555000000000e-03
  2.546400000000e-03
  2.538000000000e-03
  2.529500000000e-03
  2.521000000000e-03
  2.512600000000e-03
  2.504200000000e-03
  2.495900000000e-03
  2.487500000000e-03
  2.479200000000e-03
  2.470900000000e-03
  2.462700000000e-03
  2.454400000000e-03
  2.446200000000e-03
  2.438100000000e-03
  2.429900000000e-03
  2.421800000000e-03
  2.413700000000e-03
  2.405700000000e-03
  2.397600000000e-03
  2.389600000000e-03
  2.381600000000e-03
  2.373600000000e-03
  2.365800000000e-03
  2.357800000000e-03
  2.350000000000e-03
  2.342100000000e-03
  2.334200000000e-03
  2.326500000000e-03
  2.318700000000e-03
  2.311000000000e-03
  2.303200000000e-03
  2.295500000000e-03
  2.287900000000e-03
  2.280200000000e-03
  2.272700000000e-03
  2.265000000000e-03
  2.257400000000e-03
  2.249900000000e-03
  2.242400000000e-03
  2.234900000000e-03
  2.227500000000e-03
  2.220000000000e-03
  2.212500000000e-03
  2.205200000000e-03
  2.197900000000e-03
  2.190400000000e-03
  2.183200000000e-03
  2.175900000000e-03
  2.168600000000e-03
  2.161300000000e-03
  2.154100000000e-03
  2.147000000000e-03
  2.139700000000e-03
  2.132600000000e-03
  2.125500000000e-03
  2.118400000000e-03
  2.111300000000e-03
  2.104300000000e-03
  2.097200000000e-03
  2.090200000000e-03
  2.083300000000e-03
  2.076300000000e-03
  2.069300000000e-03
  2.062400000000e-03
  2.055600000000e-03
  2.048600000000e-03
  2.041900000000e-03
  2.035000000000e-03
  2.028200000000e-03
  2.021400000000e-03
  2.014700000000e-03
  2.007900000000e-03
  2.001300000000e-03
  1.994500000000e-03
  1.987900000000e-03
  1.981300000000e-03
  1.974600000000e-03
  1.968000000000e-03
  1.961500000000e-03
  1.954900000000e-03
  1.948400000000e-03
  1.941800000000e-03
  1.935400000000e-03
  1.928900000000e-03
  1.922500000000e-03
  1.916100000000e-03
  1.909600000000e-03
  1.903300000000e-03
  1.896900000000e-03
  1.890500000000e-03
  1.884300000000e-03
  1.878000000000e-03
  1.871600000000e-03
  1.865500000000e-03
  1.859200000000e-03
  1.853000000000e-03
  1.846800000000e-03
  1.840600000000e-03
  1.834500000000e-03
  1.828300000000e-03
  1.822300000000e-03
  1.816100000000e-03
  1.810100000000e-03
  1.804000000000e-03
  1.798100000000e-03
  1.792000000000e-03
  1.786000000000e-03
  1.780000000000e-03
  1.774200000000e-03
  1.768100000000e-03
  1.762300000000e-03
  1.756400000000e-03
  1.750500000000e-03
  1.744700000000e-03
  1.738800000000e-03
  1.733000000000e-03
  1.727300000000e-03
  1.721500000000e-03
  1.715700000000e-03
  1.710000000000e-03
  1.704200000000e-03
  1.698600000000e-03
  1.692900000000e-03
  1.687300000000e-03
  1.681600000000e-03
  1.676000000000e-03
  2.136800000000e-03
  5.903700000000e-03
  8.441000000000e-04
  8.004000000000e-04
  8.291900000000e-03
  8.697000000000e-04
  3.359000000001e-04
  9.313400000000e-03
  1.295400000000e-03
  1.123900000000e-03
  2.514000000000e-03
  1.374400000000e-03
  2.713800000000e-03
  1.116000000000e-04
  8.456600000000e-03
  4.995000000000e-04
  7.588000000001e-04
  3.298000000000e-04
  7.694100000000e-03
  3.815300000000e-03
  2.456200000000e-03
  3.091000000001e-04
  8.868000000000e-04
  1.145200000000e-03
  4.246000000000e-04
  8.021100000000e-03
  8.282100000000e-03
  1.148800000000e-03
  6.972900000000e-03
  5.984400000000e-03
  9.286000000000e-04
  8.478000000000e-04
  2.036000000000e-04
  6.020000000000e-04
  7.208100000000e-03
  7.658900000000e-03
  1.864000000000e-04
  4.851400000000e-03
  2.472600000000e-03
  1.178000000000e-04
  4.360999999999e-04
  9.299000000000e-04
  3.744600000000e-03
  2.136600000000e-03
  3.959500000000e-03
  3.174400000000e-03
  8.849999999999e-05
  3.224800000000e-03
  1.306999999999e-04
  2.290700000000e-03
  9.186000000000e-04
  3.491000000000e-04
  1.685000000000e-04
  2.257200000000e-03
  4.198000000000e-04
  1.084200000000e-03
  7.739000000000e-04
  2.410200000000e-03
  3.534000000001e-04
  4.408000000000e-04
  3.538500000000e-03
  3.568000000000e-04
  2.121200000000e-03
  5.919400000000e-03
  1.203000000000e-04
  3.731000000000e-04
  2.660000000000e-04
  5.851700000000e-03
  6.978000000000e-04
  1.043000000000e-04
  2.122000000000e-04
  3.261000000001e-04
  5.785000000000e-04
  2.493400000000e-03
  2.708000000000e-03
  6.298200000000e-03
  1.373800000000e-03
  1.691800000000e-03
  1.154000000000e-03
  8.900000000001e-05
  4.297000000000e-04
  5.693000000000e-04
  8.686000000000e-04
  1.931400000000e-03
  9.705000000000e-04
  1.771000000000e-04
  1.273000000000e-04
  2.850200000000e-03
  2.286000000000e-04
  5.618900000000e-03
  5.689999999997e-05
  3.480000000006e-05
  4.929999999997e-05
  3.019999999998e-05
  4.169999999998e-05
  5.703000000000e-03
  3.004000000000e-04
  3.126000000000e-04
  5.098400000000e-03
  5.306300000000e-03
  1.328000000000e-04
  1.616000000000e-04
  2.463100000000e-03
  3.029200000000e-03
  1.619500000000e-03
  3.066000000000e-04
  1.376000000000e-04
  1.880000000000e-04
  3.610000000000e-04
  7.775000000000e-04
  1.995600000000e-03
  1.925100000000e-03
  1.572000000000e-04
  2.906000000000e-04
  2.908700000000e-03
  1.029000000000e-04
  3.121000000000e-04
  4.599000000000e-04
  4.304300000000e-03
  7.279999999998e-05
  6.030000000007e-05
  4.945800000000e-03
  4.663900000000e-03
  1.529000000000e-04
  7.469999999998e-05
  8.910000000001e-05
  4.884000000000e-03
  1.922500000000e-03
  4.669000000000e-04
  7.350000000000e-05
  5.796000000000e-04
  1.747000000000e-03
  4.529999999997e-05
  3.520000000001e-05
  4.616200000000e-03
  3.470000000003e-05
  5.220000000000e-05
  4.489999999999e-05
  4.473900000000e-03
  2.479999999999e-05
  5.340000000001e-05
  4.438300000000e-03
  4.293500000000e-03
  1.355000000000e-04
  2.454800000000e-03
  1.510800000000e-03
  2.425000000000e-04
  1.351000000000e-04
  6.358000000000e-04
  8.492000000000e-04
  7.454000000000e-04
  2.028700000000e-03
  4.176600000000e-03
  4.008100000000e-03
  8.760000000002e-05
  4.016400000000e-03
  3.858800000000e-03
  4.380000000001e-05
  3.590000000001e-05
  3.768300000000e-03
  9.400000000001e-05
  3.681100000000e-03
  5.550000000001e-05
  5.080000000002e-05
  8.139999999998e-05
  3.632700000000e-03
  9.772000000000e-04
  6.213000000000e-04
  5.255000000000e-04
  7.413000000000e-04
  7.769000000000e-04
  3.187800000000e-03
  1.990000000000e-04
  6.110000000001e-05
  2.759999999999e-05
  9.610000000002e-05
  1.779999999998e-05
  3.410000000001e-05
  3.739999999999e-05
  3.413100000000e-03
  2.310000000000e-03
  1.124600000000e-03
  5.369999999999e-05
  3.772000000000e-04
  2.937200000000e-03
  3.741000000000e-04
  1.042500000000e-03
  4.520000000002e-05
  2.265000000000e-04
  1.652000000000e-04
  8.442000000000e-04
  6.051000000000e-04
  1.815400000000e-03
  1.423400000000e-03
  3.119200000000e-03
  2.929999999998e-05
  2.759999999999e-05
  3.114600000000e-03
  3.054300000000e-03
  2.995000000000e-03
  2.937100000000e-03
  2.880200000000e-03
  2.824400000000e-03
  2.769700000000e-03
  3.975000000000e-04
  4.935000000000e-04
  3.088000000000e-04
  2.880000000000e-04
  3.842000000000e-04
  8.440000000000e-04
  1.558800000000e-03
  8.529999999998e-05
  1.019300000000e-03
  1.683400000000e-03
  9.285000000000e-04
  1.312300000000e-03
  6.107000000000e-04
  6.382000000000e-04
  7.550000000001e-05
  1.193000000000e-04
  2.445000000000e-04
  2.072400000000e-03
  2.107100000000e-03
  2.797000000000e-04
  3.260000000001e-05
  2.690000000000e-05
  1.660000000001e-05
  2.092700000000e-03
  7.390000000000e-05
  1.225000000000e-04
  6.850000000000e-05
  5.770000000001e-05
  2.368500000000e-03
  2.322600000000e-03
  2.277600000000e-03
  2.233600000000e-03
  2.700000000000e-05
  2.570000000000e-05
  2.137500000000e-03
  2.147800000000e-03
  2.106200000000e-03
  3.939999999999e-05
  2.026000000000e-03
  1.920400000000e-03
  2.910000000000e-05
  3.630000000000e-05
  3.970000000000e-05
  1.986100000000e-03
  1.947740000000e-03
  1.909980000000e-03
  7.048000000000e-05
  1.802500000000e-03
  1.836700000000e-03
  5.390000000000e-05
  1.747220000000e-03
  2.960000000000e-05
  2.275000000000e-05
  4.463000000000e-05
  1.669260000000e-03
  1.732020000000e-03
  1.698480000000e-03
  6.947500000000e-04
  9.708300000000e-04
  8.424300000000e-04
  2.654400000000e-04
  1.512700000000e-04
  2.689200000000e-04
  1.052500000000e-04
  5.993000000000e-04
  1.002380000000e-03
  1.274000000000e-05
  2.140000000000e-05
  1.751000000000e-05
  3.080000000001e-05
  3.030900000000e-04
  1.185110000000e-03
  1.540230000000e-03
  1.489040000000e-03
  2.134999999999e-05
  1.481140000000e-03
  8.912400000000e-04
  3.845300000000e-04
  1.766700000000e-04
  1.424320000000e-03
  1.396720000000e-03
  1.369670000000e-03
  1.343140000000e-03
  1.317120000000e-03
  1.291610000000e-03
  1.266590000000e-03
  1.216200000000e-03
  2.586000000000e-05
  1.218000000000e-03
  1.194410000000e-03
  1.171270000000e-03
  1.305000000000e-05
  2.150000000000e-05
  1.114030000000e-03
  1.126330000000e-03
  1.104520000000e-03
  1.083120000000e-03
  1.062150000000e-03
  1.041570000000e-03
  9.455600000000e-04
  2.355000000000e-05
  1.992000000000e-05
  3.236000000000e-05
  1.001610000000e-03
  9.822100000000e-04
  9.631800000000e-04
  9.445300000000e-04
  9.262300000000e-04
  8.629800000000e-04
  1.784000000000e-05
  1.493000000000e-05
  1.253000000000e-05
  8.907000000000e-04
  8.734400000000e-04
  8.565300000000e-04
  8.399300000000e-04
  8.236600000000e-04
  8.077100000000e-04
  7.920700000000e-04
  7.767200000000e-04
  7.616700000000e-04
  7.469300000000e-04
  7.324500000000e-04
  7.182700000000e-04
  7.043500000000e-04
  6.907100000000e-04
  6.773300000000e-04
  6.642100000000e-04
  6.513500000000e-04
  6.387300000000e-04
  6.263600000000e-04
  6.142200000000e-04
  6.023300000000e-04
  5.906600000000e-04
  5.792200000000e-04
  5.680000000000e-04
  5.569900000000e-04
  5.462100000000e-04
  2.266900000000e-04
  3.089400000000e-04
  2.762600000000e-04
  2.489900000000e-04
  2.140800000000e-04
  3.010000000000e-04
  3.174500000000e-04
  1.876500000000e-04
  4.953200000000e-04
  4.857200000000e-04
  4.763200000000e-04
  4.670800000000e-04
  4.580500000000e-04
  4.281300000000e-04
  2.103000000000e-05
  4.404700000000e-04
  4.319400000000e-04
  4.235700000000e-04
  4.153600000000e-04
  4.073200000000e-04
  3.994300000000e-04
  3.917000000000e-04
  3.841000000000e-04
  3.766700000000e-04
  3.693700000000e-04
  3.622100000000e-04
  3.552000000000e-04
  3.483200000000e-04
  3.415700000000e-04
  3.349500000000e-04
  3.284700000000e-04
  3.221100000000e-04
  3.158600000000e-04
  3.097500000000e-04
  3.037500000000e-04
  2.978600000000e-04
  2.920900000000e-04
  2.864400000000e-04
  2.808900000000e-04
  2.754400000000e-04
  2.701200000000e-04
  2.648800000000e-04
  2.597400000000e-04
  2.547200000000e-04
  2.497900000000e-04
  2.449400000000e-04
  2.402000000000e-04
  2.355500000000e-04
  2.309900000000e-04
  2.265100000000e-04
  2.221200000000e-04
  1.196000000000e-05
  2.058600000000e-04
  2.136000000000e-04
  2.094700000000e-04
  2.054100000000e-04
  2.014200000000e-04
  1.975300000000e-04
  1.000000000000e-02
