666
  3.039285697698e-05
  2.836691479023e-05
  2.657899323248e-05
  2.540114441851e-05
  2.559292087186e-05
  2.591247917534e-05
  2.609129662452e-05
  2.624729231670e-05
  2.640466889597e-05
  2.658399118557e-05
  2.658110767202e-05
  2.575450866619e-05
  2.449610753216e-05
  2.305720887461e-05
  2.272837629273e-05
  2.167709604718e-05
  2.080712447216e-05
  2.146781137281e-05
  2.312918777868e-05
  2.474751714238e-05
  2.645637817649e-05
  2.812525416503e-05
  2.952669321346e-05
  3.080941361306e-05
  3.154515441834e-05
  3.193534228539e-05
  3.233754271491e-05
  3.276930617098e-05
  3.318260995526e-05
  3.361379482463e-05
  3.412190417666e-05
  3.449140068032e-05
  3.472845592736e-05
  3.488260796212e-05
  3.507768089101e-05
  3.525380623253e-05
  3.539176428062e-05
  3.531817996260e-05
  3.508845361837e-05
  3.487935685572e-05
  3.467811888222e-05
  3.443797090915e-05
  3.413901381271e-05
  3.383707419720e-05
  3.358916356116e-05
  3.336431373888e-05
  3.314257726422e-05
  3.294797926217e-05
  3.286058511485e-05
  3.297222480117e-05
  3.185265948714e-05
  3.074799966918e-05
  3.071408346635e-05
  3.115675741495e-05
  3.249114371471e-05
  3.361580610226e-05
  3.400125506852e-05
  3.514093315919e-05
  3.670736028764e-05
  3.809467349692e-05
  3.964013374450e-05
  4.080215630351e-05
  4.181881583561e-05
  4.313829663924e-05
  4.336168621880e-05
  4.403383868349e-05
  4.536960257066e-05
  4.654369279565e-05
  4.786201642577e-05
  4.892760786386e-05
  4.973782214195e-05
  5.027042928021e-05
  5.055453909755e-05
  5.114150741288e-05
  5.192927742156e-05
  5.285935965567e-05
  5.357916502963e-05
  5.433022609482e-05
  5.533109000461e-05
  5.618873628604e-05
  5.662711909317e-05
  5.703093897209e-05
  5.862330606572e-05
  5.822996775546e-05
  6.242421480803e-05
  5.879885557631e-05
  6.348711315560e-05
  6.729219586993e-05
  6.498405404250e-05
  6.257690436777e-05
  6.493751313737e-05
  6.989778186028e-05
  7.261117751586e-05
  7.062436601014e-05
  7.504824496945e-05
  7.049910261040e-05
  7.288323395649e-05
  7.844272877374e-05
  7.743364088974e-05
  7.520419860132e-05
  1.005915907807e-04
  2.062290062608e-04
  3.675195538069e-04
  4.795717591711e-04
  3.338161592823e-04
  2.383431449190e-03
  8.403901387980e-03
  2.469827871843e-02
  6.527733209581e-02
  1.685161088975e-01
  4.326731776697e-01
  1.568785863035e-04
  1.464212954200e-04
  1.371925938664e-04
  1.311129003070e-04
  1.321027914156e-04
  1.337522531602e-04
  1.346752538723e-04
  1.354804556892e-04
  1.362927852209e-04
  1.372183917641e-04
  1.372035079534e-04
  1.329368579451e-04
  1.264413780677e-04
  1.190142254508e-04
  1.173168927317e-04
  1.118905072209e-04
  1.073999813412e-04
  1.108102440566e-04
  1.193857584305e-04
  1.277390772035e-04
  1.365596926338e-04
  1.451739175484e-04
  1.524077151764e-04
  1.590287236280e-04
  1.628263915308e-04
  1.648404213742e-04
  1.669164563729e-04
  1.691450866282e-04
  1.712784337315e-04
  1.735040775001e-04
  1.761267818051e-04
  1.780340091902e-04
  1.792576155152e-04
  1.800533009392e-04
  1.810602074414e-04
  1.819693123212e-04
  1.826814093633e-04
  1.823015897302e-04
  1.811158129489e-04
  1.800365197272e-04
  1.789977911596e-04
  1.777582211334e-04
  1.762150964876e-04
  1.746565769952e-04
  1.733769384887e-04
  1.722163328149e-04
  1.710717972846e-04
  1.700673422088e-04
  1.696162404814e-04
  1.701924902291e-04
  1.644136381826e-04
  1.587117237256e-04
  1.585366587109e-04
  1.608216055753e-04
  1.677092975237e-04
  1.735144590971e-04
  1.755040281911e-04
  1.813866962088e-04
  1.894721115958e-04
  1.966329959838e-04
  2.046101867761e-04
  2.106081900717e-04
  2.158558741005e-04
  2.226666284592e-04
  2.238196968088e-04
  2.272891412418e-04
  2.341839438730e-04
  2.402442367514e-04
  2.470490181360e-04
  2.525492736240e-04
  2.567313507037e-04
  2.594805050517e-04
  2.609469926061e-04
  2.639767426419e-04
  2.680429693012e-04
  2.728437679278e-04
  2.765591820321e-04
  2.804359284078e-04
  2.856020802891e-04
  2.900289867916e-04
  2.922917841026e-04
  2.943761782013e-04
  3.025954877159e-04
  3.005651962530e-04
  3.222146104135e-04
  3.035016203335e-04
  3.277009649960e-04
  3.473416324543e-04
  3.354277137612e-04
  3.230027469909e-04
  3.351874839135e-04
  3.607908664953e-04
  3.747965808924e-04
  3.645412705573e-04
  3.873759740417e-04
  3.638946993882e-04
  3.762008526208e-04
  4.048972561262e-04
  3.996886546177e-04
  3.881809587562e-04
  5.192228742317e-04
  1.064490744700e-03
  1.897022977596e-03
  2.475402021825e-03
  1.723056413984e-03
  1.230254057996e-02
  4.337835597947e-02
  1.274849235928e-01
  3.369415249318e-01
  8.698283597763e-01
  2.233325958652e+00
  1.497699162711e-04
  1.397864786525e-04
  1.309759590556e-04
  1.251717558383e-04
  1.261167918177e-04
  1.276915111800e-04
  1.285726877805e-04
  1.293414033302e-04
  1.301169236150e-04
  1.310005879681e-04
  1.309863785905e-04
  1.269130641275e-04
  1.207119151990e-04
  1.136213105997e-04
  1.120008894497e-04
  1.068203908058e-04
  1.025333450027e-04
  1.057890778174e-04
  1.139760082329e-04
  1.219508114403e-04
  1.303717366002e-04
  1.385956234582e-04
  1.455016346009e-04
  1.518226240029e-04
  1.554482074381e-04
  1.573709751536e-04
  1.593529383728e-04
  1.614805822699e-04
  1.635172605991e-04
  1.656420533368e-04
  1.681459145292e-04
  1.699667193472e-04
  1.711348801597e-04
  1.718945105345e-04
  1.728557908857e-04
  1.737237013185e-04
  1.744035309682e-04
  1.740409221763e-04
  1.729088767300e-04
  1.718784897329e-04
  1.708868292758e-04
  1.697034281284e-04
  1.682302273912e-04
  1.667423293971e-04
  1.655206754002e-04
  1.644126604781e-04
  1.633199875099e-04
  1.623610475032e-04
  1.619303866365e-04
  1.624805246668e-04
  1.569635308722e-04
  1.515199883790e-04
  1.513528561196e-04
  1.535342647403e-04
  1.601098533576e-04
  1.656519645104e-04
  1.675513798713e-04
  1.731674854038e-04
  1.808865247837e-04
  1.877229266182e-04
  1.953386454056e-04
  2.010648600059e-04
  2.060747547030e-04
  2.125768920188e-04
  2.136777111570e-04
  2.169899439765e-04
  2.235723210690e-04
  2.293580027121e-04
  2.358544377083e-04
  2.411054590447e-04
  2.450980328486e-04
  2.477226142285e-04
  2.491226505458e-04
  2.520151129262e-04
  2.558970858625e-04
  2.604803449630e-04
  2.640274017820e-04
  2.677284803918e-04
  2.726605374235e-04
  2.768868466467e-04
  2.790471093811e-04
  2.810370529227e-04
  2.888839192593e-04
  2.869456267902e-04
  3.076140368169e-04
  2.897489921126e-04
  3.128517871423e-04
  3.316024731986e-04
  3.202284122310e-04
  3.083664604076e-04
  3.199990679653e-04
  3.444422794698e-04
  3.578133501939e-04
  3.480227407397e-04
  3.698227308437e-04
  3.474054677764e-04
  3.591539898832e-04
  3.865500676497e-04
  3.815774845190e-04
  3.705912391285e-04
  4.956952266848e-04
  1.016255267603e-03
  1.811062804768e-03
  2.363233646361e-03
  1.644979222043e-03
  1.174507315497e-02
  4.141274405962e-02
  1.217081743418e-01
  3.216736277802e-01
  8.304136573610e-01
  2.132126823136e+00
  3.357965267834e-04
  3.134128347767e-04
  2.936589218850e-04
  2.806454187087e-04
  2.827642674567e-04
  2.862949183756e-04
  2.882705891199e-04
  2.899941128961e-04
  2.917328934509e-04
  2.937141419419e-04
  2.936822833431e-04
  2.845495757661e-04
  2.706460875081e-04
  2.547483661466e-04
  2.511152480435e-04
  2.395001420533e-04
  2.298882311523e-04
  2.371878531226e-04
  2.555436275465e-04
  2.734237952430e-04
  2.923042052171e-04
  3.107428390385e-04
  3.262266866188e-04
  3.403988671198e-04
  3.485277247396e-04
  3.528387288236e-04
  3.572824541175e-04
  3.620528075281e-04
  3.666192086194e-04
  3.713831694950e-04
  3.769970331659e-04
  3.810794280090e-04
  3.836985410681e-04
  3.854016951318e-04
  3.875569651033e-04
  3.895028920033e-04
  3.910271262478e-04
  3.902141273766e-04
  3.876759879525e-04
  3.853657751709e-04
  3.831423904917e-04
  3.804891073425e-04
  3.771860695689e-04
  3.738500793308e-04
  3.711110301325e-04
  3.686267691291e-04
  3.661769060541e-04
  3.640268833281e-04
  3.630613060824e-04
  3.642947610006e-04
  3.519252050802e-04
  3.397203330463e-04
  3.393456087116e-04
  3.442365070746e-04
  3.589795200524e-04
  3.714053911652e-04
  3.756640373406e-04
  3.882558099661e-04
  4.055625340294e-04
  4.208903117894e-04
  4.379653825474e-04
  4.508040288009e-04
  4.620366266465e-04
  4.766149557371e-04
  4.790830831985e-04
  4.865093828480e-04
  5.012676161478e-04
  5.142395924244e-04
  5.288051364437e-04
  5.405783601374e-04
  5.495300404858e-04
  5.554145687913e-04
  5.585535658905e-04
  5.650387055326e-04
  5.737424095977e-04
  5.840184551855e-04
  5.919712496436e-04
  6.002693736826e-04
  6.113274530512e-04
  6.208031875217e-04
  6.256466750605e-04
  6.301082928968e-04
  6.477016155585e-04
  6.433558036944e-04
  6.896960866691e-04
  6.496411803707e-04
  7.014395556595e-04
  7.434801430436e-04
  7.179785585904e-04
  6.913830825273e-04
  7.174643497975e-04
  7.722680495724e-04
  8.022470948996e-04
  7.802957395696e-04
  8.291731185725e-04
  7.789117625845e-04
  8.052529198512e-04
  8.666771897616e-04
  8.555282475307e-04
  8.308961776440e-04
  1.111389654265e-03
  2.278528276457e-03
  4.060552444504e-03
  5.298565093602e-03
  3.688179329639e-03
  2.633342443162e-02
  9.285079384447e-02
  2.728797828206e-01
  7.212188512604e-01
  1.861856031425e+00
  4.780404501093e+00
  1.376718385768e-04
  1.284948406423e-04
  1.203960150441e-04
  1.150606623358e-04
  1.159293604299e-04
  1.173768774963e-04
  1.181868746288e-04
  1.188934950616e-04
  1.196063705585e-04
  1.204186544884e-04
  1.204055929124e-04
  1.166613116497e-04
  1.109610776138e-04
  1.044432361400e-04
  1.029537089736e-04
  9.819167938311e-05
  9.425093151815e-05
  9.724367354319e-05
  1.047692820944e-04
  1.120998985973e-04
  1.198406003226e-04
  1.274001800578e-04
  1.337483391202e-04
  1.395587331850e-04
  1.428914501276e-04
  1.446589009825e-04
  1.464807656611e-04
  1.484365432595e-04
  1.503087032843e-04
  1.522618600335e-04
  1.545634649384e-04
  1.562371892298e-04
  1.573109886337e-04
  1.580092577718e-04
  1.588928880536e-04
  1.596906906296e-04
  1.603156051660e-04
  1.599822870985e-04
  1.589416857427e-04
  1.579945310946e-04
  1.570829747435e-04
  1.559951660848e-04
  1.546409671967e-04
  1.532732582631e-04
  1.521502867343e-04
  1.511317747707e-04
  1.501273654725e-04
  1.492458864873e-04
  1.488500134389e-04
  1.493557125538e-04
  1.442843691357e-04
  1.392805437876e-04
  1.391269120970e-04
  1.411321114252e-04
  1.471765387523e-04
  1.522709706048e-04
  1.540169554559e-04
  1.591794045881e-04
  1.662749172915e-04
  1.725590899294e-04
  1.795596280457e-04
  1.848232918825e-04
  1.894284985302e-04
  1.954054077868e-04
  1.964173052258e-04
  1.994619833121e-04
  2.055126507564e-04
  2.108309780217e-04
  2.168026455795e-04
  2.216295011977e-04
  2.252995638506e-04
  2.277121374371e-04
  2.289990819630e-04
  2.316578977241e-04
  2.352262935993e-04
  2.394393273162e-04
  2.426998608464e-04
  2.461019746327e-04
  2.506356311669e-04
  2.545205486165e-04
  2.565063101757e-04
  2.583355105442e-04
  2.655485246296e-04
  2.637668030759e-04
  2.827656653286e-04
  2.663437188393e-04
  2.875803219382e-04
  3.048163696587e-04
  2.943610798083e-04
  2.834573098303e-04
  2.941502614576e-04
  3.166190051969e-04
  3.289099908378e-04
  3.199102448414e-04
  3.399492806724e-04
  3.193428338026e-04
  3.301423366619e-04
  3.553254207539e-04
  3.507545117281e-04
  3.406557105828e-04
  4.556540788064e-04
  9.341644479586e-04
  1.664769216129e-03
  2.172336936425e-03
  1.512101492460e-03
  1.079633250603e-02
  3.806751554082e-02
  1.118768611790e-01
  2.956895540891e-01
  7.633347058911e-01
  1.959898403686e+00
  5.767025230387e-05
  5.382603992359e-05
  5.043347016903e-05
  4.819850955546e-05
  4.856240415276e-05
  4.916876399584e-05
  4.950806896539e-05
  4.980406979654e-05
  5.010269085215e-05
  5.044295375315e-05
  5.043748230458e-05
  4.886901596209e-05
  4.648120783487e-05
  4.375090680777e-05
  4.312694908056e-05
  4.113215151847e-05
  3.948138600253e-05
  4.073503518343e-05
  4.388748631925e-05
  4.695825596707e-05
  5.020080888218e-05
  5.336749042832e-05
  5.602671208597e-05
  5.846066586453e-05
  5.985672935085e-05
  6.059710834043e-05
  6.136028109068e-05
  6.217954949529e-05
  6.296379079039e-05
  6.378196133043e-05
  6.474609558578e-05
  6.544721284527e-05
  6.589702366486e-05
  6.618952616782e-05
  6.655967580644e-05
  6.689387251885e-05
  6.715564703538e-05
  6.701602126117e-05
  6.658011698792e-05
  6.618335721417e-05
  6.580150944271e-05
  6.534583019518e-05
  6.477856101108e-05
  6.420563251608e-05
  6.373522366507e-05
  6.330857256112e-05
  6.288782901443e-05
  6.251858054645e-05
  6.235275070922e-05
  6.256458630210e-05
  6.044021825800e-05
  5.834413329764e-05
  5.827977751906e-05
  5.911974851367e-05
  6.165173800830e-05
  6.378577771692e-05
  6.451716467246e-05
  6.667969658196e-05
  6.965198206937e-05
  7.228440003732e-05
  7.521690100197e-05
  7.742183139768e-05
  7.935093637678e-05
  8.185464278757e-05
  8.227852309027e-05
  8.355392810583e-05
  8.608853156380e-05
  8.831636027875e-05
  9.081787096018e-05
  9.283982391887e-05
  9.437720034495e-05
  9.538781899344e-05
  9.592691556014e-05
  9.704068419547e-05
  9.853547276347e-05
  1.003002978717e-04
  1.016661239787e-04
  1.030912575606e-04
  1.049903904470e-04
  1.066177687970e-04
  1.074495973780e-04
  1.082158430232e-04
  1.112373494291e-04
  1.104909924937e-04
  1.184495495299e-04
  1.115704535060e-04
  1.204663923665e-04
  1.276865125526e-04
  1.233068281537e-04
  1.187392769959e-04
  1.232185170830e-04
  1.326305953539e-04
  1.377792463076e-04
  1.340092841450e-04
  1.424035662600e-04
  1.337715976428e-04
  1.382954716688e-04
  1.488445776326e-04
  1.469298398075e-04
  1.426994872820e-04
  1.908719020514e-04
  3.913182242935e-04
  6.973660097405e-04
  9.099843548819e-04
  6.334140335507e-04
  4.522545976112e-03
  1.594634929348e-02
  4.686482637161e-02
  1.238633213897e-01
  3.197582420351e-01
  8.209945955469e-01
