666
  0.000000000000e+00
  0.000000000000e+00
  0.000000000000e+00
  0.000000000000e+00
  0.000000000000e+00
  0.000000000000e+00
  0.000000000000e+00
  0.000000000000e+00
  0.000000000000e+00
  0.000000000000e+00
  0.000000000000e+00
  0.000000000000e+00
  0.000000000000e+00
  0.000000000000e+00
  0.000000000000e+00
  0.000000000000e+00
  0.000000000000e+00
  0.000000000000e+00
  0.000000000000e+00
  0.000000000000e+00
  0.000000000000e+00
  0.000000000000e+00
  0.000000000000e+00
  0.000000000000e+00
  0.000000000000e+00
  0.000000000000e+00
  0.000000000000e+00
  0.000000000000e+00
  0.000000000000e+00
  0.000000000000e+00
  0.000000000000e+00
  0.000000000000e+00
  0.000000000000e+00
  0.000000000000e+00
  0.000000000000e+00
  0.000000000000e+00
  0.000000000000e+00
  0.000000000000e+00
  3.059551570162e-08
  5.276407742939e-05
  8.316175008586e-04
  8.142092553229e-04
  1.867972845577e-03
  4.397031685103e-03
  5.633239355920e-03
  4.653773456049e-03
  1.110129719395e-02
  1.729383592487e-02
  9.910214076758e-03
  1.123065215290e-02
  6.190573440496e-02
  5.407093843372e-02
  5.697959683297e-02
  8.224046306703e-02
  8.324761728103e-02
  7.894711620558e-02
  5.697139860110e-02
  1.014025589184e-01
  5.165143168121e-02
  5.559118198892e-02
  5.099514465226e-02
  2.326213159009e-02
  1.016453065646e-02
  1.003132795593e-02
  5.710894036581e-03
  1.549333281370e-02
  1.086122896985e-02
  1.235404129832e-02
  1.065168273445e-02
  8.522653334216e-03
  1.431014228002e-02
  8.741080511390e-03
  6.994320095161e-03
  3.394884962556e-03
  3.736405591966e-03
  1.558981200588e-03
  1.292699487136e-03
  1.511515437605e-03
  2.208502831499e-03
  3.562888728913e-03
  3.742335741573e-03
  4.425379856921e-03
  1.923467448395e-03
  3.995278331895e-03
  4.095399595724e-03
  2.241996750668e-03
  1.768797949072e-03
  1.768988479409e-03
  1.890885618228e-03
  2.388345473118e-03
  2.381947710077e-03
  5.571372698801e-04
  8.661589084005e-04
  1.422533485629e-03
  1.215516419047e-03
  2.513568180421e-03
  1.359974977723e-03
  6.403084750697e-04
  1.150500441148e-03
  1.134124544392e-03
  2.224009201500e-03
  1.319606541191e-04
  7.800906137452e-06
  4.400128160138e-07
  6.687803344979e-08
  1.016486487010e-08
  1.544969651053e-09
  2.348216413531e-10
  3.569087392038e-11
  5.424687191843e-12
  9.722817350055e-13
  0.000000000000e+00
  0.000000000000e+00
  0.000000000000e+00
  0.000000000000e+00
  0.000000000000e+00
  0.000000000000e+00
  0.000000000000e+00
  0.000000000000e+00
  0.000000000000e+00
  0.000000000000e+00
  0.000000000000e+00
  0.000000000000e+00
  0.000000000000e+00
  0.000000000000e+00
  0.000000000000e+00
  0.000000000000e+00
  0.000000000000e+00
  0.000000000000e+00
  0.000000000000e+00
  0.000000000000e+00
  0.000000000000e+00
  0.000000000000e+00
  0.000000000000e+00
  0.000000000000e+00
  0.000000000000e+00
  0.000000000000e+00
  0.000000000000e+00
  0.000000000000e+00
  0.000000000000e+00
  0.000000000000e+00
  0.000000000000e+00
  0.000000000000e+00
  0.000000000000e+00
  0.000000000000e+00
  0.000000000000e+00
  4.188193221807e-09
  1.743934306964e-07
  8.890342847760e-07
  6.414026060623e-05
  4.052010353169e-04
  1.148107139637e-03
  1.214710457352e-03
  2.412206576636e-03
  5.185088566588e-03
  6.907943527541e-03
  6.028233629768e-03
  1.377704328253e-02
  2.146114836360e-02
  1.255824866730e-02
  1.430926218125e-02
  7.619721486562e-02
  6.967606543909e-02
  7.107823763621e-02
  1.142649420803e-01
  9.984919295344e-02
  1.043998745562e-01
  5.603049551523e-02
  6.049008600870e-02
  3.741754920330e-02
  2.998617491079e-02
  3.197888423931e-02
  1.778824526146e-02
  1.141787209696e-02
  1.835940754634e-02
  9.894597424447e-03
  1.537880794309e-02
  7.881854692786e-03
  8.222721386986e-03
  6.991984207122e-03
  4.842963420489e-03
  6.370201607732e-03
  4.571687345390e-03
  4.785901979484e-03
  2.322968833826e-03
  3.468153974330e-03
  2.032767280257e-03
  1.685560733395e-03
  1.970876239551e-03
  2.879683825272e-03
  1.762756851373e-03
  1.705677147874e-03
  2.016994019034e-03
  8.766755566290e-04
  1.820962742038e-03
  1.866595735301e-03
  1.028439100184e-03
  8.986558523725e-04
  8.987526989346e-04
  9.606835850835e-04
  1.213423228189e-03
  1.210173057564e-03
  2.830592579627e-04
  4.400609276890e-04
  7.227326887214e-04
  6.175556620097e-04
  1.277044225200e-03
  6.909493072535e-04
  3.253152946151e-04
  5.845232365947e-04
  5.762038402023e-04
  9.891481732190e-03
  5.869067688412e-04
  3.469522001197e-05
  1.956995083447e-06
  2.974457870983e-07
  4.520911522973e-08
  6.871385333855e-09
  1.044387792037e-09
  1.587381562559e-10
  2.412674760588e-11
  4.324309681373e-12
  0.000000000000e+00
  0.000000000000e+00
  0.000000000000e+00
  0.000000000000e+00
  0.000000000000e+00
  0.000000000000e+00
  0.000000000000e+00
  0.000000000000e+00
  0.000000000000e+00
  0.000000000000e+00
  0.000000000000e+00
  0.000000000000e+00
  0.000000000000e+00
  0.000000000000e+00
  0.000000000000e+00
  0.000000000000e+00
  0.000000000000e+00
  0.000000000000e+00
  0.000000000000e+00
  0.000000000000e+00
  0.000000000000e+00
  0.000000000000e+00
  0.000000000000e+00
  0.000000000000e+00
  0.000000000000e+00
  0.000000000000e+00
  0.000000000000e+00
  0.000000000000e+00
  0.000000000000e+00
  5.168416931905e-06
  1.875682214795e-05
  4.355255703908e-05
  7.167906903718e-05
  1.172166682061e-04
  1.247914670098e-04
  2.948774750863e-04
  4.927263065053e-04
  7.872758009711e-04
  8.320534450435e-04
  2.222913292109e-03
  2.148708980977e-03
  2.697505539669e-03
  2.256315376447e-03
  3.357432923264e-03
  3.895515912092e-03
  4.590286454296e-03
  6.187570626079e-03
  6.917927471387e-03
  6.989847859499e-03
  8.667800887979e-03
  4.702164481425e-02
  9.628115160255e-02
  1.111123332416e-01
  8.499810814031e-02
  8.367824409831e-02
  8.989781863047e-02
  7.576624782736e-02
  6.305175271361e-02
  5.120161812147e-02
  4.469872699634e-02
  3.896721637950e-02
  2.183542285096e-02
  1.386627053691e-02
  1.829460018396e-02
  8.286171263466e-03
  1.186551919035e-02
  6.124043944906e-03
  6.512583306070e-03
  7.325115006046e-03
  5.164762655072e-03
  7.040036198362e-03
  4.910919682911e-03
  4.941469182176e-03
  2.398477411282e-03
  3.591708935639e-03
  2.110311829465e-03
  1.749860084046e-03
  2.046059973749e-03
  2.989535240993e-03
  1.812909691959e-03
  1.751926628607e-03
  2.071685126298e-03
  9.004465053430e-04
  1.870338762408e-03
  1.917208456780e-03
  1.055254749472e-03
  9.079904074216e-04
  9.080883726476e-04
  9.706626463277e-04
  1.226027847385e-03
  1.222743403772e-03
  2.859995069064e-04
  4.446319888404e-04
  7.302397507779e-04
  6.239700879185e-04
  1.290309266572e-03
  6.981262859516e-04
  3.286944914285e-04
  5.905952483479e-04
  5.821887885397e-04
  6.925480648280e-03
  4.109204735107e-04
  2.429170670169e-05
  1.370182228267e-06
  2.082554628978e-07
  3.165298188998e-08
  4.810973704374e-09
  7.312263591487e-10
  1.111395200410e-10
  1.689221927851e-11
  3.027647191966e-12
  0.000000000000e+00
  0.000000000000e+00
  0.000000000000e+00
  0.000000000000e+00
  0.000000000000e+00
  0.000000000000e+00
  0.000000000000e+00
  0.000000000000e+00
  0.000000000000e+00
  0.000000000000e+00
  0.000000000000e+00
  0.000000000000e+00
  0.000000000000e+00
  0.000000000000e+00
  0.000000000000e+00
  0.000000000000e+00
  0.000000000000e+00
  0.000000000000e+00
  0.000000000000e+00
  0.000000000000e+00
  0.000000000000e+00
  0.000000000000e+00
  0.000000000000e+00
  0.000000000000e+00
  0.000000000000e+00
  0.000000000000e+00
  0.000000000000e+00
  0.000000000000e+00
  0.000000000000e+00
  2.274973398570e-04
  4.469519084494e-04
  3.646947419835e-04
  7.124887537758e-04
  1.294282474504e-03
  1.619571825696e-03
  1.920372453453e-03
  2.496018526787e-03
  4.302194900781e-03
  3.572947098653e-03
  4.534860783789e-03
  5.878493266351e-03
  6.909321721981e-03
  1.004861121907e-02
  1.308512191774e-02
  1.054243189358e-02
  1.178957852658e-02
  1.446324927436e-02
  1.643879310137e-02
  1.549425612501e-02
  2.019564994939e-02
  7.137894861351e-02
  7.541463170142e-02
  8.941695996191e-02
  9.826954118378e-02
  7.936142753329e-02
  7.559271646569e-02
  6.794820561190e-02
  5.385916186079e-02
  4.505216185834e-02
  4.254788364229e-02
  3.304811632587e-02
  1.576891205820e-02
  9.444035679103e-03
  1.255302646317e-02
  6.164959466719e-03
  9.747578677787e-03
  5.405325046785e-03
  5.854166908235e-03
  6.150796453672e-03
  4.048607677580e-03
  4.752091619720e-03
  3.502646534987e-03
  3.796843186069e-03
  1.842901702842e-03
  2.741067867917e-03
  1.601701040285e-03
  1.328122457868e-03
  1.552934306368e-03
  2.269020951520e-03
  1.490790531651e-03
  1.456096837643e-03
  1.721860942708e-03
  7.483976022441e-04
  1.554513748623e-03
  1.593469273720e-03
  8.778402505676e-04
  7.655597199160e-04
  7.656424538367e-04
  8.184010994263e-04
  1.033708371701e-03
  1.030939370793e-03
  2.411365696230e-04
  3.748854926637e-04
  6.156918763802e-04
  5.260920744536e-04
  1.087906587510e-03
  5.886156495754e-04
  2.771343312018e-04
  4.979521996810e-04
  4.908644881134e-04
  4.412311163777e-03
  2.618027015250e-04
  1.547657692033e-05
  8.729615346823e-07
  1.326823793857e-07
  2.016654053649e-08
  3.065136635236e-09
  4.658721219358e-10
  7.080860164779e-11
  1.076228694606e-11
  1.928954287919e-12
  0.000000000000e+00
  0.000000000000e+00
  0.000000000000e+00
  0.000000000000e+00
  0.000000000000e+00
  0.000000000000e+00
  0.000000000000e+00
  0.000000000000e+00
  0.000000000000e+00
  0.000000000000e+00
  0.000000000000e+00
  0.000000000000e+00
  0.000000000000e+00
  0.000000000000e+00
  0.000000000000e+00
  0.000000000000e+00
  0.000000000000e+00
  0.000000000000e+00
  0.000000000000e+00
  0.000000000000e+00
  0.000000000000e+00
  0.000000000000e+00
  0.000000000000e+00
  0.000000000000e+00
  0.000000000000e+00
  0.000000000000e+00
  0.000000000000e+00
  0.000000000000e+00
  0.000000000000e+00
  6.205934222651e-04
  1.055055855469e-03
  1.312366572177e-03
  1.565089560344e-03
  1.940512688381e-03
  2.436655192667e-03
  2.877137041023e-03
  3.384438288474e-03
  4.085016282674e-03
  4.098799017378e-03
  4.624558383643e-03
  6.115747992859e-03
  6.526833694699e-03
  7.536859181524e-03
  9.016989684841e-03
  9.010273628627e-03
  9.951568320455e-03
  1.122578390964e-02
  1.157313959825e-02
  1.176499178434e-02
  1.480878413427e-02
  5.387057154902e-02
  6.639884154551e-02
  8.039964312726e-02
  9.136302157671e-02
  8.154212942232e-02
  7.818952460968e-02
  6.978341856942e-02
  6.328738414097e-02
  5.526329872922e-02
  4.796862747154e-02
  3.673360504325e-02
  1.874407146154e-02
  1.202370183708e-02
  1.630884209076e-02
  7.700257991434e-03
  1.254473536999e-02
  7.239473473612e-03
  7.909111574290e-03
  7.561982907304e-03
  5.057653200780e-03
  6.164893758953e-03
  4.282813282094e-03
  4.283870824466e-03
  2.079294156843e-03
  2.864119873665e-03
  1.564931275827e-03
  1.297632869136e-03
  1.517284483030e-03
  2.216931688594e-03
  1.549452185139e-03
  1.524933219726e-03
  1.803261093382e-03
  7.837776336835e-04
  1.628002295753e-03
  1.668799341827e-03
  9.535191753673e-04
  1.281779192778e-03
  1.281917297596e-03
  1.370251409351e-03
  1.730740929201e-03
  1.726104643259e-03
  4.037356877565e-04
  6.276716410219e-04
  1.030854720322e-03
  8.808375735916e-04
  1.821485253806e-03
  9.855210255717e-04
  4.640066482649e-04
  8.337230203673e-04
  8.218560958762e-04
  2.948904250169e-03
  1.749719936507e-04
  1.034353375709e-05
  5.834305508721e-07
  8.867622072186e-08
  1.347800232514e-08
  2.048535880616e-09
  3.113595191457e-10
  4.732385454424e-11
  7.192801612544e-12
  1.289186403697e-12
  0.000000000000e+00
  0.000000000000e+00
  0.000000000000e+00
  0.000000000000e+00
  0.000000000000e+00
  0.000000000000e+00
  0.000000000000e+00
  0.000000000000e+00
  0.000000000000e+00
  0.000000000000e+00
  0.000000000000e+00
  0.000000000000e+00
  0.000000000000e+00
  0.000000000000e+00
  0.000000000000e+00
  0.000000000000e+00
  0.000000000000e+00
  0.000000000000e+00
  0.000000000000e+00
  0.000000000000e+00
  0.000000000000e+00
  0.000000000000e+00
  0.000000000000e+00
  0.000000000000e+00
  0.000000000000e+00
  0.000000000000e+00
  0.000000000000e+00
  0.000000000000e+00
  0.000000000000e+00
  1.246830786659e-03
  2.074978997700e-03
  2.649554543778e-03
  3.012303803571e-03
  3.190414680696e-03
  3.533212595712e-03
  3.997199913670e-03
  4.333959584975e-03
  5.116877873100e-03
  5.603818345348e-03
  5.478516132180e-03
  7.012469396650e-03
  7.206653654004e-03
  8.132669737174e-03
  8.606930048172e-03
  9.112873449954e-03
  1.022375673979e-02
  1.054999050732e-02
  1.126547948254e-02
  1.160583108840e-02
  1.417559982355e-02
  5.254620885577e-02
  7.206877961736e-02
  8.092059499741e-02
  8.363896384143e-02
  7.596262635633e-02
  7.301568943886e-02
  6.777000473246e-02
  6.108521280210e-02
  5.211629072091e-02
  4.363292713547e-02
  3.464250764212e-02
  1.685416684122e-02
  1.062048937368e-02
  1.648962914126e-02
  8.465554454774e-03
  1.391797862984e-02
  7.925145944162e-03
  8.561693651945e-03
  6.917936483706e-03
  4.642214109269e-03
  5.701447909330e-03
  4.417820568308e-03
  5.084735628905e-03
  2.468015822991e-03
  3.089985033617e-03
  1.529394849622e-03
  1.268166667147e-03
  1.482829919345e-03
  2.166589888443e-03
  1.857688033111e-03
  1.868397598247e-03
  2.209413094775e-03
  9.603095740026e-04
  1.994681345920e-03
  2.044667345464e-03
  1.225873519557e-03
  2.379311900236e-03
  2.379567821810e-03
  2.543538279295e-03
  3.212700933474e-03
  3.204094441503e-03
  7.494372730165e-04
  1.165120146710e-03
  1.913531625844e-03
  1.635060351007e-03
  3.381145502230e-03
  1.829380096253e-03
  8.613157974931e-04
  1.547604422278e-03
  1.525575596494e-03
  2.236965310281e-03
  1.327294938003e-04
  7.846353713403e-06
  4.425764675030e-07
  6.726769090076e-08
  1.022409696494e-08
  1.553970847771e-09
  2.361900200721e-10
  3.589872126637e-11
  5.456293107084e-12
  9.779470866715e-13
