111
  6.845817115460e-02
  5.993378971308e-02
  5.035151046929e-02
  4.290697702754e-02
  4.152324032679e-02
  4.309776601870e-02
  4.561143698793e-02
  4.862916891189e-02
  5.201549883602e-02
  5.549757901092e-02
  5.828297389271e-02
  5.814166830232e-02
  5.630443802155e-02
  5.235458506555e-02
  4.887616340191e-02
  4.622867918858e-02
  4.534928710058e-02
  4.751303923601e-02
  4.980981146576e-02
  5.069847726779e-02
  5.176500250476e-02
  5.279862573311e-02
  5.339826187227e-02
  5.387980996075e-02
  5.454864567925e-02
  5.532440745572e-02
  5.614183771376e-02
  5.704229493117e-02
  5.791481842026e-02
  5.881773972046e-02
  5.985542514687e-02
  6.067822070132e-02
  6.128936845797e-02
  6.174337195261e-02
  6.226945496294e-02
  6.277514856064e-02
  6.323598808563e-02
  6.333844461638e-02
  6.317334531746e-02
  6.304339750731e-02
  6.289190659251e-02
  6.267406757924e-02
  6.235380607631e-02
  6.199723786197e-02
  6.173670159162e-02
  6.151802025774e-02
  6.128646456749e-02
  6.109428297556e-02
  6.108661319648e-02
  6.142520485600e-02
  5.979472360432e-02
  5.843911433742e-02
  5.911914544657e-02
  6.071979692202e-02
  6.408047059435e-02
  6.711087759383e-02
  6.874721274255e-02
  7.204878127690e-02
  7.623140024187e-02
  8.008633907712e-02
  8.419687598358e-02
  8.752149435580e-02
  9.021720398604e-02
  9.373994221206e-02
  9.465886022366e-02
  9.639150998591e-02
  9.995875388149e-02
  1.035530384244e-01
  1.062371793360e-01
  1.088215931034e-01
  1.115659526491e-01
  1.116399582678e-01
  1.139549909789e-01
  1.166789769094e-01
  1.187393309471e-01
  1.204655958861e-01
  1.226698915887e-01
  1.252935230727e-01
  1.290231641436e-01
  1.312440613481e-01
  1.321002540627e-01
  1.331449200351e-01
  1.373460447048e-01
  1.365090538320e-01
  1.468409458968e-01
  1.386784476761e-01
  1.499685351390e-01
  1.591336883107e-01
  1.538570144709e-01
  1.483995004167e-01
  1.542806389590e-01
  1.662460779332e-01
  1.727929851509e-01
  1.682641606468e-01
  1.790075713383e-01
  1.685054234932e-01
  1.745805700654e-01
  1.881093720530e-01
  1.859338992985e-01
  1.808955161906e-01
  2.489693574476e-01
  5.420626341655e-01
  9.814549385793e-01
  1.386303366173e+00
  9.015254425245e-01
  4.975984034556e+00
  1.764466665829e+01
  5.262854798801e+01
  1.399651619957e+02
  3.613592614833e+02
  9.277913827788e+02
