111
  2.742343296880e-01
  2.721413195520e-01
  2.705647756430e-01
  2.696146455580e-01
  2.699514631620e-01
  2.715516177630e-01
  2.741177842930e-01
  2.773574917770e-01
  2.812651320870e-01
  2.860092318430e-01
  2.916626495880e-01
  2.983359927000e-01
  3.056916424120e-01
  3.134971205880e-01
  3.215293273910e-01
  3.295432488670e-01
  3.373434016780e-01
  3.450183848290e-01
  3.523586239690e-01
  3.589552912390e-01
  3.643039849560e-01
  3.681424897650e-01
  3.706808984150e-01
  3.725436453890e-01
  3.738426104970e-01
  3.744752451020e-01
  3.739682514280e-01
  3.723099890740e-01
  3.701814450820e-01
  3.675427498980e-01
  3.642310321580e-01
  3.605790565330e-01
  3.566789565640e-01
  3.523147486100e-01
  3.477482238840e-01
  3.431850451840e-01
  3.387458108380e-01
  3.345620055410e-01
  3.306287752000e-01
  3.269484761690e-01
  3.235387339970e-01
  3.203830070600e-01
  3.175471319600e-01
  3.154028475060e-01
  3.142097299340e-01
  3.136072566930e-01
  3.139082576780e-01
  3.150301190280e-01
  3.166610947730e-01
  3.191338553290e-01
  3.261653646360e-01
  3.412186656490e-01
  3.602322008500e-01
  3.804765082000e-01
  4.019973481450e-01
  4.247645593190e-01
  4.486663561690e-01
  4.721068726610e-01
  4.935007049880e-01
  5.128765535710e-01
  5.305473425600e-01
  5.438494465170e-01
  5.518742543600e-01
  5.603373445210e-01
  5.684842116330e-01
  5.761466118400e-01
  5.841973396050e-01
  5.908050346240e-01
  5.984650784740e-01
  6.056005973580e-01
  6.126795636850e-01
  6.198023582440e-01
  6.260500019820e-01
  6.320078138660e-01
  6.368755752130e-01
  6.416528524690e-01
  6.449489240010e-01
  6.484137106620e-01
  6.534171981460e-01
  6.580064381490e-01
  6.616239167140e-01
  6.654016275240e-01
  6.717015823780e-01
  6.821416556780e-01
  6.887309711160e-01
  6.917565329170e-01
  6.865310766470e-01
  6.940040257880e-01
  7.007078601530e-01
  7.009401969080e-01
  7.027885229810e-01
  7.097925571700e-01
  7.169450418210e-01
  7.197792674710e-01
  7.301462937180e-01
  7.269454189900e-01
  7.343995172790e-01
  7.497177198940e-01
  7.480074763150e-01
  7.394897186830e-01
  8.099259284710e-01
  1.089542506390e+00
  1.509513576720e+00
  1.888521744910e+00
  1.460005111940e+00
  5.628831521300e+00
  1.834513581670e+01
  5.334640406890e+01
  1.407079458890e+02
  3.622460845330e+02
  9.293545609620e+02
