599
  5.133975704207e+03
  4.980038795677e+03
  4.830698579443e+03
  4.685741664100e+03
  4.545322968396e+03
  4.408971687480e+03
  4.276576721329e+03
  4.148133757003e+03
  4.023637680408e+03
  3.902874079614e+03
  3.785711505770e+03
  3.672084835278e+03
  3.561839250654e+03
  3.454878415042e+03
  3.351118793037e+03
  3.250459378323e+03
  3.152829198307e+03
  3.058114219554e+03
  2.966245465451e+03
  2.877127932344e+03
  2.790678430297e+03
  2.706824085856e+03
  2.625485009065e+03
  2.546586537333e+03
  2.470055956216e+03
  2.395821915384e+03
  2.323815531472e+03
  2.253971310706e+03
  2.186223074814e+03
  2.120509636597e+03
  2.056769501270e+03
  1.994942587281e+03
  1.934973640218e+03
  1.876805348873e+03
  1.820384132654e+03
  1.765657962623e+03
  1.712575389709e+03
  1.661087902945e+03
  1.611147594653e+03
  1.562707791302e+03
  1.515723559114e+03
  1.470150852776e+03
  1.425948079610e+03
  1.383073640511e+03
  1.341487772300e+03
  1.301151688394e+03
  1.262028207963e+03
  1.224080511923e+03
  1.187273494711e+03
  1.151572748091e+03
  1.116945408137e+03
  1.083358828378e+03
  1.050781974423e+03
  1.019184517853e+03
  9.885369051013e+02
  9.588104613892e+02
  9.299782199101e+02
  9.020133495849e+02
  8.748883261559e+02
  8.485787578674e+02
  8.230608337107e+02
  7.983100863345e+02
  7.743030244101e+02
  7.510180049056e+02
  7.284334416255e+02
  7.065279966807e+02
  6.852807183935e+02
  6.646722069311e+02
  6.446838083793e+02
  6.252962340909e+02
  6.064921129000e+02
  5.882532877476e+02
  5.705629199979e+02
  5.534040615164e+02
  5.367614605306e+02
  5.206193913022e+02
  5.049627741443e+02
  4.897768870369e+02
  4.750472318926e+02
  4.607613467944e+02
  4.469048043607e+02
  4.334646945852e+02
  4.204291365979e+02
  4.077852247147e+02
  3.955217354536e+02
  3.836269550109e+02
  3.720899714410e+02
  3.608993365398e+02
  3.500459481438e+02
  3.395190305509e+02
  3.293080209218e+02
  3.194048457380e+02
  3.097990517538e+02
  3.004821451437e+02
  2.914454406947e+02
  2.826803284034e+02
  2.741792560454e+02
  2.659337991561e+02
  2.579360958296e+02
  2.501788758854e+02
  2.453388127819e+02
  2.426128663383e+02
  2.391878105147e+02
  2.360337947087e+02
  2.335267721382e+02
  2.308352757554e+02
  2.275765196633e+02
  2.246681418058e+02
  2.222835522677e+02
  2.194475522954e+02
  2.168383930526e+02
  2.143467101355e+02
  2.109820298975e+02
  2.083538824577e+02
  2.065761091250e+02
  2.041249657517e+02
  2.005181392826e+02
  1.970470084766e+02
  1.950951009675e+02
  1.937277953152e+02
  1.921794096077e+02
  1.904608704452e+02
  1.877599016242e+02
  1.848721517805e+02
  1.823388143134e+02
  1.794863983236e+02
  1.772783716118e+02
  1.757468912395e+02
  1.734281078426e+02
  1.711626526599e+02
  1.696309392022e+02
  1.677191065453e+02
  1.653812354075e+02
  1.627167780168e+02
  1.605451916408e+02
  1.592348387729e+02
  1.579194073568e+02
  1.553249076011e+02
  1.529469176779e+02
  1.517627300002e+02
  1.504443418308e+02
  1.488264365231e+02
  1.471066946369e+02
  1.451233228136e+02
  1.429998462627e+02
  1.413545322498e+02
  1.396953191353e+02
  1.379077238198e+02
  1.365911529298e+02
  1.356286387136e+02
  1.344105670946e+02
  1.321103325127e+02
  1.301136791069e+02
  1.294113735294e+02
  1.285752679308e+02
  1.261740743279e+02
  1.235753339579e+02
  1.222778825122e+02
  1.208928631659e+02
  1.192271942678e+02
  1.177451879922e+02
  1.168570791271e+02
  1.158256776964e+02
  1.138938421089e+02
  1.117653529789e+02
  1.096093413875e+02
  1.080710991874e+02
  1.075420137958e+02
  1.069157042254e+02
  1.061951612849e+02
  1.046494011535e+02
  1.028076339758e+02
  1.016338357340e+02
  1.007384139066e+02
  9.947299208792e+01
  9.792994893824e+01
  9.687492167163e+01
  9.579278494584e+01
  9.448750639179e+01
  9.325017904034e+01
  9.227715006307e+01
  9.156847379571e+01
  9.086952311269e+01
  8.937286723546e+01
  8.728715796784e+01
  8.616077674242e+01
  8.567262589627e+01
  8.469309788581e+01
  8.353654707496e+01
  8.261732746414e+01
  8.161906629571e+01
  8.053444195305e+01
  7.955931888199e+01
  7.886199853034e+01
  7.759415171452e+01
  7.637889976874e+01
  7.568006102840e+01
  7.477183374931e+01
  7.395235397738e+01
  7.304383141192e+01
  7.198916131187e+01
  7.089227139546e+01
  7.000389117798e+01
  6.937059647986e+01
  6.881034083319e+01
  6.797241581423e+01
  6.676672063381e+01
  6.595666168643e+01
  6.449332659238e+01
  6.422505537191e+01
  6.407628772478e+01
  6.332880530723e+01
  6.133659507189e+01
  6.092657483126e+01
  6.095869196540e+01
  6.077583123289e+01
  5.833693034860e+01
  5.814262081921e+01
  5.810266872319e+01
  5.794942928374e+01
  5.549737614908e+01
  5.545027525549e+01
  5.529582337659e+01
  5.528643074789e+01
  5.304649621194e+01
  5.262406324928e+01
  5.234344437508e+01
  5.222782746645e+01
  5.038222108366e+01
  5.031363912645e+01
  5.022290378174e+01
  5.021026961082e+01
  4.803285169541e+01
  4.793939729854e+01
  4.795831585529e+01
  4.729360016599e+01
  4.562029013086e+01
  4.567835105458e+01
  4.550819847167e+01
  4.543413735967e+01
  4.345047659285e+01
  4.343552251966e+01
  4.331408625061e+01
  4.336560975529e+01
  4.140754509328e+01
  4.137561982553e+01
  4.137239308962e+01
  4.125357059712e+01
  3.962841619578e+01
  3.928328678316e+01
  3.916182314059e+01
  3.878168302154e+01
  3.766546574755e+01
  3.751029586427e+01
  3.744113506374e+01
  3.742856348591e+01
  3.566760967114e+01
  3.568687246938e+01
  3.565840265777e+01
  3.570128699567e+01
  3.426461410569e+01
  3.387886185870e+01
  3.381088827632e+01
  3.359881672203e+01
  3.248375744447e+01
  3.233136321030e+01
  3.223046678407e+01
  3.200279436357e+01
  3.088279303498e+01
  3.083522400977e+01
  3.080793428528e+01
  3.074645648142e+01
  2.942088491949e+01
  2.940216193100e+01
  2.928319263554e+01
  2.918536554776e+01
  2.804142268031e+01
  2.802159928989e+01
  2.787726790661e+01
  2.785562522273e+01
  2.666487796290e+01
  2.669623003942e+01
  2.655682131252e+01
  2.643063623587e+01
  2.531021953684e+01
  2.537609021089e+01
  2.533759273320e+01
  2.525673917988e+01
  2.423602738553e+01
  2.412565172167e+01
  2.410400456326e+01
  2.396956074104e+01
  2.313353868963e+01
  2.285055985957e+01
  2.281698177177e+01
  2.275271892247e+01
  2.194007381800e+01
  2.189722150240e+01
  2.176387672118e+01
  2.197512355432e+01
  2.092072453708e+01
  2.087315319619e+01
  2.073362001904e+01
  2.080237725416e+01
  1.992629912519e+01
  1.980854936334e+01
  1.978366069757e+01
  1.984469195496e+01
  1.897455543688e+01
  1.886393933259e+01
  1.873362899113e+01
  1.874532013828e+01
  1.801685655165e+01
  1.798203548902e+01
  1.803931701895e+01
  1.767312716828e+01
  1.719327176988e+01
  1.705462916468e+01
  1.719708303729e+01
  1.706930835167e+01
  1.646720297788e+01
  1.631845305604e+01
  1.610783554117e+01
  1.620404831209e+01
  1.565105760293e+01
  1.556485229403e+01
  1.545818681298e+01
  1.546679814496e+01
  1.483858070892e+01
  1.481544327824e+01
  1.475720777843e+01
  1.472979392086e+01
  1.425033808905e+01
  1.413382783506e+01
  1.411720624397e+01
  1.402528374933e+01
  1.349976593941e+01
  1.332036469053e+01
  1.328834847710e+01
  1.328295886088e+01
  1.282224298885e+01
  1.275856766293e+01
  1.270240233675e+01
  1.273614796585e+01
  1.226697041497e+01
  1.213410783721e+01
  1.214839458297e+01
  1.196196716464e+01
  1.168898453919e+01
  1.162791639372e+01
  1.166932479096e+01
  1.144235931281e+01
  1.119328597808e+01
  1.098746612645e+01
  1.102056500195e+01
  1.090505369348e+01
  1.059435156851e+01
  1.053455401879e+01
  1.040962361947e+01
  1.035240104609e+01
  1.010838544657e+01
  9.976718935675e+00
  9.920723498523e+00
  9.929360730056e+00
  9.604846622172e+00
  9.560397052246e+00
  9.524650658227e+00
  9.425391611688e+00
  9.088728103942e+00
  9.092980082923e+00
  9.048095350100e+00
  8.963175688999e+00
  8.760837228871e+00
  8.695735350512e+00
  8.695077516164e+00
  8.584913956753e+00
  8.357765868890e+00
  8.155848983785e+00
  8.155469050532e+00
  8.160380070651e+00
  7.892655129515e+00
  7.853094998577e+00
  7.771551819085e+00
  7.772137388070e+00
  7.516525152198e+00
  7.421120917695e+00
  7.303380223469e+00
  7.303309228934e+00
  7.181303818115e+00
  7.113237651204e+00
  7.037600633820e+00
  7.013669145677e+00
  6.729941007104e+00
  6.742381584971e+00
  6.788591627252e+00
  6.707380466096e+00
  6.500061425580e+00
  6.397252763773e+00
  6.357683260220e+00
  6.318180261723e+00
  6.181226249809e+00
  6.085230961899e+00
  6.078775108037e+00
  6.075045539371e+00
  5.894542119125e+00
  5.886282900642e+00
  5.874332257320e+00
  5.767282093339e+00
  5.581224308579e+00
  5.552176054690e+00
  5.571276383245e+00
  5.519804365297e+00
  5.373439767856e+00
  5.354606112497e+00
  5.271970340000e+00
  5.215096070413e+00
  5.108132206803e+00
  5.050417582986e+00
  5.031589976815e+00
  4.994804676667e+00
  4.823152382624e+00
  4.804699044220e+00
  4.809313737853e+00
  4.780087081374e+00
  4.673936819592e+00
  4.564600710163e+00
  4.561294677881e+00
  4.573893866747e+00
  4.384862938413e+00
  4.325962290317e+00
  4.349441965406e+00
  4.248375315070e+00
  4.172331799311e+00
  4.112469111023e+00
  4.104961295581e+00
  4.103269309938e+00
  4.032350743545e+00
  4.013839719352e+00
  3.990270125326e+00
  3.912612580536e+00
  3.788914998723e+00
  3.720977307248e+00
  3.709526286074e+00
  3.685308554301e+00
  3.598508634082e+00
  3.592145700180e+00
  3.521886942499e+00
  3.502770516340e+00
  3.482209392215e+00
  3.467024093737e+00
  3.444597269743e+00
  3.376721959363e+00
  3.270195665617e+00
  3.207298271362e+00
  3.189011431968e+00
  3.172288914309e+00
  3.125247089848e+00
  3.050800337481e+00
  3.049882350788e+00
  3.047601439778e+00
  3.006125582099e+00
  2.993605957036e+00
  2.971605713090e+00
  2.912356136888e+00
  2.813070086235e+00
  2.797017182660e+00
  2.744449488133e+00
  2.735416060886e+00
  2.704466453392e+00
  2.670282585325e+00
  2.659718771976e+00
  2.628659751539e+00
  2.556984293209e+00
  2.536913213712e+00
  2.542749689161e+00
  2.536988660422e+00
  2.455935000242e+00
  2.425969714679e+00
  2.409724491379e+00
  2.380532387024e+00
  2.339686987316e+00
  2.312373440911e+00
  2.298518214263e+00
  2.269523118724e+00
  2.229678266345e+00
  2.203191543270e+00
  2.184399586100e+00
  2.157251557967e+00
  2.125693534087e+00
  2.094825195217e+00
  2.069072680937e+00
  2.048888109401e+00
  2.025892527212e+00
  1.981869404758e+00
  1.974648071352e+00
  1.975461996358e+00
  1.938011913734e+00
  1.934008908432e+00
  1.927580418173e+00
  1.885518482701e+00
  1.793148487219e+00
  1.686945722353e+00
  1.587032799366e+00
  1.493038038279e+00
  1.404609394280e+00
  1.321418542806e+00
  1.243155342081e+00
  1.169526900639e+00
  1.100259375145e+00
  1.035094356614e+00
  9.737885340295e-01
  9.161141734772e-01
  8.618557305218e-01
  8.108103725349e-01
  7.627887250673e-01
  7.176108152561e-01
  6.751091313911e-01
  6.351242779431e-01
  5.975079139923e-01
  5.621192344835e-01
  5.288266025165e-01
  4.971058497428e-01
  4.668660495942e-01
  4.393565008945e-01
  4.134539571472e-01
  3.890646380318e-01
  3.661041720133e-01
  3.444899860206e-01
  3.241435398355e-01
  3.049930720824e-01
  2.869690785079e-01
  2.700061021379e-01
  2.540418696567e-01
  2.390185325409e-01
  2.248813694556e-01
  2.115781934819e-01
  1.990602366229e-01
  1.872815594711e-01
  1.761986618769e-01
  1.657705662424e-01
  1.559587956862e-01
  1.467271554256e-01
  1.380413533243e-01
  1.298692696970e-01
  1.221805613659e-01
  1.149467434496e-01
  1.081408777168e-01
  1.017378037738e-01
  9.571365537150e-02
  9.004604054053e-02
  8.471388731698e-02
  7.969740489310e-02
  7.497786278601e-02
  7.053773027924e-02
  6.636047941465e-02
  6.243058499331e-02
  5.873335643512e-02
  5.525502958907e-02
  5.198267105678e-02
  4.890408393115e-02
  4.600781028587e-02
  4.328305429470e-02
  4.071962987485e-02
  3.830802641262e-02
  3.603923086515e-02
  3.390479871569e-02
  3.189677692638e-02
  3.000767296198e-02
  2.823043715397e-02
  2.655847099695e-02
  2.498553337618e-02
  2.350572352615e-02
  2.211356598721e-02
  2.080386552465e-02
  1.957172754355e-02
  1.841256443937e-02
  1.732205228904e-02
  1.629612271241e-02
  1.533095938538e-02
  1.442296528378e-02
  1.356873091388e-02
  1.276510245654e-02
  1.200906780692e-02
  1.129780610163e-02
  1.062867552886e-02
  9.999170068884e-03
  9.406948348328e-03
  8.849808136160e-03
  8.325659850171e-03
  7.832558693279e-03
  7.368659176670e-03
  6.932236006588e-03
  6.521663989524e-03
  6.135405955270e-03
  5.772022430079e-03
  5.430164018104e-03
  5.108551613230e-03
  4.805989416250e-03
  4.521345498164e-03
