111
  7.338800000000e-01
  6.959500000000e-01
  6.599800000000e-01
  6.258700000000e-01
  5.935300000000e-01
  5.628500000000e-01
  5.337620000000e-01
  5.061780000000e-01
  4.800180000000e-01
  4.552090000000e-01
  4.316840000000e-01
  4.093730000000e-01
  3.882170000000e-01
  3.681530000000e-01
  3.491260000000e-01
  3.310830000000e-01
  3.139720000000e-01
  2.977460000000e-01
  2.823570000000e-01
  2.677650000000e-01
  2.539270000000e-01
  2.408030000000e-01
  2.283580000000e-01
  2.165560000000e-01
  2.053640000000e-01
  1.947510000000e-01
  1.846860000000e-01
  1.751410000000e-01
  1.660890000000e-01
  1.575060000000e-01
  1.493650000000e-01
  1.416460000000e-01
  1.343260000000e-01
  1.273830000000e-01
  1.208000000000e-01
  1.145570000000e-01
  1.086370000000e-01
  1.030220000000e-01
  9.769700000000e-02
  9.264900000000e-02
  8.786000000000e-02
  8.332000000000e-02
  7.901300000000e-02
  7.493000000000e-02
  7.105700000000e-02
  6.738500000000e-02
  6.390300000000e-02
  6.060000000000e-02
  5.746800000000e-02
  5.449800000000e-02
  2.982962000000e-01
  1.300581000000e-01
  7.925740000000e-02
  7.463940000000e-02
  7.223820000000e-02
  6.310540000000e-02
  3.995910000000e-02
  4.201330000000e-02
  3.030750000000e-02
  3.359150000000e-02
  1.715620000000e-02
  1.626850000000e-02
  7.795910000000e-03
  1.154553000000e-02
  4.131660000000e-03
  6.769410000000e-03
  8.993470000000e-03
  5.093060000000e-03
  4.006280000000e-03
  5.279910000000e-03
  2.624670000000e-03
  2.485490000000e-03
  3.137550000000e-03
  1.983500000000e-03
  2.082110000000e-03
  1.971700000000e-03
  2.763240000000e-03
  2.208470000000e-03
  1.294580000000e-03
  1.569890000000e-03
  1.513290000000e-03
  1.552310000000e-03
  1.685980000000e-03
  8.536300000000e-04
  1.458380000000e-03
  7.905600000000e-04
  8.172700000000e-04
  6.597200000000e-04
  1.280680000000e-03
  1.005120000000e-03
  6.295800000000e-04
  5.214100000000e-04
  3.538100000000e-04
  4.681200000000e-04
  5.737700000000e-04
  1.089810000000e-03
  5.211500000000e-04
  5.197500000000e-04
  5.430800000000e-04
  5.353500000000e-04
  8.480089000000e-03
  1.288898000000e-03
  1.959010800000e-04
  2.977522100000e-05
  4.525568200000e-06
  6.878461000000e-07
  1.045465300000e-07
  1.589013400000e-08
  2.415159900000e-09
  3.670827800000e-10
  6.579332000000e-11
