111
  1.383306000000e+01
  1.311814500000e+01
  1.244018000000e+01
  1.179725500000e+01
  1.118755500000e+01
  1.060936500000e+01
  1.006105900000e+01
  9.541089000000e+00
  9.047991000000e+00
  8.580377500000e+00
  8.136931000000e+00
  7.716402500000e+00
  7.317607500000e+00
  6.939422500000e+00
  6.580783000000e+00
  6.240678500000e+00
  5.918151000000e+00
  5.612292000000e+00
  5.322240500000e+00
  5.047179500000e+00
  4.786333500000e+00
  4.538968500000e+00
  4.304388000000e+00
  4.081931000000e+00
  3.870971000000e+00
  3.670913500000e+00
  3.481195000000e+00
  3.301281500000e+00
  3.130666500000e+00
  2.968869000000e+00
  2.815433500000e+00
  2.669928000000e+00
  2.531942000000e+00
  2.401087500000e+00
  2.276996000000e+00
  2.159317500000e+00
  2.047720500000e+00
  1.941891000000e+00
  1.841531500000e+00
  1.746358500000e+00
  1.656104000000e+00
  1.570514000000e+00
  1.489347500000e+00
  1.412376000000e+00
  1.339382500000e+00
  1.270161500000e+00
  1.204517500000e+00
  1.142266000000e+00
  1.083232000000e+00
  1.027249000000e+00
  8.508519000000e-01
  6.366747500000e-01
  5.320170000000e-01
  4.550686000000e-01
  3.816298000000e-01
  3.139580000000e-01
  2.624257500000e-01
  2.214395500000e-01
  1.852791500000e-01
  1.533296500000e-01
  1.279558000000e-01
  1.112434500000e-01
  9.921124500000e-02
  8.954052500000e-02
  8.170193000000e-02
  7.625139500000e-02
  6.836995500000e-02
  6.132669000000e-02
  5.677702000000e-02
  5.213392500000e-02
  4.818163500000e-02
  4.562655500000e-02
  4.281503500000e-02
  4.025451000000e-02
  3.822170500000e-02
  3.619480000000e-02
  3.382733000000e-02
  3.134147500000e-02
  2.958995000000e-02
  2.815771500000e-02
  2.661612500000e-02
  2.508332500000e-02
  2.346418000000e-02
  2.219437500000e-02
  2.103837000000e-02
  1.991390000000e-02
  1.910998500000e-02
  1.837149000000e-02
  1.740129000000e-02
  1.625839000000e-02
  1.544104000000e-02
  1.486554500000e-02
  1.442793500000e-02
  1.401697000000e-02
  1.349602500000e-02
  1.266423500000e-02
  1.185875500000e-02
  1.133830500000e-02
  1.080689000000e-02
  1.026767500000e-02
  5.759955500000e-03
  8.754620000000e-04
  1.330624600000e-04
  2.022430950000e-05
  3.073914900000e-06
  4.672077500000e-07
  7.101143500000e-08
  1.079310300000e-08
  1.640456050000e-09
  2.493347100000e-10
  3.289666000000e-11
