111
  5.151775753923e+03
  5.016883628921e+03
  4.885521880067e+03
  4.757599953794e+03
  4.633029032918e+03
  4.511735856510e+03
  4.393603701241e+03
  4.278556818088e+03
  4.166515630475e+03
  4.057422359073e+03
  3.951188596554e+03
  3.847734117378e+03
  3.746985691717e+03
  3.648883329629e+03
  3.553346225036e+03
  3.460306361494e+03
  3.369704206289e+03
  3.281472174110e+03
  3.195553155873e+03
  3.111882824746e+03
  3.030402588551e+03
  2.951057597172e+03
  2.873788131050e+03
  2.798542263181e+03
  2.725266483645e+03
  2.653909639792e+03
  2.584421077123e+03
  2.516751687004e+03
  2.450854424511e+03
  2.386682525932e+03
  2.324190569773e+03
  2.263335309613e+03
  2.204073278515e+03
  2.146362965895e+03
  2.090163737875e+03
  2.035436031944e+03
  1.982140818520e+03
  1.930241459695e+03
  1.879701347429e+03
  1.830484001936e+03
  1.782555342996e+03
  1.735881769787e+03
  1.690430170527e+03
  1.646168862393e+03
  1.603066602288e+03
  1.561092821174e+03
  1.520217755991e+03
  1.480412939498e+03
  1.441650481601e+03
  1.403903035495e+03
  1.272848735877e+03
  1.103894937535e+03
  1.009714039912e+03
  9.337050724462e+02
  8.548118917043e+02
  7.752160333281e+02
  7.091292909492e+02
  6.511408301331e+02
  5.957810154198e+02
  5.416217284141e+02
  4.952483398038e+02
  4.617248902766e+02
  4.362484063892e+02
  4.143059254745e+02
  3.959304432997e+02
  3.824319921188e+02
  3.620211352156e+02
  3.429795066880e+02
  3.300310159461e+02
  3.161971504170e+02
  3.040443958716e+02
  2.958732935520e+02
  2.865897947895e+02
  2.779136818944e+02
  2.708018270947e+02
  2.635234575576e+02
  2.547299079446e+02
  2.452047795433e+02
  2.382776629691e+02
  2.324308273703e+02
  2.259778502219e+02
  2.193703325161e+02
  2.121629963378e+02
  2.063654215614e+02
  2.008982296103e+02
  1.954758526285e+02
  1.914877229055e+02
  1.877545403693e+02
  1.827061462492e+02
  1.766127593430e+02
  1.721277662785e+02
  1.688920199094e+02
  1.663908274513e+02
  1.640013279058e+02
  1.609212716006e+02
  1.558564587940e+02
  1.508441239266e+02
  1.474961372898e+02
  1.439962161314e+02
  1.403572189811e+02
  9.626679121385e+01
  3.753060396527e+01
  1.463168464974e+01
  5.704314572413e+00
  2.223885688717e+00
  8.670049141839e-01
  3.380108400076e-01
  1.317770290500e-01
  5.137465739525e-02
  2.002894182093e-02
  7.808492047441e-03
