1501
  2.183071941210e-01
  2.183106191100e-01
  2.183140129090e-01
  2.183173275460e-01
  2.183207531830e-01
  2.183241233210e-01
  2.183274938170e-01
  2.183309467150e-01
  2.183343932070e-01
  2.183377078440e-01
  2.183411329010e-01
  2.183445606970e-01
  2.183478946110e-01
  2.183513224070e-01
  2.183546941310e-01
  2.183580636880e-01
  2.183615147850e-01
  2.183649097360e-01
  2.183682786540e-01
  2.183717042920e-01
  2.183750738480e-01
  2.183784994860e-01
  2.183818932830e-01
  2.183852606150e-01
  2.183886357170e-01
  2.183920861680e-01
  2.183954569520e-01
  2.183988485170e-01
  2.184022757400e-01
  2.184056458780e-01
  2.184090715160e-01
  2.184124625070e-01
  2.184158348040e-01
  2.184192009820e-01
  2.184225760840e-01
  2.184260215710e-01
  2.184294199720e-01
  2.184326111460e-01
  2.184362157470e-01
  2.184395862450e-01
  2.184430345360e-01
  2.184464040930e-01
  2.184497742310e-01
  2.184532241080e-01
  2.184565958250e-01
  2.184599665430e-01
  2.184633348800e-01
  2.184667831720e-01
  2.184701520900e-01
  2.184736037610e-01
  2.184769761230e-01
  2.184803450410e-01
  2.184837933330e-01
  2.184871628900e-01
  2.184905351920e-01
  2.184939019450e-01
  2.184972975400e-01
  2.185007203740e-01
  2.185040936760e-01
  2.185075419680e-01
  2.185109115250e-01
  2.185142804430e-01
  2.185177110460e-01
  2.185210443120e-01
  2.185244178930e-01
  2.185278978130e-01
  2.185312124490e-01
  2.185346589410e-01
  2.185380290790e-01
  2.185413986360e-01
  2.185448462880e-01
  2.185482180060e-01
  2.185516176240e-01
  2.185550442040e-01
  2.185583340260e-01
  2.185618614130e-01
  2.185652288100e-01
  2.185686011080e-01
  2.185719920990e-01
  2.185754177370e-01
  2.185787906780e-01
  2.185821602350e-01
  2.185856094690e-01
  2.185889774450e-01
  2.185923497430e-01
  2.185957407340e-01
  2.185991663730e-01
  2.186025352900e-01
  2.186059094510e-01
  2.186093553010e-01
  2.186127282420e-01
  2.186160971590e-01
  2.186194667160e-01
  2.186228595070e-01
  2.186262861490e-01
  2.186296534830e-01
  2.186330264240e-01
  2.186364713330e-01
  2.186398452150e-01
  2.186432708540e-01
  2.186466630640e-01
  2.186500319810e-01
  2.186534070830e-01
  2.186567760010e-01
  2.186601694310e-01
  2.186635938500e-01
  2.186669017210e-01
  2.186703295220e-01
  2.186736990800e-01
  2.186770708000e-01
  2.186805190920e-01
  2.186839668040e-01
  2.186873148690e-01
  2.186907058580e-01
  2.186940204940e-01
  2.186974455540e-01
  2.187008194350e-01
  2.187042677270e-01
  2.187076360650e-01
  2.187110062020e-01
  2.187144318420e-01
  2.187177700710e-01
  2.187211979330e-01
  2.187246207710e-01
  2.187279382080e-01
  2.187313847000e-01
  2.187347548380e-01
  2.187380400560e-01
  2.187414933120e-01
  2.187448628700e-01
  2.187482323670e-01
  2.187516800790e-01
  2.187550489960e-01
  2.187584212960e-01
  2.187618469960e-01
  2.187652407280e-01
  2.187686081230e-01
  2.187719804230e-01
  2.187753505600e-01
  2.187787443510e-01
  2.187821693530e-01
  2.187855401280e-01
  2.187889056640e-01
  2.187922758020e-01
  2.187956447190e-01
  2.187990390920e-01
  2.188024635110e-01
  2.188058358710e-01
  2.188092615110e-01
  2.188126543000e-01
  2.188160226380e-01
  2.188193927750e-01
  2.188227657130e-01
  2.188261312500e-01
  2.188295013870e-01
  2.188328935970e-01
  2.188363180160e-01
  2.188396881540e-01
  2.188431169590e-01
  2.188465097480e-01
  2.188498786650e-01
  2.188533037260e-01
  2.188566171390e-01
  2.188599872770e-01
  2.188634349900e-01
  2.188668051270e-01
  2.188701734640e-01
  2.188735991050e-01
  2.188769358110e-01
  2.188803669960e-01
  2.188837353330e-01
  2.188871027270e-01
  2.188905243470e-01
  2.188938644320e-01
  2.188972882160e-01
  2.189006605750e-01
  2.189040307120e-01
  2.189074793680e-01
  2.189107719870e-01
  2.189141930280e-01
  2.189175858160e-01
  2.189209575390e-01
  2.189243797950e-01
  2.189277775480e-01
  2.189311471060e-01
  2.189345110580e-01
  2.189378034060e-01
  2.189412495330e-01
  2.189446999890e-01
  2.189480695410e-01
  2.189513597240e-01
  2.189548080160e-01
  2.189581797390e-01
  2.189615498770e-01
  2.189649742970e-01
  2.189683665060e-01
  2.189717366430e-01
  2.189751016020e-01
  2.189784738970e-01
  2.189819001810e-01
  2.189852362440e-01
  2.189886618850e-01
  2.189920290010e-01
  2.189953997810e-01
  2.189987686970e-01
  2.190021664490e-01
  2.190055319870e-01
  2.190089328140e-01
  2.190122682970e-01
  2.190156989040e-01
  2.190191183600e-01
  2.190224612500e-01
  2.190258580560e-01
  2.190291736880e-01
  2.190325636760e-01
  2.190359921170e-01
  2.190393598210e-01
  2.190428109120e-01
  2.190461798280e-01
  2.190494917170e-01
  2.190529177240e-01
  2.190562878620e-01
  2.190596561990e-01
  2.190630818410e-01
  2.190663958950e-01
  2.190698429660e-01
  2.190732131030e-01
  2.190765786420e-01
  2.190799515780e-01
  2.190833199160e-01
  2.190867145030e-01
  2.190901383450e-01
  2.190934511780e-01
  2.190968750200e-01
  2.191002451570e-01
  2.191036180930e-01
  2.191070635870e-01
  2.191103537700e-01
  2.191138020610e-01
  2.191171731440e-01
  2.191205387360e-01
  2.191239088740e-01
  2.191272772110e-01
  2.191306500940e-01
  2.191340401350e-01
  2.191374413290e-01
  2.191408341150e-01
  2.191441481690e-01
  2.191475725900e-01
  2.191509427280e-01
  2.191543665710e-01
  2.191576812030e-01
  2.191610761560e-01
  2.191644733830e-01
  2.191678661690e-01
  2.191712384740e-01
  2.191746046440e-01
  2.191779747820e-01
  2.191813459170e-01
  2.191847687620e-01
  2.191881088410e-01
  2.191913735770e-01
  2.191949000230e-01
  2.191982695830e-01
  2.192015811930e-01
  2.192049513300e-01
  2.192083757510e-01
  2.192117425130e-01
  2.192151142260e-01
  2.192185064350e-01
  2.192218539230e-01
  2.192252222600e-01
  2.192286150470e-01
  2.192320406900e-01
  2.192354102490e-01
  2.192387230800e-01
  2.192421475020e-01
  2.192455176390e-01
  2.192488810120e-01
  2.192522548920e-01
  2.192556471000e-01
  2.192589911990e-01
  2.192624410810e-01
  2.192658112180e-01
  2.192691541110e-01
  2.192725468970e-01
  2.192759170340e-01
  2.192792847940e-01
  2.192826565060e-01
  2.192860248430e-01
  2.192893900160e-01
  2.192927583530e-01
  2.192961539360e-01
  2.192995523340e-01
  2.193029451200e-01
  2.193062597510e-01
  2.193096835950e-01
  2.193130531550e-01
  2.193164787980e-01
  2.193197909850e-01
  2.193231605450e-01
  2.193265849660e-01
  2.193298990200e-01
  2.193332685790e-01
  2.193367156490e-01
  2.193400030360e-01
  2.193433986180e-01
  2.193468242610e-01
  2.193501876340e-01
  2.193535587180e-01
  2.193569301270e-01
  2.193602972420e-01
  2.193636695490e-01
  2.193670912240e-01
  2.193704030590e-01
  2.193738287030e-01
  2.193771992090e-01
  2.193805098710e-01
  2.193839054520e-01
  2.193873332650e-01
  2.193906184830e-01
  2.193940655530e-01
  2.193974351130e-01
  2.194008040280e-01
  2.194041735880e-01
  2.194075425030e-01
  2.194109093160e-01
  2.194142199290e-01
  2.194176505370e-01
  2.194210139100e-01
  2.194243307590e-01
  2.194277545550e-01
  2.194311501350e-01
  2.194344908600e-01
  2.194379192990e-01
  2.194412541520e-01
  2.194445200950e-01
  2.194480459640e-01
  2.194514161020e-01
  2.194547816440e-01
  2.194581279590e-01
  2.194615189450e-01
  2.194648903040e-01
  2.194682564240e-01
  2.194716275570e-01
  2.194750532020e-01
  2.194783632370e-01
  2.194817888820e-01
  2.194851820360e-01
  2.194884706260e-01
  2.194918396090e-01
  2.194952085240e-01
  2.194986568160e-01
  2.195019469990e-01
  2.195053952910e-01
  2.195087648510e-01
  2.195120720710e-01
  2.195154732690e-01
  2.195188666990e-01
  2.195222356130e-01
  2.195256039510e-01
  2.195289740880e-01
  2.195323442260e-01
  2.195357119860e-01
  2.195390809010e-01
  2.195424488670e-01
  2.195458748830e-01
  2.195491849190e-01
  2.195525528860e-01
  2.195560021250e-01
  2.195592913610e-01
  2.195626596980e-01
  2.195660286130e-01
  2.195694763270e-01
  2.195727655630e-01
  2.195761316830e-01
  2.195795576990e-01
  2.195828928050e-01
  2.195862940030e-01
  2.195896312800e-01
  2.195930023640e-01
  2.195964008160e-01
  2.195997154450e-01
  2.196031392910e-01
  2.196065320750e-01
  2.196098222580e-01
  2.196131856310e-01
  2.196165557680e-01
  2.196200028370e-01
  2.196232924430e-01
  2.196267413120e-01
  2.196301108720e-01
  2.196334237010e-01
  2.196368227300e-01
  2.196402148910e-01
  2.196435878220e-01
  2.196469307200e-01
  2.196502413780e-01
  2.196536341610e-01
  2.196570607560e-01
  2.196604036990e-01
  2.196637143110e-01
  2.196671393810e-01
  2.196705349570e-01
  2.196738229680e-01
  2.196771885130e-01
  2.196805586500e-01
  2.196839508570e-01
  2.196872959020e-01
  2.196906592750e-01
  2.196940288350e-01
  2.196973456360e-01
  2.197008233950e-01
  2.197041356480e-01
  2.197075612940e-01
  2.197109308550e-01
  2.197142442600e-01
  2.197176098050e-01
  2.197209781430e-01
  2.197243510720e-01
  2.197277144450e-01
  2.197310827830e-01
  2.197344253100e-01
  2.197378230580e-01
  2.197411913950e-01
  2.197445575600e-01
  2.197478461740e-01
  2.197512932430e-01
  2.197546628040e-01
  2.197580304940e-01
  2.197613191090e-01
  2.197647146830e-01
  2.197681357380e-01
  2.197714491430e-01
  2.197748488190e-01
  2.197781622230e-01
  2.197815283880e-01
  2.197849788530e-01
  2.197882668630e-01
  2.197916324090e-01
  2.197950025460e-01
  2.197983708830e-01
  2.198017410210e-01
  2.198050488840e-01
  2.198084500860e-01
  2.198118438180e-01
  2.198151624610e-01
  2.198185795440e-01
  2.198218703030e-01
  2.198252370720e-01
  2.198286881560e-01
  2.198320537020e-01
  2.198353417120e-01
  2.198387100490e-01
  2.198420801860e-01
  2.198454503240e-01
  2.198488719980e-01
  2.198521820340e-01
  2.198555503720e-01
  2.198589199330e-01
  2.198623443570e-01
  2.198656577600e-01
  2.198689662710e-01
  2.198723906940e-01
  2.198757630050e-01
  2.198791313430e-01
  2.198824975070e-01
  2.198858432000e-01
  2.198892359820e-01
  2.198926048950e-01
  2.198959694920e-01
  2.198992596750e-01
  2.199026230480e-01
  2.199060717140e-01
  2.199094464420e-01
  2.199127537280e-01
  2.199160987740e-01
  2.199194649370e-01
  2.199227789880e-01
  2.199262012690e-01
  2.199295757230e-01
  2.199329385200e-01
  2.199363086580e-01
  2.199396509840e-01
  2.199430431580e-01
  2.199464126800e-01
  2.199498014870e-01
  2.199530690260e-01
  2.199564351890e-01
  2.199598828650e-01
  2.199632557930e-01
  2.199665410110e-01
  2.199699093480e-01
  2.199732727210e-01
  2.199765629040e-01
  2.199800111960e-01
  2.199833795340e-01
  2.199867484470e-01
  2.199900624980e-01
  2.199934637020e-01
  2.199968270750e-01
  2.200001693100e-01
  2.200035894180e-01
  2.200068789520e-01
  2.200102417500e-01
  2.200135551520e-01
  2.200169802250e-01
  2.200203503620e-01
  2.200237714210e-01
  2.200270848620e-01
  2.200303961230e-01
  2.200337402170e-01
  2.200371674650e-01
  2.200405590220e-01
  2.200438492050e-01
  2.200472702640e-01
  2.200505814910e-01
  2.200538909530e-01
  2.200573166010e-01
  2.200606895280e-01
  2.200640556900e-01
  2.200673657260e-01
  2.200707647570e-01
  2.200740747940e-01
  2.200773655520e-01
  2.200808132690e-01
  2.200841834060e-01
  2.200875462040e-01
  2.200908596050e-01
  2.200942580220e-01
  2.200975686720e-01
  2.201009415990e-01
  2.201043908420e-01
  2.201076782360e-01
  2.201110456220e-01
  2.201143584480e-01
  2.201177546900e-01
  2.201210675160e-01
  2.201244931640e-01
  2.201278847200e-01
  2.201311715390e-01
  2.201345410640e-01
  2.201378523270e-01
  2.201412513560e-01
  2.201445613940e-01
  2.201479343200e-01
  2.201513566050e-01
  2.201546700060e-01
  2.201580337560e-01
  2.201613449800e-01
  2.201647446230e-01
  2.201680574490e-01
  2.201714248350e-01
  2.201748768670e-01
  2.201781633100e-01
  2.201815322220e-01
  2.201848196530e-01
  2.201881845530e-01
  2.201915541160e-01
  2.201948619760e-01
  2.201982321130e-01
  2.202016559630e-01
  2.202047916370e-01
  2.202083141070e-01
  2.202116824440e-01
  2.202150479940e-01
  2.202183608190e-01
  2.202217015500e-01
  2.202251520190e-01
  2.202285203560e-01
  2.202318101620e-01
  2.202352312250e-01
  2.202385418730e-01
  2.202418546980e-01
  2.202452003930e-01
  2.202485637660e-01
  2.202519565450e-01
  2.202553831830e-01
  2.202587505330e-01
  2.202620379630e-01
  2.202654040890e-01
  2.202687702490e-01
  2.202720576440e-01
  2.202754259820e-01
  2.202787365950e-01
  2.202821616700e-01
  2.202855345940e-01
  2.202889029320e-01
  2.202922663050e-01
  2.202956346420e-01
  2.202989198600e-01
  2.203022881980e-01
  2.203056537490e-01
  2.203089417540e-01
  2.203123118910e-01
  2.203156808030e-01
  2.203191285210e-01
  2.203224171000e-01
  2.203257848630e-01
  2.203291509890e-01
  2.217419560030e-01
  2.246125504240e-01
  2.274482770070e-01
  2.300119681560e-01
  2.322664283060e-01
  2.356751207890e-01
  2.395996600340e-01
  2.437780790060e-01
  2.476547132760e-01
  2.508624297030e-01
  2.540247008690e-01
  2.571997903000e-01
  2.601611010320e-01
  2.628914284140e-01
  2.657768594290e-01
  2.689001560570e-01
  2.718881493110e-01
  2.746476606500e-01
  2.768365158080e-01
  2.758239226130e-01
  2.794609385900e-01
  2.897787697760e-01
  2.859564523310e-01
  2.913980126420e-01
  2.949738420400e-01
  2.969485523990e-01
  3.001237535910e-01
  3.011725997340e-01
  3.014878290630e-01
  3.048734541160e-01
  3.051094066380e-01
  3.102374700860e-01
  3.111576960820e-01
  3.080819450260e-01
  3.057549086670e-01
  3.137097686130e-01
  3.089033990320e-01
  3.088239442450e-01
  3.144837262790e-01
  3.132864639770e-01
  3.157044080060e-01
  3.129953016620e-01
  3.117439358130e-01
  3.101437683230e-01
  3.182674366620e-01
  3.105767126980e-01
  3.155712498740e-01
  3.203800772820e-01
  2.994953512080e-01
  3.201152823270e-01
  3.050872174320e-01
  3.183198337840e-01
  3.031372196850e-01
  3.083812959950e-01
  3.087155254070e-01
  2.949401746700e-01
  2.952131415270e-01
  2.753437491990e-01
  2.936906659980e-01
  2.957096066900e-01
  2.831781491950e-01
  2.807899708940e-01
  3.087766516690e-01
  2.916313763750e-01
  2.799927786330e-01
  2.785986230010e-01
  2.961560012800e-01
  2.699698187990e-01
  2.915759721530e-01
  2.765351713010e-01
  2.979686258270e-01
  3.280930587620e-01
  3.001367264020e-01
  2.761730178810e-01
  2.892911048010e-01
  2.095486484690e-01
  2.844738517640e-01
  1.969589200920e-01
  2.783543163070e-01
  1.878957128690e-01
  2.673329669780e-01
  1.824171076400e-01
  2.696107709840e-01
  2.721328132580e-01
  3.136673232460e-01
  1.814966075840e-01
  2.804098175790e-01
  2.090229612030e-01
  1.908370078340e-01
  2.710488715690e-01
  4.490262955080e-01
  3.002711143880e-01
  1.943993684160e-01
  1.300931291070e-01
  3.196164458210e-01
  2.206810550940e-01
  2.599048971650e-01
  1.808333346850e-01
  2.752725348700e-01
  1.955008118030e-01
  4.136042668350e-01
  2.302132755860e-01
  1.554140807880e-01
  2.715984820290e-01
  1.686633135140e-01
  3.285015803690e-01
  2.148327794130e-01
  1.430745285790e-01
  2.862384674700e-01
  1.957194432440e-01
  1.974533109720e-01
  3.279194281610e-01
  3.175627940380e-01
  1.568387122560e-01
  1.585978685040e-01
  2.295545702280e-01
  1.065971544920e-01
  1.830608897620e-01
  4.501154920090e-01
  2.705609745920e-01
  2.992337843620e-01
  1.872375775690e-01
  1.503531256040e-01
  1.160915884670e-01
  2.337593925520e-01
  3.666575307530e-01
  1.388730399650e-01
  1.956302700920e-01
  3.028888062420e-01
  2.422156287060e-01
  3.615360390240e-01
  1.177230580940e-01
  1.743031725230e-01
  2.797199665210e-01
  4.729878197430e-01
  2.249081768120e-01
  3.107971160580e-01
  1.558569656840e-01
  2.282457818830e-01
  3.605521212700e-01
  6.058672554990e-01
  9.515667169770e-02
  3.370478974910e-01
  1.454616805720e-01
  2.064841553230e-01
  5.880031198770e-02
  7.916884624790e-02
  3.286825538580e-01
  1.289151922280e-01
  2.301021215060e-01
  1.112530483890e-01
  1.865009697140e-01
  3.402239033130e-01
  1.606776753790e-01
  2.704524731870e-01
  3.739893386280e-01
  9.593220679880e-02
  9.307868858510e-02
  1.437398328260e-01
  2.281672795260e-01
  1.189245679910e-01
  1.970450952840e-01
  3.128135620030e-01
  2.505738801730e-01
  3.942942917650e-01
  2.135026026830e-01
  1.149045665190e-01
  7.506003804750e-02
  3.618981726790e-01
  2.478041696930e-01
  1.442167957200e-01
  1.120695664900e-01
  1.972621927240e-01
  2.942831351830e-01
  4.061954066090e-01
  4.581901308070e-01
  6.150662135460e-02
  2.910022951180e-01
  8.911356450760e-02
  1.479022574930e-01
  7.480454714560e-02
  1.207151060780e-01
  2.119370671970e-01
  9.148845043660e-02
  1.506791425840e-01
  2.485571174430e-01
  1.534398644130e-01
  2.327006677980e-01
  1.142756820520e-01
  2.275532158110e-01
  3.094750766600e-01
  4.783332893230e-01
  8.509629020200e-02
  1.357130802690e-01
  2.383527932140e-01
  7.518048915030e-01
  4.203333463540e-01
  1.237446360290e-01
  6.557548483290e-01
  1.819457548690e-01
  2.937356710310e-01
  6.909151703560e-02
  3.668765417680e-01
  6.303442425940e-01
  2.213270498280e-01
  2.865204922090e-01
  4.399594776600e-01
  7.886885706260e-01
  6.397441869810e-01
  3.569541201900e-01
  1.408743818080e-01
  2.221890796270e-01
  7.418186347620e-01
  1.631564949220e-01
  4.413925236820e-01
  3.082849197610e-01
  1.418342770060e-01
  2.481710626600e-01
  3.582719038040e-01
  1.002011732680e+00
  5.835235928880e-01
  6.029155400930e-01
  3.591644878050e-01
  2.140367912310e-01
  1.283228023460e-01
  8.804885063120e-02
  1.418044344120e-01
  5.770155721130e-02
  1.967101798110e-01
  3.406582546800e-01
  7.397858224010e-01
  8.218777386440e-02
  1.516705417090e-01
  7.882456260700e-01
  3.033852414230e-01
  4.011049076330e-01
  3.646930297420e-01
  6.243793082240e-01
  2.497337503110e-01
  1.169413880600e-01
  1.791114806820e-01
  6.940237060860e-02
  6.816557661360e-01
  1.149015641720e-01
  3.648949392740e-01
  3.495291511990e-02
  6.062992965120e-02
  2.345154697420e-01
  7.374219373750e-01
  1.034187457430e-01
  1.552279277550e-01
  3.874069889460e-01
  1.118158890710e-01
  1.780116008140e-01
  3.325553862740e-01
  5.434679223700e-01
  6.206647188340e-02
  1.096331716090e-01
  1.460905521410e-01
  2.768920800560e-01
  5.735076370560e-01
  2.784592803450e-01
  1.484065570590e-01
  4.635220750670e-01
  7.348382778330e-01
  7.916420357470e-01
  5.106734984650e-01
  1.985560687030e-01
  3.625578141480e-01
  1.379873993490e-01
  2.268551878970e-01
  6.421842652060e-01
  4.216621472130e-01
  9.962458329080e-01
  1.156814707310e-01
  1.171934808320e-01
  1.832209570160e-01
  3.083485810300e-01
  5.381285350410e-01
  9.367760475710e-01
  2.464584471350e-01
  7.718102849530e-01
  4.256455358130e-01
  1.740699745210e-01
  4.490739815940e-02
  8.362442116390e-02
  4.961932485820e-01
  1.006184985420e+00
  2.780803693050e-01
  2.107967394600e-01
  6.745084966480e-01
  9.923522897500e-01
  3.974244560690e-01
  2.500857869730e-01
  1.239718367040e+00
  6.579080883920e-01
  3.990729364000e-01
  2.488046239830e-01
  7.853798001130e-02
  1.255739739190e-01
  6.846246245160e-01
  1.007493155550e+00
  2.408895610830e-01
  4.780932145830e-01
  1.116099376480e+00
  6.375995230620e-01
  4.000448785510e-01
  2.948849536090e-01
  4.021009165340e-02
  2.710542658900e-02
  6.165374693760e-02
  9.258748282340e-02
  1.432002744160e-01
  4.493769262770e-01
  2.109354812640e-01
  9.722128583150e-01
  2.699872664900e-01
  4.904207166520e-01
  9.644806727170e-01
  1.393319168010e+00
  7.195015905580e-01
  4.693222724450e-01
  3.649131419700e-01
  5.506431586780e-02
  8.857037343570e-02
  1.485916558500e-01
  7.938778868820e-01
  4.940457967420e-01
  2.576594468380e-01
  3.288057720920e-01
  4.698392727070e-01
  1.161423117650e+00
  7.110610165050e-01
  4.345086747300e-01
  1.964912106770e-01
  1.138638628010e-01
  3.285341024620e-01
  5.222977525480e-01
  1.022393198070e+00
  4.464299231730e-01
  7.380224785640e-01
  1.124259723840e+00
  5.469964888550e-01
  3.725771419370e-01
  4.835987352550e-01
  8.464739774850e-01
  2.267144047710e-01
  4.459646680470e-02
  8.734653972500e-02
  1.258133997030e-01
  1.769221198550e-01
  2.804988540730e-01
  9.419105836090e-01
  5.232966008880e-01
  1.321897361160e+00
  6.171382199750e-01
  2.934277226390e-02
  4.339968105110e-01
  1.684226758310e-01
  2.732680449830e-01
  1.120790440530e-01
  6.655740637860e-02
  5.133600125170e-02
  1.051995320350e-01
  6.383827562000e-01
  1.692355207820e-01
  4.241635772090e-01
  2.566511220300e-01
  1.004323616740e+00
  1.047964028600e-01
  1.599544673840e-01
  2.641393065410e-01
  3.854632396310e-01
  5.726621303800e-01
  9.548546650050e-01
  2.262200681700e-01
  3.570001813360e-01
  5.210815104900e-01
  8.649607810170e-01
  3.398714203960e-02
  5.811495530330e-02
  8.576723599590e-02
  1.406855485210e-01
  2.640984582220e-01
  3.775362188910e-01
  5.216715006050e-01
  8.792733012090e-01
  6.641642348080e-01
  4.354088725560e-01
  2.745525206650e-01
  1.742376904510e-01
  1.062128369940e-01
  1.303475297190e+00
  6.544160370400e-01
  4.572660235790e-01
  1.701269658280e-02
  1.110529915030e-01
  1.750638944700e-01
  2.775209359940e-01
  2.758265501200e-02
  4.414256231900e-02
  6.611121736490e-02
  1.070222789600e-01
  7.225946289890e-02
  6.584973016470e-01
  4.327581520530e-01
  2.301160033370e-01
  1.833684061970e-01
  1.227936472920e-01
  2.736651566540e-01
  7.884177138390e-01
  4.473831994900e-01
  2.031442578630e-01
  2.946028259650e-01
  9.156641925400e-01
  4.869333625400e-01
  3.356776819790e-01
  9.194596769530e-01
  5.758755507490e-01
  7.842061292700e-01
  6.157597388640e-01
  1.185297482950e+00
  1.638629106280e+00
  3.445048744220e-01
  2.035783654930e-01
  1.175863557090e-01
  6.904368797970e-02
  4.573879147730e-02
  2.967439284570e-02
  5.181119098010e-02
  6.381879124220e-01
  1.036158944630e-01
  4.274360385050e-01
  2.310292514830e-01
  9.081303848180e-01
  1.925025498000e+00
  1.418974240380e-01
  2.697692476630e-01
  8.310049207990e-01
  4.994590079070e-01
  1.713847965550e-01
  5.968739491880e-01
  1.778498935830e-01
  3.530550704930e-01
  2.061142000400e-01
  1.847186300010e+00
  4.148973910300e-01
  1.208151570960e+00
  7.616060010080e-01
  2.428249289130e-01
  4.026627002160e-01
  2.978762275240e-01
  5.900871000180e-01
  8.618682002580e-01
  5.901607618020e-02
  1.016070324420e-01
  1.458066219540e-01
  9.990388647700e-01
  6.871995952780e-01
  4.935519807780e-01
  2.932971607710e-01
  1.855668756670e-01
  1.853853866340e+00
  1.189525213120e+00
  7.881258702650e-01
  5.028193158940e-01
  2.294861018560e-01
  2.727905705160e-01
  3.555323135540e-01
  9.893907671840e-01
  5.675733264660e-01
  4.462181541230e-01
  8.312529134980e-01
  2.739886200250e-01
  1.657054684120e-01
  2.551904737940e-02
  4.054015466620e-02
  6.957374634840e-02
  1.207649325210e-01
  1.739976532690e-01
  2.423349218840e-01
  4.295434506090e-01
  9.024536025230e-01
  6.480110264790e-01
  8.582637129900e-01
  3.067656948420e-01
  4.251412309240e-01
  3.745997349760e-01
  5.110381277840e-01
  7.878575919740e-01
  1.491492590050e+00
  4.651097089140e-01
  6.915394208990e-01
  1.135978307310e+00
  6.008653058510e-01
  1.354326941410e+00
  2.274281004340e+00
  7.817583013640e-01
  1.207645508350e+00
  9.733024340090e-01
  5.489384569890e-01
  3.069811950300e-01
  5.469285892260e-02
  1.291105534730e-01
  8.475089052060e-02
  1.883527472130e-01
  2.004502424500e+00
  4.205935515430e-01
  2.749488120130e-01
  6.903322356120e-01
  1.160086171370e+00
  1.319210015390e-01
  1.813384826210e-01
  2.846735107150e-01
  3.588896030140e-01
  5.705835363330e-01
  1.030057967700e+00
  1.791791773330e+00
  3.242162985630e-01
  4.031852923090e-01
  6.122622649480e-01
  1.094956942670e+00
  1.977874347130e+00
  1.304668430300e+00
  8.919104892220e-01
  5.017660112540e-01
  3.061146825480e-01
  3.072147376990e-02
  4.734244053910e-02
  7.253007692170e-02
  1.047301815540e-01
  1.846256305550e-01
  1.639249609900e-01
  2.584198882170e-01
  4.033450510630e-01
  7.327574779360e-01
  2.189524765860e-01
  2.633061444050e-01
  5.206428562530e-01
  3.276869561170e-01
  4.688813267390e-01
  6.388835373950e-01
  1.341013044540e+00
  9.214498061590e-01
  5.261510649240e-01
  3.593563631500e-01
  2.331553024660e-01
  1.409218389650e-01
  7.983970053900e-02
  4.341568100510e-02
  3.061356019400e-02
  5.752997330690e-02
  9.340114160520e-02
  1.379259506650e-01
  2.066488171260e-01
  3.069247567820e-01
  5.003477642180e-01
  8.268112540630e-01
  1.164583081480e+00
  1.591046375450e+00
  1.053733024330e+00
  7.303958197120e-01
  5.230823684800e-01
  3.246713120870e-01
  1.993606763200e-01
  1.260718171660e-01
  8.098012400330e-02
  6.261550917330e-02
  1.207489172190e-01
  1.720584862310e-01
  1.479654059390e+00
  2.589917325350e-01
  7.895946945270e-01
  4.791554592790e-01
  1.476522516540e-01
  2.623925670430e-01
  7.297303266870e-01
  1.221368680920e+00
  4.544391241900e-01
  2.735586632670e+00
  1.768667523990e+00
  1.658111847830e-01
  1.870725357550e-01
  2.106531994870e-01
  1.167402770340e+00
  7.145597481000e-01
  4.607411735930e-01
  2.464806044580e-01
  2.483912075480e-01
  2.505703005500e-01
  5.236890147680e-01
  8.732151104790e-01
  2.701751668690e-01
  4.097527343860e-01
  1.267753326810e+00
  2.816258314050e+00
  1.797789807020e+00
  7.425624208440e-01
  2.875292319700e-01
  3.376606966840e-01
  7.886170583420e-01
  3.295379090510e-01
  1.360031081090e+00
  3.570014734420e-01
  6.409149184390e-01
  3.917325331600e-01
  8.080758589990e-01
  1.247384408960e+00
  3.299516006730e+00
  2.081090923060e+00
  4.615571261430e-01
  5.661568280940e-01
  7.935837228470e-01
  1.176395375450e+00
  1.691401061200e+00
  2.347732890430e+00
  1.072081492610e+00
  7.205377759620e-01
  4.495196053680e-01
  2.468402282920e-01
  3.677465537830e-02
  5.993590982910e-02
  1.021136454980e-01
  1.668378964140e-01
  2.498659552100e-01
  2.114696921880e+00
  3.624288255930e+00
  1.364688571500e+00
  5.669353621300e-01
  3.616707006750e-01
  9.007425101950e-01
  1.417144668250e-01
  2.030138313830e-01
  3.093680906160e-01
  8.601633996630e-01
  5.261671682550e-01
  4.131642257040e-01
  5.775768653850e-01
  9.212641961150e-01
  1.570604725490e+00
  2.618575032240e+00
  5.483255668630e-01
  3.327564947170e-01
  2.295754520000e-01
  1.514184126820e-01
  2.210963019090e-01
  1.541148497930e-01
  1.639294358040e-01
  1.982849938690e-01
  2.295049579310e-01
  2.616951219350e-01
  6.053851843450e-01
  3.003380452930e-01
  3.298088684340e-01
  3.228744493560e-01
  6.541843497520e-01
  9.320882695310e-01
  1.359249110200e+00
  2.183294249430e+00
  9.553989279160e-01
  5.031740129060e-01
  3.178614998120e-01
  3.327255885690e-01
  3.648029571590e-01
  5.765905577530e-01
  4.317538352690e-01
  7.569291171530e-01
  5.486814950180e-01
  6.200272199010e-01
  9.685621973300e-01
  2.353374703110e+00
  5.434901627780e+00
  3.447775145220e+00
  1.669069941180e+00
  4.287732650580e-01
  3.508426646990e-01
  3.489137981580e-01
  3.634026109760e-01
  4.032886048260e-01
  3.792972512820e-01
  3.031982658590e+00
  7.007258554680e-01
  1.784134592480e+00
  1.204983876190e+00
  3.922248970920e-01
  4.145414887880e-01
  4.471214276200e-01
  5.142791300890e-01
  5.008788546700e-01
  4.842546775920e-01
  5.045342308670e-01
  5.314773911770e-01
  5.596795572700e-01
  6.010551561730e-01
  6.416157951700e-01
  7.035738077600e-01
  7.684454287370e-01
  8.622353984980e-01
  9.918651028270e-01
  1.180096900860e+00
  1.480990386700e+00
  1.960669629200e+00
  2.865154111550e+00
  4.818456452150e+00
  7.151225651840e+00
  5.409476864340e+00
  3.890408796280e+00
  2.349271883030e+00
  1.505776954190e+00
  1.029676847560e+00
  6.165171266570e-01
  3.933003547130e-01
  2.822385609710e-01
  1.835896455880e-01
  1.138190940480e-01
  6.984275955340e-02
  4.265972672060e-02
  4.082511773380e-02
  5.352668176270e-02
  7.116367702800e-02
  1.331049398460e-01
  1.890303132740e-01
  2.754936330410e-01
  1.579287392000e-01
  9.027007279660e-02
  1.082307977790e-01
  1.273038364870e-01
  1.421477489700e-01
  1.576057204990e-01
  1.723662543850e-01
  1.856401658500e-01
  1.984353026720e-01
  2.106521903640e-01
  2.256396340400e-01
  2.341008945500e-01
  2.441794160490e-01
  2.545637934330e-01
  2.646472439410e-01
  2.745663623900e-01
  2.841705001710e-01
  2.934708042080e-01
  3.028442281900e-01
  3.122336841260e-01
  3.270366300860e-01
  3.477460594710e-01
  3.413151825280e-01
  3.520815025750e-01
  3.631798844570e-01
  3.760330150320e-01
  3.871880349690e-01
  3.999184487850e-01
  4.138964381620e-01
  4.291470567120e-01
  4.534108994340e-01
  7.370516559140e-01
  1.276055269540e+00
  4.652194276340e-01
  4.856727604720e-01
  5.099759700470e-01
  5.384690036170e-01
  5.723704654300e-01
  6.137261386260e-01
  6.686395099610e-01
  1.095396702320e+00
  7.306825517100e-01
  8.161511151490e-01
  9.306176335100e-01
  1.086161572440e+00
  1.297462687840e+00
  1.570949058190e+00
  1.871385794980e+00
  2.075832907870e+00
  2.014006214950e+00
  1.717115272290e+00
  1.371458816930e+00
  1.102208355730e+00
  9.130750601610e-01
  8.047883345370e-01
  7.625671984070e-01
  8.018663032350e-01
  9.655662161430e-01
  1.077984601010e+00
  8.546494355530e-01
  6.661079942650e-01
  5.783124435930e-01
  5.360181607820e-01
  5.137313703870e-01
  5.013349550170e-01
  4.945484009990e-01
  4.912802213250e-01
  4.904575934070e-01
  4.915421164410e-01
  4.949539987300e-01
  4.982670363560e-01
  5.042435182850e-01
  5.128300916570e-01
  5.257590957060e-01
  5.476368094820e-01
  5.916016903610e-01
  6.924448560000e-01
  7.766250471950e-01
  6.296389997550e-01
  5.447516039810e-01
  5.223100943140e-01
  5.174058850950e-01
  5.179572465930e-01
  5.206413161180e-01
  5.241839444130e-01
  5.282244164600e-01
  5.324252666060e-01
  5.367784048750e-01
  5.412051000290e-01
  5.456916098730e-01
  5.501926073320e-01
  5.547211705260e-01
  5.592560159100e-01
  5.637846452950e-01
  5.682916988810e-01
  5.728198439760e-01
  5.773139184030e-01
  5.818013702440e-01
  5.862980540570e-01
  5.918225736080e-01
  5.952579684090e-01
  5.995395490370e-01
  6.002439097340e-01
  6.040886809910e-01
  6.042624756700e-01
  6.069373828510e-01
  6.088349958770e-01
  6.129616067510e-01
  6.134302369520e-01
  6.173044074200e-01
  6.177776605140e-01
  6.218770635470e-01
  6.220196029870e-01
  6.262872492050e-01
  6.262654012590e-01
  6.304295008410e-01
  6.307236303660e-01
  6.350460634220e-01
  6.349317856950e-01
  6.388986301260e-01
  6.397348411830e-01
  6.435047887800e-01
  6.438353502480e-01
  6.478229408920e-01
  6.483502298170e-01
  6.519072900250e-01
  6.526427206520e-01
  6.676658929970e-01
  6.586159983380e-01
  6.605307929780e-01
  6.608809348550e-01
  6.646554426490e-01
  6.649231681320e-01
  6.688426480020e-01
  6.691472645090e-01
  6.730174081220e-01
  6.743346104290e-01
  6.772945432310e-01
  6.773221169020e-01
  6.793806637120e-01
  6.802650551480e-01
  6.816685986780e-01
  6.855877712880e-01
  6.854603028350e-01
  6.897173735330e-01
  6.895814950980e-01
  6.935716561560e-01
  6.938078626600e-01
  6.976935835850e-01
  6.977341525700e-01
  7.015144443480e-01
  7.023873064030e-01
  7.056767373280e-01
  7.062020315170e-01
  7.108556195120e-01
  7.102229547260e-01
  7.323413512810e-01
  7.271956835900e-01
  7.228499862850e-01
  2.104390634660e+00
  4.940062316690e+00
  2.292549146450e+00
  7.994615891450e-01
  7.675457784630e-01
  7.224529099730e-01
  7.228348841470e-01
  7.250539324750e-01
  7.252105231390e-01
  7.265598278540e-01
  7.284126557290e-01
  7.287799978090e-01
  7.290691967780e-01
  7.323063010500e-01
  7.325014160690e-01
  7.358608600420e-01
  7.355805280210e-01
  7.365186792380e-01
  8.324850380640e-01
