211
  3.718100000000e-01
  3.620700000000e-01
  3.525900000000e-01
  3.433600000000e-01
  3.343600000000e-01
  3.256200000000e-01
  3.170900000000e-01
  3.087800000000e-01
  3.007000000000e-01
  2.928300000000e-01
  2.851600000000e-01
  2.776900000000e-01
  2.704200000000e-01
  2.633420000000e-01
  2.564460000000e-01
  2.497320000000e-01
  2.431930000000e-01
  2.368250000000e-01
  2.306240000000e-01
  2.245850000000e-01
  2.187050000000e-01
  2.129790000000e-01
  2.074020000000e-01
  2.019710000000e-01
  1.966840000000e-01
  1.915330000000e-01
  1.865180000000e-01
  1.816350000000e-01
  1.768790000000e-01
  1.722470000000e-01
  1.677380000000e-01
  1.633450000000e-01
  1.590690000000e-01
  1.549030000000e-01
  1.508480000000e-01
  1.468980000000e-01
  1.430510000000e-01
  1.393060000000e-01
  1.356590000000e-01
  1.321060000000e-01
  1.286480000000e-01
  1.252790000000e-01
  1.219980000000e-01
  1.188050000000e-01
  1.156930000000e-01
  1.126650000000e-01
  1.097140000000e-01
  1.068420000000e-01
  1.040440000000e-01
  1.013200000000e-01
  9.866700000000e-02
  9.608400000000e-02
  9.356800000000e-02
  9.111800000000e-02
  8.873200000000e-02
  8.640900000000e-02
  8.414600000000e-02
  8.194300000000e-02
  7.979700000000e-02
  7.770900000000e-02
  7.567300000000e-02
  7.369200000000e-02
  7.176300000000e-02
  6.988300000000e-02
  6.805400000000e-02
  6.627200000000e-02
  6.453600000000e-02
  6.284700000000e-02
  6.120100000000e-02
  5.959900000000e-02
  5.803900000000e-02
  5.651800000000e-02
  5.503900000000e-02
  5.359800000000e-02
  5.219400000000e-02
  5.082800000000e-02
  4.949600000000e-02
  4.820100000000e-02
  4.693900000000e-02
  4.571000000000e-02
  4.451300000000e-02
  4.334700000000e-02
  4.221200000000e-02
  4.110800000000e-02
  4.003000000000e-02
  3.898300000000e-02
  3.796200000000e-02
  3.696800000000e-02
  3.600000000000e-02
  3.505700000000e-02
  3.414000000000e-02
  3.324500000000e-02
  3.237600000000e-02
  3.152700000000e-02
  3.070200000000e-02
  2.989800000000e-02
  2.911500000000e-02
  2.835300000000e-02
  2.761000000000e-02
  2.688800000000e-02
  4.500740000000e-02
  4.298180000000e-02
  4.104720000000e-02
  3.919980000000e-02
  3.743560000000e-02
  3.575060000000e-02
  3.414160000000e-02
  3.260500000000e-02
  3.113760000000e-02
  2.973610000000e-02
  2.839770000000e-02
  2.711970000000e-02
  2.589900000000e-02
  2.473340000000e-02
  2.362030000000e-02
  2.255710000000e-02
  2.154190000000e-02
  2.057240000000e-02
  1.964640000000e-02
  1.876220000000e-02
  1.791780000000e-02
  1.711130000000e-02
  1.634130000000e-02
  1.560570000000e-02
  1.490330000000e-02
  1.423260000000e-02
  1.359200000000e-02
  1.298030000000e-02
  1.239610000000e-02
  1.183820000000e-02
  1.130530000000e-02
  1.079650000000e-02
  1.031060000000e-02
  9.846600000000e-03
  9.403400000000e-03
  8.980100000000e-03
  8.576000000000e-03
  8.190000000000e-03
  7.821400000000e-03
  7.469400000000e-03
  7.133200000000e-03
  6.812100000000e-03
  6.505600000000e-03
  6.212700000000e-03
  5.933200000000e-03
  5.666100000000e-03
  5.411000000000e-03
  5.167600000000e-03
  4.934900000000e-03
  4.712900000000e-03
  4.500740000000e-03
  4.298180000000e-03
  4.104720000000e-03
  3.919980000000e-03
  3.743560000000e-03
  3.575060000000e-03
  3.414160000000e-03
  3.260500000000e-03
  3.113760000000e-03
  2.973610000000e-03
  2.839770000000e-03
  2.711970000000e-03
  2.589900000000e-03
  2.473340000000e-03
  2.362030000000e-03
  2.255710000000e-03
  2.154190000000e-03
  2.057240000000e-03
  1.964640000000e-03
  1.876220000000e-03
  1.791780000000e-03
  1.711130000000e-03
  1.634130000000e-03
  1.560570000000e-03
  1.490330000000e-03
  1.423260000000e-03
  1.359210000000e-03
  1.298020000000e-03
  1.239610000000e-03
  1.183820000000e-03
  1.130530000000e-03
  1.079650000000e-03
  1.031060000000e-03
  9.846600000000e-04
  9.403400000000e-04
  8.980100000000e-04
  8.576000000000e-04
  8.190000000000e-04
  7.821400000000e-04
  7.469400000000e-04
  7.133200000000e-04
  6.812100000000e-04
  6.505600000000e-04
  6.212700000000e-04
  5.933200000000e-04
  5.666100000000e-04
  5.411000000000e-04
  5.167600000000e-04
  4.934900000000e-04
  4.712900000000e-04
  8.480089000000e-03
  1.288898000000e-03
  1.959010800000e-04
  2.977522100000e-05
  4.525568200000e-06
  6.878461000000e-07
  1.045465300000e-07
  1.589013400000e-08
  2.415159900000e-09
  3.670827800000e-10
  6.579332000000e-11
