211
  1.401409500000e+01
  1.364715500000e+01
  1.328982500000e+01
  1.294185000000e+01
  1.260299000000e+01
  1.227300000000e+01
  1.195164500000e+01
  1.163871000000e+01
  1.133397000000e+01
  1.103720500000e+01
  1.074821000000e+01
  1.046678500000e+01
  1.019273000000e+01
  9.925849000000e+00
  9.665955000000e+00
  9.412866000000e+00
  9.166403500000e+00
  8.926394500000e+00
  8.692670000000e+00
  8.465065500000e+00
  8.243420500000e+00
  8.027578500000e+00
  7.817388000000e+00
  7.612701500000e+00
  7.413374000000e+00
  7.219265500000e+00
  7.030240000000e+00
  6.846163500000e+00
  6.666906500000e+00
  6.492343500000e+00
  6.322351000000e+00
  6.156809500000e+00
  5.995602500000e+00
  5.838616500000e+00
  5.685741000000e+00
  5.536868000000e+00
  5.391893500000e+00
  5.250715000000e+00
  5.113232500000e+00
  4.979350000000e+00
  4.848973000000e+00
  4.722009500000e+00
  4.598371000000e+00
  4.477969500000e+00
  4.360720500000e+00
  4.246541500000e+00
  4.135352000000e+00
  4.027074000000e+00
  3.921631000000e+00
  3.818949000000e+00
  3.718955500000e+00
  3.621580000000e+00
  3.526754000000e+00
  3.434411000000e+00
  3.344486000000e+00
  3.256915500000e+00
  3.171638000000e+00
  3.088593500000e+00
  3.007723500000e+00
  2.928970500000e+00
  2.852279500000e+00
  2.777597000000e+00
  2.704869500000e+00
  2.634046500000e+00
  2.565078000000e+00
  2.497915000000e+00
  2.432511000000e+00
  2.368819500000e+00
  2.306795500000e+00
  2.246395500000e+00
  2.187576500000e+00
  2.130298000000e+00
  2.074519500000e+00
  2.020201000000e+00
  1.967305000000e+00
  1.915794000000e+00
  1.865632000000e+00
  1.816783500000e+00
  1.769213500000e+00
  1.722889000000e+00
  1.677777500000e+00
  1.633847500000e+00
  1.591068000000e+00
  1.549408000000e+00
  1.508839000000e+00
  1.469332500000e+00
  1.430860000000e+00
  1.393395000000e+00
  1.356911000000e+00
  1.321382500000e+00
  1.286784000000e+00
  1.253091500000e+00
  1.220281000000e+00
  1.188329500000e+00
  1.157215000000e+00
  1.126915000000e+00
  1.097408500000e+00
  1.068674500000e+00
  1.040693000000e+00
  1.013444000000e+00
  9.774963000000e-01
  9.335017000000e-01
  8.914872000000e-01
  8.513637000000e-01
  8.130460000000e-01
  7.764529000000e-01
  7.415068000000e-01
  7.081335000000e-01
  6.762622000000e-01
  6.458253500000e-01
  6.167584500000e-01
  5.889997500000e-01
  5.624904000000e-01
  5.371742000000e-01
  5.129973500000e-01
  4.899086500000e-01
  4.678591500000e-01
  4.468020000000e-01
  4.266926000000e-01
  4.074883000000e-01
  3.891483000000e-01
  3.716337500000e-01
  3.549074500000e-01
  3.389339500000e-01
  3.236794500000e-01
  3.091115000000e-01
  2.951992000000e-01
  2.819130500000e-01
  2.692248500000e-01
  2.571077000000e-01
  2.455359500000e-01
  2.344850500000e-01
  2.239315000000e-01
  2.138529000000e-01
  2.042279000000e-01
  1.950361500000e-01
  1.862581000000e-01
  1.778751000000e-01
  1.698694000000e-01
  1.622240000000e-01
  1.549227000000e-01
  1.479500500000e-01
  1.412912000000e-01
  1.349320500000e-01
  1.288591000000e-01
  1.230594500000e-01
  1.175209000000e-01
  1.122316000000e-01
  1.071803500000e-01
  1.023564500000e-01
  9.774963000000e-02
  9.335017000000e-02
  8.914872000000e-02
  8.513637000000e-02
  8.130460000000e-02
  7.764529000000e-02
  7.415068000000e-02
  7.081335000000e-02
  6.762622000000e-02
  6.458253500000e-02
  6.167584500000e-02
  5.889997500000e-02
  5.624904000000e-02
  5.371742000000e-02
  5.129973500000e-02
  4.899086500000e-02
  4.678591500000e-02
  4.468020000000e-02
  4.266926000000e-02
  4.074883000000e-02
  3.891483000000e-02
  3.716337500000e-02
  3.549074500000e-02
  3.389339500000e-02
  3.236794500000e-02
  3.091115000000e-02
  2.951991500000e-02
  2.819130000000e-02
  2.692248500000e-02
  2.571077000000e-02
  2.455359500000e-02
  2.344850500000e-02
  2.239315000000e-02
  2.138529000000e-02
  2.042279000000e-02
  1.950361500000e-02
  1.862581000000e-02
  1.778751000000e-02
  1.698694000000e-02
  1.622240000000e-02
  1.549227000000e-02
  1.479500500000e-02
  1.412912000000e-02
  1.349320500000e-02
  1.288591000000e-02
  1.230594500000e-02
  1.175209000000e-02
  1.122316000000e-02
  1.071803500000e-02
  1.023564500000e-02
  5.759955500000e-03
  8.754620000000e-04
  1.330624600000e-04
  2.022430950000e-05
  3.073914900000e-06
  4.672077500000e-07
  7.101143500000e-08
  1.079310300000e-08
  1.640456050000e-09
  2.493347100000e-10
  3.289666000000e-11
