211
  5.185728423645e+03
  5.117372156238e+03
  5.049940595920e+03
  4.983387283052e+03
  4.917714010699e+03
  4.852907659538e+03
  4.788948090950e+03
  4.725833022009e+03
  4.663554797029e+03
  4.602099740062e+03
  4.541460675529e+03
  4.481612482450e+03
  4.422552300861e+03
  4.364268379691e+03
  4.306754709620e+03
  4.249983707490e+03
  4.193969304682e+03
  4.138702831204e+03
  4.084156397562e+03
  4.030334000063e+03
  3.977226124187e+03
  3.924811509179e+03
  3.873086519768e+03
  3.822044012582e+03
  3.771677671947e+03
  3.721970144881e+03
  3.672928011750e+03
  3.624519562111e+03
  3.576757192832e+03
  3.529623301878e+03
  3.483105150753e+03
  3.437204998559e+03
  3.391906440106e+03
  3.347206853448e+03
  3.303093727808e+03
  3.259562047672e+03
  3.216607341626e+03
  3.174217766413e+03
  3.132386810287e+03
  3.091105722907e+03
  3.050368476424e+03
  3.010169880231e+03
  2.970500746156e+03
  2.931354406571e+03
  2.892722767347e+03
  2.854601143146e+03
  2.816981680780e+03
  2.779857418139e+03
  2.743223105792e+03
  2.707070859246e+03
  2.671395602021e+03
  2.636190432316e+03
  2.601449051513e+03
  2.567165120184e+03
  2.533333894050e+03
  2.499948276058e+03
  2.467002144079e+03
  2.434491174005e+03
  2.402407428083e+03
  2.370747310707e+03
  2.339504037495e+03
  2.308672689782e+03
  2.278247729845e+03
  2.248223530718e+03
  2.218594979470e+03
  2.189356969634e+03
  2.160504653893e+03
  2.132032429507e+03
  2.103935139042e+03
  2.076208402302e+03
  2.048846847681e+03
  2.021845950938e+03
  1.995200604491e+03
  1.968906952343e+03
  1.942959375828e+03
  1.917353990138e+03
  1.892086009689e+03
  1.867151080343e+03
  1.842544613072e+03
  1.818262456581e+03
  1.794300011268e+03
  1.770653918870e+03
  1.747319419403e+03
  1.724291654507e+03
  1.701568097096e+03
  1.679144100691e+03
  1.657015106013e+03
  1.635178037425e+03
  1.613628577878e+03
  1.592363280485e+03
  1.571378287323e+03
  1.550669828795e+03
  1.530234044792e+03
  1.510067602663e+03
  1.490167045177e+03
  1.470528740095e+03
  1.451149225328e+03
  1.432025063875e+03
  1.413153120511e+03
  1.394529750406e+03
  1.369513318791e+03
  1.338339422339e+03
  1.307875098390e+03
  1.278104074108e+03
  1.249010923729e+03
  1.220580041950e+03
  1.192796295638e+03
  1.165644842020e+03
  1.139111608187e+03
  1.113182240649e+03
  1.087843104450e+03
  1.063080755692e+03
  1.038882135599e+03
  1.015234294803e+03
  9.921244738703e+02
  9.695409029916e+02
  9.474712990960e+02
  9.259044929516e+02
  9.048283276661e+02
  8.842319174686e+02
  8.641041232589e+02
  8.444348215426e+02
  8.252132206700e+02
  8.064288507986e+02
  7.880723671093e+02
  7.701341581739e+02
  7.526034434618e+02
  7.354720369854e+02
  7.187309836279e+02
  7.023705004390e+02
  6.863823122024e+02
  6.707587326326e+02
  6.554901230748e+02
  6.405694166221e+02
  6.259882560873e+02
  6.117389974263e+02
  5.978143279068e+02
  5.842063323293e+02
  5.709082293567e+02
  5.579124503979e+02
  5.452123124815e+02
  5.328022526599e+02
  5.206744191617e+02
  5.088224673708e+02
  4.972403162448e+02
  4.859216354179e+02
  4.748593903149e+02
  4.640513523692e+02
  4.534880237148e+02
  4.431657551696e+02
  4.330779751624e+02
  4.232200214282e+02
  4.135862402912e+02
  4.041719385252e+02
  3.949719756920e+02
  3.859811672761e+02
  3.771952290839e+02
  3.686090950195e+02
  3.602174042606e+02
  3.520182490984e+02
  3.440056505547e+02
  3.361755792464e+02
  3.285219165054e+02
  3.210451103516e+02
  3.137372166470e+02
  3.065949595579e+02
  2.996166794852e+02
  2.927962569021e+02
  2.861305172246e+02
  2.796174510362e+02
  2.732533999192e+02
  2.670333330159e+02
  2.609544641003e+02
  2.550150002538e+02
  2.492096864526e+02
  2.435375566894e+02
  2.379940029625e+02
  2.325766174242e+02
  2.272825692950e+02
  2.221089729684e+02
  2.170531427609e+02
  2.121122480034e+02
  2.072836182781e+02
  2.025649711267e+02
  1.979541774954e+02
  1.934479892609e+02
  1.890445822262e+02
  1.847418495182e+02
  1.805361436740e+02
  1.764265004072e+02
  1.724105580143e+02
  1.684861047276e+02
  1.646508958656e+02
  1.609029364052e+02
  1.572404544634e+02
  1.536615768850e+02
  1.501634528957e+02
  1.467452481472e+02
  1.434049176917e+02
  1.401407544507e+02
  9.626679121385e+01
  3.753060396527e+01
  1.463168464974e+01
  5.704314572413e+00
  2.223885688717e+00
  8.670049141839e-01
  3.380108400076e-01
  1.317770290500e-01
  5.137465739525e-02
  2.002894182093e-02
  7.808492047441e-03
