1602
  1.410000000000e+01
  1.372756000000e+01
  1.319329000000e+01
  1.267981500000e+01
  1.218632000000e+01
  1.171203000000e+01
  1.125620000000e+01
  1.081811500000e+01
  1.039707500000e+01
  9.992422000000e+00
  9.603522000000e+00
  9.229756000000e+00
  8.870537000000e+00
  8.525298500000e+00
  8.193496500000e+00
  7.874608000000e+00
  7.568130500000e+00
  7.273581500000e+00
  6.990496000000e+00
  6.718428000000e+00
  6.456949000000e+00
  6.205646500000e+00
  5.964124500000e+00
  5.732002500000e+00
  5.508915000000e+00
  5.294510000000e+00
  5.088449000000e+00
  4.890408000000e+00
  4.700075000000e+00
  4.517149500000e+00
  4.341343500000e+00
  4.172379500000e+00
  4.009992000000e+00
  3.853924500000e+00
  3.703930500000e+00
  3.559775000000e+00
  3.421230000000e+00
  3.288076500000e+00
  3.160105500000e+00
  3.037115000000e+00
  2.918911500000e+00
  2.805308500000e+00
  2.696126500000e+00
  2.591194000000e+00
  2.490345500000e+00
  2.393422000000e+00
  2.300271000000e+00
  2.210745500000e+00
  2.124704000000e+00
  2.042011000000e+00
  1.962536500000e+00
  1.886155500000e+00
  1.812747000000e+00
  1.742195000000e+00
  1.674389000000e+00
  1.609222500000e+00
  1.546592500000e+00
  1.486399500000e+00
  1.428549000000e+00
  1.372950500000e+00
  1.319516000000e+00
  1.268161000000e+00
  1.218804500000e+00
  1.171369000000e+00
  1.125779500000e+00
  1.081964500000e+00
  1.039855000000e+00
  9.993840000000e-01
  9.604881000000e-01
  9.231062000000e-01
  8.871792000000e-01
  8.526504500000e-01
  8.194655500000e-01
  7.875722000000e-01
  7.569201500000e-01
  7.274610500000e-01
  6.991485000000e-01
  6.719379000000e-01
  6.457863000000e-01
  6.206525000000e-01
  5.964969000000e-01
  5.732814000000e-01
  5.509694500000e-01
  5.295259000000e-01
  5.089169000000e-01
  4.891100000000e-01
  4.700740000000e-01
  4.517789000000e-01
  4.341958000000e-01
  4.172970000000e-01
  4.010559500000e-01
  3.854470000000e-01
  3.704455000000e-01
  3.560278500000e-01
  3.421713500000e-01
  3.288541500000e-01
  3.160552500000e-01
  3.037545000000e-01
  2.919325000000e-01
  2.805705500000e-01
  2.696508000000e-01
  2.591561000000e-01
  2.490698500000e-01
  2.393761000000e-01
  2.300596500000e-01
  2.211058000000e-01
  2.125004500000e-01
  2.042300000000e-01
  1.962814000000e-01
  1.886422000000e-01
  1.813003000000e-01
  1.742441500000e-01
  1.674626500000e-01
  1.609450500000e-01
  1.546811000000e-01
  1.486609500000e-01
  1.428751000000e-01
  1.373144500000e-01
  1.319702500000e-01
  1.268340000000e-01
  1.218976500000e-01
  1.171534500000e-01
  1.125938500000e-01
  1.082117500000e-01
  1.040002000000e-01
  9.995253000000e-02
  9.606240500000e-02
  9.232369000000e-02
  8.873048000000e-02
  8.527711500000e-02
  8.195815500000e-02
  7.876837000000e-02
  7.570273000000e-02
  7.275640500000e-02
  6.992475000000e-02
  6.720330000000e-02
  6.458776500000e-02
  6.207403000000e-02
  5.965813000000e-02
  5.733625000000e-02
  5.510474000000e-02
  5.296008000000e-02
  5.089889000000e-02
  4.891792500000e-02
  4.701405500000e-02
  4.518428000000e-02
  4.342572000000e-02
  4.173560500000e-02
  4.011127000000e-02
  3.855015000000e-02
  3.704979000000e-02
  3.560782500000e-02
  3.422198000000e-02
  3.289007000000e-02
  3.161000000000e-02
  3.037975000000e-02
  2.919738000000e-02
  2.806103000000e-02
  2.696890000000e-02
  2.591927500000e-02
  2.491050500000e-02
  2.394099500000e-02
  2.300922000000e-02
  2.211371000000e-02
  2.125305000000e-02
  2.042589000000e-02
  1.963092000000e-02
  1.886689000000e-02
  1.813260000000e-02
  1.742688500000e-02
  1.674863500000e-02
  1.609678000000e-02
  1.547030000000e-02
  1.486820500000e-02
  1.428953500000e-02
  1.373339000000e-02
  1.319889500000e-02
  1.268519500000e-02
  1.219149000000e-02
  1.171700500000e-02
  1.126098000000e-02
  1.082270500000e-02
  1.040149000000e-02
  9.996666500000e-03
  9.607600000000e-03
  9.233675000000e-03
  8.874303500000e-03
  8.528918500000e-03
  8.196975500000e-03
  7.877951500000e-03
  7.571344000000e-03
  7.276670000000e-03
  6.993464500000e-03
  6.721281000000e-03
  6.459690500000e-03
  6.208281500000e-03
  5.966657000000e-03
  5.734436500000e-03
  5.511254000000e-03
  5.296757500000e-03
  5.090609500000e-03
  4.892484500000e-03
  4.702070500000e-03
  4.519067500000e-03
  4.343187000000e-03
  4.174151500000e-03
  4.011694500000e-03
  3.855560500000e-03
  3.705503500000e-03
  3.561286500000e-03
  3.422682500000e-03
  3.289473000000e-03
  3.161447500000e-03
  3.038404500000e-03
  2.920151000000e-03
  2.806500000000e-03
  2.697271500000e-03
  2.592294500000e-03
  2.491403500000e-03
  2.394439000000e-03
  2.301248000000e-03
  2.243434500000e-03
  2.221203000000e-03
  2.199539000000e-03
  2.177877500000e-03
  2.160989000000e-03
  2.137479500000e-03
  2.105116000000e-03
  2.086440500000e-03
  2.081802000000e-03
  2.065609000000e-03
  2.041288000000e-03
  2.019270000000e-03
  2.004667000000e-03
  1.990021500000e-03
  1.967223000000e-03
  1.955295500000e-03
  1.943624000000e-03
  1.928900000000e-03
  1.919378000000e-03
  1.910629000000e-03
  1.893553500000e-03
  1.869024500000e-03
  1.853678000000e-03
  1.844244500000e-03
  1.821979500000e-03
  1.797206000000e-03
  1.783480000000e-03
  1.768781000000e-03
  1.752282500000e-03
  1.737016500000e-03
  1.718925000000e-03
  1.702663500000e-03
  1.690988000000e-03
  1.673599000000e-03
  1.652030000000e-03
  1.630236500000e-03
  1.614815000000e-03
  1.603121000000e-03
  1.592886000000e-03
  1.584249500000e-03
  1.575483500000e-03
  1.566449500000e-03
  1.552705500000e-03
  1.535714000000e-03
  1.521223500000e-03
  1.506388500000e-03
  1.488511000000e-03
  1.474705500000e-03
  1.463985000000e-03
  1.458432500000e-03
  1.447592000000e-03
  1.436308000000e-03
  1.430170000000e-03
  1.423512500000e-03
  1.416482000000e-03
  1.406060500000e-03
  1.390941500000e-03
  1.374564500000e-03
  1.365026000000e-03
  1.357516500000e-03
  1.349647000000e-03
  1.338760000000e-03
  1.325983500000e-03
  1.311028500000e-03
  1.297607000000e-03
  1.289999000000e-03
  1.284941000000e-03
  1.279225000000e-03
  1.268865500000e-03
  1.253281500000e-03
  1.238375500000e-03
  1.223314000000e-03
  1.209296000000e-03
  1.201177000000e-03
  1.196141000000e-03
  1.190536500000e-03
  1.181758500000e-03
  1.173161000000e-03
  1.166931000000e-03
  1.161241500000e-03
  1.152992500000e-03
  1.147602000000e-03
  1.144558500000e-03
  1.138204500000e-03
  1.128992000000e-03
  1.114001500000e-03
  1.100244500000e-03
  1.094035000000e-03
  1.083166000000e-03
  1.073659500000e-03
  1.068028000000e-03
  1.062262000000e-03
  1.059069000000e-03
  1.053859500000e-03
  1.044793000000e-03
  1.033594000000e-03
  1.023887500000e-03
  1.017796000000e-03
  1.010998000000e-03
  1.003388000000e-03
  9.958047000000e-04
  9.890727000000e-04
  9.836119500000e-04
  9.718322500000e-04
  9.581516500000e-04
  9.501618500000e-04
  9.463224500000e-04
  9.433759500000e-04
  9.355861000000e-04
  9.275080000000e-04
  9.239902500000e-04
  9.211811000000e-04
  9.162112000000e-04
  9.113092500000e-04
  9.077090000000e-04
  9.042725000000e-04
  9.000142500000e-04
  8.930109000000e-04
  8.867097500000e-04
  8.786925000000e-04
  8.716374000000e-04
  8.688645500000e-04
  8.653861500000e-04
  8.609738500000e-04
  8.533944000000e-04
  8.440577000000e-04
  8.381866500000e-04
  8.298872500000e-04
  8.209267000000e-04
  8.153915500000e-04
  8.100227000000e-04
  8.054841500000e-04
  8.008642500000e-04
  7.958224500000e-04
  7.919627500000e-04
  7.839115500000e-04
  7.757991000000e-04
  7.732552500000e-04
  7.719077000000e-04
  7.669097000000e-04
  7.609816000000e-04
  7.564124000000e-04
  7.507539000000e-04
  7.452928500000e-04
  7.410474500000e-04
  7.394419000000e-04
  7.388006500000e-04
  7.380651500000e-04
  7.358543000000e-04
  7.312235500000e-04
  7.249738500000e-04
  7.175023000000e-04
  7.074695500000e-04
  6.995868000000e-04
  6.962041500000e-04
  6.917783500000e-04
  6.871368500000e-04
  6.836357500000e-04
  6.788413500000e-04
  6.745129500000e-04
  6.714387000000e-04
  6.663877500000e-04
  6.609154000000e-04
  6.571678500000e-04
  6.533531000000e-04
  6.471486000000e-04
  6.420787000000e-04
  6.401178000000e-04
  6.378907000000e-04
  6.357996500000e-04
  6.340896500000e-04
  6.323832000000e-04
  6.299729500000e-04
  6.269432000000e-04
  6.226640000000e-04
  6.176363000000e-04
  6.127563500000e-04
  6.093466000000e-04
  6.066047500000e-04
  6.041229500000e-04
  6.008951500000e-04
  5.964989000000e-04
  5.931954500000e-04
  5.885654500000e-04
  5.852421000000e-04
  5.836158500000e-04
  5.804699000000e-04
  5.773335500000e-04
  5.750944500000e-04
  5.737448000000e-04
  5.712758500000e-04
  5.661305000000e-04
  5.626023000000e-04
  5.611725500000e-04
  5.585325000000e-04
  5.556444000000e-04
  5.529385000000e-04
  5.477869500000e-04
  5.431356500000e-04
  5.414392500000e-04
  5.404973000000e-04
  5.383493000000e-04
  5.350556500000e-04
  5.320181000000e-04
  5.294993000000e-04
  5.272820000000e-04
  5.242891000000e-04
  5.218124000000e-04
  5.201043000000e-04
  5.179373000000e-04
  5.156197000000e-04
  5.136792000000e-04
  5.116135500000e-04
  5.092595500000e-04
  5.059761500000e-04
  5.014663500000e-04
  4.970544000000e-04
  4.922239000000e-04
  4.873362500000e-04
  4.843812500000e-04
  4.822183500000e-04
  4.802928500000e-04
  4.784088000000e-04
  4.752769500000e-04
  4.720391000000e-04
  4.695434000000e-04
  4.670625000000e-04
  4.652213500000e-04
  4.640043500000e-04
  4.629796500000e-04
  4.617802000000e-04
  4.595330500000e-04
  4.570242500000e-04
  4.543775000000e-04
  4.509511000000e-04
  4.482671000000e-04
  4.452325000000e-04
  4.422917500000e-04
  4.403965000000e-04
  4.381975000000e-04
  4.345447500000e-04
  4.303143000000e-04
  4.280717500000e-04
  4.265896000000e-04
  4.253865000000e-04
  4.242010000000e-04
  4.222209000000e-04
  4.204543000000e-04
  4.189451000000e-04
  4.177694500000e-04
  4.161177000000e-04
  4.139721500000e-04
  4.112009000000e-04
  4.084909000000e-04
  4.065302000000e-04
  4.039089500000e-04
  4.009220500000e-04
  3.979507500000e-04
  3.949356000000e-04
  3.918423500000e-04
  3.891094500000e-04
  3.872744500000e-04
  3.856797000000e-04
  3.840989500000e-04
  3.822844500000e-04
  3.804589000000e-04
  3.789482000000e-04
  3.756415500000e-04
  3.727271000000e-04
  3.710987500000e-04
  3.696237000000e-04
  3.688517000000e-04
  3.670315000000e-04
  3.643931000000e-04
  3.618631000000e-04
  3.582027000000e-04
  3.546309000000e-04
  3.523123500000e-04
  3.502001000000e-04
  3.483155500000e-04
  3.464041500000e-04
  3.441498000000e-04
  3.421666500000e-04
  3.407446500000e-04
  3.395089000000e-04
  3.383145500000e-04
  3.366512000000e-04
  3.352304000000e-04
  3.344830500000e-04
  3.330159000000e-04
  3.313604500000e-04
  3.299392500000e-04
  3.284606500000e-04
  3.268502500000e-04
  3.250156000000e-04
  3.232777500000e-04
  3.213182000000e-04
  3.196262500000e-04
  3.183976000000e-04
  3.171498000000e-04
  3.161028500000e-04
  3.143565500000e-04
  3.119618000000e-04
  3.103727500000e-04
  3.085419500000e-04
  3.063845500000e-04
  3.042841500000e-04
  3.027380000000e-04
  3.017394000000e-04
  2.999769500000e-04
  2.987228500000e-04
  2.983449500000e-04
  2.980396000000e-04
  2.968963000000e-04
  2.950645000000e-04
  2.929730000000e-04
  2.906872500000e-04
  2.890543500000e-04
  2.880060500000e-04
  2.872384000000e-04
  2.866081000000e-04
  2.848319000000e-04
  2.828029500000e-04
  2.814267000000e-04
  2.796509000000e-04
  2.781532000000e-04
  2.770335500000e-04
  2.762015000000e-04
  2.759165500000e-04
  2.756442000000e-04
  2.753734000000e-04
  2.752095500000e-04
  2.747808500000e-04
  2.737258500000e-04
  2.729152000000e-04
  2.725870000000e-04
  2.722321500000e-04
  2.712719000000e-04
  2.697800000000e-04
  2.682689500000e-04
  2.665030500000e-04
  2.650038000000e-04
  2.643509500000e-04
  2.641262500000e-04
  2.638020500000e-04
  2.635434500000e-04
  2.632234500000e-04
  2.623895500000e-04
  2.613558500000e-04
  2.604431000000e-04
  2.595313500000e-04
  2.588747000000e-04
  2.581568000000e-04
  2.562066500000e-04
  2.544294000000e-04
  2.534537000000e-04
  2.523463000000e-04
  2.515101500000e-04
  2.505946500000e-04
  2.490461000000e-04
  2.476683500000e-04
  2.459621000000e-04
  2.444176000000e-04
  2.440500500000e-04
  2.437940000000e-04
  2.434729500000e-04
  2.431290500000e-04
  2.420408500000e-04
  2.399587000000e-04
  2.380270000000e-04
  2.368516000000e-04
  2.359412000000e-04
  2.350460500000e-04
  2.344847000000e-04
  2.339872000000e-04
  2.332273500000e-04
  2.322096000000e-04
  2.311309500000e-04
  2.298508500000e-04
  2.288337500000e-04
  2.283123500000e-04
  2.273433000000e-04
  2.260923000000e-04
  2.253525000000e-04
  2.248002000000e-04
  2.243087500000e-04
  2.234980000000e-04
  2.223000500000e-04
  2.212924000000e-04
  2.205522500000e-04
  2.197953500000e-04
  2.180721000000e-04
  2.154741500000e-04
  2.133788000000e-04
  2.122955000000e-04
  2.117153000000e-04
  2.112302500000e-04
  2.107913000000e-04
  2.103192500000e-04
  2.095609500000e-04
  2.088451000000e-04
  2.084988000000e-04
  2.074700000000e-04
  2.063489500000e-04
  2.054237000000e-04
  2.042742000000e-04
  2.031829500000e-04
  2.021983000000e-04
  2.016279000000e-04
  2.010202000000e-04
  2.006031500000e-04
  2.004111500000e-04
  2.001353500000e-04
  1.995825000000e-04
  1.990806000000e-04
  1.983759000000e-04
  1.974034500000e-04
  1.969956000000e-04
  1.964878500000e-04
  1.958241500000e-04
  1.949083000000e-04
  1.936393500000e-04
  1.927667000000e-04
  1.923392000000e-04
  1.920437500000e-04
  1.918051000000e-04
  1.916249000000e-04
  1.914460000000e-04
  1.912906500000e-04
  1.911395000000e-04
  1.909772000000e-04
  1.907774000000e-04
  1.900179500000e-04
  1.883377500000e-04
  1.865928000000e-04
  1.854246000000e-04
  1.847202000000e-04
  1.838601500000e-04
  1.827852000000e-04
  1.819809000000e-04
  1.811894000000e-04
  1.802724000000e-04
  1.796042500000e-04
  1.791925000000e-04
  1.786485500000e-04
  1.780420500000e-04
  1.776154000000e-04
  1.773686500000e-04
  1.772449500000e-04
  1.769535500000e-04
  1.764781000000e-04
  1.759975500000e-04
  1.755603000000e-04
  1.749957000000e-04
  1.743804000000e-04
  1.737651500000e-04
  1.730779000000e-04
  1.726035500000e-04
  1.716452500000e-04
  1.702872500000e-04
  1.691644500000e-04
  1.683437500000e-04
  1.678648000000e-04
  1.672837500000e-04
  1.664073000000e-04
  1.656033000000e-04
  1.651610000000e-04
  1.646132500000e-04
  1.641267000000e-04
  1.639154000000e-04
  1.636664000000e-04
  1.633901500000e-04
  1.627177500000e-04
  1.617762000000e-04
  1.608732000000e-04
  1.602366000000e-04
  1.600335500000e-04
  1.594049500000e-04
  1.583191000000e-04
  1.575398500000e-04
  1.569177000000e-04
  1.564550500000e-04
  1.558557500000e-04
  1.551962500000e-04
  1.546327000000e-04
  1.540779500000e-04
  1.536684500000e-04
  1.532947500000e-04
  1.527937000000e-04
  1.520512500000e-04
  1.510771000000e-04
  1.498676000000e-04
  1.489703500000e-04
  1.483745000000e-04
  1.477894500000e-04
  1.472760000000e-04
  1.468276000000e-04
  1.464806500000e-04
  1.460583500000e-04
  1.456119000000e-04
  1.452411500000e-04
  1.449656500000e-04
  1.448271000000e-04
  1.446567500000e-04
  1.444789500000e-04
  1.434243000000e-04
  1.420853000000e-04
  1.413228500000e-04
  1.406701000000e-04
  1.402569500000e-04
  1.397469000000e-04
  1.388510500000e-04
  1.378992000000e-04
  1.373505500000e-04
  1.371449500000e-04
  1.369936000000e-04
  1.366801500000e-04
  1.362955500000e-04
  1.359532500000e-04
  1.354763000000e-04
  1.349154000000e-04
  1.345931000000e-04
  1.343855000000e-04
  1.341832000000e-04
  1.339650000000e-04
  1.337056500000e-04
  1.331963000000e-04
  1.319621000000e-04
  1.306965500000e-04
  1.300071500000e-04
  1.295876500000e-04
  1.291461000000e-04
  1.285847500000e-04
  1.280478000000e-04
  1.275648000000e-04
  1.271158000000e-04
  1.267415500000e-04
  1.262454000000e-04
  1.256649500000e-04
  1.251154500000e-04
  1.245962500000e-04
  1.236025500000e-04
  1.222393500000e-04
  1.213848000000e-04
  1.207933000000e-04
  1.204259000000e-04
  1.203441500000e-04
  1.202492000000e-04
  1.200654000000e-04
  1.198516000000e-04
  1.197361500000e-04
  1.196732500000e-04
  1.195887500000e-04
  1.193454500000e-04
  1.189391500000e-04
  1.184288500000e-04
  1.179617500000e-04
  1.175616500000e-04
  1.169595500000e-04
  1.161273500000e-04
  1.152768500000e-04
  1.146071500000e-04
  1.141243500000e-04
  1.136756000000e-04
  1.131442000000e-04
  1.127001500000e-04
  1.123284500000e-04
  1.112558000000e-04
  1.101732500000e-04
  1.097575500000e-04
  1.090467500000e-04
  1.083814000000e-04
  1.080820500000e-04
  1.077611500000e-04
  1.072488000000e-04
  1.067228500000e-04
  1.064997000000e-04
  1.063154000000e-04
  1.061455000000e-04
  1.059048500000e-04
  1.053801500000e-04
  1.048606500000e-04
  1.044707000000e-04
  1.040735500000e-04
  1.037187500000e-04
  1.033369500000e-04
  1.027961000000e-04
  1.024121500000e-04
  1.021576000000e-04
  1.017615500000e-04
  1.010718500000e-04
  1.003938000000e-04
  1.000103450000e-04
  9.955546000000e-05
  9.893814000000e-05
  9.842189000000e-05
  9.812784500000e-05
  9.773354000000e-05
  9.738708000000e-05
  9.716136500000e-05
  9.636108000000e-05
  9.563645500000e-05
  9.550134000000e-05
  9.515408500000e-05
  9.458035000000e-05
  9.427975000000e-05
  9.422808000000e-05
  9.405083500000e-05
  9.363859500000e-05
  9.325803500000e-05
  9.304863500000e-05
  9.286431500000e-05
  9.267215000000e-05
  9.241339000000e-05
  9.204222000000e-05
  9.170043000000e-05
  9.118369000000e-05
  9.066117500000e-05
  9.049734000000e-05
  9.036428500000e-05
  9.024087500000e-05
  9.019535500000e-05
  9.015487500000e-05
  9.003007500000e-05
  8.964437500000e-05
  8.920629000000e-05
  8.893654500000e-05
  8.871202000000e-05
  8.834022500000e-05
  8.778614000000e-05
  8.724808500000e-05
  8.691834000000e-05
  8.678037500000e-05
  8.662723500000e-05
  8.631732000000e-05
  8.585478500000e-05
  8.551773000000e-05
  8.529435000000e-05
  8.490112000000e-05
  8.457651000000e-05
  8.440870500000e-05
  8.415738500000e-05
  8.381022000000e-05
  8.338043500000e-05
  8.295487000000e-05
  8.264479500000e-05
  8.225886500000e-05
  8.183693000000e-05
  8.150136000000e-05
  8.118312500000e-05
  8.092478500000e-05
  8.058755000000e-05
  8.015651000000e-05
  7.952051500000e-05
  7.884033000000e-05
  7.832399500000e-05
  7.775051000000e-05
  7.733893500000e-05
  7.716048000000e-05
  7.676062000000e-05
  7.616781000000e-05
  7.586105000000e-05
  7.578584500000e-05
  7.570301500000e-05
  7.538150000000e-05
  7.495572500000e-05
  7.477292500000e-05
  7.470864500000e-05
  7.464050000000e-05
  7.451886500000e-05
  7.440446000000e-05
  7.431346000000e-05
  7.424273500000e-05
  7.376778000000e-05
  7.306185000000e-05
  7.270766000000e-05
  7.254099000000e-05
  7.235816000000e-05
  7.219380500000e-05
  7.211369000000e-05
  7.202675000000e-05
  7.194321000000e-05
  7.176625000000e-05
  7.148644500000e-05
  7.125964000000e-05
  7.114092000000e-05
  7.104192000000e-05
  7.083657500000e-05
  7.065837000000e-05
  7.051425500000e-05
  7.027738500000e-05
  7.002808500000e-05
  6.969245500000e-05
  6.924818000000e-05
  6.898889000000e-05
  6.876232500000e-05
  6.840924500000e-05
  6.807228500000e-05
  6.747962000000e-05
  6.686055000000e-05
  6.656447000000e-05
  6.632243000000e-05
  6.603376500000e-05
  6.578135500000e-05
  6.555244500000e-05
  6.510048500000e-05
  6.469990500000e-05
  6.457208000000e-05
  6.446033000000e-05
  6.434143000000e-05
  6.421812000000e-05
  6.410634000000e-05
  6.368853000000e-05
  6.303187500000e-05
  6.224437500000e-05
  6.167259500000e-05
  6.143380500000e-05
  6.120292000000e-05
  6.099676500000e-05
  6.073783500000e-05
  6.045717000000e-05
  6.012221000000e-05
  5.985660000000e-05
  5.958216500000e-05
  5.931468500000e-05
  5.899918500000e-05
  5.862846000000e-05
  5.841316500000e-05
  5.821589500000e-05
  5.804339000000e-05
  5.787928500000e-05
  5.771631000000e-05
  5.759076000000e-05
  5.747531000000e-05
  5.722065500000e-05
  5.695454500000e-05
  5.674973500000e-05
  5.656588000000e-05
  5.646846500000e-05
  5.631679500000e-05
  5.608491500000e-05
  5.577408500000e-05
  5.554472500000e-05
  5.543360000000e-05
  5.529374500000e-05
  5.512160500000e-05
  5.499838000000e-05
  5.492914500000e-05
  5.482279000000e-05
  5.472728000000e-05
  5.468110500000e-05
  5.449123500000e-05
  5.417943000000e-05
  5.378351500000e-05
  5.340107000000e-05
  5.316493000000e-05
  5.296622500000e-05
  5.280190500000e-05
  5.264410000000e-05
  5.252701000000e-05
  5.242888000000e-05
  5.226967000000e-05
  5.205526500000e-05
  5.179232500000e-05
  5.158751000000e-05
  5.144350000000e-05
  5.125847500000e-05
  5.094947000000e-05
  5.065983500000e-05
  5.049001000000e-05
  5.023752000000e-05
  5.002227000000e-05
  4.994366000000e-05
  4.980176500000e-05
  4.960317000000e-05
  4.946957500000e-05
  4.932248000000e-05
  4.911966500000e-05
  4.875988500000e-05
  4.838023000000e-05
  4.811446500000e-05
  4.789028500000e-05
  4.776341500000e-05
  4.756134000000e-05
  4.733927000000e-05
  4.723629000000e-05
  4.716071000000e-05
  4.704613000000e-05
  4.691839500000e-05
  4.678535000000e-05
  4.655900500000e-05
  4.625542000000e-05
  4.603169500000e-05
  4.582983500000e-05
  4.554677000000e-05
  4.529865500000e-05
  4.516007000000e-05
  4.499484500000e-05
  4.481423500000e-05
  4.471156000000e-05
  4.458233500000e-05
  4.440310000000e-05
  4.413653000000e-05
  4.388142000000e-05
  4.360931500000e-05
  4.334243500000e-05
  4.307749000000e-05
  4.286045000000e-05
  4.270513500000e-05
  4.254230000000e-05
  4.242805000000e-05
  4.233306000000e-05
  4.228213500000e-05
  4.219464000000e-05
  4.208472500000e-05
  4.199080500000e-05
  4.191952000000e-05
  4.179364500000e-05
  4.146531500000e-05
  4.107862500000e-05
  4.076690000000e-05
  4.054243500000e-05
  4.038834500000e-05
  4.019900000000e-05
  3.990534500000e-05
  3.969501500000e-05
  3.966127000000e-05
  3.963478000000e-05
  3.960918000000e-05
  3.958084000000e-05
  3.955515000000e-05
  3.953395000000e-05
  3.950996500000e-05
  3.948599500000e-05
  3.940416000000e-05
  3.932171000000e-05
  3.929175500000e-05
  3.926203000000e-05
  3.924001500000e-05
  3.922195000000e-05
  3.920249000000e-05
  3.917283500000e-05
  3.914324500000e-05
  3.911656000000e-05
  3.908465000000e-05
  3.892465500000e-05
  3.869690500000e-05
  3.847383000000e-05
  3.821147000000e-05
  3.794348000000e-05
  3.752379000000e-05
  3.678818500000e-05
  3.628281000000e-05
  3.616540500000e-05
  3.602508500000e-05
  3.590847500000e-05
  3.581542000000e-05
  3.574331000000e-05
  3.567534500000e-05
  3.560795000000e-05
  3.555784000000e-05
  3.550379000000e-05
  3.545736500000e-05
  3.542296000000e-05
  3.538898000000e-05
  3.533821500000e-05
  3.526425500000e-05
  3.518901500000e-05
  3.510441500000e-05
  3.500839000000e-05
  3.493894000000e-05
  3.485813000000e-05
  3.473621500000e-05
  3.461949500000e-05
  3.444927500000e-05
  3.426543000000e-05
  3.414921500000e-05
  3.406932500000e-05
  3.401835500000e-05
  3.396536500000e-05
  3.390104500000e-05
  3.375537000000e-05
  3.361130000000e-05
  3.356880000000e-05
  3.351117500000e-05
  3.344891000000e-05
  3.342034500000e-05
  3.339080500000e-05
  3.336442500000e-05
  3.334425500000e-05
  3.332473000000e-05
  3.330861500000e-05
  3.328773500000e-05
  3.326138000000e-05
  3.321479500000e-05
  3.313436000000e-05
  3.280241500000e-05
  3.245800500000e-05
  3.236683500000e-05
  3.231842500000e-05
  3.228560500000e-05
  3.226029000000e-05
  3.223819500000e-05
  3.219719000000e-05
  3.209749500000e-05
  3.199616000000e-05
  3.194000000000e-05
  3.189977500000e-05
  3.187200500000e-05
  3.183588000000e-05
  3.179576000000e-05
  3.175662000000e-05
  3.170489500000e-05
  3.162371500000e-05
  3.152830000000e-05
  3.128978000000e-05
  3.108267500000e-05
  3.105758000000e-05
  3.103100500000e-05
  3.100603000000e-05
  3.098609500000e-05
  3.094966500000e-05
  3.085542500000e-05
  3.076753000000e-05
  3.072189000000e-05
  3.060534000000e-05
  3.048896000000e-05
  3.044697500000e-05
  3.040330000000e-05
  3.033997000000e-05
  3.025318500000e-05
  3.002042000000e-05
  2.982139500000e-05
  2.979717500000e-05
  2.975783500000e-05
  2.966555500000e-05
  2.958630000000e-05
  2.953533000000e-05
  2.943161500000e-05
  2.922144000000e-05
  2.892144000000e-05
  2.869517000000e-05
  2.856209500000e-05
  2.846919000000e-05
  2.836440000000e-05
  2.815163000000e-05
  2.798464500000e-05
  2.792144500000e-05
  2.786602000000e-05
  2.779663500000e-05
  2.768096500000e-05
  2.756208500000e-05
  2.738778500000e-05
  2.711683000000e-05
  2.688182500000e-05
  2.674102500000e-05
  2.666371000000e-05
  2.661848000000e-05
  2.657376000000e-05
  2.649529500000e-05
  2.639555500000e-05
  2.624865000000e-05
  2.612467500000e-05
  2.605960500000e-05
  2.596993000000e-05
  2.587935000000e-05
  2.579928500000e-05
  2.558722500000e-05
  2.529766000000e-05
  2.510816000000e-05
  2.473158500000e-05
  2.439382500000e-05
  2.430509500000e-05
  2.418586500000e-05
  2.405965500000e-05
  2.388565500000e-05
  2.372124000000e-05
  2.359717500000e-05
  2.350119500000e-05
  2.342698500000e-05
  2.336427500000e-05
  2.333825000000e-05
  2.327023500000e-05
  2.317839500000e-05
  2.310682000000e-05
  2.303056000000e-05
  2.296066000000e-05
  2.290531500000e-05
  2.281729000000e-05
  2.273294000000e-05
  2.268459000000e-05
  2.261042000000e-05
  2.251102000000e-05
  2.238441000000e-05
  2.199649000000e-05
  2.161655000000e-05
  2.148980500000e-05
  2.138937500000e-05
  2.133173500000e-05
  2.129883500000e-05
  2.127194000000e-05
  2.124753500000e-05
  2.122466000000e-05
  2.120614500000e-05
  2.118697500000e-05
  2.116169500000e-05
  2.109712000000e-05
  2.101285500000e-05
  2.096288500000e-05
  2.093914000000e-05
  2.091753500000e-05
  2.088826500000e-05
  2.085577500000e-05
  2.078718500000e-05
  2.069802500000e-05
  2.058592500000e-05
  2.042079500000e-05
  2.025697500000e-05
  2.010572000000e-05
  1.990343000000e-05
  1.973997000000e-05
  1.968127500000e-05
  1.964606000000e-05
  1.961730000000e-05
  1.958858000000e-05
  1.955990500000e-05
  1.953169500000e-05
  1.950566500000e-05
  1.948657500000e-05
  1.947269000000e-05
  1.946054000000e-05
  1.944838500000e-05
  1.943512500000e-05
  1.942313000000e-05
  1.940917500000e-05
  1.939263500000e-05
  1.936786000000e-05
  1.930042000000e-05
  1.923594500000e-05
  1.920990000000e-05
  1.918853000000e-05
  1.916817500000e-05
  1.914855000000e-05
  1.913406000000e-05
  1.911974500000e-05
  1.909893500000e-05
  1.907693000000e-05
  1.904330000000e-05
  1.899231000000e-05
  1.893440500000e-05
  1.888436500000e-05
  1.884709500000e-05
  1.881099500000e-05
  1.875756500000e-05
  1.868474000000e-05
  1.857408500000e-05
  1.848570000000e-05
  1.837591500000e-05
  1.824217000000e-05
  1.817656500000e-05
  1.807099500000e-05
  1.795129000000e-05
  1.787786000000e-05
  1.781294000000e-05
  1.775505500000e-05
  1.770559500000e-05
  1.761170000000e-05
  1.731516000000e-05
  1.702337000000e-05
  1.691725000000e-05
  1.686026500000e-05
  1.682881000000e-05
  1.679754000000e-05
  1.675169000000e-05
  1.664666000000e-05
  1.654647000000e-05
  1.649897000000e-05
  1.645005000000e-05
  1.641435000000e-05
  1.639959500000e-05
  1.638511500000e-05
  1.628277500000e-05
  1.614072500000e-05
  1.607908000000e-05
  1.600852500000e-05
  1.593253000000e-05
  1.590076000000e-05
  1.587640000000e-05
  1.585336500000e-05
  1.582874500000e-05
  1.579990000000e-05
  1.571321500000e-05
  1.561580000000e-05
  1.557536500000e-05
  1.554903000000e-05
  1.550800000000e-05
  1.545532000000e-05
  1.537304500000e-05
  1.527281000000e-05
  1.521493500000e-05
  1.518444500000e-05
  1.514882000000e-05
  1.504425000000e-05
  1.483065500000e-05
  1.468514000000e-05
  1.466073500000e-05
  1.464044500000e-05
  1.461670000000e-05
  1.459187500000e-05
  1.447610000000e-05
  1.428091000000e-05
  1.410041000000e-05
  1.388093000000e-05
  1.372262500000e-05
  1.366329500000e-05
  1.361209000000e-05
  1.355199500000e-05
  1.348883500000e-05
  1.329056500000e-05
  1.302851000000e-05
  1.292805000000e-05
  1.284244500000e-05
  1.270965000000e-05
  1.263367500000e-05
  1.260297500000e-05
  1.257853500000e-05
  1.256142000000e-05
  1.254729500000e-05
  1.253529000000e-05
  1.252475000000e-05
  1.251636000000e-05
  1.250411000000e-05
  1.248903000000e-05
  1.247582500000e-05
  1.246450000000e-05
  1.244878000000e-05
  1.240238000000e-05
  1.235487500000e-05
  1.233490500000e-05
  1.231807000000e-05
  1.230325000000e-05
  1.229021000000e-05
  1.227700500000e-05
  1.226455000000e-05
  1.225127500000e-05
  1.223516500000e-05
  1.221657000000e-05
  1.219745000000e-05
  1.217975000000e-05
  1.216207500000e-05
  1.214442500000e-05
  1.211801000000e-05
  1.208153500000e-05
  1.200863500000e-05
  1.190301500000e-05
  1.184362000000e-05
  1.181551000000e-05
  1.178251500000e-05
  1.176078500000e-05
  1.174169500000e-05
  1.171580500000e-05
  1.168500500000e-05
  1.163791500000e-05
  1.159101500000e-05
  1.156513000000e-05
  1.154221500000e-05
  1.152012500000e-05
  1.149958500000e-05
  1.147656500000e-05
  1.144786500000e-05
  1.141197500000e-05
  1.137211000000e-05
  1.130741500000e-05
  1.115240000000e-05
  1.082730000000e-05
  1.049495000000e-05
  1.034757000000e-05
  1.030495000000e-05
  1.027956500000e-05
  1.025442500000e-05
  1.023433000000e-05
  1.021304500000e-05
  1.016138500000e-05
  1.011190500000e-05
  1.008960000000e-05
  9.972701000000e-06
  9.834532500000e-06
  9.769005500000e-06
  9.625609000000e-06
  9.482540000000e-06
  9.435183000000e-06
  9.399059000000e-06
  9.316313500000e-06
  9.193985500000e-06
  9.093401000000e-06
  9.032079000000e-06
  8.987860500000e-06
  8.950873000000e-06
  8.926472500000e-06
  8.909170000000e-06
  8.894495500000e-06
  8.880873500000e-06
  8.864752500000e-06
  8.847856500000e-06
  8.819450000000e-06
  8.750250500000e-06
  8.695542000000e-06
  8.678838500000e-06
  8.657723000000e-06
  8.640689500000e-06
  8.628124000000e-06
  8.615796500000e-06
  8.597936000000e-06
  8.573854500000e-06
  8.548907000000e-06
  8.528630000000e-06
  8.510892500000e-06
  8.484249000000e-06
  8.451302500000e-06
  8.414584000000e-06
  8.378755000000e-06
  8.334024500000e-06
  8.291498500000e-06
  8.251585000000e-06
  8.175784000000e-06
  8.082129000000e-06
  7.992284500000e-06
  7.835872000000e-06
  7.618325500000e-06
  7.468000500000e-06
  7.384169000000e-06
  7.329305500000e-06
  7.296055000000e-06
  7.261413500000e-06
  7.236756500000e-06
  7.221024000000e-06
  7.206508500000e-06
  7.192082500000e-06
  7.180198500000e-06
  7.170781500000e-06
  7.161308000000e-06
  7.149809500000e-06
  7.139180500000e-06
  7.118022000000e-06
  7.075082500000e-06
  7.036879500000e-06
  7.019247000000e-06
  7.008116500000e-06
  6.998075500000e-06
  6.987138000000e-06
  6.973881500000e-06
  6.961978000000e-06
  6.945301000000e-06
  6.923870500000e-06
  6.885565500000e-06
  6.740302500000e-06
  6.606855000000e-06
  6.576620000000e-06
  6.555257500000e-06
  6.541136500000e-06
  6.527499500000e-06
  6.515860000000e-06
  6.505478000000e-06
  6.492924500000e-06
  6.482062500000e-06
  6.474337500000e-06
  6.465164500000e-06
  6.454543000000e-06
  6.445306000000e-06
  6.437459000000e-06
  6.416486000000e-06
  6.382190000000e-06
  6.357013500000e-06
  6.341630500000e-06
  6.330689500000e-06
  6.321776000000e-06
  6.311048500000e-06
  6.298696500000e-06
  6.283040000000e-06
  6.269522000000e-06
  6.250325500000e-06
  6.202066500000e-06
  6.144106500000e-06
  6.103886500000e-06
  6.074871500000e-06
  6.042890500000e-06
  5.991168000000e-06
  5.904684500000e-06
  5.736871500000e-06
  5.513594000000e-06
  5.351051000000e-06
  5.245887000000e-06
  5.108789000000e-06
  5.007717500000e-06
  4.983040500000e-06
  4.968220000000e-06
  4.953902500000e-06
  4.938588500000e-06
  4.925905000000e-06
  4.917616500000e-06
  4.909328000000e-06
  4.900215000000e-06
  4.893046000000e-06
  4.882866500000e-06
  4.848007500000e-06
  4.812392000000e-06
  4.801231000000e-06
  4.794882000000e-06
  4.788838500000e-06
  4.779632500000e-06
  4.767399500000e-06
  4.754267500000e-06
  4.741075500000e-06
  4.727917000000e-06
  4.708361500000e-06
  4.686860500000e-06
  4.660589500000e-06
  4.626772000000e-06
  4.587831000000e-06
  4.498107500000e-06
  4.345031000000e-06
  4.175923500000e-06
  4.013398000000e-06
  3.888776500000e-06
  3.829171500000e-06
  3.797593000000e-06
  3.767898500000e-06
  3.743929000000e-06
  3.725192500000e-06
  3.712931500000e-06
  3.703442500000e-06
  3.693721500000e-06
  3.686132000000e-06
  3.678771500000e-06
  3.670289500000e-06
  3.660175000000e-06
  3.648442000000e-06
  3.638297500000e-06
  3.608072500000e-06
  3.570979000000e-06
  3.554120500000e-06
  3.541063500000e-06
  3.521128500000e-06
  3.500571500000e-06
  3.483149000000e-06
  3.458675500000e-06
  3.399662000000e-06
  3.314197000000e-06
  3.256109500000e-06
  3.232782000000e-06
  3.211086500000e-06
  3.181968000000e-06
  3.133671500000e-06
  3.083422000000e-06
  3.046354500000e-06
  3.002627500000e-06
  2.921391000000e-06
  2.839671000000e-06
  2.783949500000e-06
  2.698417000000e-06
  2.593395500000e-06
  2.492461500000e-06
  2.395455500000e-06
  2.302225000000e-06
  2.212623000000e-06
  2.146266000000e-06
  2.113643000000e-06
  2.098121000000e-06
  2.088541500000e-06
  2.078542500000e-06
  2.068619000000e-06
  2.048253500000e-06
  2.017616500000e-06
  1.999247000000e-06
  1.989373500000e-06
  1.978165500000e-06
  1.964897000000e-06
  1.941061500000e-06
  1.887757500000e-06
  1.814286500000e-06
  8.891400000000e-07
