411
 -1.914324390305e-02
 -1.683704977859e-02
 -1.430167109950e-02
 -1.185590760102e-02
 -9.295901382720e-03
 -6.734322005388e-03
 -4.219807877347e-03
 -1.884989830425e-03
  5.879474781002e-04
  2.944332270561e-03
  4.994689599143e-03
  6.847749489466e-03
  8.519415834679e-03
  9.866701611440e-03
  1.090856745883e-02
  1.151620653288e-02
  1.168861041804e-02
  1.153646258181e-02
  1.134832004384e-02
  1.117191468835e-02
  1.102039693051e-02
  1.087406690043e-02
  1.072922058578e-02
  1.054255242370e-02
  1.034138433760e-02
  1.014456813387e-02
  9.955800173251e-03
  9.790511824296e-03
  9.630758975059e-03
  9.473441118249e-03
  9.332597224787e-03
  9.233831774687e-03
  9.139174636984e-03
  9.046002888001e-03
  8.936065006504e-03
  8.760776144995e-03
  8.581786082300e-03
  8.402066433425e-03
  8.229194354793e-03
  8.061950282952e-03
  7.897835425937e-03
  7.734787970869e-03
  7.574313683829e-03
  7.409443427508e-03
  7.230108269904e-03
  7.050989180520e-03
  6.870544503216e-03
  6.692087540282e-03
  6.507291919141e-03
  6.311762726628e-03
  6.117689250606e-03
  5.926957684478e-03
  5.735100955407e-03
  5.580987961656e-03
  5.517938279576e-03
  5.443729631248e-03
  5.262564499157e-03
  5.059261736627e-03
  4.850764396638e-03
  4.634373520093e-03
  4.450817299700e-03
  4.311467248418e-03
  4.166012845074e-03
  4.008888142873e-03
  3.833215636582e-03
  3.653933629395e-03
  3.487960927823e-03
  3.327538030787e-03
  3.174498643817e-03
  3.021791800645e-03
  2.876897389184e-03
  2.763583430115e-03
  2.636127907603e-03
  2.544684688481e-03
  2.450330982392e-03
  2.392269218719e-03
  2.318619936869e-03
  2.280452221826e-03
  2.226112910006e-03
  2.155297458320e-03
  2.094870542029e-03
  2.009892503973e-03
  1.965333262497e-03
  1.843519631718e-03
  1.845716847745e-03
  1.785823208396e-03
  1.723840793999e-03
  1.697250826623e-03
  1.637207909589e-03
  1.629650602706e-03
  1.584896007734e-03
  1.550720024659e-03
  1.573627698801e-03
  1.562224195432e-03
  1.534707345278e-03
  1.542208793265e-03
  1.495290578716e-03
  1.457857444237e-03
  1.374121237568e-03
  1.274855329664e-03
  1.275529920949e-03
  1.245492118310e-03
  1.176141913692e-03
  1.190536384645e-03
  1.166239954531e-03
  1.119600467613e-03
  9.720796675785e-04
  1.108670038688e-03
  1.072821839129e-03
  1.085011143265e-03
  1.059539859413e-03
  1.067457298509e-03
  1.065835012699e-03
  1.069908390276e-03
  1.043315995705e-03
  1.028769304440e-03
  9.940032796477e-04
  9.923767712351e-04
  9.003498116143e-04
  8.239583242772e-04
  7.091370751449e-04
  5.734404141775e-04
  5.657049388793e-04
  6.464036659496e-04
  6.412342844709e-04
  6.160399881104e-04
  5.650668133611e-04
  5.626831323272e-04
  5.280203801303e-04
  4.923392458358e-04
  4.990033042216e-04
 -1.623413554031e-04
  1.126446880533e-04
 -1.538987293672e-04
 -8.410215474408e-05
 -8.160113794370e-05
  1.447802512322e-04
  2.566439527051e-04
  1.764555319958e-04
  2.422795837942e-04
  3.143001137445e-04
  3.189387217907e-04
  4.078058374226e-04
  4.783061460351e-05
  6.918639862769e-05
 -1.116482787350e-03
 -2.015976525351e-04
  2.073564476339e-04
 -9.420897482901e-05
  4.354471557290e-04
 -4.361433815273e-04
 -2.689041236824e-04
 -1.753989242362e-03
 -2.430087134329e-04
  9.118785951118e-05
 -3.578977818005e-04
 -5.022325480375e-05
 -1.786328430728e-04
  1.075745280754e-05
 -1.529932353833e-04
 -6.522519470225e-04
 -1.412653575130e-04
 -1.085006780552e-03
 -5.073815964057e-04
 -2.945937342771e-04
  3.945434080221e-06
 -1.715121863018e-04
 -1.315087848964e-04
 -3.895664014547e-04
 -8.078023496418e-04
 -1.584698398949e-03
 -1.970657965815e-04
 -2.369679068111e-04
 -2.935277810734e-04
 -1.400864874092e-03
  3.463017018580e-04
  2.560828925795e-04
  7.863284688972e-05
 -2.843749064954e-04
 -9.504589054484e-04
 -1.073543065293e-03
 -3.262628510635e-04
  3.745740631848e-04
  9.656467923222e-05
 -1.707691071915e-03
 -7.824443771701e-04
 -5.584120497426e-04
 -1.522502889715e-04
 -1.072166438431e-04
  2.152052663692e-04
 -1.541591945815e-04
 -1.374911109243e-03
 -1.809272751426e-04
 -3.310784035409e-04
 -1.090573157288e-03
 -5.030896525939e-04
 -5.210447058961e-04
 -2.755580103661e-05
 -8.775532425204e-05
 -1.235014970986e-03
  2.439633485185e-04
 -5.944960960068e-04
 -7.521414265549e-04
  2.196758432992e-04
  5.930034877701e-04
  6.698961113794e-04
  5.605752756275e-04
  3.824719091119e-04
  6.078972237992e-04
  4.832840939290e-04
  4.123605254959e-04
  3.138160830417e-04
  3.889546109534e-04
  3.514441423395e-04
  3.412891982753e-04
  4.024548307860e-04
  3.360172955492e-04
  3.921655723254e-04
  3.542192174388e-04
  2.894449483381e-04
  1.835266586317e-04
  2.974313519871e-04
  3.584560017883e-04
  6.171434346728e-04
  2.467828015011e-04
  3.866990809400e-04
  3.343424546513e-04
  4.902082056792e-04
  2.851689422610e-04
  3.572890184794e-04
  5.087272588608e-04
  5.345670311379e-04
  5.161130095659e-04
  2.471862794454e-04
  5.178233011807e-04
  2.836015557603e-04
  3.371741318632e-04
  5.366509882295e-04
  5.153604815214e-04
  3.236571478275e-04
  2.211358699664e-04
  1.955852472821e-04
  6.760556901113e-04
  1.370102023464e-04
  5.941188683090e-04
  2.391171098032e-04
  9.710150057020e-04
  4.917293537710e-04
  7.589688402534e-05
  4.619129920749e-05
  5.098910050319e-04
  8.430411841531e-05
  3.931780761099e-05
  1.054277827665e-03
  1.324214438068e-04
  9.806209308568e-04
  1.383274699548e-04
  3.341442461770e-03
  1.067521119852e-03
  3.831346021912e-04
  2.627083585012e-04
  3.393825876260e-04
  1.399578363712e-03
 -1.929897766817e-05
  5.657055185069e-04
  3.874659370604e-04
  2.806156616330e-03
  2.533308488654e-04
  7.740897905581e-05
  2.709764401235e-05
  3.177467085017e-05
  3.350560657045e-05
  3.252860700697e-03
  2.208475637372e-05
  3.438477054496e-05
  1.157845156860e-03
  2.917983993850e-05
  4.385957949748e-05
  2.514151090610e-04
  2.959223412445e-04
  2.219389433876e-03
  2.016045917523e-03
  9.786326978578e-05
  3.566969058066e-05
  2.636652842597e-05
  2.452208556752e-05
  1.290102322182e-03
  3.034914790406e-05
  2.214822775093e-05
  2.000628049120e-05
  2.152669700889e-05
  1.894315170731e-05
  3.474249758828e-05
  7.638194912030e-05
  3.482138713296e-05
  2.683393782887e-05
  1.610640343283e-04
  5.729126878588e-04
  3.756050668768e-03
  3.466889860160e-05
  4.166143938661e-03
  6.194932641757e-05
  4.521970859739e-05
  5.585023599874e-05
  1.895224310722e-04
  2.804309671985e-04
  1.071377827425e-02
  5.203712450064e-05
  9.210322714481e-05
  1.321743470299e-04
  2.688788576115e-04
  2.018419788035e-04
  2.581624276952e-04
  1.471868356495e-03
  4.862849172707e-04
  6.357770450518e-04
  1.058334844020e-03
  1.724939269675e-03
  2.510136488723e-03
  4.362660530437e-03
  2.866916541644e-03
  1.627876070378e-03
  1.090073975299e-03
  7.351828408115e-04
  5.565447115623e-04
  3.913781508280e-04
  3.417582378420e-04
  3.617032145462e-04
  2.410155929152e-04
  2.020498218224e-04
  1.697177737529e-04
  1.490221100600e-04
  7.862226159100e-04
  1.085496169645e-02
  1.227200323850e-04
  1.082284586900e-04
  1.002684233900e-04
  9.486594845000e-05
  8.750829671253e-05
  3.927003629340e-04
  2.389546672100e-04
  7.107828199998e-05
  6.292974795202e-05
  5.684723489000e-05
  5.480422928300e-05
  5.696379531001e-05
  5.662822664002e-05
  5.586367269000e-05
  5.503189682998e-05
  5.447273727696e-05
  5.413610177002e-05
  5.912577545997e-05
  1.689823594080e-03
  4.381328191990e-04
  8.370684525680e-04
  5.073600834501e-05
  4.741599033228e-05
  4.714620836588e-05
  4.697768332595e-05
  4.584943972574e-05
  4.617379152794e-05
  4.653168345803e-05
  4.724874221829e-05
  4.843949834837e-05
  4.886932103199e-05
  4.915920793791e-05
  4.990282965850e-05
  5.041064843597e-05
  5.390819848206e-05
  6.798208889583e-04
  3.886842106859e-03
  8.314055875946e-05
  2.736172314290e-03
  1.025364471000e-04
  7.147937363955e-05
  6.058594440000e-05
  5.939902949997e-05
  5.916429312341e-05
  5.926637125009e-05
  5.940390700004e-05
  3.926768130350e-04
  2.904926389131e-04
  7.029515586521e-05
  7.350252004995e-05
  7.392852461002e-05
  7.833360460002e-05
  8.352122867006e-05
  8.864601960901e-05
  9.893631559993e-05
  1.342287261120e-04
  6.822469141900e-03
  1.503784679943e-03
  1.351758402000e-04
  1.140914381000e-04
  1.153609819000e-04
  1.217168409000e-04
  1.271451628000e-04
  1.353481854000e-04
  1.473093858000e-04
  1.611163455000e-04
  7.627637398400e-04
  5.103540645710e-03
  3.009093519470e-03
  8.299468701430e-03
  2.153027933511e-02
  5.523431497430e-02
  1.411996409416e-01
  3.593502242361e-01
  9.079556190810e-01
  2.291480748751e+00
  5.835933914460e+00
