411
  2.192522283010e-01
  2.210064984010e-01
  2.225862982470e-01
  2.241922885480e-01
  2.257790141340e-01
  2.273493943970e-01
  2.288874132500e-01
  2.301822707240e-01
  2.314097072690e-01
  2.326916913330e-01
  2.346883358260e-01
  2.368286148530e-01
  2.389942198350e-01
  2.413067016730e-01
  2.436455417110e-01
  2.459435458360e-01
  2.479353380430e-01
  2.497113144660e-01
  2.514610881370e-01
  2.532107779670e-01
  2.549928764500e-01
  2.567548702240e-01
  2.584892288430e-01
  2.600786941020e-01
  2.616022846670e-01
  2.631125647390e-01
  2.646512219080e-01
  2.663849278750e-01
  2.681235927220e-01
  2.698397428590e-01
  2.715018454940e-01
  2.730507495900e-01
  2.745734587230e-01
  2.760763604890e-01
  2.771002245580e-01
  2.763873127280e-01
  2.755198133720e-01
  2.768088179590e-01
  2.828315400800e-01
  2.888913061640e-01
  2.906927985820e-01
  2.847455955630e-01
  2.882261017970e-01
  2.919805843640e-01
  2.951653239550e-01
  2.946501770870e-01
  2.934482005800e-01
  3.008589367740e-01
  2.979483843880e-01
  3.033359590290e-01
  2.995216458320e-01
  3.029485245240e-01
  3.021489451160e-01
  3.001531462550e-01
  3.075936656990e-01
  3.057402310110e-01
  3.042571094460e-01
  3.107755262380e-01
  3.117257780580e-01
  3.082752870040e-01
  3.153132861090e-01
  3.036876166360e-01
  3.053501051750e-01
  3.073674573140e-01
  3.129701581740e-01
  3.138768366120e-01
  3.063215713120e-01
  3.122413106550e-01
  3.081799994250e-01
  3.158017898710e-01
  3.117842752180e-01
  3.136134415580e-01
  3.119035274230e-01
  3.131880427870e-01
  3.158076323270e-01
  3.102372358230e-01
  3.150792188310e-01
  3.128254934220e-01
  3.094198842460e-01
  3.119126380370e-01
  3.151151508800e-01
  3.203543932760e-01
  3.097882513830e-01
  3.106229393920e-01
  3.162674855160e-01
  3.221355586180e-01
  3.215195155940e-01
  2.920117343860e-01
  3.078559258670e-01
  3.218610778920e-01
  3.178322770130e-01
  2.940078975360e-01
  3.200620753790e-01
  3.172704392590e-01
  3.194881428400e-01
  2.957691801080e-01
  3.072660112220e-01
  3.045419182040e-01
  3.136472636540e-01
  3.074002372160e-01
  2.934697974090e-01
  2.989898534140e-01
  2.939687034720e-01
  2.913420725920e-01
  2.739138111110e-01
  2.885564624440e-01
  2.926763299070e-01
  2.967345172390e-01
  2.890938987940e-01
  2.697163823270e-01
  2.941517290140e-01
  2.809787650050e-01
  2.922550164390e-01
  3.185603698730e-01
  2.894916094640e-01
  2.949015076830e-01
  2.952891433980e-01
  2.659536347210e-01
  2.923924818960e-01
  2.692837833400e-01
  2.854427857240e-01
  2.927331906570e-01
  2.641527846170e-01
  2.861749194690e-01
  3.003882129750e-01
  2.888788886170e-01
  2.647715089130e-01
  2.741444945990e-01
  3.269830835700e-01
  3.446467566480e-01
  3.041944120180e-01
  2.920338035990e-01
  3.116135480840e-01
  2.585606171890e-01
  2.801174870740e-01
  2.355625566820e-01
  2.859456717700e-01
  2.548446728210e-01
  2.429497266400e-01
  2.322470102710e-01
  2.741527719890e-01
  2.475240615420e-01
  2.772076429220e-01
  2.671116601520e-01
  2.675242969780e-01
  2.639222346050e-01
  3.137045683810e-01
  2.717304744900e-01
  2.420705268300e-01
  2.464464808930e-01
  3.348496148200e-01
  1.927267612350e-01
  2.924347337520e-01
  2.449359268250e-01
  2.115349086360e-01
  2.026245839260e-01
  2.473027439000e-01
  2.597225491140e-01
  1.892988667970e-01
  2.290383184960e-01
  2.133370836370e-01
  2.884036355630e-01
  2.089037290440e-01
  2.825837430990e-01
  2.569733029260e-01
  1.927907624670e-01
  3.116121122430e-01
  3.070944044750e-01
  2.539223799470e-01
  1.613856546400e-01
  2.186504370930e-01
  3.133162428330e-01
  2.618710919030e-01
  2.285220115950e-01
  1.637082332610e-01
  2.547587607480e-01
  1.911423887580e-01
  2.341989109390e-01
  2.904023382500e-01
  1.836416295380e-01
  2.322405440430e-01
  2.862043917290e-01
  2.748466707550e-01
  1.794114729220e-01
  2.847342973730e-01
  1.987165973380e-01
  1.465575150380e-01
  2.093281587160e-01
  1.415248016560e-01
  2.028725732690e-01
  2.003772247870e-01
  2.200199714590e-01
  1.492489687150e-01
  1.657629842080e-01
  2.299605287250e-01
  2.804839070370e-01
  2.868371592300e-01
  2.126517952720e-01
  1.290250327940e-01
  2.789849251910e-01
  1.974340656980e-01
  1.477137659070e-01
  1.915438365660e-01
  2.223703429730e-01
  2.477998984960e-01
  3.367238853750e-01
  3.056724693520e-01
  1.898051470730e-01
  2.492568356280e-01
  1.200429045840e-01
  1.350826010450e-01
  2.022597662930e-01
  2.060160190570e-01
  2.334156596010e-01
  2.892264217970e-01
  2.495421085040e-01
  2.359418592310e-01
  3.314573881640e-01
  3.359549764960e-01
  4.114966874770e-01
  4.792085851390e-01
  1.992176084920e-01
  1.526686483590e-01
  1.913508736470e-01
  4.047243323230e-01
  6.829894271490e-02
  1.587006170960e-01
  4.048373270090e-01
  1.078780508980e-01
  1.968243385960e-01
  2.341650709310e-01
  2.272511053000e-01
  3.354651231730e-01
  2.007199328190e-01
  3.576517357720e-01
  5.817126206780e-01
  3.050293022590e-01
  1.853114560790e-01
  2.803153976800e-01
  1.804042877180e-01
  2.772544203270e-01
  4.767883799590e-01
  6.048484660090e-01
  1.087571480800e-01
  3.348963049100e-01
  9.196108153640e-02
  1.547851521940e-01
  1.919352252340e-01
  1.689835889140e-01
  1.898337269950e-01
  2.280872544240e-01
  2.533849089560e-01
  2.472836341790e-01
  2.564449448390e-01
  2.668198569760e-01
  3.096202383890e-01
  3.335242898710e-01
  3.504273226090e-01
  3.736848243320e-01
  5.080916594410e-01
  1.133219361410e+00
  1.101133764340e-01
  1.497457405500e-01
  2.548883391800e-01
  3.928956395430e-01
  7.948900302510e-01
  4.501186433210e-01
  2.116295333950e-01
  1.490656179670e-01
  1.739248313310e-01
  2.058488692250e-01
  2.491890499770e-01
  2.902900184490e-01
  3.173280227080e-01
  3.298328203320e-01
  3.299431256890e-01
  3.207437691820e-01
  3.397660331630e-01
  3.829479262430e-01
  4.516580254770e-01
  5.608188201690e-01
  5.006491169240e-01
  3.534822327040e-01
  3.493300049100e-01
  3.631736807580e-01
  4.066206319170e-01
  3.976956923090e-01
  3.859600165140e-01
  3.982940430470e-01
  4.126907606160e-01
  4.282778967810e-01
  4.467407562550e-01
  4.939154462210e-01
  5.271511047770e-01
  4.839924898280e-01
  4.822256150230e-01
  4.930515622900e-01
  5.036247209020e-01
  5.235914138660e-01
  5.435671386950e-01
  5.785917618950e-01
  5.873452886600e-01
  6.112470947180e-01
  6.413433942090e-01
  6.737893513180e-01
  7.085513088130e-01
  7.579722133400e-01
  8.050204214590e-01
  8.943977053600e-01
  9.904850998390e-01
  1.082275266290e+00
  1.209890491760e+00
  1.391645716460e+00
  1.644496132310e+00
  1.951400753050e+00
  2.386242779370e+00
  3.219266915940e+00
  4.441619191560e+00
  5.947882708190e+00
  7.097511877580e+00
  3.304972708120e+00
  1.270926052380e+00
  6.278152135700e-01
  2.998740996990e-01
  1.396361145260e-01
  7.457125880390e-02
  5.542898867150e-02
  4.530578258610e-02
  3.836905437240e-02
  4.125954516720e-02
  5.021687861400e-02
  6.663230405200e-02
  7.914867554000e-02
  9.539038943020e-02
  9.006292715060e-02
  9.670232001830e-02
  1.032831477990e-01
  1.094582900030e-01
  1.188158740010e-01
  1.363839737100e-01
  1.562189375690e-01
  1.703467188250e-01
  1.734883431610e-01
  1.767360172860e-01
  1.827922449730e-01
  1.886659990300e-01
  1.943892242100e-01
  1.979507372970e-01
  2.007497237790e-01
  2.055240185160e-01
  2.109286961160e-01
  2.167681931810e-01
  2.338367564290e-01
  2.267859575590e-01
  2.308555223230e-01
  2.385744580270e-01
  2.467382357620e-01
  2.566601718580e-01
  2.670376098680e-01
  2.746375503550e-01
  2.797715416780e-01
  2.828480204260e-01
  2.883074970670e-01
  2.961478717070e-01
  2.997814131530e-01
  3.016349879630e-01
  3.050883096250e-01
  3.085034318170e-01
  3.119472536170e-01
  3.176517192000e-01
  3.310839623050e-01
  3.259805685640e-01
  3.544243695570e-01
  3.365928006030e-01
  3.407705317670e-01
  3.465777821330e-01
  3.503559671400e-01
  3.541601104950e-01
  3.565442886130e-01
  3.584666110190e-01
  3.701558981280e-01
  3.862902998500e-01
  3.985135109250e-01
  4.051180265210e-01
  4.096024607230e-01
  4.166455182500e-01
  4.231827904670e-01
  4.295085553860e-01
  4.360513750310e-01
  4.430785491240e-01
  5.300547372070e-01
  4.725956843450e-01
  4.638182955750e-01
  4.742523546010e-01
  4.867470483450e-01
  4.991906815300e-01
  5.090356303670e-01
  5.225101044930e-01
  5.407670427310e-01
  5.605352308520e-01
  6.971441058540e-01
  7.669320072520e-01
  9.203957308930e-01
  9.592587154570e-01
  9.780035154270e-01
  1.013048087430e+00
  1.102431254140e+00
  1.341833665920e+00
  2.023063312180e+00
  4.067847904360e+00
  9.815986255310e+00
