1601
 -1.992627449827e-02
 -1.939651118054e-02
 -1.886829300099e-02
 -1.834183081780e-02
 -1.777868432900e-02
 -1.712746111876e-02
 -1.647509158186e-02
 -1.582379369383e-02
 -1.517766905470e-02
 -1.455233923212e-02
 -1.393258187134e-02
 -1.331473141365e-02
 -1.269968141867e-02
 -1.208620940698e-02
 -1.147556718006e-02
 -1.084196664404e-02
 -1.017279679463e-02
 -9.509645062297e-03
 -8.859747623760e-03
 -8.213338275081e-03
 -7.568488834866e-03
 -6.925532069071e-03
 -6.284751339874e-03
 -5.645795177907e-03
 -5.009272253440e-03
 -4.373479816676e-03
 -3.750634533914e-03
 -3.169108690396e-03
 -2.593611005615e-03
 -2.019698532145e-03
 -1.447569786843e-03
 -8.372734603412e-04
 -1.854330623817e-04
  4.638472589809e-04
  1.111921317313e-03
  1.753698308837e-03
  2.321794172034e-03
  2.861244806059e-03
  3.397841098868e-03
  3.932876781674e-03
  4.459034801971e-03
  4.942853390619e-03
  5.418545084395e-03
  5.892453085141e-03
  6.365088980125e-03
  6.826720028554e-03
  7.254059884507e-03
  7.676763145234e-03
  8.098347505445e-03
  8.518485219820e-03
  8.912563001563e-03
  9.233857784846e-03
  9.549386938362e-03
  9.863276674131e-03
  1.017616569356e-02
  1.046963869872e-02
  1.070505870132e-02
  1.093465513082e-02
  1.112192236035e-02
  1.128325871030e-02
  1.143283611928e-02
  1.153139280765e-02
  1.162297464775e-02
  1.167965944568e-02
  1.169916203584e-02
  1.171245321681e-02
  1.167507074832e-02
  1.162658513152e-02
  1.157811641314e-02
  1.153027486799e-02
  1.148241250445e-02
  1.143482916011e-02
  1.138748206883e-02
  1.134036318003e-02
  1.129338416533e-02
  1.124668358609e-02
  1.120179826525e-02
  1.116276425302e-02
  1.112446985125e-02
  1.108633636843e-02
  1.104859037492e-02
  1.101111566492e-02
  1.097387518550e-02
  1.093689124214e-02
  1.090029092043e-02
  1.086394443334e-02
  1.082754946586e-02
  1.079152975615e-02
  1.075582585316e-02
  1.072009148768e-02
  1.067950384007e-02
  1.062778231272e-02
  1.057602875693e-02
  1.052472397144e-02
  1.047357333170e-02
  1.042277527358e-02
  1.037231989541e-02
  1.032199090970e-02
  1.027225333808e-02
  1.022243985881e-02
  1.017315014244e-02
  1.012392725746e-02
  1.007505143503e-02
  1.002623301890e-02
  9.977943716232e-03
  9.934394463252e-03
  9.893174822669e-03
  9.852152761849e-03
  9.811302183167e-03
  9.770674761000e-03
  9.730191422136e-03
  9.689781898888e-03
  9.649651801380e-03
  9.609699033614e-03
  9.569867059157e-03
  9.530213532227e-03
  9.490706361206e-03
  9.451416949630e-03
  9.412251616685e-03
  9.373187077908e-03
  9.339824261255e-03
  9.315319085531e-03
  9.291215625528e-03
  9.267022144716e-03
  9.242673075154e-03
  9.218862731377e-03
  9.194868778502e-03
  9.170804830334e-03
  9.147238830678e-03
  9.123537206756e-03
  9.099729846376e-03
  9.076322968628e-03
  9.052882598453e-03
  9.029297120122e-03
  9.006209182820e-03
  8.982908871864e-03
  8.953751735245e-03
  8.908432409309e-03
  8.862542338355e-03
  8.816802913399e-03
  8.771210724096e-03
  8.725721087407e-03
  8.680480899397e-03
  8.635307587617e-03
  8.590239872615e-03
  8.545453165233e-03
  8.500775777151e-03
  8.456215842503e-03
  8.411403882826e-03
  8.367222850810e-03
  8.322826397282e-03
  8.279255499602e-03
  8.235401920340e-03
  8.192025051826e-03
  8.149697387325e-03
  8.107678536071e-03
  8.066290134773e-03
  8.024000516584e-03
  7.982344167901e-03
  7.941391923518e-03
  7.899353645762e-03
  7.857308135980e-03
  7.816285085850e-03
  7.776074712741e-03
  7.735939539120e-03
  7.694938800956e-03
  7.654401150304e-03
  7.614243665754e-03
  7.573931683823e-03
  7.533658718243e-03
  7.493640195694e-03
  7.453216265132e-03
  7.407762595640e-03
  7.361605470157e-03
  7.316402323139e-03
  7.270962438340e-03
  7.225978394116e-03
  7.180744274493e-03
  7.135754477390e-03
  7.090917057296e-03
  7.045330292273e-03
  6.999488903944e-03
  6.953955867156e-03
  6.908499857254e-03
  6.863300997193e-03
  6.818165913828e-03
  6.757904192812e-03
  6.728245183146e-03
  6.683559138750e-03
  6.638903126718e-03
  6.594481089583e-03
  6.546125835686e-03
  6.496286540755e-03
  6.446658016773e-03
  6.395722544088e-03
  6.344745356158e-03
  6.298056000985e-03
  6.248410477742e-03
  6.199631819363e-03
  6.151503653735e-03
  6.102975817927e-03
  6.053919196218e-03
  6.006456046368e-03
  5.958391994768e-03
  5.911079343866e-03
  5.861592085732e-03
  5.812986441990e-03
  5.765580919484e-03
  5.704492523361e-03
  5.674013890664e-03
  5.624564614738e-03
  5.588153365730e-03
  5.568684273097e-03
  5.556433801702e-03
  5.540368875954e-03
  5.524567870964e-03
  5.513417847845e-03
  5.496414747366e-03
  5.482887768182e-03
  5.469323530940e-03
  5.437562886667e-03
  5.387454412039e-03
  5.337161237222e-03
  5.282455800998e-03
  5.236621416100e-03
  5.186472150872e-03
  5.125748335708e-03
  5.084004072347e-03
  5.024886627925e-03
  4.981371384287e-03
  4.916337503865e-03
  4.861409033561e-03
  4.799255403359e-03
  4.762600410347e-03
  4.697906247067e-03
  4.656800254076e-03
  4.575157351425e-03
  4.554337310737e-03
  4.507192598453e-03
  4.471289933844e-03
  4.429785704741e-03
  4.396436183916e-03
  4.365179168099e-03
  4.284480161686e-03
  4.283975845790e-03
  4.248802566938e-03
  4.225605669942e-03
  4.175041429700e-03
  4.127536532855e-03
  4.103451271445e-03
  4.034188946865e-03
  4.022504451649e-03
  3.977392657619e-03
  3.932858593358e-03
  3.892983434573e-03
  3.819526438573e-03
  3.781374091283e-03
  3.762143300020e-03
  3.704285039513e-03
  3.662075853540e-03
  3.626926496518e-03
  3.549726203159e-03
  3.522131811151e-03
  3.485449742557e-03
  3.439615213787e-03
  3.404634594636e-03
  3.359349851512e-03
  3.332390860868e-03
  3.292290259213e-03
  3.256978018578e-03
  3.219268886436e-03
  3.177226472633e-03
  3.136128687312e-03
  3.096318527284e-03
  3.057421454949e-03
  2.972914723698e-03
  2.977671617524e-03
  2.948860611336e-03
  2.906627683665e-03
  2.880895182288e-03
  2.849548680667e-03
  2.819889812529e-03
  2.789667442637e-03
  2.761941291618e-03
  2.732729450711e-03
  2.702221053302e-03
  2.666504279951e-03
  2.641378714274e-03
  2.620289685949e-03
  2.572416806042e-03
  2.559335646545e-03
  2.541212047570e-03
  2.531063698052e-03
  2.503744464462e-03
  2.488727937895e-03
  2.468114799128e-03
  2.410726897389e-03
  2.432214311126e-03
  2.411149228312e-03
  2.370642924147e-03
  2.377469636373e-03
  2.349426301344e-03
  2.338112906346e-03
  2.282937145223e-03
  2.286628459830e-03
  2.302694704605e-03
  2.280544532231e-03
  2.274520670880e-03
  2.262670641217e-03
  2.205952132428e-03
  2.196028804201e-03
  2.223005248577e-03
  2.191720976073e-03
  2.175556897875e-03
  2.169626040278e-03
  2.144941759258e-03
  2.136804791543e-03
  2.111675725038e-03
  2.100793581241e-03
  2.087763222810e-03
  2.056662219346e-03
  2.053753234713e-03
  2.029015395574e-03
  2.010745745119e-03
  2.002163272113e-03
  1.981719507246e-03
  1.974428311270e-03
  1.943677418202e-03
  1.912476422062e-03
  1.927841863151e-03
  1.914271351115e-03
  1.761137752183e-03
  1.735656256580e-03
  1.867297740433e-03
  1.853048819272e-03
  1.839400320151e-03
  1.823530175946e-03
  1.814691380629e-03
  1.777964194545e-03
  1.781566672450e-03
  1.769105433565e-03
  1.733106864727e-03
  1.742825905448e-03
  1.727760458201e-03
  1.675457520143e-03
  1.680527927826e-03
  1.655299119745e-03
  1.691987599380e-03
  1.601690210961e-03
  1.675349349747e-03
  1.659376706071e-03
  1.658755379980e-03
  1.650856312830e-03
  1.502717288240e-03
  1.633348084921e-03
  1.569818478153e-03
  1.590018261065e-03
  1.611618609214e-03
  1.600229448739e-03
  1.555294567607e-03
  1.555280616676e-03
  1.573234110380e-03
  1.485061625098e-03
  1.491715705548e-03
  1.578776932553e-03
  1.276742704482e-03
  1.555660577589e-03
  1.570056088813e-03
  1.563783286004e-03
  1.562654738716e-03
  1.524483760652e-03
  1.512550905272e-03
  1.560400433870e-03
  1.427852865363e-03
  1.556795076338e-03
  1.523025064243e-03
  1.541780378791e-03
  1.079468049556e-03
  1.550760578421e-03
  1.536656190477e-03
  1.522674863983e-03
  1.516677010762e-03
  1.502795084513e-03
  1.496847190638e-03
  1.468155791084e-03
  1.466684291168e-03
  1.450962202450e-03
  1.433363027496e-03
  1.283459720138e-03
  1.417468562989e-03
  1.407127639868e-03
  1.325697281511e-03
  1.309221800489e-03
  7.678784203171e-04
  1.347562269356e-03
  1.353251910519e-03
  1.338028411235e-03
  1.332345720558e-03
  1.320763873966e-03
  1.308207248142e-03
  1.297299928420e-03
  1.065351950251e-03
  1.260431708474e-03
  1.233172500704e-03
  1.254176992882e-03
  1.235385649244e-03
  1.145315234425e-03
  1.178093627069e-03
  1.104490249372e-03
  1.195233236425e-03
  1.188519225400e-03
  1.179227227117e-03
  1.159579721960e-03
  6.904895627725e-04
  1.145940590592e-03
  1.127937160504e-03
  1.123111191489e-03
  1.116899793951e-03
  1.100568578286e-03
  1.035200607100e-03
  7.743336668082e-04
  1.060705195024e-03
  6.184951175683e-04
  1.101928561227e-03
  1.099175276182e-03
  1.089538314940e-03
  1.113718947375e-03
  1.117548727823e-03
  1.096390563345e-03
  5.714795750584e-04
  9.407751388295e-04
  1.102083841331e-03
  1.094048321119e-03
  1.085427860727e-03
  1.082732898860e-03
  1.067376217978e-03
  1.029790032848e-03
  8.093155767268e-04
  1.060779338391e-03
  1.014455985032e-03
  1.056882416670e-03
  1.054111994370e-03
  1.067639256485e-03
  1.105389993435e-03
  1.090924894025e-03
  1.041392660913e-03
  9.470290249388e-04
  1.088827896259e-03
  6.333475612136e-04
  1.061498397530e-03
  1.061664447516e-03
  1.060807505369e-03
  1.033558757183e-03
  1.013332199678e-03
  1.049991997793e-03
  1.047637672626e-03
  1.021242891150e-03
  1.028833668215e-03
  1.030502073027e-03
  1.008551052088e-03
  1.000291651980e-03
  8.514976620087e-04
  1.004866160964e-03
  9.976094441719e-04
  9.358154351937e-04
  9.869592088579e-04
  7.672092347573e-04
  5.456734605559e-04
  9.512660062118e-04
  8.577911301294e-04
  9.101452308384e-04
  8.792294168276e-04
 -5.507281749285e-04
  8.762675659882e-04
  8.652108581394e-04
  8.550438666786e-04
  8.123679011148e-04
  7.292504556137e-04
  8.218708192452e-04
  6.913892393358e-04
  2.980049924288e-04
  7.479689175213e-04
  7.340275806158e-04
  6.063451802470e-04
  7.309036636238e-04
  5.359735964416e-04
  6.927267723387e-04
  6.625922744040e-04
  5.378389818795e-04
  6.742429464959e-04
 -1.317232709458e-04
  6.014875226937e-04
  1.357366141517e-04
  6.255898860036e-04
  6.380080156964e-04
  6.382877563741e-04
  4.319472540667e-04
  6.177634980384e-04
  6.112066327057e-04
  5.457114070384e-04
  5.919416919202e-04
  5.857013572801e-04
  4.763545495941e-04
  4.023251715848e-04
  5.708732749105e-04
  5.428852907625e-04
  5.618587038271e-04
  5.181584131930e-04
 -8.303514648537e-04
  5.281584485418e-04
  4.418103528490e-04
  2.054583495030e-04
  4.370977092156e-04
  4.581699641346e-04
  2.723319914371e-04
  3.295286145264e-04
  4.832410116926e-04
  4.901548228051e-04
  4.616151881013e-04
  4.859364907258e-04
  4.736783612458e-04
 -1.191545646001e-05
  1.087370897102e-06
 -4.466828975149e-04
  4.470252726706e-04
  2.217073602601e-04
  7.668159807439e-05
  3.073163943009e-04
  1.084912307478e-04
 -6.226571033546e-04
  3.983151387860e-04
 -6.587748484098e-04
 -1.127318422117e-05
 -9.772134663931e-04
  4.064575547819e-04
  4.114429353097e-04
  2.149104632457e-04
 -1.109386846546e-03
  2.789735789233e-04
  3.453413874523e-04
  2.571707703416e-04
 -7.524293347788e-04
  3.868807027620e-04
  3.668743485051e-04
 -3.830274614099e-04
 -1.306970281538e-04
  2.561969960776e-04
  4.084500783197e-05
  3.749338742399e-04
 -2.118679645293e-04
  2.308085925506e-04
  2.820217121277e-04
  6.389998825471e-05
  3.506385910436e-04
  3.052794752640e-04
  3.436217054330e-04
 -5.792410482437e-04
  3.113810102308e-04
  3.368266898000e-04
  1.311978428216e-04
  3.339499491993e-04
  3.396282647806e-04
  3.069303077663e-04
  3.294544286227e-04
  3.291561239514e-04
  2.956018114379e-04
  2.288172108580e-04
  2.604268457933e-04
  1.104701965743e-04
  2.981917002791e-04
 -8.903140374988e-05
  2.171396246058e-04
  1.647070721930e-04
  1.845041945192e-05
  3.446154034121e-04
  2.277725782803e-04
  1.662486933920e-04
 -2.535103697641e-03
 -2.041702232738e-04
 -1.389704645415e-04
  1.136504535914e-04
  2.193095438777e-04
 -2.157228674319e-04
  2.727461864162e-04
  4.021990663503e-04
 -2.398312943144e-04
  3.217103167784e-04
  3.879652171851e-04
 -9.198546732834e-04
  2.602619205327e-05
 -1.277524609483e-04
  1.995905018859e-04
  1.747033051121e-04
  1.969423619809e-04
 -9.083453083470e-04
  5.706611702719e-04
  4.928127105021e-04
  1.174680509647e-04
  7.026123840650e-04
  1.644057297136e-04
  5.594980662262e-04
  8.643992596663e-05
  9.312266635533e-05
 -1.651264944321e-03
  3.309802934504e-07
 -8.119541640161e-04
 -1.376398909240e-04
  1.852999532343e-04
  1.282354733437e-04
 -1.319375072732e-03
  1.419147694787e-04
  1.711279360301e-04
  2.801685146400e-04
 -2.037353474347e-04
  2.104768751278e-04
  1.327371680032e-04
 -2.318569556560e-04
  9.568424116935e-05
 -1.245031930152e-04
 -3.666501144819e-04
  8.761404124602e-05
  1.760737336339e-04
 -1.108768734181e-04
  8.780799701227e-05
 -7.471638994266e-05
  1.149398967422e-04
  1.516132670668e-04
 -5.924050090267e-05
  9.620604805943e-05
 -1.046001205841e-04
  6.816686051742e-05
  8.155223308948e-05
 -3.661044269047e-04
  1.390815373440e-04
  9.436356061709e-06
  2.142950621360e-04
 -1.300483800643e-03
 -2.606594255488e-04
 -1.004628988015e-03
  1.600306912460e-04
 -2.719711318958e-04
 -1.754113744335e-03
  3.231706884228e-04
 -5.967310647443e-04
  1.208445595758e-04
 -1.675617795611e-03
  8.389276006437e-06
  1.400572099947e-04
  1.457582219959e-04
 -8.675912936568e-05
 -4.755598758018e-04
 -2.510032088644e-04
  3.726016334837e-05
  1.671666783963e-04
  1.408856004377e-04
 -2.400947309060e-04
  1.443689333215e-04
 -3.266152813606e-04
 -5.630689301027e-03
 -4.914472093678e-04
  1.239589865666e-04
  1.879756651836e-04
  3.373369885649e-04
 -7.115408712370e-04
  1.693751937389e-04
  1.071809743069e-04
 -7.539782541854e-04
 -2.050733985141e-04
  5.839432751564e-05
 -5.289026724870e-04
 -3.754511586815e-04
  5.027183174834e-05
 -2.937587887625e-04
  2.060150570378e-04
  4.936083402957e-05
  1.397763606974e-04
  2.138328733950e-04
 -8.909421466314e-03
  2.978114222198e-04
 -1.109042815948e-03
  1.818890233470e-04
 -4.525781322778e-05
 -8.020316318624e-05
 -2.398219748720e-04
 -8.396840263934e-04
  4.166555528398e-04
  2.549773643620e-04
 -7.799226013194e-04
 -1.070364086966e-04
 -8.670554168809e-04
  2.313232517533e-04
 -3.575916912405e-03
 -1.076973221709e-04
 -1.090485693220e-03
 -1.058116020013e-03
 -3.785323521925e-04
  6.654901001640e-05
 -1.574905478179e-04
 -4.292147911361e-04
  1.345805820043e-04
 -1.530342703425e-04
  2.120943062715e-04
 -5.441095610580e-04
 -4.775344244867e-05
  4.612911308040e-04
 -8.556240272312e-04
  1.085497078118e-05
 -1.687569790502e-03
  1.305396645980e-04
 -4.445080484522e-04
 -1.768182056872e-04
 -1.949082896385e-06
 -1.825881209945e-05
 -6.444276931114e-05
  1.540872492109e-04
  2.762108951450e-04
 -8.896503032035e-04
  5.998700049500e-05
  7.734491568251e-05
 -8.794636766896e-06
  1.070434623150e-04
  2.082298875807e-04
 -2.709858453720e-04
  2.689084335967e-04
  9.574847584937e-05
 -1.981182877156e-04
  1.695214614039e-04
 -1.623352533671e-04
  3.106675652518e-04
 -1.509910675102e-05
  1.670802342635e-04
  1.448940479876e-05
 -1.113984146224e-03
  3.423721256852e-04
  1.866958159864e-04
 -1.085662968654e-03
  2.613545825381e-05
  1.538031080885e-04
 -7.051012231418e-06
  3.025411178145e-04
 -5.696636530951e-04
  2.711416471677e-04
  1.249790485290e-04
  4.089516696154e-05
  1.584618797626e-04
  2.398948690483e-04
  4.074028918906e-04
  2.062807474716e-04
  1.843397221075e-04
  2.159946671079e-04
  3.975324470705e-04
 -5.581705030979e-04
  2.041246884341e-04
  2.232101148933e-04
 -7.576278337253e-04
  1.554990060197e-04
  1.496939156828e-04
 -2.519440849991e-05
 -5.148823535043e-04
  3.260831700876e-04
  3.245803378550e-04
  8.211053585133e-05
  2.157418856075e-04
  4.167660793005e-04
 -1.655551347586e-04
 -4.712236688765e-04
  2.865519191040e-04
  1.942525442227e-04
 -2.664826038060e-05
 -2.804761086541e-04
  7.867471624456e-06
 -5.194591380478e-04
 -4.857952059383e-04
  1.902939363116e-04
  9.911361594639e-05
  1.839954034496e-04
  1.712252863979e-04
  2.516498177781e-04
  2.055817498407e-04
  1.602393145307e-04
 -8.427064264604e-04
  1.302513030152e-04
  1.950957378107e-04
  2.143865040960e-04
  2.062445122661e-04
  1.165022828707e-04
  2.702087858619e-04
  9.574933536710e-05
  2.069369742829e-04
  1.184140426804e-04
  1.817371253236e-04
  1.012190030983e-04
 -1.041894014410e-04
  1.953618551653e-05
 -2.395478007463e-04
 -6.440364312432e-04
  1.378579749388e-04
  2.351433401140e-04
  3.980967505136e-05
  2.276850408783e-04
  2.118827503375e-04
  3.361772202183e-04
 -5.956425096976e-04
  2.096711075761e-06
  4.311736487884e-04
 -6.319961506103e-05
  2.741899288058e-04
  1.020401081394e-04
  6.893796218244e-04
  2.519681818048e-04
  3.605902450551e-05
  1.750891867047e-04
 -1.943081831437e-03
 -2.442343037112e-03
  2.712501435651e-04
 -9.730018720803e-04
  3.205939730585e-04
  2.865580352371e-04
 -5.221670849390e-04
  2.893309127042e-05
  2.339274192708e-04
  1.492367500433e-04
  6.483524920148e-05
  2.514151112784e-04
 -1.462714567982e-03
  1.427264349476e-04
  2.087789137437e-04
  1.467957557269e-04
  1.584866159284e-04
  3.083272536008e-04
  2.274507198431e-04
  2.312012373421e-04
 -5.545293371404e-04
  1.398998523872e-04
  5.426068361852e-04
  5.882731556894e-04
  6.407777379408e-05
  2.346072768718e-04
  1.062001496155e-04
  4.473805539280e-04
  1.600240223391e-04
  4.905337234154e-04
  5.354731879421e-04
  5.838449093722e-04
  4.957613616047e-04
  7.431668018735e-04
  6.736293783171e-04
  5.164697683120e-04
  5.431044132664e-04
  6.286423155318e-04
  6.214021809219e-04
  5.317780177484e-04
  7.951014349510e-04
  7.395594409245e-04
  5.025210337930e-04
  4.531442145448e-04
  4.588132799853e-04
  6.889643332503e-04
  5.068250029882e-04
  4.955836713098e-04
  6.522624458677e-04
  8.816121044783e-04
  4.654134491124e-04
  6.908676369541e-04
  1.138628676508e-03
  7.007291015104e-04
  8.653181421878e-04
  7.678640934285e-04
  4.598154011811e-04
  4.609546329947e-04
  8.679531294493e-04
  5.194657545163e-04
  8.425486807185e-04
  4.634605266892e-04
  4.619649908755e-04
  6.065451181361e-04
  7.049249148050e-04
  4.983824403124e-04
  5.277968052373e-04
  2.400506602909e-04
  4.279043114871e-04
  2.523070928901e-04
  4.868181426113e-04
  2.716269177531e-03
  2.644333374123e-04
  2.325850835790e-04
  5.125338733037e-04
  4.529965322050e-04
  2.745825811539e-04
  2.253123498183e-04
  5.756558936754e-04
  2.279993764992e-04
  4.329189556291e-04
  4.422310295920e-04
  2.043024214683e-04
  3.232265877333e-04
  2.514049322135e-04
  2.915156435317e-04
  4.308794831501e-04
  3.616156941612e-04
  4.683392717889e-04
  7.862802173859e-04
  4.996322274913e-04
  8.472567171963e-04
  5.314123248800e-04
  6.871290697953e-04
  7.080783798508e-04
  8.448761530443e-04
  4.123535606773e-04
  4.052981553171e-04
  4.139717272502e-04
  8.257410514064e-04
  4.938157403374e-04
  6.678784056632e-04
  5.509549083165e-04
  6.749781488438e-04
  4.029350460088e-04
  6.763491605149e-04
  8.487284874650e-04
  8.122428878484e-04
  4.587915003385e-04
  2.958671483643e-04
  3.387241538778e-04
  6.279402398126e-04
  4.089085344710e-04
  3.175366552396e-04
  2.443236280763e-04
  8.492412717375e-04
  2.462897632624e-04
  3.131039549019e-04
  4.754710603217e-04
  3.189532721481e-04
  3.832627076320e-04
  6.211346940915e-04
  3.132234716168e-04
  2.307032750943e-04
  2.400477913843e-04
  5.811630755609e-04
  7.007490584137e-04
  5.400666463842e-04
  6.096040431691e-04
  3.280432859979e-04
  2.245246878541e-04
  4.128819605591e-04
  2.221619098884e-04
  1.803182634833e-04
  2.812628614229e-04
  5.499118878839e-04
  1.884192784261e-04
  4.950652970140e-04
  5.689522621229e-04
  1.607565712189e-04
  1.815309922681e-04
  1.592188996845e-04
  1.685131378419e-04
  7.367532452967e-04
  2.918738076529e-04
  2.975748919871e-04
  4.078222373460e-04
  1.663828585866e-04
  1.891826209378e-04
  6.101500882649e-04
  2.950208315245e-04
  6.465741303369e-04
  2.079315323046e-04
  5.228152114077e-04
  6.734835742264e-04
  5.945410071831e-04
  1.843389129255e-04
  1.862236952565e-04
  6.209238459398e-04
  1.723668494041e-04
  1.630349821874e-04
  7.050681517269e-04
  6.595146705781e-04
  1.639279561894e-04
  1.664342171725e-04
  3.687691663064e-04
  1.811958875912e-04
  4.064655794538e-04
  3.795762912390e-04
  6.368629060421e-04
  1.711612731758e-04
  2.376588848808e-04
  5.675943634367e-04
  1.650848188936e-04
  5.706840605560e-04
  1.564727583496e-04
  1.720932014405e-04
  1.405161203282e-04
  1.660481408944e-04
  6.403132578734e-04
  1.009540501309e-03
  3.737981904978e-04
  1.619882614678e-04
  3.129460570847e-04
  1.574278408296e-04
  4.726122299844e-04
  3.927856046392e-04
  3.292935352739e-04
  3.688310092512e-04
  2.999954880765e-04
  2.298532746175e-04
  2.621995250814e-04
  2.475648598878e-03
  7.355096534543e-04
  2.394058896122e-03
  2.371355921399e-04
  1.279082587224e-03
  1.122705379146e-03
  2.759427962815e-03
  4.065733685096e-03
  1.951461484189e-04
  2.673881733201e-04
  2.828206898585e-04
  2.509188034468e-04
  2.721805559450e-04
  3.767247882255e-04
  6.536969546473e-04
  4.783372201336e-04
  2.801244296508e-04
  8.435222033665e-03
  2.704181061810e-04
  2.320241926834e-03
  3.517229504296e-03
  2.113997956810e-03
  7.109575651534e-04
  1.259183746937e-03
  3.453226477020e-03
  2.343007728138e-04
  2.149401080354e-04
  3.234379281429e-04
  7.084895838267e-03
  3.987171219511e-04
  3.108912566255e-04
  2.856099386818e-04
  2.805857609139e-04
  2.425133549500e-04
  2.205063902175e-04
  3.687376443263e-03
  4.427405399980e-03
  2.806337635159e-04
  1.679293539000e-04
  2.426307108550e-04
  2.845418712594e-03
  1.077870510263e-03
  6.154340180184e-04
  1.990523505349e-04
  2.223871124046e-04
  2.430453460630e-04
  3.868339501058e-04
  4.076393591794e-04
  3.790248591272e-04
  7.526219221313e-04
  1.827682632027e-03
  2.183144007046e-03
  1.005392974253e-03
  1.610933093437e-04
  2.331794756806e-03
  8.201490452020e-05
  3.935686560851e-03
  1.863205362589e-03
  3.801130521878e-04
  5.498473559989e-05
  4.274113686225e-03
  9.507844481297e-03
  2.205963472071e-03
  9.544376698888e-04
  1.126472885152e-04
  1.699028467566e-04
  8.018393607068e-05
  2.582600132654e-04
  6.533883720100e-05
  3.673722433689e-05
  1.695205551103e-04
  2.702415316788e-02
  1.090092660896e-02
  1.589969671377e-04
  1.469238036331e-03
  3.648122512473e-03
  1.519890373043e-04
  1.157452475045e-04
  1.079007813083e-04
  1.336750563256e-04
  1.285829903732e-04
  1.450611071897e-04
  1.654322475393e-04
  1.977077724549e-04
  1.092773533928e-04
  1.383226269827e-03
  2.899502479505e-03
  1.122524255847e-03
  2.030562211676e-04
  3.440246937858e-04
  1.462270386601e-04
  2.297242146462e-03
  3.568507355416e-03
  2.312340472947e-03
  4.610358371229e-03
  9.093204243038e-05
  1.473304894385e-03
  8.698776260718e-04
  2.206449530229e-04
  4.412562478422e-04
  1.090264808906e-04
  1.926245493751e-03
  4.014440423701e-03
  6.009691395581e-03
  6.847743937449e-03
  2.353339608473e-04
  5.361823831682e-05
  3.652848053798e-04
  3.889335417970e-03
  1.976343085834e-02
  1.321965073190e-02
  1.287451405709e-02
  3.517272269920e-03
  2.996652874097e-03
  2.524844430493e-03
  1.689301012302e-03
  9.099233231519e-04
  2.812229477823e-04
  1.699116811038e-04
  1.756835043928e-04
  1.415089055755e-02
  3.646976230863e-04
  5.222776695882e-04
  3.746614118274e-04
  3.547822537439e-04
  3.382080512072e-04
  2.930003596581e-02
  1.670361872598e-02
  5.307022223322e-04
  1.144109117198e-03
  3.002130028483e-04
  1.496076904354e-04
  1.318717858627e-04
  8.608673538816e-05
  1.467476722938e-04
  1.454632355210e-04
  1.437618153057e-03
  2.488560537654e-03
  4.375173517829e-03
  1.698220255875e-04
  4.112364234608e-03
  1.438830750347e-04
  3.802105118084e-04
  1.395590090578e-04
  2.851454926118e-03
  1.281104321523e-02
  8.028373143821e-03
  4.844824827149e-03
  1.510059609752e-04
  1.881247485729e-02
  9.451118938023e-03
  3.380464187808e-03
  5.421752408513e-03
  6.366617662946e-05
  3.465039096631e-04
  1.964838126146e-03
  2.955217674373e-03
  9.434002789521e-05
  4.089940000417e-03
  7.290209237994e-04
  1.645289454269e-04
  2.560803440713e-02
  6.172221396102e-03
  1.358566162076e-02
  3.695492567908e-04
  3.092059426381e-04
  1.220413102771e-03
  1.118815372276e-04
  2.965902517197e-04
  8.439264793452e-04
  1.187542093300e-03
  1.703591213170e-03
  3.770507377009e-04
  2.276060729818e-04
  1.623011610693e-04
  1.335949207156e-04
  1.200754229304e-04
  7.581081130657e-04
  6.854036786352e-05
  5.030921183569e-05
  8.091983311558e-05
  1.575881735869e-03
  8.104429908600e-04
  9.212595572380e-05
  3.889244827971e-03
  5.484421990378e-04
  7.467166282972e-03
  4.737146448651e-03
  3.038119212045e-03
  1.154697454835e-03
  5.099757019542e-04
  1.680813044900e-03
  2.199165092021e-04
  1.262297044836e-03
  1.430926950376e-02
  7.492401347962e-03
  3.827960790939e-03
  1.142925176456e-04
  2.420842315370e-04
  4.700037094282e-03
  1.675389409011e-02
  1.154548222540e-02
  2.207573924723e-02
  6.012153535839e-03
  1.265431659160e-04
  3.258977958692e-04
  3.918539700016e-04
  8.879115206557e-04
  8.532250406981e-04
  3.686573667836e-04
  3.203714466616e-04
  2.551321711015e-04
  4.351573143413e-04
  8.010707479247e-02
  5.056545216828e-02
  5.920935413951e-03
  1.638849845855e-02
  3.183664146181e-02
  2.450244254213e-04
  2.718730543482e-03
  2.080097236296e-02
  4.242783869540e-02
  3.035166039211e-02
  1.390017487445e-02
  6.906390933573e-03
  2.267389739907e-04
  1.618794682950e-02
  4.261343457970e-02
  2.790679316547e-02
  1.964900809462e-03
  3.858084861571e-04
  1.316826981466e-04
  9.972615696063e-03
  4.804376053871e-03
  3.095533144703e-04
  8.408041358935e-04
  1.506552415002e-03
  7.505676464379e-04
  1.061008595877e-03
  8.989938502081e-04
  7.563837625881e-04
  6.402770249546e-04
  3.375312019566e-04
  3.176079599446e-04
  2.902704053149e-04
  1.970450339426e-04
  1.131942546299e-04
  6.739997835054e-05
  9.467776993095e-04
  5.466744162591e-05
  1.813037484340e-02
  8.745249179556e-03
  2.959443138396e-04
  2.718891036493e-02
  4.715884029525e-04
  6.306940637356e-03
  1.254826852227e-02
  3.282210681025e-02
  2.051963478560e-02
  1.661174099623e-04
  9.763722904976e-05
  2.033670449340e-03
  5.405096238120e-03
  1.905332921077e-04
  1.694256794954e-02
  6.004873637371e-03
  2.996037621472e-02
  1.379508850355e-02
  3.539066913780e-04
  1.771864914492e-03
  8.852891233631e-04
  4.694368264201e-04
  2.883396285228e-04
  2.553591503784e-04
  2.365294951827e-04
  2.123824243995e-04
  1.876817037668e-04
  1.570086603110e-04
  1.243960856589e-04
  1.566304900235e-04
  4.816054578807e-04
  1.775350056024e-03
  2.944382188093e-03
  5.405831942258e-02
  3.082082593187e-02
  1.695972759923e-02
  1.283090242919e-02
  4.089662016763e-03
  7.357371397065e-03
  1.193443176749e-02
  1.657705953899e-02
  2.293273852327e-03
  1.391701635200e-04
  2.324318282224e-04
  2.562408502784e-04
  1.728345858621e-04
  4.565739797000e-03
  7.904062701185e-03
  1.103798728572e-02
  2.527822446309e-04
  4.506155143990e-04
  4.131408763516e-04
  8.318059260418e-04
  1.667675002711e-03
  1.921696841028e-03
  3.336738536252e-02
  5.146102726806e-02
  2.064278278469e-03
  1.264445091135e-03
  9.710320722582e-04
  1.035582232615e-03
  6.300412621415e-04
  3.040005512488e-04
  2.773927955922e-04
  2.911088697490e-04
  9.616949475279e-05
  2.837067197733e-04
  2.763030634118e-03
  1.122037247289e-04
  1.453782089227e-02
  5.070081994676e-02
  2.808676665666e-02
  4.784476590220e-03
  8.154119712311e-05
  7.291276658383e-05
  1.260457494171e-02
  1.605684839497e-04
  2.661895461039e-04
  1.137958626768e-04
  1.216199635251e-04
  1.569003167842e-03
  5.887301941675e-04
  6.653714076146e-04
  5.304685769378e-04
  4.817437913960e-04
  3.813964419522e-04
  3.359221422459e-04
  3.002386220173e-04
  2.719345773516e-04
  2.419495285996e-04
  2.041156393390e-04
  1.533951834351e-04
  1.223108689989e-04
  4.261646066396e-04
  1.230227384323e-04
  1.320167783978e-04
  4.481099148601e-05
  1.031647225742e-04
  1.105340588640e-04
  1.903103094992e-04
  2.379986108159e-04
  4.841504516830e-04
  7.876643654630e-04
  7.337707593100e-03
  9.261118982891e-04
  7.747284945911e-04
  6.520902166822e-04
  5.214530462080e-04
  3.949051596134e-04
  1.453896469730e-04
  1.371784787760e-04
  1.790254025442e-04
  1.072230800169e-03
  4.039214778575e-03
  1.466397173004e-02
  4.564330068137e-02
  6.659822288164e-02
  8.364949667049e-03
  2.688788950117e-02
  2.875342153153e-04
  2.966931529733e-03
  1.420741159955e-02
  2.574186918778e-03
  5.338093981031e-03
  4.285181228484e-03
  7.034301395117e-03
  1.253944933501e-02
  1.530852645825e-04
  2.435174446897e-03
  6.378408355429e-05
  5.874481461762e-05
  3.449278675513e-05
  5.700048022775e-03
  7.290370441808e-02
  3.782997123327e-02
  1.817113269320e-02
  1.127065877267e-04
  7.649743060784e-05
  2.948466542027e-05
  5.280468980294e-02
  1.204444689039e-01
  2.185732093340e-02
  1.900144498701e-04
  3.782437618889e-04
  1.521371589786e-02
  4.444885139541e-03
  1.166369317723e-02
  2.978525010595e-02
  1.788231359634e-02
  7.107101094184e-03
  6.460755439741e-05
  1.542257407466e-04
  7.960542659669e-05
  8.098947954436e-02
  3.860705593604e-02
  6.870022372234e-04
  3.964877060201e-02
  4.786851632949e-05
  8.396452081067e-02
  6.453816898399e-04
  7.075517422436e-03
  2.550499312397e-03
  1.537135736257e-02
  5.411852598827e-02
  3.109981228127e-02
  1.762920418900e-04
  4.683478824574e-05
  1.453822341002e-05
  2.375995881454e-05
  2.509684820085e-04
  8.650781190749e-04
  7.134669408233e-04
  8.646841479989e-04
  2.871265159090e-03
  7.363683294337e-04
  5.398923442597e-04
  4.560006971752e-04
  3.824184562200e-04
  3.269755730767e-04
  1.687982729833e-04
  1.681361179660e-04
  2.270148727505e-04
  6.497158422903e-04
  8.753212375466e-03
  1.179964214076e-01
  2.064194194467e-01
  7.406189323875e-02
  2.733766983924e-02
  1.530792574759e-02
  4.689182489112e-02
  4.377460285121e-04
  5.710264196124e-04
 -2.653367477104e-05
  2.460433540197e-04
  3.894426646003e-02
  1.232415934681e-02
  2.753753345833e-04
  1.850596244233e-04
  1.047408066050e-03
  1.587917604138e-03
  7.824348687013e-04
  2.213653288382e-03
  1.123390005189e-03
  8.777608811695e-04
  5.782478256339e-03
  1.247954927323e-03
  2.693147843831e-04
  1.615808489422e-04
  6.247913469543e-05
  2.630210903082e-05
  4.944594849171e-05
  1.032386778274e-05
  1.544959269462e-05
  3.934882648942e-04
  1.494485409257e-01
  7.835917324854e-02
  2.390540240960e-05
  3.419306598013e-05
  7.410199568264e-05
  4.343679302620e-02
  1.732883536490e-01
  7.266136832287e-02
  1.136479509853e-01
  2.138796180630e-02
  3.377203384675e-04
  2.877862915018e-05
  4.937802539995e-05
  1.322802696714e-04
  5.161950148784e-03
  1.144304569198e-04
  5.925594411199e-02
  9.352438249648e-04
  6.743359393837e-04
  1.466626133682e-02
  6.595386915111e-03
  4.295049811924e-02
  1.116214489699e-01
  6.736389735848e-02
  2.773404816762e-02
  2.434875534786e-04
  4.792122441416e-05
  3.258836389031e-05
  2.700577089670e-05
  2.716675463288e-05
  3.302205387266e-04
  2.354853262789e-02
  1.396867457572e-01
  7.414510177739e-02
  4.370005368650e-02
  1.269873487954e-02
  7.216598147258e-05
  2.164865918597e-05
  1.852742572289e-05
  1.388267679320e-05
  4.605902940896e-05
  7.262633586425e-05
  2.472881474896e-05
  1.214987603175e-04
  4.142518463386e-04
  3.602789366899e-03
  2.998556983747e-05
  1.057485287612e-03
  1.297727949323e-01
  4.041517883402e-05
  1.573197368614e-04
  1.221140384681e-04
  7.596776739511e-03
  5.311973985456e-05
  9.333359526309e-05
  1.506749290716e-04
  1.815346856244e-04
  1.133080670921e-03
  3.699494033731e-04
  6.062529127333e-04
  9.598449770380e-04
  2.165479439133e-03
  4.276825143613e-03
  2.810139590286e-03
  3.347535327915e-03
  2.729769141699e-03
  2.328755017640e-03
  1.958000694084e-03
  1.484890135221e-03
  1.119733558493e-03
  9.268318026814e-04
  7.939155283696e-04
  6.970405628506e-04
  6.734029269713e-04
  5.116963897453e-04
  4.229929905263e-04
  3.570297684911e-04
  3.399621273070e-04
  2.234328150758e-04
  1.796042250011e-04
  1.501629120930e-04
  6.893301775340e-04
  4.218692711127e-02
  9.581507696244e-02
  1.803774204143e-01
  1.394008070100e-04
  9.080797470000e-05
  8.456905159999e-05
  5.378402465200e-04
  7.236298428001e-05
  6.794752465999e-05
  4.076067972600e-04
  5.965691156001e-05
  5.492473291999e-05
  5.396318261999e-05
  5.290054087004e-05
  5.596634118400e-04
  7.957452885649e-04
  4.882441414600e-05
  4.718995115099e-05
  4.612232377094e-05
  4.672471202999e-05
  4.661653784899e-05
  4.663188551896e-05
  4.663553486300e-05
  4.809197390598e-05
  4.932080993503e-05
  5.764390130997e-05
  5.786739260310e-02
  9.687231850226e-04
  4.758005135500e-04
  1.570791294458e-02
  1.421380576300e-03
  6.194181800007e-05
  5.828873030000e-05
  6.028268359998e-05
  7.411289457001e-04
  3.668644888999e-04
  6.835778250003e-05
  7.102436340500e-05
  7.831296495009e-05
  8.698646691002e-05
  1.309125493900e-04
  2.384206534406e-02
  8.090934747232e-02
  4.762931018512e-02
  9.791727117160e-04
  1.170048505000e-04
  1.166038807000e-04
  1.274555563000e-04
  1.416651603999e-04
  1.596359529999e-04
  1.283387188000e-03
