1601
  2.185453705510e-01
  2.190248263070e-01
  2.195028807380e-01
  2.199793543120e-01
  2.204324275250e-01
  2.208328142880e-01
  2.212294988410e-01
  2.216255308360e-01
  2.220201847700e-01
  2.224187306500e-01
  2.228262924350e-01
  2.232329705220e-01
  2.236382494430e-01
  2.240435206990e-01
  2.244479385820e-01
  2.248495114100e-01
  2.252482429360e-01
  2.256458679660e-01
  2.260441196930e-01
  2.264409513510e-01
  2.268370589880e-01
  2.272320212990e-01
  2.276263451420e-01
  2.280199317720e-01
  2.284121518770e-01
  2.288038360870e-01
  2.291789836500e-01
  2.294949883580e-01
  2.298040121920e-01
  2.301123792230e-01
  2.304198436740e-01
  2.307295365830e-01
  2.310426549550e-01
  2.313544636430e-01
  2.316601959010e-01
  2.319581680890e-01
  2.322631126240e-01
  2.325698662680e-01
  2.329764964210e-01
  2.335321363260e-01
  2.340851306280e-01
  2.346259110190e-01
  2.351632396640e-01
  2.357022255350e-01
  2.362423208370e-01
  2.367814248510e-01
  2.373230622540e-01
  2.378681152480e-01
  2.384137387750e-01
  2.389576565950e-01
  2.395137972070e-01
  2.401103671790e-01
  2.407075338780e-01
  2.413008733760e-01
  2.418916031270e-01
  2.424812879790e-01
  2.430728369170e-01
  2.436624151940e-01
  2.442456144870e-01
  2.448248884650e-01
  2.454025522540e-01
  2.459808263080e-01
  2.465572839660e-01
  2.470739748000e-01
  2.475271249980e-01
  2.479780987440e-01
  2.484284488980e-01
  2.488779143030e-01
  2.493250992450e-01
  2.497699907490e-01
  2.502131689790e-01
  2.506549541690e-01
  2.510954121870e-01
  2.515343146710e-01
  2.519719208850e-01
  2.524080556770e-01
  2.528474107300e-01
  2.532997442120e-01
  2.537516333260e-01
  2.542021207120e-01
  2.546513439400e-01
  2.550992171130e-01
  2.555453718430e-01
  2.559900317970e-01
  2.564336373450e-01
  2.568756099280e-01
  2.573160900490e-01
  2.577551806090e-01
  2.581930822950e-01
  2.586295321270e-01
  2.590501724750e-01
  2.594390957010e-01
  2.598257694860e-01
  2.602112754430e-01
  2.605962081590e-01
  2.609812069450e-01
  2.613647786740e-01
  2.617474063320e-01
  2.621297031000e-01
  2.625110651990e-01
  2.628911577110e-01
  2.632701969010e-01
  2.636477645190e-01
  2.640243386190e-01
  2.644012508530e-01
  2.648257803410e-01
  2.652715024900e-01
  2.657157079600e-01
  2.661585300440e-01
  2.665999776190e-01
  2.670401446440e-01
  2.674786599800e-01
  2.679157585380e-01
  2.683514198030e-01
  2.687857001640e-01
  2.692184750730e-01
  2.696498722430e-01
  2.700799053100e-01
  2.705085297480e-01
  2.709356006150e-01
  2.713484688680e-01
  2.717405266340e-01
  2.721310528650e-01
  2.725201222670e-01
  2.729077669450e-01
  2.732944289190e-01
  2.736795490090e-01
  2.740633857210e-01
  2.744461757660e-01
  2.748275696890e-01
  2.752075434240e-01
  2.755864354880e-01
  2.759640273680e-01
  2.763401586310e-01
  2.767153831200e-01
  2.770891306470e-01
  2.773037944610e-01
  2.771024588060e-01
  2.768801860020e-01
  2.766585723010e-01
  2.764377508430e-01
  2.762176389140e-01
  2.759982455710e-01
  2.757795876910e-01
  2.755616783440e-01
  2.753444990120e-01
  2.751280651180e-01
  2.750921463830e-01
  2.763962922610e-01
  2.779687414610e-01
  2.795356826150e-01
  2.810977173110e-01
  2.826544022280e-01
  2.842018176240e-01
  2.857298008600e-01
  2.872516210760e-01
  2.887687246380e-01
  2.902799139560e-01
  2.917864191560e-01
  2.931534147060e-01
  2.915717995540e-01
  2.888310878570e-01
  2.861211934290e-01
  2.837767822040e-01
  2.842390977560e-01
  2.852905485070e-01
  2.862691196710e-01
  2.872648394680e-01
  2.882788274440e-01
  2.892225408860e-01
  2.901793591280e-01
  2.911317592660e-01
  2.920654072590e-01
  2.929309921580e-01
  2.938476000510e-01
  2.948819060280e-01
  2.956617441040e-01
  2.955183431040e-01
  2.952374866330e-01
  2.949230675570e-01
  2.946095280860e-01
  2.942981889610e-01
  2.939905087350e-01
  2.936290724530e-01
  2.932256673370e-01
  2.928237818980e-01
  2.983688185060e-01
  3.018321397710e-01
  3.011036968850e-01
  3.003591830260e-01
  2.994862533220e-01
  2.985692241050e-01
  2.976460190700e-01
  2.967808791650e-01
  2.993069656060e-01
  3.046467379940e-01
  3.054720875060e-01
  3.028743653560e-01
  3.002949566100e-01
  2.979970411290e-01
  2.989448743970e-01
  3.008278963890e-01
  3.026286010860e-01
  3.043905122690e-01
  3.041813726470e-01
  3.008084376040e-01
  3.019558665230e-01
  3.059349844810e-01
  3.009066286520e-01
  2.999364369800e-01
  2.967524814380e-01
  2.996807538410e-01
  2.977141926930e-01
  3.060440765170e-01
  3.049319017480e-01
  3.075520101640e-01
  3.100871561360e-01
  3.077692084990e-01
  3.050001776850e-01
  3.050073457540e-01
  3.059958411420e-01
  3.069894796550e-01
  3.075838820110e-01
  3.039880678410e-01
  3.021480699090e-01
  3.033361863110e-01
  3.090158113890e-01
  3.166157645080e-01
  3.122450890370e-01
  3.054035521070e-01
  3.156950957160e-01
  3.093038033440e-01
  3.088654846950e-01
  3.125398731300e-01
  2.996424899060e-01
  3.117507575210e-01
  3.073480956130e-01
  3.163749887800e-01
  3.145682443900e-01
  3.187795022740e-01
  3.130636888960e-01
  3.141776699590e-01
  3.083025912720e-01
  3.012427872750e-01
  2.984559221740e-01
  3.067914621460e-01
  3.110620514530e-01
  2.957417983460e-01
  3.029076940130e-01
  3.127064959030e-01
  3.013792940800e-01
  3.044622164420e-01
  3.126997857840e-01
  3.118578343670e-01
  3.143926802430e-01
  3.166392747260e-01
  3.138034196060e-01
  3.047911948530e-01
  3.129366242180e-01
  3.130101086470e-01
  3.208004527220e-01
  3.077308875970e-01
  3.032385264320e-01
  3.051894400600e-01
  3.106122387150e-01
  3.076970813140e-01
  3.060112248940e-01
  3.215660667780e-01
  3.132905392210e-01
  3.096697130420e-01
  3.132590847360e-01
  3.068839678220e-01
  3.050956649450e-01
  3.056383750010e-01
  3.080679945290e-01
  3.215791137620e-01
  3.192223105350e-01
  3.223166459370e-01
  3.169557978660e-01
  3.100832697120e-01
  3.059489760230e-01
  3.067514025090e-01
  3.102663636670e-01
  3.137589841350e-01
  3.173839389070e-01
  3.211547563200e-01
  3.205319930840e-01
  3.088574279830e-01
  3.034413538030e-01
  3.093572673780e-01
  3.107070620500e-01
  3.064308151640e-01
  3.184014324870e-01
  3.280099853690e-01
  3.173699004850e-01
  3.199752221110e-01
  3.062228889460e-01
  3.063311127980e-01
  3.099400774800e-01
  3.078543605150e-01
  3.122111539210e-01
  3.249846987830e-01
  3.195453153550e-01
  3.117928438480e-01
  3.062486690060e-01
  3.100893357770e-01
  2.972224454630e-01
  3.099278475690e-01
  3.302527169890e-01
  3.267445152640e-01
  3.056475360340e-01
  3.021112423770e-01
  3.083694820070e-01
  3.098572901170e-01
  3.059682009840e-01
  3.112210285470e-01
  3.202919424820e-01
  3.143212264860e-01
  3.075111555190e-01
  3.154414721280e-01
  3.225374877430e-01
  3.227759995960e-01
  3.170551238970e-01
  3.271889393810e-01
  3.156961346210e-01
  3.211068172590e-01
  3.143016844250e-01
  2.937662195240e-01
  3.107582689740e-01
  3.179025862830e-01
  3.226000210820e-01
  3.028394877110e-01
  2.999913532650e-01
  3.186632712900e-01
  3.157237555760e-01
  3.145958905150e-01
  3.163153221770e-01
  3.235024244030e-01
  3.093372188090e-01
  3.250133806750e-01
  3.311577500630e-01
  3.169090964530e-01
  3.333147352940e-01
  3.119219313780e-01
  3.257200104860e-01
  3.098146216720e-01
  2.913071789000e-01
  2.883750936410e-01
  2.750746811680e-01
  2.971159843940e-01
  2.995415322380e-01
  3.193848849860e-01
  3.204230386560e-01
  3.216725730560e-01
  3.335714339910e-01
  3.148008990290e-01
  3.137726920630e-01
  3.080152718910e-01
  3.319045387730e-01
  3.346657259820e-01
  2.976463224420e-01
  3.088575514700e-01
  2.711865776930e-01
  2.965117016220e-01
  3.073235115770e-01
  3.082367914480e-01
  3.240401292010e-01
  3.238854934990e-01
  3.215406348240e-01
  3.074086290690e-01
  3.381099480330e-01
  3.148424811490e-01
  3.100457720150e-01
  3.194139086860e-01
  3.141320703610e-01
  3.393032239830e-01
  3.111622366760e-01
  3.105089401520e-01
  2.778613948190e-01
  2.873264321890e-01
  2.966476998520e-01
  3.053062639180e-01
  3.165518491240e-01
  3.045741062520e-01
  3.083432682980e-01
  2.942006085250e-01
  3.100775844660e-01
  3.055000976790e-01
  3.162505736280e-01
  3.085469469880e-01
  3.079992363210e-01
  3.255750264820e-01
  2.892648121230e-01
  3.027991833650e-01
  3.462745616680e-01
  2.944861509830e-01
  3.004185654980e-01
  2.997785732790e-01
  2.693724469600e-01
  3.032514878460e-01
  3.039061767490e-01
  2.768503799610e-01
  3.134892611160e-01
  3.029815772360e-01
  3.093119263300e-01
  3.042632268650e-01
  2.950022988110e-01
  2.807722025750e-01
  2.871878053270e-01
  2.929387283540e-01
  2.908211527640e-01
  2.914755781440e-01
  2.611984148530e-01
  2.600170410460e-01
  2.935269093250e-01
  2.795902224580e-01
  2.852422662000e-01
  2.549646709950e-01
  2.862795634700e-01
  3.216605182150e-01
  3.176093059500e-01
  3.008452615120e-01
  2.864662437430e-01
  2.781912091030e-01
  2.712663709280e-01
  2.791089993390e-01
  3.090030632300e-01
  3.253326722080e-01
  2.896103936960e-01
  2.799591609610e-01
  3.037873956830e-01
  2.893000183530e-01
  2.721732773330e-01
  2.572663141270e-01
  2.930041529110e-01
  2.608300195350e-01
  2.900954165780e-01
  3.100796897380e-01
  2.914666966370e-01
  2.822875429130e-01
  3.046306400350e-01
  2.754100340610e-01
  2.900520609680e-01
  2.556596173290e-01
  3.005254127550e-01
  2.747020739310e-01
  2.814651817640e-01
  3.154092967910e-01
  2.987833123560e-01
  3.350273856820e-01
  3.284125148310e-01
  3.110404412940e-01
  2.844999522070e-01
  2.885220726510e-01
  2.854606807750e-01
  3.007727318700e-01
  3.186117334510e-01
  2.879756784410e-01
  2.963356932040e-01
  2.747143182350e-01
  2.916388227620e-01
  2.926143908270e-01
  2.952425385130e-01
  3.092286177960e-01
  2.875895791800e-01
  2.420078540730e-01
  2.761324595660e-01
  2.540283953450e-01
  2.733105203580e-01
  2.810057752520e-01
  3.109425445630e-01
  3.187821546450e-01
  2.621263180220e-01
  2.380969025000e-01
  2.738623167930e-01
  3.050083166350e-01
  2.971850640190e-01
  2.546800448770e-01
  2.951812177790e-01
  3.093228969120e-01
  3.063463146300e-01
  3.131185911900e-01
  2.679764593030e-01
  2.529173340970e-01
  2.550055527130e-01
  2.618490838740e-01
  2.834869825830e-01
  2.713689092120e-01
  2.968102647630e-01
  2.918844470030e-01
  2.635431284560e-01
  2.987408020950e-01
  3.265595117460e-01
  3.055424656740e-01
  2.827077133260e-01
  2.832014126140e-01
  2.855971570870e-01
  2.965185723330e-01
  3.010483118880e-01
  2.795064573980e-01
  2.819083692770e-01
  2.363800880360e-01
  2.795832738280e-01
  2.358448502810e-01
  2.931728604420e-01
  2.832412646770e-01
  2.790457569780e-01
  2.655945447900e-01
  3.254240051200e-01
  3.572612730560e-01
  3.394738708800e-01
  3.364467127860e-01
  3.472508612600e-01
  3.759582324730e-01
  3.152117057720e-01
  3.096329182630e-01
  3.344945604870e-01
  2.804722156810e-01
  3.103729463120e-01
  2.889063824930e-01
  3.028120616170e-01
  3.234029014520e-01
  2.536408473020e-01
  3.562805835920e-01
  2.880231009570e-01
  3.057897321260e-01
  3.132480735520e-01
  2.582743441040e-01
  2.171926860140e-01
  2.989433796610e-01
  2.547750282560e-01
  2.995410168680e-01
  3.241180587030e-01
  2.951282594860e-01
  2.327390053820e-01
  2.285583775110e-01
  1.998670453730e-01
  2.295161184960e-01
  2.831729659560e-01
  2.954270545860e-01
  3.166308661200e-01
  2.506256918370e-01
  2.851932301940e-01
  2.700448854530e-01
  2.264766473220e-01
  2.752017483050e-01
  2.532772874480e-01
  3.074378497040e-01
  2.945623681320e-01
  2.029908390810e-01
  1.895791101760e-01
  1.931265032870e-01
  2.045449600380e-01
  2.904537473720e-01
  2.476015879190e-01
  2.619979210220e-01
  3.242230757250e-01
  2.749206601190e-01
  2.417404929440e-01
  2.750506379400e-01
  2.432301393840e-01
  2.878040194070e-01
  1.935796871230e-01
  3.099542487730e-01
  2.662585263840e-01
  2.668471297240e-01
  2.656696456040e-01
  2.284376948180e-01
  2.882240837230e-01
  2.650092272410e-01
  2.941744889510e-01
  2.300875035750e-01
  2.574098603270e-01
  3.135741751330e-01
  2.806135433340e-01
  3.081112900230e-01
  3.055225719020e-01
  2.659137449810e-01
  1.819627406150e-01
  3.395766453340e-01
  3.415345158610e-01
  3.029912153490e-01
  2.716779279820e-01
  2.858166943420e-01
  2.641508081990e-01
  2.591467805770e-01
  2.869907110150e-01
  2.591448838720e-01
  2.279307368410e-01
  2.739838416480e-01
  2.008038470480e-01
  2.096611979970e-01
  2.380939782290e-01
  2.238157330840e-01
  4.211598447400e-01
  4.003020982790e-01
  3.536540945870e-01
  2.743695085440e-01
  2.968519588360e-01
  2.074199652510e-01
  2.368243826690e-01
  1.217757397520e-01
  1.932906328020e-01
  2.733889662130e-01
  3.618919082900e-01
  3.032593094280e-01
  2.210069122610e-01
  2.191383487440e-01
  2.665587212310e-01
  2.843169493980e-01
  2.088972232940e-01
  2.295369996770e-01
  2.443441030610e-01
  2.059977720260e-01
  1.465256062480e-01
  1.969455582750e-01
  2.673019799030e-01
  1.759403569890e-01
  2.323166350270e-01
  2.439703032660e-01
  2.689317844990e-01
  2.495936488140e-01
  2.182491735950e-01
  2.434207193250e-01
  2.613769293310e-01
  3.480730526870e-01
  1.624276951960e-01
  2.413484479060e-01
  1.965293662760e-01
  1.489911484580e-01
  2.266385660520e-01
  1.683315052770e-01
  2.413000761400e-01
  2.658184476880e-01
  2.682024343010e-01
  2.122838218870e-01
  1.872260786740e-01
  1.877306450740e-01
  3.570883616490e-01
  3.551323412190e-01
  1.996974871980e-01
  2.884912000190e-01
  2.254858926370e-01
  2.316051625050e-01
  1.404455084010e-01
  2.463802320140e-01
  2.362203181880e-01
  2.711686121020e-01
  2.693154535760e-01
  3.654035553070e-01
  2.570316045050e-01
  1.989174651330e-01
  2.877794872650e-01
  3.005875455350e-01
  2.252280765950e-01
  2.069099567220e-01
  1.704054850810e-01
  1.797643473300e-01
  2.958463282320e-01
  3.069353135750e-01
  3.457214020710e-01
  2.891143043330e-01
  3.921495497230e-01
  2.961883443500e-01
  2.839644853800e-01
  2.718696537760e-01
  3.888677451340e-01
  1.961524488140e-01
  2.024676674040e-01
  2.649667315130e-01
  1.429661118970e-01
  1.172213488580e-01
  2.048290672490e-01
  1.961195788250e-01
  2.095065179500e-01
  1.731421214280e-01
  1.888021155950e-01
  3.409054271210e-01
  3.538634671600e-01
  3.755807173000e-01
  2.404937574260e-01
  2.946710242360e-01
  3.398920888830e-01
  2.731787780870e-01
  2.494970118240e-01
  1.938044547630e-01
  1.775094183000e-01
  2.518343557000e-01
  2.181794785690e-01
  2.411298692110e-01
  1.295656186510e-01
  2.631028671830e-01
  1.279380732160e-01
  1.714503826960e-01
  3.288461397370e-01
  3.497258298050e-01
  1.890063772840e-01
  1.594301536310e-01
  1.611825973380e-01
  1.485207486020e-01
  2.289341692860e-01
  2.772581683420e-01
  2.239300113820e-01
  2.307610426860e-01
  2.222888730900e-01
  3.058439306450e-01
  2.423352749800e-01
  3.469049417310e-01
  2.870124470260e-01
  3.089595074540e-01
  2.253813172180e-01
  1.357292951430e-01
  1.211173708060e-01
  2.342398400890e-01
  2.390797604600e-01
  3.620670261620e-01
  1.713854824110e-01
  1.687932346620e-01
  2.810992649240e-01
  4.132045732400e-01
  2.595383411350e-01
  2.392563428430e-01
  2.121254922700e-01
  2.484342144180e-01
  3.728898423000e-01
  2.447929175010e-01
  1.637947627210e-01
  1.760405097280e-01
  1.889753883040e-01
  2.735268768830e-01
  2.806702399490e-01
  4.820180896100e-01
  2.449449547030e-01
  8.973994295030e-02
  1.547330027540e-01
  2.342527183810e-01
  3.242580628680e-01
  1.514044226900e-01
  1.940662039150e-01
  6.640635974800e-02
  1.729623978240e-01
  2.440450594190e-01
  2.388818882000e-01
  2.412989781710e-01
  1.416252784950e-01
  2.190188668310e-01
  1.239337655400e-01
  1.218833839860e-01
  1.337035507100e-01
  1.578140914300e-01
  2.749962093490e-01
  1.838291967990e-01
  2.034387611840e-01
  1.940995921680e-01
  2.394038267200e-01
  1.405172993240e-01
  2.112097802870e-01
  3.237791175910e-01
  3.490955038640e-01
  1.336933850840e-01
  1.634391123260e-01
  1.256669332760e-01
  1.328242068450e-01
  1.599306278040e-01
  1.694004238650e-01
  1.886539101370e-01
  2.058174043820e-01
  1.067913518000e-01
  1.777936076540e-01
  2.055835452760e-01
  3.051850805150e-01
  1.916908449020e-01
  2.215347111800e-01
  3.814574957420e-01
  3.087648077890e-01
  2.120855877530e-01
  2.459596452540e-01
  2.401725462870e-01
  2.282375080060e-01
  3.592917524760e-01
  3.367015969200e-01
  2.931237941480e-01
  2.404314382850e-01
  2.240640027630e-01
  1.202656331820e-01
  1.262765642040e-01
  9.364667009570e-02
  1.268282851380e-01
  1.826015697960e-01
  2.608553903530e-01
  2.001110527290e-01
  3.400936914190e-01
  3.352040460720e-01
  1.322544765920e-01
  1.627750926000e-01
  2.305099287560e-01
  2.928671655980e-01
  2.202506964110e-01
  1.220010746620e-01
  1.641604186310e-01
  2.278312885170e-01
  3.246413541850e-01
  2.613893383630e-01
  2.879057268900e-01
  2.926795754790e-01
  9.338970487080e-02
  5.642783337470e-02
  9.221907451480e-02
  2.073571225640e-01
  1.117528730800e-01
  1.282326951940e-01
  1.003868213670e-01
  1.635738144390e-01
  2.139011901830e-01
  1.144478432520e-01
  2.015559085950e-01
  1.414612211280e-01
  1.825987508860e-01
  1.474405438930e-01
  2.071316992030e-01
  1.416685709950e-01
  1.732843667540e-01
  1.851099818380e-01
  2.826872416260e-01
  1.709275370110e-01
  1.433712030770e-01
  1.253638477990e-01
  2.112218388250e-01
  2.261616274970e-01
  2.529354996610e-01
  1.194204364580e-01
  1.683924485030e-01
  2.318337435620e-01
  3.139792357010e-01
  2.314673609540e-01
  3.246678593180e-01
  3.149085538930e-01
  2.451469749600e-01
  2.981349491440e-01
  1.120613565410e-01
  1.543594845310e-01
  1.555375522600e-01
  2.856403039720e-01
  3.039407638360e-01
  2.694062175250e-01
  1.343308266290e-01
  2.742120433610e-01
  1.463014572930e-01
  2.345605671450e-01
  3.543543475760e-01
  1.417328128870e-01
  1.758077848210e-01
  2.660991237320e-01
  2.945276949030e-01
  2.093095232330e-01
  1.937254010350e-01
  2.410891304440e-01
  3.801889754100e-01
  2.561816694040e-01
  2.441662725870e-01
  2.740595766900e-01
  3.488497863810e-01
  3.315822522910e-01
  6.748299416910e-01
  4.800232761840e-01
  2.702413772480e-01
  3.827845318570e-01
  3.633910592610e-01
  3.366712285460e-01
  3.589166592350e-01
  3.873661461360e-01
  1.649121072050e-01
  3.196509295160e-01
  2.120584063740e-01
  2.816941814390e-01
  3.968091964870e-01
  6.993746182490e-01
  2.864321859260e-01
  3.229324017260e-01
  2.790768959750e-01
  3.922979741050e-01
  2.573767486990e-01
  1.089034076940e-01
  3.403780748460e-01
  1.484548582450e-01
  2.059644307970e-01
  3.037841872240e-01
  5.029700766990e-01
  3.920360769630e-01
  3.594336842680e-01
  4.310037797840e-01
  3.461213229340e-01
  3.845508457380e-01
  2.324064619900e-01
  1.556575086650e-01
  1.058205444180e-01
  6.430058024250e-02
  5.615283648990e-02
  7.097165893300e-02
  1.051828669530e-01
  2.471052253400e-01
  4.942841910890e-01
  9.263358513380e-02
  2.194855068140e-01
  1.444669255020e-01
  2.805040076820e-01
  2.789531381070e-01
  3.310068850920e-01
  3.380336011830e-01
  3.620053733430e-01
  3.630836119700e-01
  3.753596072450e-01
  2.861468063550e-01
  2.198085139050e-01
  2.070721281360e-01
  1.273084445670e-01
  9.676760175960e-02
  2.430627408750e-01
  1.746031149410e-01
  1.421959301820e-01
  5.715972403020e-02
  4.384077836580e-02
  1.489151826250e-01
  2.841664065740e-01
  7.587168379110e-02
  5.681611025800e-02
  5.850684778260e-02
  1.616998908900e-01
  1.041816041550e-01
  1.082920613070e-01
  1.348547908450e-01
  9.843325442430e-02
  1.159466016130e-01
  1.339041008630e-01
  1.319966288770e-01
  1.538928383950e-01
  1.979293767410e-01
  3.069939059970e-01
  2.945717677930e-01
  5.415520949600e-02
  7.822963493160e-02
  7.837570400170e-02
  1.115964963730e-01
  1.444905503850e-01
  1.079334437720e-01
  1.309570720020e-01
  1.453620263160e-01
  2.023941274460e-01
  1.319573881890e-01
  1.279704809690e-01
  1.812236470330e-01
  1.679129589150e-01
  1.698876272200e-01
  1.831432706430e-01
  2.096144662030e-01
  3.615710921170e-01
  5.554116718370e-01
  3.934596006120e-01
  1.581773940060e-01
  1.711060842340e-01
  1.828452632050e-01
  2.492073080570e-01
  2.156405494200e-01
  2.833132331100e-01
  3.413453123500e-01
  3.548933115830e-01
  2.918228345750e-01
  1.225138724090e-01
  1.148572463000e-01
  1.339222086220e-01
  1.939635374370e-01
  1.749732813070e-01
  1.948726020330e-01
  4.016293245750e-01
  2.670044301820e-01
  1.736810143630e-01
  2.032526978800e-01
  4.258615301630e-01
  2.283198385650e-01
  1.544108823490e-01
  2.060125904760e-01
  2.456786703530e-01
  1.985206023640e-01
  2.060857316140e-01
  2.579872207350e-01
  2.112338934380e-01
  2.192647609330e-01
  2.232488189350e-01
  2.306944160020e-01
  2.341698561450e-01
  2.479053913560e-01
  2.942787600200e-01
  4.953759038990e-01
  4.089616788800e-01
  2.383364896350e-01
  2.523040678670e-01
  2.764856409020e-01
  3.739890881750e-01
  4.053726878000e-01
  3.639206506960e-01
  7.853798001130e-02
  1.130834244680e-01
  1.579533844230e-01
  2.204518838520e-01
  5.542790161550e-01
  3.278268063570e-01
  8.641484846730e-01
  2.533504426450e-01
  6.509048192720e-01
  3.386052188130e-01
  4.550453905740e-01
  1.167023017870e+00
  3.323678714830e-01
  4.021009165340e-02
  2.710542658900e-02
  7.062866207090e-02
  1.095315605880e-01
  1.485335400930e-01
  3.036608628940e-01
  4.494168883030e-01
  1.966194980250e-01
  9.722128583150e-01
  2.498155208430e-01
  9.501484213980e-01
  3.625978436430e-01
  5.248020207220e-01
  4.762782184590e-01
  7.169773160840e-01
  1.293774063690e+00
  3.298387711680e-01
  3.953977202280e-01
  4.969345809990e-01
  6.385991655750e-01
  2.481480770710e-01
  1.399298630010e-01
  5.506431586780e-02
  8.515162437020e-02
  1.113757627200e-01
  1.590839517930e-01
  8.516668501220e-01
  4.518860285410e-01
  2.673208101100e-01
  3.311768117190e-01
  4.482184668930e-01
  1.369280064590e+00
  9.676286944660e-01
  6.321810003240e-01
  4.232364836180e-01
  5.238941182260e-01
  4.479687071170e-01
  1.964912106770e-01
  3.009232831040e-01
  1.138638628010e-01
  9.771894047660e-01
  8.299453741260e-01
  1.167262697900e+00
  5.503987396440e-01
  3.746449597350e-01
  7.656229344610e-01
  5.132649865380e-01
  1.384467471530e+00
  9.374136727790e-01
  5.423843300990e-01
  3.344997605700e-01
  4.207739827470e-01
  7.684950379470e-01
  2.287310214010e-01
  1.759527683130e-01
  5.872493860890e-02
  8.086291001440e-02
  3.675253308650e-02
  1.058718135270e-01
  1.402358396380e-01
  2.233350835000e-01
  4.217518034350e-01
  9.774744235140e-01
  6.650050531190e-01
  6.003418100900e-01
  8.579747243910e-01
  1.321897361160e+00
  4.394082013970e-01
  3.062457205650e-01
  2.302314885850e-01
  1.565006713690e-01
  9.525019869660e-02
  6.365795935980e-02
  4.406597502000e-02
  2.905171966400e-02
  3.567962063670e-02
  3.603850954930e-01
  4.660496821320e-01
  2.486091458280e-01
  9.121064029990e-02
  1.424435325790e-01
  5.604784954560e-02
  6.075197375950e-01
  7.676038966430e-01
  5.570153318140e-01
  1.085878812640e+00
  6.495658040760e-02
  3.440755616200e-01
  2.098357618050e-01
  9.818090212730e-02
  1.389085306430e-01
  1.176374717080e-01
  3.867856284440e-01
  5.726621303800e-01
  2.639404266030e-01
  9.548546650050e-01
  1.650546991230e-01
  2.072303250890e-01
  2.880645599150e-01
  4.873466339770e-01
  1.221842032360e+00
  8.457874735190e-01
  5.486372288590e-01
  2.986833209510e-02
  4.172231295260e-02
  5.811495530330e-02
  8.576723599590e-02
  1.406855485210e-01
  2.615449926220e-01
  3.735892718380e-01
  6.002242948550e-01
  8.792733012090e-01
  4.482884265680e-01
  5.688139817130e-01
  2.950730935050e-01
  1.848493398250e-01
  1.121962929740e-01
  1.412306928280e+00
  8.660898316870e-01
  6.904114938550e-02
  4.816622003300e-02
  3.208317192320e-02
  2.217347339950e-02
  1.694152545430e-02
  1.565388999090e-02
  4.181423635770e-02
  2.847270383080e-02
  1.882107591940e-01
  3.186251282820e-01
  5.658209200040e-01
  5.276117709680e-02
  1.085553405640e-01
  6.487277839220e-02
  1.189811492690e-01
  6.705809163520e-02
  1.960003402600e-01
  6.584973016470e-01
  4.327581520530e-01
  2.859037420670e-01
  8.230340230900e-02
  8.118725953830e-01
  4.520588192650e-01
  2.220431201780e-01
  2.991142324690e-01
  1.088085508660e-01
  1.374037374710e-01
  5.758502717360e-01
  3.617828677800e-01
  1.794266446840e-01
  8.524032427180e-01
  2.378827888380e-01
  2.521435252450e-01
  9.981374988760e-01
  4.369281947020e-01
  6.408614523600e-01
  3.942597516190e-01
  5.908598771800e-01
  7.799357482900e-01
  7.025727365580e-01
  5.233384622900e-01
  8.888638321790e-01
  1.185297482950e+00
  1.638629106280e+00
  3.445048744220e-01
  2.035783654930e-01
  1.330253761070e-01
  9.798258173940e-02
  6.904368797970e-02
  4.573879147730e-02
  3.012332242560e-02
  4.430973436580e-02
  6.206230782210e-02
  6.828902365870e-01
  3.809137802810e-01
  9.214950437340e-02
  2.367708860670e-01
  1.349829971900e-01
  1.925025498000e+00
  1.254313224410e+00
  8.333512676450e-01
  3.161105686540e-01
  2.216774282750e-01
  5.096736034900e-01
  1.406455782120e-01
  2.196378921790e-01
  7.306899586560e-01
  4.616082907150e-01
  3.187216221080e-01
  1.691580610990e-01
  2.085049301120e-01
  3.434982840760e-01
  4.899867577990e-01
  1.059668174430e+00
  1.847186300010e+00
  6.512037755190e-01
  2.530814289420e-01
  3.408246113570e-01
  5.112187425390e-01
  8.618682002580e-01
  2.241431893610e-01
  5.045830114460e-02
  6.758779924770e-02
  1.016070324420e-01
  1.414838953050e-01
  9.990388647700e-01
  6.871995952780e-01
  2.282045801650e-01
  3.352307568140e-01
  4.935519807780e-01
  1.803396796420e-01
  3.140042544780e-01
  1.050829663750e+00
  1.940285803110e+00
  1.443693819100e+00
  7.691874722770e-01
  4.844578174730e-01
  2.086539365230e-01
  6.013019584630e-01
  1.223630075600e+00
  8.755515386970e-01
  3.405263426690e-01
  2.491253418140e-01
  2.989011499930e-01
  9.893907671840e-01
  6.205836568410e-01
  3.944642361690e-01
  4.778599375790e-01
  9.463389835540e-01
  7.372764003440e-01
  3.372332283290e-01
  2.125952061370e-01
  1.296874319980e-01
  7.985037110620e-02
  2.366430824000e-02
  3.128275824590e-02
  4.054015466620e-02
  6.079881091250e-02
  9.547207374610e-02
  1.413312016860e-01
  1.744877711920e-01
  2.229509896500e-01
  6.686467525880e-01
  4.805068694690e-01
  2.840340047330e-01
  9.495773662390e-01
  3.332017087770e-01
  6.390113778960e-01
  8.939046548320e-01
  1.727683517080e+00
  1.221106591430e+00
  3.938155988850e-01
  4.718510635700e-01
  7.804756257790e-01
  1.232765207340e+00
  6.209174155010e-01
  1.565144972230e+00
  9.693850390220e-01
  2.274281004340e+00
  1.819538666430e+00
  1.008185259660e+00
  9.663763512270e-01
  7.129154915860e-01
  4.835065466760e-01
  3.465505448570e-01
  2.389197304190e-01
  1.780214814340e-01
  1.291910539350e-01
  8.909616610300e-02
  5.856950004320e-02
  5.339846575080e-02
  8.280016642310e-02
  1.118177694070e-01
  1.721957903920e-01
  2.510627927890e-01
  2.096182114240e+00
  1.235141228130e+00
  7.210222767780e-01
  3.862923388030e-01
  4.008964307460e-01
  6.243556618390e-01
  9.349827618670e-01
  1.254537774510e+00
  2.784233340740e-01
  1.335818140330e-01
  1.640538802670e-01
  2.010472279300e-01
  3.136399139970e-01
  1.030057967700e+00
  1.570222129620e+00
  2.081463705980e+00
  3.410690375240e-01
  5.882565328580e-01
  4.573370916500e-01
  6.974468190430e-01
  9.328312182460e-01
  1.205170420970e+00
  1.515177670090e+00
  1.977874347130e+00
  4.785714079710e-01
  3.450938198820e-01
  2.379102224140e-01
  1.539677793590e-01
  1.029834524020e-01
  3.072147376990e-02
  4.734244053910e-02
  6.965819723380e-02
  9.625605604340e-02
  1.472117864600e-01
  2.525909401770e-01
  1.769973705500e-01
  3.575786943380e-01
  7.855718464860e-01
  5.178727783440e-01
  2.421700046820e-01
  2.226860319270e-01
  2.568491141210e-01
  4.437993090450e-01
  3.046813178810e-01
  3.861675016750e-01
  5.159764575940e-01
  6.942759577810e-01
  1.259164959440e+00
  8.010238312890e-01
  5.203174301270e-01
  3.593563631500e-01
  2.331553024660e-01
  1.409218389650e-01
  9.456801496940e-02
  6.855209122930e-02
  5.170007003290e-02
  3.866131097520e-02
  2.912465067740e-02
  3.525244246510e-02
  5.732763651970e-02
  1.447590637270e-01
  8.596316775860e-02
  1.019552197390e-01
  1.165575433570e-01
  1.521138260390e-01
  2.148788954020e-01
  3.103581743270e-01
  4.478386512110e-01
  7.036967155580e-01
  1.121225774240e+00
  1.582878761280e+00
  5.215241688570e-01
  3.797832211610e-01
  2.866494265560e-01
  1.993606763200e-01
  1.286857684900e-01
  6.087819711260e-02
  7.778242176180e-02
  1.155331328780e-01
  1.608328070970e-01
  2.219870213450e-01
  4.663728294160e-01
  1.154163048560e+00
  1.619419554640e+00
  3.264744386840e-01
  7.377555102580e-01
  1.460635060550e-01
  3.588623822610e-01
  6.883440567410e-01
  2.438305266760e-01
  4.838480755570e-01
  1.018315309800e+00
  1.591267202620e+00
  2.735586632670e+00
  1.518208741030e-01
  2.414695913230e-01
  1.728125871740e-01
  1.913936972870e-01
  2.101607346540e-01
  2.997615075870e-01
  1.167402770340e+00
  7.145597481000e-01
  4.607411735930e-01
  2.393146656770e-01
  2.535193662020e-01
  2.452836782510e-01
  5.236890147680e-01
  8.732151104790e-01
  3.637638822520e-01
  2.541504585250e-01
  2.731221619970e-01
  4.097527343860e-01
  6.516610882670e-01
  1.267753326810e+00
  2.816258314050e+00
  1.797789807020e+00
  8.796230329460e-01
  2.850893301780e-01
  3.392450571670e-01
  3.146194358790e-01
  7.886170583420e-01
  5.315805772590e-01
  3.376537275270e-01
  1.360031081090e+00
  3.642799873370e-01
  6.409149184390e-01
  3.923369769850e-01
  8.080758589990e-01
  5.691028712870e-01
  1.247384408960e+00
  3.299516006730e+00
  2.081090923060e+00
  4.446411781070e-01
  5.133506809550e-01
  6.671272112530e-01
  9.206477965610e-01
  1.387134760860e+00
  2.275130050080e+00
  1.484950175310e+00
  1.047731841620e+00
  8.190281760200e-01
  6.259400225420e-01
  4.495196053680e-01
  2.826569986770e-01
  1.819010541050e-01
  1.230479127610e-01
  3.677465537830e-02
  5.199350284480e-02
  7.527942490200e-02
  9.798883311930e-02
  2.498659552100e-01
  2.114696921880e+00
  3.624288255930e+00
  1.364688571500e+00
  5.669353621300e-01
  3.616707006750e-01
  9.007425101950e-01
  1.445249077060e-01
  1.856650128120e-01
  2.476776340580e-01
  3.621712943010e-01
  8.601633996630e-01
  5.261671682550e-01
  4.628766557590e-01
  6.663000858960e-01
  1.416549049760e+00
  1.877105805170e+00
  9.821332771510e-01
  2.618575032240e+00
  5.375064079130e-01
  3.601127513080e-01
  2.330192079140e-01
  1.605059096900e-01
  2.287374442800e-01
  1.646339531880e-01
  1.480124806910e-01
  1.745582290020e-01
  2.022322186120e-01
  2.276577678390e-01
  2.532590540660e-01
  2.832934389450e-01
  6.500817614080e-01
  4.752062689350e-01
  3.148568172530e-01
  3.315576690420e-01
  3.206124293110e-01
  8.214107437470e-01
  2.339070140000e+00
  1.163750350550e+00
  1.641840271160e+00
  5.650323742510e-01
  3.189715647410e-01
  3.260351703170e-01
  3.455228982440e-01
  3.809821956890e-01
  6.224242777020e-01
  4.462658335220e-01
  8.133582483570e-01
  5.561984121450e-01
  4.712672033690e-01
  1.082487050250e+00
  7.218644553060e-01
  2.353374703110e+00
  5.434901627780e+00
  3.447775145220e+00
  1.669069941180e+00
  3.675201396280e-01
  3.466804406630e-01
  3.509168187650e-01
  3.642572173650e-01
  4.084803878000e-01
  3.790406857260e-01
  8.217028887630e-01
  3.031982658590e+00
  1.784134592480e+00
  1.204983876190e+00
  6.149345544360e-01
  3.833366338670e-01
  3.989966635930e-01
  4.183183830260e-01
  4.453788851110e-01
  4.966268119790e-01
  5.268679890420e-01
  4.828901953930e-01
  4.892232757890e-01
  5.046337237020e-01
  5.290314726080e-01
  5.489594381560e-01
  5.804637201710e-01
  8.490878346490e-01
  6.107241238530e-01
  6.498436244420e-01
  6.960961709820e-01
  7.613818864370e-01
  8.232878786780e-01
  9.138136654820e-01
  1.033778250810e+00
  1.198626063920e+00
  1.446262547680e+00
  1.795042370640e+00
  2.370649005990e+00
  3.396591107640e+00
  5.371809118470e+00
  7.304977741430e+00
  5.637853978000e+00
  3.890408796280e+00
  2.855797822170e+00
  2.215207649370e+00
  1.646534888340e+00
  1.080112833600e+00
  6.685272311600e-01
  4.678875797630e-01
  3.467718003740e-01
  2.658549486590e-01
  1.964253510990e-01
  1.356154079810e-01
  8.883655541410e-02
  6.067101972260e-02
  4.356949138630e-02
  3.901811816650e-02
  4.683114992320e-02
  5.983053428500e-02
  7.516645052340e-02
  1.275593813460e-01
  1.875878088120e-01
  2.822396866470e-01
  9.021253552630e-02
  1.052628144840e-01
  1.197809685060e-01
  1.356295090620e-01
  1.467809311940e-01
  1.592944165460e-01
  1.714853989650e-01
  1.823674268540e-01
  1.930163448100e-01
  2.032811825670e-01
  2.131703976790e-01
  2.267101355430e-01
  2.325900895350e-01
  2.406711376140e-01
  2.492798598770e-01
  2.577122224480e-01
  2.659078608030e-01
  2.740421384570e-01
  2.819858909630e-01
  2.896121695540e-01
  2.972517459320e-01
  3.049523553160e-01
  3.126393324770e-01
  4.913680986440e-01
  3.232944499650e-01
  3.342804889470e-01
  5.053988710270e-01
  3.428842554870e-01
  3.447546565760e-01
  3.536265765120e-01
  3.627373962040e-01
  3.737178449510e-01
  3.822765339580e-01
  3.922665678320e-01
  4.031630145270e-01
  4.147412717330e-01
  4.271889552240e-01
  4.410935034750e-01
  7.370516559140e-01
  1.421876477680e+00
  1.022503522160e+00
  4.660530777820e-01
  4.714040275400e-01
  4.892121497140e-01
  5.093105540280e-01
  5.322057952210e-01
  5.584985048200e-01
  6.970831802520e-01
