1002
  1.320000000000e+01
  8.685800000000e-03
  1.744640000000e-02
  8.254800000000e-03
  1.719450000000e-02
  1.680790000000e-02
  7.976400000000e-03
  1.402410000000e-02
  1.011250000000e-02
  1.136840000000e-02
  1.213750000000e-02
  8.836100000000e-03
  1.405550000000e-02
  6.422900000000e-03
  1.587050000000e-02
  1.394380000000e-02
  7.767000000000e-03
  1.493700000000e-02
  6.206500000000e-03
  6.585200000000e-03
  1.400570000000e-02
  1.096300000000e-02
  9.089900000000e-03
  1.508080000000e-02
  4.448000000000e-03
  7.346200000000e-03
  1.167230000000e-02
  1.134910000000e-02
  7.172400000000e-03
  4.061000000000e-03
  1.397650000000e-02
  7.950400000000e-03
  9.615700000000e-03
  1.161050000000e-02
  5.496600000000e-03
  4.860700000000e-03
  1.179940000000e-02
  1.150800000000e-02
  4.716600000000e-03
  8.123900000000e-03
  7.676800000000e-03
  4.893000000000e-03
  1.049480000000e-02
  1.226760000000e-02
  2.718100000000e-03
  7.547900000000e-03
  7.046200000000e-03
  3.032000000000e-03
  1.118060000000e-02
  5.372000000000e-03
  8.469300000000e-03
  4.598600000000e-03
  8.881000000000e-03
  3.861300000000e-03
  9.266000000000e-03
  9.254300000000e-03
  3.530000000000e-03
  8.433000000000e-03
  4.017200000000e-03
  7.647600000000e-03
  4.477200000000e-03
  6.896800000000e-03
  4.911200000000e-03
  6.179400000000e-03
  5.320100000000e-03
  5.494100000000e-03
  5.704800000000e-03
  4.839800000000e-03
  6.066500000000e-03
  4.215200000000e-03
  6.406000000000e-03
  3.619600000000e-03
  6.724100000000e-03
  3.051500000000e-03
  7.021900000000e-03
  7.186600000000e-03
  2.623600000000e-03
  6.554200000000e-03
  2.999600000000e-03
  6.869700000000e-03
  2.434400000000e-03
  2.850900000000e-03
  6.210100000000e-03
  4.121800000000e-03
  4.702500000000e-03
  5.318900000000e-03
  3.274700000000e-03
  1.622500000000e-03
  6.746500000000e-03
  4.625800000000e-03
  3.524600000000e-03
  2.887800000000e-03
  5.049500000000e-03
  1.229100000000e-03
  6.500900000000e-03
  5.666000000000e-03
  1.861900000000e-03
  4.031800000000e-03
  3.299400000000e-03
  2.471300000000e-03
  4.668400000000e-03
  9.818000000000e-04
  5.971200000000e-03
  4.978000000000e-03
  1.793400000000e-03
  3.510400000000e-03
  3.084000000000e-03
  2.109100000000e-03
  4.313000000000e-03
  7.718000000000e-04
  5.482500000000e-03
  4.370900000000e-03
  1.719900000000e-03
  3.053100000000e-03
  2.878600000000e-03
  2.032200000000e-03
  3.744400000000e-03
  1.058700000000e-03
  4.567000000000e-03
  4.725600000000e-03
  7.531000000000e-04
  3.740900000000e-03
  1.594600000000e-03
  2.800900000000e-03
  2.395200000000e-03
  1.903800000000e-03
  3.156500000000e-03
  1.048300000000e-03
  3.879800000000e-03
  4.255200000000e-03
  5.440000000000e-04
  3.390200000000e-03
  1.283700000000e-03
  2.564200000000e-03
  1.987500000000e-03
  1.776000000000e-03
  2.656800000000e-03
  1.024200000000e-03
  3.292800000000e-03
  3.828800000000e-03
  3.753000000000e-04
  1.480000000000e-03
  2.614300000000e-03
  2.821000000000e-03
  1.166200000000e-03
  2.351200000000e-03
  1.531900000000e-03
  1.902900000000e-03
  1.878700000000e-03
  1.293400000000e-03
  2.389400000000e-03
  7.122000000000e-04
  2.874300000000e-03
  3.123800000000e-03
  3.691000000000e-04
  2.171600000000e-03
  1.229900000000e-03
  1.261200000000e-03
  2.051500000000e-03
  2.786300000000e-03
  4.398000000000e-04
  1.908800000000e-03
  1.232900000000e-03
  1.069900000000e-03
  1.989800000000e-03
  2.482200000000e-03
  4.975000000000e-04
  1.673500000000e-03
  1.228400000000e-03
  9.003000000000e-04
  1.925700000000e-03
  2.208200000000e-03
  5.440000000000e-04
  1.462800000000e-03
  1.217460000000e-03
  7.503000000000e-04
  1.859910000000e-03
  1.961440000000e-03
  5.805700000000e-04
  1.011730000000e-03
  1.463840000000e-03
  1.641400000000e-03
  7.694900000000e-04
  7.443200000000e-04
  1.603560000000e-03
  1.348640000000e-03
  9.378800000000e-04
  5.013300000000e-04
  1.725450000000e-03
  1.539900000000e-03
  6.286800000000e-04
  1.180400000000e-03
  9.315200000000e-04
  8.373800000000e-04
  1.219340000000e-03
  5.102700000000e-04
  1.492710000000e-03
  1.778190000000e-03
  1.724500000000e-04
  1.409930000000e-03
  4.897300000000e-04
  1.058270000000e-03
  7.917500000000e-04
  7.226500000000e-04
  1.079020000000e-03
  4.024800000000e-04
  1.352110000000e-03
  1.515080000000e-03
  1.936600000000e-04
  1.193410000000e-03
  4.706800000000e-04
  8.862700000000e-04
  7.343300000000e-04
  5.931500000000e-04
  9.851000000000e-04
  3.135600000000e-04
  1.223450000000e-03
  1.289860000000e-03
  2.069900000000e-04
  1.008880000000e-03
  4.488400000000e-04
  7.406300000000e-04
  6.790100000000e-04
  3.742500000000e-04
  1.008280000000e-03
  1.036530000000e-03
  3.098800000000e-04
  6.824900000000e-04
  6.287300000000e-04
  7.014800000000e-04
  5.754800000000e-04
  7.189800000000e-04
  5.246000000000e-04
  7.350800000000e-04
  4.760100000000e-04
  7.498000000000e-04
  4.296400000000e-04
  7.632300000000e-04
  3.853900000000e-04
  7.754300000000e-04
  3.431800000000e-04
  7.864300000000e-04
  3.029400000000e-04
  7.963100000000e-04
  2.645900000000e-04
  2.739100000000e-04
  7.592800000000e-04
  2.959600000000e-04
  7.102200000000e-04
  3.166500000000e-04
  6.632300000000e-04
  3.360500000000e-04
  6.182400000000e-04
  3.541800000000e-04
  5.751600000000e-04
  3.711300000000e-04
  5.339300000000e-04
  3.869200000000e-04
  4.944800000000e-04
  4.016200000000e-04
  4.567600000000e-04
  4.340700000000e-04
  4.018700000000e-04
  4.827900000000e-04
  3.313100000000e-04
  5.285400000000e-04
  2.642800000000e-04
  5.714600000000e-04
  2.006400000000e-04
  2.084100000000e-04
  5.435200000000e-04
  2.573200000000e-04
  4.749600000000e-04
  3.034400000000e-04
  4.097000000000e-04
  3.468700000000e-04
  3.476400000000e-04
  3.877200000000e-04
  2.886400000000e-04
  5.091200000000e-04
  1.495600000000e-04
  2.399200000000e-04
  4.015500000000e-04
  4.000600000000e-04
  2.246500000000e-04
  4.650800000000e-04
  1.433000000000e-04
  2.443200000000e-04
  3.481600000000e-04
  3.124900000000e-04
  2.645100000000e-04
  3.066700000000e-04
  2.552500000000e-04
  4.144300000000e-04
  1.328100000000e-04
  4.533400000000e-04
  7.960000000000e-05
  3.423300000000e-04
  1.766800000000e-04
  2.363300000000e-04
  2.691200000000e-04
  1.351400000000e-04
  3.571000000000e-04
  3.026200000000e-04
  1.767500000000e-04
  1.523100000000e-04
  3.145400000000e-04
  3.257000000000e-04
  1.289500000000e-04
  1.824300000000e-04
  2.603400000000e-04
  2.499900000000e-04
  1.812100000000e-04
  3.135800000000e-04
  1.063500000000e-04
  2.421600000000e-04
  1.667900000000e-04
  2.463500000000e-04
  1.519200000000e-04
  1.087800000000e-04
  2.790800000000e-04
  1.288400000000e-04
  2.488900000000e-04
  2.937600000000e-04
  7.409000000000e-05
  1.652100000000e-04
  1.930300000000e-04
  1.414400000000e-04
  2.074400000000e-04
  1.171800000000e-04
  2.225900000000e-04
  1.975300000000e-04
  1.333500000000e-04
  2.117200000000e-04
  1.105200000000e-04
  1.679700000000e-04
  1.458400000000e-04
  2.016900000000e-04
  1.039300000000e-04
  1.202300000000e-04
  1.774000000000e-04
  1.516600000000e-04
  1.381900000000e-04
  1.333300000000e-04
  1.489500000000e-04
  1.079400000000e-04
  1.669600000000e-04
  1.954000000000e-04
  7.231800000000e-05
  1.285210000000e-04
  1.322000000000e-04
  1.307820000000e-04
  1.231260000000e-04
  1.328330000000e-04
  1.144400000000e-04
  1.684910000000e-04
  7.232000000000e-05
  1.351760000000e-04
  9.934200000000e-05
  6.834500000000e-05
  1.600450000000e-04
  6.519700000000e-05
  1.572240000000e-04
  2.743800000000e-05
  1.891710000000e-04
  1.016990000000e-04
  1.092490000000e-04
  7.029700000000e-05
  1.351390000000e-04
  1.266240000000e-04
  7.344300000000e-05
  9.616200000000e-05
  9.867800000000e-05
  9.798900000000e-05
  9.175800000000e-05
  4.887700000000e-05
  1.359120000000e-04
  7.579800000000e-05
  1.041620000000e-04
  9.593500000000e-05
  7.932300000000e-05
  1.192180000000e-04
  5.145900000000e-05
  4.769200000000e-05
  1.185250000000e-04
  8.451300000000e-05
  7.736100000000e-05
  6.371700000000e-05
  9.392700000000e-05
  4.389500000000e-05
  1.096290000000e-04
  1.381210000000e-04
  1.139100000000e-05
  5.908600000000e-05
  8.651900000000e-05
  9.319400000000e-05
  4.860600000000e-05
  4.084200000000e-05
  9.725200000000e-05
  7.716900000000e-05
  5.731700000000e-05
  8.657000000000e-05
  4.440100000000e-05
  9.540100000000e-05
  3.214800000000e-05
  4.444500000000e-05
  7.977100000000e-05
  8.863100000000e-05
  3.233800000000e-05
  6.162000000000e-05
  5.618900000000e-05
  5.928700000000e-05
  5.544300000000e-05
  4.456100000000e-05
  6.717000000000e-05
  6.608500000000e-05
  4.272700000000e-05
  4.515600000000e-05
  6.081200000000e-05
  8.064700000000e-05
  2.255300000000e-05
  4.283200000000e-05
  5.767000000000e-05
  5.112000000000e-06
  9.276400000000e-05
  4.737800000000e-05
  4.794000000000e-05
  3.854100000000e-05
  5.428700000000e-05
  3.011600000000e-05
  6.028500000000e-05
  6.253400000000e-05
  2.550600000000e-05
  1.444800000000e-05
  7.129000000000e-05
  3.932200000000e-05
  4.417600000000e-05
  5.166100000000e-05
  2.965500000000e-05
  4.447100000000e-05
  3.472000000000e-05
  3.797900000000e-05
  3.914300000000e-05
  5.178000000000e-05
  2.332600000000e-05
  3.085200000000e-05
  4.229200000000e-05
  6.296500000000e-05
  8.267000000000e-06
  3.598000000000e-05
  3.339100000000e-05
  3.160500000000e-05
  3.595300000000e-05
  2.742900000000e-05
  3.836300000000e-05
  3.829800000000e-05
  2.577500000000e-05
  2.401600000000e-05
  3.838300000000e-05
  4.312800000000e-05
  1.764000000000e-05
  3.555800000000e-05
  2.362300000000e-05
  2.951900000000e-05
  2.811400000000e-05
  1.534100000000e-05
  4.078700000000e-05
  4.731200000000e-05
  7.349000000000e-06
  3.729200000000e-05
  1.594000000000e-05
  4.073400000000e-05
  1.110700000000e-05
  3.230900000000e-05
  1.817800000000e-05
  4.097100000000e-05
  8.196000000000e-06
  9.333000000000e-06
  3.855000000000e-05
  2.060600000000e-05
  2.602500000000e-05
  3.756000000000e-05
  7.852000000000e-06
  1.564700000000e-05
  2.857900000000e-05
  1.256900000000e-05
  3.050100000000e-05
  1.214000000000e-05
  2.980500000000e-05
  3.360000000000e-05
  7.249000000000e-06
  4.515000000000e-06
  3.526600000000e-05
  2.547500000000e-05
  1.326600000000e-05
  2.078700000000e-05
  1.694200000000e-05
  1.910300000000e-05
  1.764000000000e-05
  1.253900000000e-05
  2.324400000000e-05
  1.384000000000e-05
  2.100800000000e-05
  1.694100000000e-05
  1.699600000000e-05
  1.152900000000e-05
  2.152200000000e-05
  1.595600000000e-05
  1.623000000000e-05
  1.756700000000e-05
  1.377900000000e-05
  1.375100000000e-05
  1.677600000000e-05
  8.105000000000e-06
  2.162300000000e-05
  1.126300000000e-05
  1.768900000000e-05
  7.161000000000e-06
  2.103400000000e-05
  1.079300000000e-05
  1.666600000000e-05
  1.822300000000e-05
  8.517700000000e-06
  9.472700000000e-06
  1.656950000000e-05
  1.779920000000e-05
  7.562300000000e-06
  1.557080000000e-05
  9.128100000000e-06
  1.024370000000e-05
  1.380970000000e-05
  7.024200000000e-06
  1.640060000000e-05
  8.184900000000e-06
  1.462780000000e-05
  1.029260000000e-05
  1.192390000000e-05
  9.716200000000e-06
  1.191980000000e-05
  1.097080000000e-05
  1.009970000000e-05
  7.567400000000e-06
  1.295260000000e-05
  8.122500000000e-06
  1.186120000000e-05
  1.711110000000e-05
  2.350400000000e-06
  1.202120000000e-05
  6.931700000000e-06
  9.149900000000e-06
  9.307800000000e-06
  8.744900000000e-06
  9.230400000000e-06
  4.489200000000e-06
  1.301630000000e-05
  1.517770000000e-05
  1.870500000000e-06
  8.635800000000e-06
  7.966800000000e-06
  1.190790000000e-05
  4.260800000000e-06
  7.513000000000e-06
  8.233200000000e-06
  8.644700000000e-06
  6.690100000000e-06
  8.757200000000e-06
  6.176800000000e-06
  8.517700000000e-06
  6.026000000000e-06
  7.275500000000e-06
  6.888200000000e-06
  8.329700000000e-06
  5.463900000000e-06
  8.866800000000e-06
  4.566300000000e-06
  6.992100000000e-06
  6.089900000000e-06
  8.910800000000e-06
  3.829400000000e-06
  1.039290000000e-05
  2.014400000000e-06
  1.697700000000e-06
  1.038530000000e-05
  4.396700000000e-06
  7.370600000000e-06
  1.858600000000e-06
  9.601200000000e-06
  6.726200000000e-06
  4.434100000000e-06
  6.628200000000e-06
  4.240500000000e-06
  8.734700000000e-06
  1.849900000000e-06
  2.796600000000e-06
  7.511500000000e-06
  3.918600000000e-06
  6.120000000000e-06
  5.223500000000e-06
  4.552900000000e-06
  7.068900000000e-06
  2.451900000000e-06
  4.667200000000e-06
  4.604900000000e-06
  4.540200000000e-06
  4.489600000000e-06
  3.402800000000e-06
  5.391000000000e-06
  6.132000000000e-06
  2.432000000000e-06
  4.074900000000e-06
  4.265200000000e-06
  1.539900000000e-06
  6.582400000000e-06
  9.276000000000e-07
  6.982400000000e-06
  5.022900000000e-06
  2.680400000000e-06
  6.206800000000e-06
  1.295200000000e-06
  5.056500000000e-06
  2.249400000000e-06
  3.081000000000e-06
  4.034000000000e-06
  5.123700000000e-06
  1.805400000000e-06
  4.604800000000e-06
  2.143200000000e-06
  2.489800000000e-06
  4.081900000000e-06
  5.394000000000e-06
  1.006000000000e-06
  4.448200000000e-06
  1.784500000000e-06
  1.731600000000e-06
  4.338200000000e-06
  3.707600000000e-06
  2.203600000000e-06
  8.865000000000e-07
  4.870200000000e-06
  3.512700000000e-06
  2.093600000000e-06
  3.984800000000e-06
  1.475000000000e-06
  3.169000000000e-06
  2.148200000000e-06
  1.986300000000e-06
  3.191800000000e-06
  2.097200000000e-06
  2.945700000000e-06
  2.553700000000e-06
  2.357400000000e-06
  2.140700000000e-06
  2.642000000000e-06
  6.200000000000e-07
  4.037700000000e-06
  2.639100000000e-06
  1.897000000000e-06
  2.381800000000e-06
  2.035700000000e-06
  3.160600000000e-06
  1.141400000000e-06
  3.248800000000e-06
  9.409000000000e-07
  2.381400000000e-06
  1.698700000000e-06
  2.102700000000e-06
  1.870800000000e-06
  2.013600000000e-06
  1.856100000000e-06
  7.684000000000e-07
  3.000200000000e-06
  2.201300000000e-06
  1.468800000000e-06
  1.682400000000e-06
  1.891800000000e-06
  2.659500000000e-06
  8.212000000000e-07
  1.898400000000e-06
  1.491500000000e-06
  1.899600000000e-06
  1.401600000000e-06
  5.225000000000e-07
  2.692500000000e-06
  8.981000000000e-07
  2.232800000000e-06
  5.350000000000e-07
  2.514100000000e-06
  7.344000000000e-07
  2.235100000000e-06
  1.412800000000e-06
  1.479000000000e-06
  1.427300000000e-06
  1.389000000000e-06
  1.514900000000e-06
  1.227800000000e-06
  1.882700000000e-06
  7.883400000000e-07
  1.825460000000e-06
  7.757500000000e-07
  2.176100000000e-07
  2.315630000000e-06
  8.356300000000e-07
  1.631410000000e-06
  1.319850000000e-06
  1.082720000000e-06
  8.047300000000e-07
  1.535060000000e-06
  9.279200000000e-07
  1.350720000000e-06
  1.317770000000e-06
  9.013300000000e-07
  5.480800000000e-07
  1.613030000000e-06
  7.784000000000e-07
  1.326230000000e-06
  1.209750000000e-06
  8.398800000000e-07
  6.365800000000e-07
  1.359500000000e-06
  1.445850000000e-06
  4.980600000000e-07
  1.189310000000e-06
  7.038000000000e-07
  4.297300000000e-07
  1.413910000000e-06
  3.968100000000e-07
  1.398650000000e-06
  7.633800000000e-07
  9.851600000000e-07
  1.340830000000e-06
  3.620200000000e-07
  3.740700000000e-07
  1.284290000000e-06
  5.214000000000e-07
  1.093610000000e-06
  1.103180000000e-06
  4.696300000000e-07
  9.162400000000e-07
  6.154700000000e-07
  4.980000000000e-07
  9.936800000000e-07
  4.842800000000e-07
  9.684200000000e-07
  3.347900000000e-07
  1.079950000000e-06
  1.913400000000e-07
  1.186430000000e-06
  6.333200000000e-07
  7.084400000000e-07
  7.014700000000e-07
  6.052400000000e-07
  9.364800000000e-07
  3.360700000000e-07
  5.251000000000e-07
  7.142000000000e-07
  2.221000000000e-07
  9.848100000000e-07
  3.252200000000e-07
  8.501600000000e-07
  6.045800000000e-07
  5.400800000000e-07
  3.976500000000e-07
  7.170900000000e-07
  5.357100000000e-07
  5.499100000000e-07
  8.341700000000e-07
  2.230800000000e-07
  2.971000000000e-07
  7.325200000000e-07
  3.624100000000e-07
  6.403000000000e-07
  5.923900000000e-07
  3.841200000000e-07
  7.584900000000e-07
  1.925000000000e-07
  4.877600000000e-07
  4.383800000000e-07
  3.948100000000e-07
  5.071200000000e-07
  2.793500000000e-07
  5.990200000000e-07
  4.324300000000e-07
  4.229900000000e-07
  1.007800000000e-07
  7.322800000000e-07
  2.343600000000e-07
  5.769300000000e-07
  5.683100000000e-07
  2.217800000000e-07
  5.041600000000e-07
  2.652800000000e-07
  6.620300000000e-07
  8.730000000000e-08
  2.783900000000e-07
  4.513700000000e-07
  5.605600000000e-07
  1.501200000000e-07
  3.983000000000e-07
  2.938100000000e-07
  4.577700000000e-07
  2.162600000000e-07
  4.596100000000e-07
  1.968000000000e-07
  2.379700000000e-07
  4.012900000000e-07
  5.151000000000e-07
  1.074500000000e-07
  2.814600000000e-07
  3.248300000000e-07
  1.344800000000e-07
  4.559600000000e-07
  4.932100000000e-07
  8.180000000000e-08
  1.674300000000e-07
  3.925500000000e-07
  3.720300000000e-07
  1.733200000000e-07
  5.704000000000e-08
  4.740600000000e-07
  2.746700000000e-07
  2.425600000000e-07
  1.348400000000e-07
  3.688600000000e-07
  1.200900000000e-07
  3.704500000000e-07
  2.934800000000e-07
  1.842500000000e-07
  1.219200000000e-07
  3.433200000000e-07
  3.526200000000e-07
  1.004600000000e-07
  2.666800000000e-07
  1.745600000000e-07
  2.188100000000e-07
  2.109000000000e-07
  8.292000000000e-08
  3.355600000000e-07
  2.430000000000e-07
  1.645500000000e-07
  1.201800000000e-07
  2.767100000000e-07
  1.215500000000e-07
  2.649800000000e-07
  2.156300000000e-07
  1.607900000000e-07
  2.781700000000e-07
  8.842000000000e-08
  1.135700000000e-07
  2.434300000000e-07
  1.137300000000e-07
  2.339500000000e-07
  3.088000000000e-07
  2.979000000000e-08
  1.217100000000e-07
  2.080300000000e-07
  7.336000000000e-08
  2.477700000000e-07
  1.762700000000e-07
  1.364700000000e-07
  1.526700000000e-07
  1.518900000000e-07
  8.749000000000e-08
  2.091100000000e-07
  1.473700000000e-07
  1.414800000000e-07
  2.146600000000e-07
  6.665000000000e-08
  1.911100000000e-07
  8.284000000000e-08
  1.089700000000e-07
  1.578260000000e-07
  1.244900000000e-07
  1.353330000000e-07
  1.671410000000e-07
  8.589100000000e-08
  4.670000000000e-08
  1.997200000000e-07
  1.734370000000e-07
  6.654400000000e-08
  9.893100000000e-08
  1.347790000000e-07
  9.989000000000e-08
  1.277120000000e-07
  9.727700000000e-08
  1.243770000000e-07
  7.303800000000e-08
  1.428240000000e-07
  1.213160000000e-07
  8.890500000000e-08
  1.276030000000e-07
  7.712500000000e-08
  1.533050000000e-07
  4.607200000000e-08
  1.525910000000e-07
  4.157700000000e-08
  5.111900000000e-08
  1.379740000000e-07
  5.287400000000e-08
  1.312780000000e-07
  3.310100000000e-08
  1.462390000000e-07
  1.354790000000e-07
  3.917400000000e-08
  3.831300000000e-08
  1.317760000000e-07
  4.705000000000e-08
  1.185940000000e-07
  1.109670000000e-07
  5.034900000000e-08
  5.309600000000e-08
  1.040040000000e-07
  3.447300000000e-08
  1.185220000000e-07
  8.152800000000e-08
  6.746800000000e-08
  6.860800000000e-08
  7.649500000000e-08
  9.419200000000e-08
  4.711900000000e-08
  7.891800000000e-08
  5.870100000000e-08
  9.061700000000e-08
  4.340500000000e-08
  7.973900000000e-08
  5.078000000000e-08
  7.173400000000e-08
  5.537500000000e-08
  5.021400000000e-08
  7.357400000000e-08
  6.309800000000e-08
  5.745400000000e-08
  3.836800000000e-08
  7.903500000000e-08
  4.079400000000e-08
  7.354000000000e-08
  6.908200000000e-08
  4.226400000000e-08
  8.622100000000e-08
  2.221600000000e-08
  6.132200000000e-08
  4.428100000000e-08
  5.547200000000e-08
  4.737100000000e-08
  5.596700000000e-08
  4.418900000000e-08
  5.847900000000e-08
  3.906000000000e-08
  7.564500000000e-08
  1.934400000000e-08
  4.735300000000e-08
  4.515500000000e-08
  4.191200000000e-08
  4.817800000000e-08
  5.590800000000e-08
  3.182700000000e-08
  3.875600000000e-08
  4.668700000000e-08
  1.591000000000e-08
  6.730100000000e-08
  4.445100000000e-08
  3.658400000000e-08
  4.562800000000e-08
  3.329000000000e-08
  2.767900000000e-08
  4.917700000000e-08
  5.951000000000e-08
  1.533700000000e-08
  4.377100000000e-08
  2.912100000000e-08
  1.271600000000e-08
  5.827000000000e-08
  6.067000000000e-08
  8.462000000000e-09
  2.516500000000e-08
  4.216000000000e-08
  2.256200000000e-08
  4.300400000000e-08
  4.074500000000e-08
  2.310700000000e-08
  3.612900000000e-08
  2.605500000000e-08
  3.088200000000e-08
  2.967600000000e-08
  2.587700000000e-08
  3.309900000000e-08
  3.675500000000e-08
  2.068000000000e-08
  4.231200000000e-08
  1.362200000000e-08
  2.003300000000e-08
  3.444000000000e-08
  2.524400000000e-08
  2.780500000000e-08
  1.291500000000e-08
  3.874700000000e-08
  2.271600000000e-08
  2.759700000000e-08
  3.059100000000e-08
  1.840700000000e-08
  2.155200000000e-08
  2.616500000000e-08
  1.778280000000e-06
