1601
  7.078832511335e-02
  7.068368923801e-02
  7.058494973368e-02
  7.048379592865e-02
  7.027613870653e-02
  6.985996782585e-02
  6.940716834841e-02
  6.899388624997e-02
  6.856316198358e-02
  6.810855991091e-02
  6.759210064391e-02
  6.703601783890e-02
  6.647421477721e-02
  6.592987169512e-02
  6.537949678691e-02
  6.481728100504e-02
  6.422951051060e-02
  6.365875660673e-02
  6.306316151066e-02
  6.248300094361e-02
  6.191920096187e-02
  6.131484903215e-02
  6.072199296124e-02
  6.014336526458e-02
  5.954244855107e-02
  5.895547898694e-02
  5.837677696878e-02
  5.773517986261e-02
  5.710753202883e-02
  5.649195521994e-02
  5.585831602612e-02
  5.523684931798e-02
  5.462024463859e-02
  5.398779055958e-02
  5.336307061020e-02
  5.275061489888e-02
  5.211987358225e-02
  5.150144056451e-02
  5.090837637367e-02
  5.032915643731e-02
  4.975858341321e-02
  4.919482106585e-02
  4.862385613640e-02
  4.805899090076e-02
  4.751188498884e-02
  4.697748570167e-02
  4.645999604208e-02
  4.594725880072e-02
  4.543366302401e-02
  4.492331277775e-02
  4.444992160815e-02
  4.406391304332e-02
  4.368873536633e-02
  4.332604452020e-02
  4.294207585672e-02
  4.257081096638e-02
  4.222861662879e-02
  4.201609311511e-02
  4.183558146820e-02
  4.166320860122e-02
  4.150352596822e-02
  4.132016472560e-02
  4.114975286284e-02
  4.108080455416e-02
  4.110587814067e-02
  4.113580043728e-02
  4.117468619198e-02
  4.119537920643e-02
  4.122498351549e-02
  4.127095901366e-02
  4.136678191864e-02
  4.146972509548e-02
  4.158045836077e-02
  4.169999949674e-02
  4.180076440236e-02
  4.191037949743e-02
  4.202263305108e-02
  4.210127653961e-02
  4.217156906881e-02
  4.224999152973e-02
  4.233288950730e-02
  4.240645929975e-02
  4.248422730586e-02
  4.258667224420e-02
  4.271570877891e-02
  4.284175694290e-02
  4.297241140233e-02
  4.310874280212e-02
  4.323226758410e-02
  4.336156621627e-02
  4.350983026993e-02
  4.367779053007e-02
  4.383412527394e-02
  4.399952567962e-02
  4.416642433503e-02
  4.432878524939e-02
  4.449255586845e-02
  4.466013307413e-02
  4.483049888779e-02
  4.500263700966e-02
  4.517465681546e-02
  4.534690625077e-02
  4.551695056031e-02
  4.568724346808e-02
  4.585858264801e-02
  4.604700970221e-02
  4.623095779379e-02
  4.641630788022e-02
  4.660013683931e-02
  4.678277945097e-02
  4.696577225231e-02
  4.714765471043e-02
  4.733415106753e-02
  4.753750677918e-02
  4.774011224220e-02
  4.794530036522e-02
  4.814815403162e-02
  4.834794108907e-02
  4.855185237159e-02
  4.875268207555e-02
  4.895854939745e-02
  4.917516704049e-02
  4.938833974683e-02
  4.960498181425e-02
  4.981878878672e-02
  5.002999664580e-02
  5.024420259015e-02
  5.045587166547e-02
  5.066901265376e-02
  5.088871973850e-02
  5.110703711582e-02
  5.132346127582e-02
  5.153972726051e-02
  5.175300473647e-02
  5.197013733176e-02
  5.218423706699e-02
  5.239934655613e-02
  5.262576422693e-02
  5.285104736785e-02
  5.307401549074e-02
  5.329703355038e-02
  5.352016346506e-02
  5.374074120629e-02
  5.396153730765e-02
  5.418278560091e-02
  5.440351149210e-02
  5.462545954588e-02
  5.484598167508e-02
  5.506702262263e-02
  5.528671890354e-02
  5.550543330487e-02
  5.572405504768e-02
  5.594159039442e-02
  5.615599543678e-02
  5.636120065483e-02
  5.656492865230e-02
  5.676816436951e-02
  5.697037108581e-02
  5.717207227002e-02
  5.737350772812e-02
  5.757344152452e-02
  5.777313363811e-02
  5.794945163663e-02
  5.806193906353e-02
  5.817154036359e-02
  5.828183585174e-02
  5.838951617311e-02
  5.849797217789e-02
  5.860713138995e-02
  5.871380265691e-02
  5.882120802115e-02
  5.890245889526e-02
  5.883973337688e-02
  5.875601870734e-02
  5.867330009087e-02
  5.859068148026e-02
  5.850872006017e-02
  5.842700155334e-02
  5.834532386079e-02
  5.826403495736e-02
  5.818314437840e-02
  5.812288469690e-02
  5.808018659461e-02
  5.803772722026e-02
  5.799554003165e-02
  5.795318850818e-02
  5.791111118199e-02
  5.786934645537e-02
  5.782737334341e-02
  5.778576485843e-02
  5.774017676929e-02
  5.759716290663e-02
  5.741415341640e-02
  5.723194696441e-02
  5.705040251876e-02
  5.686924205507e-02
  5.668885688734e-02
  5.650913686247e-02
  5.632980873285e-02
  5.615115207225e-02
  5.597256870718e-02
  5.572778412535e-02
  5.544158967523e-02
  5.515465417683e-02
  5.486954024075e-02
  5.458620076427e-02
  5.430207658737e-02
  5.401979094537e-02
  5.373921224788e-02
  5.345800346394e-02
  5.317859063982e-02
  5.290897894235e-02
  5.266876862412e-02
  5.243159534543e-02
  5.219478912631e-02
  5.195892387370e-02
  5.172406147713e-02
  5.148965917171e-02
  5.125615419327e-02
  5.102362557337e-02
  5.079149062054e-02
  5.056042574059e-02
  5.033786363698e-02
  5.013351422527e-02
  4.993088666010e-02
  4.972886454373e-02
  4.952752289790e-02
  4.932685420388e-02
  4.912680615805e-02
  4.892755621482e-02
  4.872885125910e-02
  4.853087905960e-02
  4.833354174891e-02
  4.813967851482e-02
  4.796456374055e-02
  4.779326514050e-02
  4.762276557517e-02
  4.745245134099e-02
  4.728292061045e-02
  4.711410985168e-02
  4.694542470807e-02
  4.677762986203e-02
  4.661048069788e-02
  4.644353801764e-02
  4.627734543303e-02
  4.612298129896e-02
  4.599529587500e-02
  4.587282269128e-02
  4.579189478439e-02
  4.572265524632e-02
  4.565365092215e-02
  4.558490485652e-02
  4.551626456610e-02
  4.544795851663e-02
  4.537993745466e-02
  4.531195438375e-02
  4.524430658758e-02
  4.519398310155e-02
  4.521185109293e-02
  4.523832703830e-02
  4.526471420077e-02
  4.529094311133e-02
  4.531712809896e-02
  4.534314382117e-02
  4.536913700178e-02
  4.539506015176e-02
  4.542085246969e-02
  4.546263451774e-02
  4.563193586153e-02
  4.582833484649e-02
  4.603258122986e-02
  4.625170579369e-02
  4.647030386052e-02
  4.668820939504e-02
  4.690531264323e-02
  4.712172637306e-02
  4.733745358693e-02
  4.755226930652e-02
  4.776658742826e-02
  4.798017601050e-02
  4.819284951677e-02
  4.840516273551e-02
  4.861645796146e-02
  4.881238738707e-02
  4.893795574207e-02
  4.905411721849e-02
  4.916986435289e-02
  4.928522351959e-02
  4.940019524750e-02
  4.951487598849e-02
  4.962908204428e-02
  4.974296495387e-02
  4.985641873214e-02
  4.995711080949e-02
  5.001353194347e-02
  5.006016129871e-02
  5.010582876027e-02
  5.015132846998e-02
  5.019713939816e-02
  5.024261277137e-02
  5.028796032585e-02
  5.033342637725e-02
  5.037877523839e-02
  5.042351431572e-02
  5.046838996180e-02
  5.051329805172e-02
  5.055760553646e-02
  5.060199380157e-02
  5.064630709290e-02
  5.069033411361e-02
  5.073423660346e-02
  5.077821227163e-02
  5.084028348754e-02
  5.091630701488e-02
  5.099183567068e-02
  5.106707312449e-02
  5.114221262565e-02
  5.121689505467e-02
  5.129143481221e-02
  5.136576773503e-02
  5.143980322690e-02
  5.151362051631e-02
  5.158718447841e-02
  5.166054531114e-02
  5.173365316409e-02
  5.180685965525e-02
  5.187990795925e-02
  5.195254901765e-02
  5.202501994767e-02
  5.209721756116e-02
  5.216821916512e-02
  5.223340248837e-02
  5.229792532148e-02
  5.236230378595e-02
  5.242641024813e-02
  5.249029774042e-02
  5.255403622688e-02
  5.261774639027e-02
  5.268138336937e-02
  5.274487042474e-02
  5.280805787298e-02
  5.287119638100e-02
  5.293398622747e-02
  5.299091428607e-02
  5.302455825254e-02
  5.305537084866e-02
  5.308619865343e-02
  5.311678048795e-02
  5.314745080431e-02
  5.317785334784e-02
  5.320855878276e-02
  5.323968783519e-02
  5.327044771325e-02
  5.330154567872e-02
  5.333232393938e-02
  5.336292264791e-02
  5.339359750251e-02
  5.342405765660e-02
  5.345446744810e-02
  5.348470595364e-02
  5.351483615153e-02
  5.354474271200e-02
  5.357491450447e-02
  5.360479903892e-02
  5.363497006651e-02
  5.366554014122e-02
  5.369604088373e-02
  5.372637806979e-02
  5.375661702446e-02
  5.378673563459e-02
  5.381674496803e-02
  5.384680520030e-02
  5.387661095178e-02
  5.390633300776e-02
  5.393590290782e-02
  5.396548390711e-02
  5.399490872172e-02
  5.402429016316e-02
  5.405528087093e-02
  5.410232729574e-02
  5.415320290611e-02
  5.420377399980e-02
  5.425435223107e-02
  5.430468648643e-02
  5.435471805960e-02
  5.440473321231e-02
  5.445457774158e-02
  5.450420525835e-02
  5.455367342289e-02
  5.460306674682e-02
  5.465219933903e-02
  5.470112914164e-02
  5.475006242698e-02
  5.479875722690e-02
  5.484788020908e-02
  5.489740881934e-02
  5.494658711481e-02
  5.499583149699e-02
  5.504485023768e-02
  5.509360267828e-02
  5.514233234886e-02
  5.519084442081e-02
  5.523923664083e-02
  5.528738819880e-02
  5.533535619318e-02
  5.538331536716e-02
  5.543104548325e-02
  5.547851116772e-02
  5.552598765242e-02
  5.557305217500e-02
  5.562253758337e-02
  5.567498710346e-02
  5.572726050161e-02
  5.577936183852e-02
  5.583132250623e-02
  5.588317107592e-02
  5.593478785826e-02
  5.598617783683e-02
  5.603835801128e-02
  5.609610236974e-02
  5.615455652721e-02
  5.621284033387e-02
  5.627097001221e-02
  5.632874274200e-02
  5.638642243846e-02
  5.644390460126e-02
  5.650125734306e-02
  5.655863754818e-02
  5.661633262449e-02
  5.667393348931e-02
  5.673127358639e-02
  5.678846666070e-02
  5.684548968806e-02
  5.690223873878e-02
  5.695876208394e-02
  5.701523607742e-02
  5.707148050711e-02
  5.712757906197e-02
  5.718334812120e-02
  5.723895952153e-02
  5.729454396784e-02
  5.734978219493e-02
  5.740487910721e-02
  5.745983039608e-02
  5.751451188409e-02
  5.756915020228e-02
  5.762418009689e-02
  5.767887602184e-02
  5.773350359019e-02
  5.778802668357e-02
  5.784221401620e-02
  5.789631610759e-02
  5.795020845510e-02
  5.800386531981e-02
  5.805739497014e-02
  5.811069105507e-02
  5.816396231730e-02
  5.821689349953e-02
  5.826961247205e-02
  5.832228899671e-02
  5.837471118723e-02
  5.842707422834e-02
  5.847915699592e-02
  5.853107064448e-02
  5.858455158340e-02
  5.865157212286e-02
  5.872115632135e-02
  5.879068199040e-02
  5.885989353986e-02
  5.892875666308e-02
  5.899746955467e-02
  5.906601340833e-02
  5.913432542093e-02
  5.920241177665e-02
  5.927033175310e-02
  5.933780252918e-02
  5.940535663963e-02
  5.947250189092e-02
  5.953926610126e-02
  5.960614895500e-02
  5.967263069158e-02
  5.973884418840e-02
  5.980486390407e-02
  5.987072581247e-02
  5.993631367739e-02
  5.999689623701e-02
  6.004703660792e-02
  6.009679692454e-02
  6.014652901360e-02
  6.019610505511e-02
  6.024541737215e-02
  6.029462626788e-02
  6.034364619200e-02
  6.039254815292e-02
  6.044121390597e-02
  6.048992726274e-02
  6.053823291179e-02
  6.058652453387e-02
  6.063448494899e-02
  6.068249489496e-02
  6.073020491967e-02
  6.077770725773e-02
  6.082510935138e-02
  6.087254856866e-02
  6.091959819513e-02
  6.096655816667e-02
  6.101320323587e-02
  6.105641692037e-02
  6.108762062967e-02
  6.111786025823e-02
  6.114804653401e-02
  6.117806020446e-02
  6.120803800118e-02
  6.123786357523e-02
  6.126759722749e-02
  6.129731844460e-02
  6.132685237044e-02
  6.135629647023e-02
  6.138569692847e-02
  6.141408058905e-02
  6.144140514646e-02
  6.146858557832e-02
  6.149571797698e-02
  6.152275575214e-02
  6.154968820020e-02
  6.157659395427e-02
  6.160332857937e-02
  6.163003401973e-02
  6.165664113080e-02
  6.168315276876e-02
  6.170954363515e-02
  6.173841474924e-02
  6.177327042633e-02
  6.180844500748e-02
  6.184333599062e-02
  6.187820337444e-02
  6.191294128511e-02
  6.194749227322e-02
  6.198199159175e-02
  6.201638863282e-02
  6.205056737246e-02
  6.208477189414e-02
  6.211883828146e-02
  6.215268929519e-02
  6.218646442688e-02
  6.222015699233e-02
  6.225376427039e-02
  6.228724256566e-02
  6.232061201443e-02
  6.235385247127e-02
  6.238696911686e-02
  6.241996655278e-02
  6.245291871446e-02
  6.248571352938e-02
  6.251838067260e-02
  6.255097360965e-02
  6.258341879531e-02
  6.261534025618e-02
  6.264578110924e-02
  6.267603851363e-02
  6.270625410151e-02
  6.273632950113e-02
  6.276635572885e-02
  6.279615539595e-02
  6.282593176062e-02
  6.285567844186e-02
  6.288522815041e-02
  6.291473708258e-02
  6.294411317603e-02
  6.297345325639e-02
  6.300263931171e-02
  6.303173510402e-02
  6.306071512590e-02
  6.308967998473e-02
  6.311842938548e-02
  6.314716018446e-02
  6.317584264931e-02
  6.320425847402e-02
  6.323271897578e-02
  6.326109915932e-02
  6.328926386421e-02
  6.331743276761e-02
  6.334548163862e-02
  6.337339246494e-02
  6.340129898360e-02
  6.342775354127e-02
  6.342710179571e-02
  6.341609738066e-02
  6.340519827879e-02
  6.339432626008e-02
  6.338348988426e-02
  6.337265459321e-02
  6.336179496262e-02
  6.335107952856e-02
  6.334044674350e-02
  6.332976676217e-02
  6.331908765654e-02
  6.330844028552e-02
  6.329794306073e-02
  6.328739091427e-02
  6.327687325527e-02
  6.326644277618e-02
  6.325598099003e-02
  6.324559107558e-02
  6.323528245102e-02
  6.322492217656e-02
  6.321460710625e-02
  6.320435222389e-02
  6.319415786471e-02
  6.318393965970e-02
  6.317381534419e-02
  6.316368769907e-02
  6.315356355836e-02
  6.314354884426e-02
  6.313354385401e-02
  6.312353245898e-02
  6.311355216537e-02
  6.310488769839e-02
  6.309897527074e-02
  6.309306026724e-02
  6.308719359054e-02
  6.308143026090e-02
  6.307559303014e-02
  6.306979609551e-02
  6.306408839431e-02
  6.305808931024e-02
  6.304929063367e-02
  6.303970758559e-02
  6.303027089867e-02
  6.302075147547e-02
  6.301132083797e-02
  6.300201190015e-02
  6.299261354497e-02
  6.298326417616e-02
  6.297360071019e-02
  6.296300091056e-02
  6.295239546076e-02
  6.294185072476e-02
  6.293122722082e-02
  6.292069825040e-02
  6.291030775690e-02
  6.289980663922e-02
  6.288934950727e-02
  6.287902887186e-02
  6.286864863292e-02
  6.285836428358e-02
  6.284807902282e-02
  6.283781974182e-02
  6.282765813513e-02
  6.281741922581e-02
  6.280731496869e-02
  6.279714819398e-02
  6.278538384317e-02
  6.276614253307e-02
  6.274612629230e-02
  6.272609133965e-02
  6.270620917003e-02
  6.268633655225e-02
  6.266653409972e-02
  6.264681734571e-02
  6.262713187465e-02
  6.260753819219e-02
  6.258802940116e-02
  6.256853037026e-02
  6.254913622234e-02
  6.252986740964e-02
  6.251049520873e-02
  6.249131784731e-02
  6.247221683952e-02
  6.245311596515e-02
  6.243408462681e-02
  6.241490251533e-02
  6.239213247971e-02
  6.236820528241e-02
  6.234429171713e-02
  6.232048144454e-02
  6.229677733030e-02
  6.227315915448e-02
  6.224960725123e-02
  6.222609050485e-02
  6.220263712775e-02
  6.217937481837e-02
  6.215613039745e-02
  6.213290313027e-02
  6.210981570892e-02
  6.208680321564e-02
  6.206388370586e-02
  6.204097906412e-02
  6.201819188910e-02
  6.199549201755e-02
  6.197285309020e-02
  6.195029012200e-02
  6.192947693521e-02
  6.191415519600e-02
  6.189913538828e-02
  6.188426416015e-02
  6.186937560518e-02
  6.185456702793e-02
  6.183976639291e-02
  6.182506897625e-02
  6.181036767922e-02
  6.179578481701e-02
  6.178121026052e-02
  6.176664363794e-02
  6.175217958120e-02
  6.173775456596e-02
  6.172336341432e-02
  6.170902214978e-02
  6.169475176392e-02
  6.168049122575e-02
  6.166630767522e-02
  6.165215641912e-02
  6.163807653344e-02
  6.162402906550e-02
  6.161009480744e-02
  6.159683316526e-02
  6.158348357805e-02
  6.157027481306e-02
  6.155716939053e-02
  6.154397286080e-02
  6.153087180001e-02
  6.151792955636e-02
  6.150486667759e-02
  6.149193524094e-02
  6.147908578734e-02
  6.146613923310e-02
  6.145218123669e-02
  6.143605982833e-02
  6.141990163394e-02
  6.140371382818e-02
  6.138764036178e-02
  6.137160381543e-02
  6.135565159904e-02
  6.133977373584e-02
  6.132386696056e-02
  6.130801057978e-02
  6.129228686864e-02
  6.127661883342e-02
  6.126162786393e-02
  6.124965549332e-02
  6.123791183118e-02
  6.122624853090e-02
  6.121459503160e-02
  6.120297814656e-02
  6.119142522820e-02
  6.117993328927e-02
  6.116837164214e-02
  6.115698842885e-02
  6.114553883697e-02
  6.113413067705e-02
  6.112281610286e-02
  6.111159302943e-02
  6.110023345856e-02
  6.108908954063e-02
  6.107786309354e-02
  6.106669979543e-02
  6.105561194313e-02
  6.104459449730e-02
  6.103351873115e-02
  6.102252923040e-02
  6.101157787294e-02
  6.100061242730e-02
  6.098981055523e-02
  6.097891297525e-02
  6.097436515674e-02
  6.099497576265e-02
  6.101783517632e-02
  6.104056086810e-02
  6.106338189427e-02
  6.108608279702e-02
  6.110852645378e-02
  6.113117076923e-02
  6.115355804713e-02
  6.117587705531e-02
  6.119818920331e-02
  6.122029102714e-02
  6.124260195116e-02
  6.126471885180e-02
  6.128660860082e-02
  6.130854204600e-02
  6.133049621183e-02
  6.135215935565e-02
  6.137386760816e-02
  6.139560554787e-02
  6.141703664900e-02
  6.143852594144e-02
  6.145999078174e-02
  6.148127235483e-02
  6.150253455508e-02
  6.152378126983e-02
  6.154485299685e-02
  6.156590203112e-02
  6.158691523908e-02
  6.161319459035e-02
  6.164256576414e-02
  6.167188499135e-02
  6.170086817827e-02
  6.172997305644e-02
  6.175860743195e-02
  6.173823925677e-02
  6.168415838097e-02
  6.163031813614e-02
  6.157658188522e-02
  6.152310854725e-02
  6.146969523101e-02
  6.136266345341e-02
  6.118664993336e-02
  6.101094135098e-02
  6.083584088174e-02
  6.066136838568e-02
  6.048738682063e-02
  6.032894204850e-02
  6.022353789579e-02
  6.012312399164e-02
  6.002286432732e-02
  5.992316911357e-02
  5.982371647760e-02
  5.972453905018e-02
  5.962578294938e-02
  5.952738159207e-02
  5.942920787977e-02
  5.933137113784e-02
  5.923391283306e-02
  5.913672240388e-02
  5.904694976488e-02
  5.898201185636e-02
  5.891935687013e-02
  5.885693601434e-02
  5.879467290863e-02
  5.873261968536e-02
  5.867086001554e-02
  5.860920726740e-02
  5.854771729783e-02
  5.848666190437e-02
  5.842559392003e-02
  5.836486723132e-02
  5.830425122049e-02
  5.824387136657e-02
  5.818358944873e-02
  5.812365713591e-02
  5.806387841805e-02
  5.801464711044e-02
  5.801412744308e-02
  5.801954082076e-02
  5.802504192254e-02
  5.803052098924e-02
  5.803588553167e-02
  5.804125718248e-02
  5.804659909628e-02
  5.805198159779e-02
  5.805725699588e-02
  5.806259753057e-02
  5.806795961696e-02
  5.807325768718e-02
  5.807847152438e-02
  5.808373104651e-02
  5.808890253592e-02
  5.809420610457e-02
  5.809939020068e-02
  5.810635855315e-02
  5.812817583071e-02
  5.815286922068e-02
  5.817744862322e-02
  5.820191232248e-02
  5.822630721793e-02
  5.825066980973e-02
  5.827484274656e-02
  5.829902501575e-02
  5.832308312505e-02
  5.834713487079e-02
  5.837099442464e-02
  5.839477634965e-02
  5.841860502244e-02
  5.844222834356e-02
  5.846576237144e-02
  5.848924715859e-02
  5.851270822372e-02
  5.853606479061e-02
  5.855913333611e-02
  5.857382908210e-02
  5.858386602736e-02
  5.859383678071e-02
  5.860375367115e-02
  5.861367076999e-02
  5.862350527630e-02
  5.863336644546e-02
  5.864318192029e-02
  5.865293227438e-02
  5.866270321026e-02
  5.867240499666e-02
  5.868210052159e-02
  5.869173396544e-02
  5.870138983493e-02
  5.871089993160e-02
  5.872047699167e-02
  5.872999380896e-02
  5.873947610174e-02
  5.874900378528e-02
  5.875839998765e-02
  5.876684794989e-02
  5.877076836971e-02
  5.877398828278e-02
  5.877735394497e-02
  5.878065692022e-02
  5.878385588382e-02
  5.878715477892e-02
  5.879040531253e-02
  5.879357424756e-02
  5.879682023785e-02
  5.879999140725e-02
  5.880316839524e-02
  5.880635235659e-02
  5.880954764494e-02
  5.881258909684e-02
  5.881584938827e-02
  5.881905032644e-02
  5.882203138253e-02
  5.882526400978e-02
  5.882837533419e-02
  5.883147253651e-02
  5.883456655690e-02
  5.883901970607e-02
  5.885782930433e-02
  5.887992620049e-02
  5.890183551155e-02
  5.892371134510e-02
  5.894544469762e-02
  5.896722167968e-02
  5.898884996833e-02
  5.901037067005e-02
  5.903192281706e-02
  5.905329758562e-02
  5.907468263444e-02
  5.909600502027e-02
  5.911721311566e-02
  5.913831640697e-02
  5.915936075422e-02
  5.918039409774e-02
  5.920128940746e-02
  5.922205346753e-02
  5.924298753229e-02
  5.926371880395e-02
  5.928430819588e-02
  5.930494823966e-02
  5.932544586611e-02
  5.934760172712e-02
  5.938187344185e-02
  5.941803794143e-02
  5.945403155871e-02
  5.948992157055e-02
  5.952573433509e-02
  5.956143012606e-02
  5.959693854973e-02
  5.963252052350e-02
  5.966850360235e-02
  5.970420488947e-02
  5.973979626554e-02
  5.977533356641e-02
  5.981070549158e-02
  5.984601050737e-02
  5.988108420185e-02
  5.991093687665e-02
  5.993797209563e-02
  5.996482035952e-02
  5.999159897685e-02
  6.001828542525e-02
  6.004494474933e-02
  6.007140677012e-02
  6.009786778411e-02
  6.012412283647e-02
  6.015028697239e-02
  6.017739878358e-02
  6.020901595343e-02
  6.024138156039e-02
  6.027351272451e-02
  6.030592575440e-02
  6.033804227998e-02
  6.037634707911e-02
  6.042085244169e-02
  6.046526748633e-02
  6.050940478328e-02
  6.055358269312e-02
  6.059757802849e-02
  6.064239093772e-02
  6.068732885098e-02
  6.073198867381e-02
  6.077654137369e-02
  6.082090778817e-02
  6.086422881298e-02
  6.090519755540e-02
  6.094594885947e-02
  6.098634994374e-02
  6.102684768775e-02
  6.106700214579e-02
  6.110708832932e-02
  6.114709500217e-02
  6.118700888250e-02
  6.122674302252e-02
  6.126631868759e-02
  6.130579148480e-02
  6.134478351452e-02
  6.135770121123e-02
  6.138806746163e-02
  6.144339606424e-02
  6.144231942935e-02
  6.146270881015e-02
  6.147347287548e-02
  6.160254689985e-02
  6.154620920173e-02
  6.164049551288e-02
  6.163287768881e-02
  6.162263459617e-02
  6.186794858892e-02
  6.228312959051e-02
  6.227448784718e-02
  6.232224458692e-02
  6.237770588775e-02
  6.243839178731e-02
  6.227322567659e-02
  6.215570357296e-02
  6.254586528908e-02
  6.253368491054e-02
  6.293499006452e-02
  6.292547327994e-02
  6.293615778332e-02
  6.295802313676e-02
  6.346958906806e-02
  6.350417156177e-02
  6.347789242582e-02
  6.349524246208e-02
  6.392355772375e-02
  6.410127186670e-02
  6.415236556051e-02
  6.421491435402e-02
  6.428516797337e-02
  6.427852114085e-02
  6.429916028344e-02
  6.432129965837e-02
  6.438633406656e-02
  6.444415771884e-02
  6.462560253583e-02
  6.467569952055e-02
  6.510707747681e-02
  6.525977627539e-02
  6.531591885554e-02
  6.531557481290e-02
  6.532278072610e-02
  6.545179099494e-02
  6.566361203157e-02
  6.562391783508e-02
  6.576882102161e-02
  6.576495491452e-02
  6.576974907534e-02
  6.581060234475e-02
  6.583810325815e-02
  6.583037239414e-02
  6.584297809038e-02
  6.595558823755e-02
  6.613123108542e-02
  6.619646113225e-02
  6.634991864487e-02
  6.634967281873e-02
  6.640515954738e-02
  6.652633700790e-02
  6.660140141912e-02
  6.660140660328e-02
  6.659668889802e-02
  6.660222993057e-02
  6.670905921183e-02
  6.671221424408e-02
  6.670563141402e-02
  6.671869945762e-02
  6.683137698888e-02
  6.689723509763e-02
  6.699402674335e-02
  6.701010024035e-02
  6.701011177594e-02
  6.710120382696e-02
  6.714427408638e-02
  6.714485337653e-02
  6.718010049906e-02
  6.721097138282e-02
  6.722859896389e-02
  6.724551163775e-02
  6.726087291787e-02
  6.726926590465e-02
  6.727512939560e-02
  6.728076882745e-02
  6.745844478944e-02
  6.733121343959e-02
  6.732706480722e-02
  6.733917753489e-02
  6.737560523088e-02
  6.735568966296e-02
  6.740931195226e-02
  6.733101373979e-02
  6.759474605592e-02
  6.759564228242e-02
  6.759659566607e-02
  6.764075576940e-02
  6.760264469547e-02
  6.760841000271e-02
  6.765936239097e-02
  6.764670499789e-02
  6.783044105467e-02
  6.789965447884e-02
  6.788820407749e-02
  6.789641246698e-02
  6.788885097800e-02
  6.795994711924e-02
  6.809031561059e-02
  6.820380396749e-02
  6.825618903332e-02
  6.827692550671e-02
  6.827638649622e-02
  6.827912203084e-02
  6.828891813460e-02
  6.829080837024e-02
  6.829328349488e-02
  6.829889723073e-02
  6.831277669250e-02
  6.837055361874e-02
  6.846749107978e-02
  6.852446333427e-02
  6.852515120859e-02
  6.852382493765e-02
  6.852405169904e-02
  6.852351579271e-02
  6.852326555717e-02
  6.852301124423e-02
  6.852283288204e-02
  6.852280875993e-02
  6.852269691852e-02
  6.852260732603e-02
  6.852252148571e-02
  6.852238058989e-02
  6.852224392033e-02
  6.852204113428e-02
  6.852132149580e-02
  6.852143798875e-02
  6.852153323454e-02
  6.852156114689e-02
  6.852158276949e-02
  6.852121511519e-02
  6.852125467510e-02
  6.852022060988e-02
  6.851977938213e-02
  6.851936710181e-02
  6.851935679814e-02
  6.851935566958e-02
  6.851935173514e-02
  6.851937697416e-02
  6.851839672430e-02
  6.851905943900e-02
  6.851907480638e-02
  6.851949854274e-02
  6.851935410024e-02
  6.857866226064e-02
  6.868143482888e-02
  6.880484800771e-02
  6.881398871229e-02
  6.883718987490e-02
  6.882014885471e-02
  6.883166819174e-02
  6.905730544096e-02
  6.905543776763e-02
  6.906755563374e-02
  6.906399203795e-02
  6.921691404459e-02
  6.930925355221e-02
  6.941516401485e-02
  6.952453473183e-02
  6.957470413646e-02
  6.961157517697e-02
  6.961406856565e-02
  6.961567732662e-02
  6.964020632785e-02
  6.965386385216e-02
  6.967058674902e-02
  6.968565703635e-02
  6.970680532514e-02
  6.974099369300e-02
  6.985893213501e-02
  7.000270249460e-02
  7.009642317429e-02
  7.024179611571e-02
  7.023989761835e-02
  7.033558921550e-02
  7.029527760088e-02
  7.035113399673e-02
  7.056685406380e-02
  7.056661148701e-02
  7.084029089241e-02
  7.079821167269e-02
  7.080898471239e-02
  7.080327962860e-02
  7.084372698724e-02
  7.140963810657e-02
  7.141172264094e-02
  7.141168790890e-02
  7.141137074629e-02
  7.141989052239e-02
  7.188605057300e-02
  7.193711892636e-02
  7.186698469888e-02
  7.198760174340e-02
  7.198778468500e-02
  7.198754000200e-02
  7.239549955962e-02
  7.287857841845e-02
  7.303562318687e-02
  7.310461876930e-02
  7.314203175216e-02
  7.314003046693e-02
  7.313877035089e-02
  7.313605229464e-02
  7.313091494932e-02
  7.312205763702e-02
  7.312195556047e-02
  7.312181294463e-02
  7.312200002783e-02
  7.312191109592e-02
  7.318567891877e-02
  7.375379238130e-02
  7.375372445300e-02
  7.375370285697e-02
  7.375379790548e-02
  7.375375092357e-02
  7.375370984262e-02
  7.363093081949e-02
  7.367148705982e-02
  7.367150285550e-02
  7.367146140042e-02
  7.363843087779e-02
  7.365608596579e-02
  7.404075661517e-02
  7.429696149244e-02
  7.429760591748e-02
  7.443441570034e-02
  7.481315935873e-02
  7.514384464877e-02
  7.507989820510e-02
  7.528440130659e-02
  7.530692543450e-02
  7.532874147202e-02
  7.534442810450e-02
  7.539600184870e-02
  7.540672953648e-02
  7.542136707868e-02
  7.546705014887e-02
  7.554229373012e-02
  7.565598293314e-02
  7.575980976883e-02
  7.600249947696e-02
  7.639444792084e-02
  7.641128751778e-02
  7.639508702697e-02
  7.641640462322e-02
  7.667579327611e-02
  7.692680273369e-02
  7.692675657588e-02
  7.692704674163e-02
  7.692674537229e-02
  7.694564213831e-02
  7.739663555727e-02
  7.766105338960e-02
  7.766276368491e-02
  7.797360647182e-02
  7.806790170964e-02
  7.806791666222e-02
  7.806792432860e-02
  7.851485249943e-02
  7.847998684744e-02
  7.862621962715e-02
  7.864687999361e-02
  7.866744302852e-02
  7.868286592033e-02
  7.869937912513e-02
  7.871244127113e-02
  7.872699876768e-02
  7.874543045788e-02
  7.877579830962e-02
  7.884526358129e-02
  7.892824745572e-02
  7.897222482856e-02
  7.895502943888e-02
  7.893866700208e-02
  7.898423611511e-02
  7.898423035809e-02
  7.898421569415e-02
  7.898701964281e-02
  7.908957102686e-02
  7.909003983172e-02
  7.909026523214e-02
  7.909031188451e-02
  7.908907217673e-02
  7.916836617458e-02
  7.940301706013e-02
  7.968312177158e-02
  7.996487850812e-02
  8.008787361368e-02
  8.008844992527e-02
  8.008828292504e-02
  8.025740052561e-02
  8.051981359886e-02
  8.045675418902e-02
  8.065621188046e-02
  8.072451893591e-02
  8.075285629174e-02
  8.080883589685e-02
  8.080916865084e-02
  8.082398953089e-02
  8.083333157557e-02
  8.084429145398e-02
  8.085657988937e-02
  8.086772874407e-02
  8.092917305228e-02
  8.095473317776e-02
  8.100484638662e-02
  8.118329080679e-02
  8.139626819153e-02
  8.142022867489e-02
  8.169921349148e-02
  8.178084313268e-02
  8.178096736309e-02
  8.178090298166e-02
  8.178088388426e-02
  8.212404313108e-02
  8.255486607956e-02
  8.291057133414e-02
  8.297971753595e-02
  8.339656155773e-02
  8.383039235345e-02
  8.426091743918e-02
  8.468294515233e-02
  8.492313411220e-02
  8.497901012174e-02
  8.502179079637e-02
  8.506807403096e-02
  8.511967756071e-02
  8.515995266539e-02
  8.519286102761e-02
  8.522357912314e-02
  8.526132867399e-02
  8.532176981502e-02
  8.544905155765e-02
  8.558431004399e-02
  8.565854829639e-02
  8.571164472116e-02
  8.577100074554e-02
  8.587218267868e-02
  8.601773517428e-02
  8.618957952770e-02
  8.633376167605e-02
  8.644748694556e-02
  8.656488999640e-02
  8.663168428400e-02
  8.665164412207e-02
  8.671935152969e-02
  8.673035564559e-02
  8.674087144731e-02
  8.675538053291e-02
  8.677651303781e-02
  8.693054819878e-02
  8.702281305214e-02
  8.734407032997e-02
  8.746273008015e-02
  8.739326920197e-02
  8.748871796857e-02
  8.748866019745e-02
  8.748863072542e-02
  8.748889123073e-02
  8.748890571641e-02
  8.775950695248e-02
  8.786232553503e-02
  8.781092654550e-02
  8.787671569948e-02
  8.785304561354e-02
  8.789985324526e-02
  8.790015280935e-02
  8.790029594640e-02
  8.819485036107e-02
  8.825151979807e-02
  8.876691387088e-02
  8.946741759642e-02
  9.015425422818e-02
  9.060329692351e-02
  9.060232905671e-02
  9.060213260750e-02
  9.060238421997e-02
  9.083626288585e-02
  9.150486959878e-02
  9.223816807316e-02
  9.284538519083e-02
  9.284530074984e-02
  9.284523799742e-02
  9.296690125557e-02
  9.363849819525e-02
  9.394522863504e-02
  9.397236235984e-02
  9.397390264797e-02
  9.397399368050e-02
  9.397431955805e-02
  9.397297618718e-02
  9.437634500182e-02
  9.533028667598e-02
  9.559018898658e-02
  9.569193097884e-02
  9.550371938397e-02
  9.482212812328e-02
  9.549665484728e-02
  9.433092120468e-02
  9.398699248593e-02
  9.441294804241e-02
  9.561017403523e-02
  9.559560827261e-02
  9.561161093063e-02
  9.561198753470e-02
  9.561163008997e-02
  9.539121567919e-02
  9.521492710114e-02
  9.516444561491e-02
  9.651333757502e-02
  9.743998097387e-02
  9.684919443344e-02
  9.756993386455e-02
  9.779343144872e-02
  9.791325016114e-02
  9.801190378914e-02
  9.813984236847e-02
  9.831502497729e-02
  9.847767619071e-02
  9.858522558605e-02
  9.899963500688e-02
  9.892457882435e-02
  9.884672426595e-02
  9.887328310458e-02
  9.883573002481e-02
  9.883621118875e-02
  9.883633434359e-02
  9.883615819960e-02
  9.883630001261e-02
  9.883598772909e-02
  9.883653796102e-02
  9.840090869135e-02
  9.884777317690e-02
  1.002710469150e-01
  1.005478418505e-01
  1.002364038587e-01
  1.002365414364e-01
  1.021501299638e-01
  1.031306181667e-01
  1.033441866491e-01
  1.033017164205e-01
  1.034095250572e-01
  1.032395614225e-01
  1.034903251202e-01
  1.035747717691e-01
  1.035740644126e-01
  1.038520696067e-01
  1.033483128000e-01
  1.036204427572e-01
  1.041444057528e-01
  1.052877058491e-01
  1.059408244897e-01
  1.063465294497e-01
  1.065990078870e-01
  1.080187613360e-01
  1.080471997235e-01
  1.080472485961e-01
  1.082782921731e-01
  1.090602601899e-01
  1.087700710555e-01
  1.091697406382e-01
  1.091696921715e-01
  1.091693508188e-01
  1.091697076250e-01
  1.091680516597e-01
  1.097873316144e-01
  1.106113708917e-01
  1.111219234459e-01
  1.118787323195e-01
  1.118970476836e-01
  1.122741974612e-01
  1.125404216247e-01
  1.123628850812e-01
  1.116219268804e-01
  1.114165459014e-01
  1.114185465011e-01
  1.114163178105e-01
  1.114160678417e-01
  1.114162975749e-01
  1.114163099639e-01
  1.112311277467e-01
  1.109804580011e-01
  1.123344989620e-01
  1.125050521416e-01
  1.132694569911e-01
  1.135325105179e-01
  1.131805859857e-01
  1.131799121766e-01
  1.131793707027e-01
  1.131797201533e-01
  1.131797156782e-01
  1.137276517780e-01
  1.148416676916e-01
  1.158141094847e-01
  1.164625555384e-01
  1.167812593960e-01
  1.185874568311e-01
  1.187267946681e-01
  1.181682182008e-01
  1.187596507051e-01
  1.200557068200e-01
  1.201345404291e-01
  1.207312888227e-01
  1.207010244667e-01
  1.225615934445e-01
  1.226261045179e-01
  1.235464443789e-01
  1.250655455990e-01
  1.262974208877e-01
  1.277494042539e-01
  1.294722115783e-01
  1.293469183398e-01
  1.291587995265e-01
  1.293724172311e-01
  1.307521926683e-01
  1.322648067142e-01
  1.323262270744e-01
  1.320540415994e-01
  1.319863529637e-01
  1.320421461403e-01
  1.321168571213e-01
  1.322113676580e-01
  1.323218401948e-01
  1.324799300989e-01
  1.326656309013e-01
  1.328064233476e-01
  1.329439619902e-01
  1.330992311858e-01
  1.332831586859e-01
  1.335245736943e-01
  1.338663393450e-01
  1.342138256779e-01
  1.359798403518e-01
  1.406252318827e-01
  1.386646238945e-01
  1.322456879401e-01
  1.347390097411e-01
  1.394012302949e-01
  1.394067292410e-01
  1.394072772643e-01
  1.470460590100e-01
  1.557902847317e-01
  1.484120136497e-01
  1.389401974448e-01
  1.338826260654e-01
  1.369445335283e-01
  1.469560319601e-01
  1.495651489165e-01
  1.509050543426e-01
  1.595102607658e-01
  1.592735674541e-01
  1.574355930148e-01
  1.543195884026e-01
  1.487027981103e-01
  1.453913933048e-01
  1.482394362047e-01
  1.513608471115e-01
  1.544199912975e-01
  1.548768149804e-01
  1.530526841285e-01
  1.556221663077e-01
  1.691442725619e-01
  1.728599317268e-01
  1.694850721423e-01
  1.681654472181e-01
  1.680173799611e-01
  1.687592560435e-01
  1.695695379027e-01
  1.769481844435e-01
  1.865570802359e-01
  1.782839919118e-01
  1.669888575398e-01
  1.608967669705e-01
  1.626262711255e-01
  1.711358135844e-01
  1.724045545270e-01
  1.748722561955e-01
  1.843606188521e-01
  1.905755393758e-01
  1.905756593129e-01
  1.905754757252e-01
  1.888952872253e-01
  1.836118830981e-01
  1.874258160667e-01
  1.854557885882e-01
  1.808607322490e-01
  1.786151042330e-01
  2.887685767840e-01
