1602
  2.000000000000e-01
  1.382500000000e-01
  1.368900000000e-01
  1.355400000000e-01
  1.342000000000e-01
  1.328700000000e-01
  1.315600000000e-01
  1.302600000000e-01
  1.289700000000e-01
  1.277100000000e-01
  1.264400000000e-01
  1.251900000000e-01
  1.239500000000e-01
  1.227300000000e-01
  1.215200000000e-01
  1.203200000000e-01
  1.191300000000e-01
  1.179600000000e-01
  1.167900000000e-01
  1.156300000000e-01
  1.145000000000e-01
  1.133600000000e-01
  1.122500000000e-01
  1.111300000000e-01
  1.100400000000e-01
  1.089500000000e-01
  1.078800000000e-01
  1.068100000000e-01
  1.057500000000e-01
  1.047200000000e-01
  1.036700000000e-01
  1.026600000000e-01
  1.016400000000e-01
  1.006300000000e-01
  9.964400000000e-02
  9.865800000000e-02
  9.768400000000e-02
  9.671900000000e-02
  9.576400000000e-02
  9.481900000000e-02
  9.388200000000e-02
  9.295500000000e-02
  9.203700000000e-02
  9.112800000000e-02
  9.022800000000e-02
  8.933700000000e-02
  8.845500000000e-02
  8.758200000000e-02
  8.671600000000e-02
  8.586000000000e-02
  8.501300000000e-02
  8.417300000000e-02
  8.334100000000e-02
  8.251900000000e-02
  8.170300000000e-02
  8.089700000000e-02
  8.009800000000e-02
  7.930700000000e-02
  7.852400000000e-02
  7.774800000000e-02
  7.698100000000e-02
  7.622000000000e-02
  7.546800000000e-02
  7.472200000000e-02
  7.398500000000e-02
  7.325400000000e-02
  7.253000000000e-02
  7.181400000000e-02
  7.110500000000e-02
  7.040300000000e-02
  6.970800000000e-02
  6.901900000000e-02
  6.833800000000e-02
  6.766300000000e-02
  6.699400000000e-02
  6.633300000000e-02
  6.567800000000e-02
  6.503000000000e-02
  6.438700000000e-02
  6.375100000000e-02
  6.312200000000e-02
  6.249900000000e-02
  6.188100000000e-02
  6.127000000000e-02
  6.066500000000e-02
  6.006600000000e-02
  5.947300000000e-02
  5.888600000000e-02
  5.830400000000e-02
  5.772800000000e-02
  5.715800000000e-02
  5.659400000000e-02
  5.603500000000e-02
  5.548100000000e-02
  5.493400000000e-02
  5.439100000000e-02
  5.385400000000e-02
  5.332200000000e-02
  5.279600000000e-02
  5.227400000000e-02
  5.175800000000e-02
  5.124700000000e-02
  5.074100000000e-02
  5.024000000000e-02
  4.974400000000e-02
  4.925200000000e-02
  4.876600000000e-02
  4.828400000000e-02
  4.780800000000e-02
  4.733600000000e-02
  4.686800000000e-02
  4.640500000000e-02
  4.594700000000e-02
  4.549300000000e-02
  4.504400000000e-02
  4.459900000000e-02
  4.415900000000e-02
  4.372300000000e-02
  4.329100000000e-02
  4.286300000000e-02
  4.244000000000e-02
  4.202100000000e-02
  4.160600000000e-02
  4.119500000000e-02
  4.078900000000e-02
  4.038500000000e-02
  3.998700000000e-02
  3.959200000000e-02
  3.920000000000e-02
  3.881400000000e-02
  3.843100000000e-02
  3.805100000000e-02
  3.767500000000e-02
  3.730300000000e-02
  3.693500000000e-02
  3.657000000000e-02
  3.620900000000e-02
  3.585100000000e-02
  3.549700000000e-02
  3.514700000000e-02
  3.479900000000e-02
  3.445600000000e-02
  3.411600000000e-02
  3.377900000000e-02
  3.344500000000e-02
  3.311500000000e-02
  3.278800000000e-02
  3.246400000000e-02
  3.214400000000e-02
  3.182600000000e-02
  3.151200000000e-02
  3.120000000000e-02
  3.089300000000e-02
  3.058800000000e-02
  3.028500000000e-02
  2.998600000000e-02
  2.969000000000e-02
  2.939800000000e-02
  2.910600000000e-02
  2.882000000000e-02
  2.853400000000e-02
  2.825300000000e-02
  2.797400000000e-02
  2.769800000000e-02
  2.742400000000e-02
  2.715300000000e-02
  2.688500000000e-02
  2.662000000000e-02
  2.635700000000e-02
  2.609600000000e-02
  2.583900000000e-02
  2.558400000000e-02
  2.533100000000e-02
  2.508000000000e-02
  2.483400000000e-02
  2.458800000000e-02
  2.434500000000e-02
  2.410400000000e-02
  2.386700000000e-02
  2.363100000000e-02
  2.339800000000e-02
  2.316600000000e-02
  2.293800000000e-02
  2.271100000000e-02
  2.248700000000e-02
  2.226500000000e-02
  2.204500000000e-02
  2.182700000000e-02
  2.161200000000e-02
  2.139900000000e-02
  2.118700000000e-02
  2.097800000000e-02
  2.077000000000e-02
  2.056600000000e-02
  2.036200000000e-02
  2.016200000000e-02
  1.996200000000e-02
  1.976500000000e-02
  1.957000000000e-02
  1.937700000000e-02
  1.918500000000e-02
  1.899600000000e-02
  1.880800000000e-02
  1.862300000000e-02
  1.843800000000e-02
  1.825700000000e-02
  1.807600000000e-02
  1.789800000000e-02
  1.772100000000e-02
  1.754600000000e-02
  1.737300000000e-02
  1.720100000000e-02
  1.703200000000e-02
  1.686300000000e-02
  1.669600000000e-02
  1.653200000000e-02
  1.636900000000e-02
  1.620600000000e-02
  1.604700000000e-02
  1.588900000000e-02
  1.573100000000e-02
  1.557600000000e-02
  1.542200000000e-02
  1.527000000000e-02
  1.511900000000e-02
  1.497000000000e-02
  1.482200000000e-02
  1.467600000000e-02
  1.453100000000e-02
  1.438700000000e-02
  1.424500000000e-02
  1.410500000000e-02
  1.396500000000e-02
  1.382700000000e-02
  1.369100000000e-02
  1.355500000000e-02
  1.342200000000e-02
  1.328900000000e-02
  1.315800000000e-02
  1.302800000000e-02
  1.289900000000e-02
  1.277200000000e-02
  1.264600000000e-02
  1.252100000000e-02
  1.239700000000e-02
  1.227500000000e-02
  1.215400000000e-02
  1.203400000000e-02
  1.191400000000e-02
  1.179700000000e-02
  1.168100000000e-02
  1.156500000000e-02
  1.145100000000e-02
  1.133800000000e-02
  1.122600000000e-02
  1.111600000000e-02
  1.100500000000e-02
  1.089700000000e-02
  1.078900000000e-02
  1.068200000000e-02
  1.057700000000e-02
  1.047300000000e-02
  1.036900000000e-02
  1.026700000000e-02
  1.016500000000e-02
  1.006500000000e-02
  9.966000000000e-03
  9.867200000000e-03
  9.769800000000e-03
  9.673300000000e-03
  9.577800000000e-03
  9.483100000000e-03
  9.389600000000e-03
  9.296800000000e-03
  9.205000000000e-03
  9.114100000000e-03
  9.024100000000e-03
  8.935000000000e-03
  8.846700000000e-03
  8.759400000000e-03
  8.672900000000e-03
  8.587200000000e-03
  8.502500000000e-03
  8.418400000000e-03
  8.335400000000e-03
  8.253000000000e-03
  8.171500000000e-03
  8.090800000000e-03
  8.011000000000e-03
  7.931800000000e-03
  7.853500000000e-03
  7.775900000000e-03
  7.699200000000e-03
  7.623100000000e-03
  7.547800000000e-03
  7.473300000000e-03
  7.399500000000e-03
  7.326400000000e-03
  7.254100000000e-03
  7.182400000000e-03
  7.111600000000e-03
  7.041200000000e-03
  6.971800000000e-03
  6.902900000000e-03
  6.834700000000e-03
  6.767300000000e-03
  6.700400000000e-03
  6.634200000000e-03
  6.568700000000e-03
  6.503900000000e-03
  6.439600000000e-03
  6.376100000000e-03
  6.313000000000e-03
  6.250800000000e-03
  6.189000000000e-03
  6.127900000000e-03
  6.067300000000e-03
  6.007500000000e-03
  5.948100000000e-03
  5.889400000000e-03
  5.831200000000e-03
  5.773700000000e-03
  5.716600000000e-03
  5.660200000000e-03
  5.604300000000e-03
  5.548900000000e-03
  5.494200000000e-03
  5.439800000000e-03
  5.386200000000e-03
  5.333000000000e-03
  5.280300000000e-03
  5.228200000000e-03
  5.176500000000e-03
  5.125400000000e-03
  5.074800000000e-03
  5.024700000000e-03
  4.975100000000e-03
  4.925900000000e-03
  4.877300000000e-03
  4.829100000000e-03
  4.781500000000e-03
  4.734200000000e-03
  4.687500000000e-03
  4.641100000000e-03
  4.595400000000e-03
  4.550000000000e-03
  4.505000000000e-03
  4.460500000000e-03
  4.416500000000e-03
  4.372900000000e-03
  4.329700000000e-03
  4.287000000000e-03
  4.244600000000e-03
  4.202700000000e-03
  4.161200000000e-03
  4.120100000000e-03
  4.079400000000e-03
  4.039100000000e-03
  3.999200000000e-03
  3.959800000000e-03
  3.920600000000e-03
  3.881900000000e-03
  3.843600000000e-03
  3.805700000000e-03
  3.768000000000e-03
  3.730900000000e-03
  3.694000000000e-03
  3.657500000000e-03
  3.621400000000e-03
  3.585600000000e-03
  3.550200000000e-03
  3.515200000000e-03
  3.480500000000e-03
  3.446100000000e-03
  3.412000000000e-03
  3.378400000000e-03
  3.345000000000e-03
  3.311900000000e-03
  3.279300000000e-03
  3.246900000000e-03
  3.214800000000e-03
  3.183000000000e-03
  3.151700000000e-03
  3.120500000000e-03
  3.089700000000e-03
  3.059200000000e-03
  3.028900000000e-03
  2.999100000000e-03
  2.969400000000e-03
  2.940100000000e-03
  2.911100000000e-03
  2.882400000000e-03
  2.853800000000e-03
  2.825700000000e-03
  2.797800000000e-03
  2.770200000000e-03
  2.742800000000e-03
  2.715700000000e-03
  2.688900000000e-03
  2.662300000000e-03
  2.636100000000e-03
  2.610000000000e-03
  2.584200000000e-03
  2.558800000000e-03
  2.533400000000e-03
  2.508500000000e-03
  2.483600000000e-03
  2.459200000000e-03
  2.434800000000e-03
  2.410800000000e-03
  2.387000000000e-03
  2.363500000000e-03
  2.340100000000e-03
  2.316900000000e-03
  2.294100000000e-03
  2.271500000000e-03
  2.249000000000e-03
  2.226800000000e-03
  2.204800000000e-03
  2.183100000000e-03
  2.161500000000e-03
  2.140100000000e-03
  2.119000000000e-03
  2.098100000000e-03
  2.077300000000e-03
  2.056900000000e-03
  2.036500000000e-03
  2.016500000000e-03
  1.996500000000e-03
  1.976800000000e-03
  1.957200000000e-03
  1.938000000000e-03
  1.918800000000e-03
  1.899800000000e-03
  1.881100000000e-03
  1.862600000000e-03
  1.844100000000e-03
  1.825900000000e-03
  1.807900000000e-03
  1.790000000000e-03
  1.772400000000e-03
  1.754800000000e-03
  1.737600000000e-03
  1.720300000000e-03
  1.703400000000e-03
  1.686500000000e-03
  1.669900000000e-03
  1.653500000000e-03
  1.637000000000e-03
  1.620900000000e-03
  1.605000000000e-03
  1.589000000000e-03
  1.573400000000e-03
  1.557800000000e-03
  1.542500000000e-03
  1.527200000000e-03
  1.512100000000e-03
  1.497200000000e-03
  1.482400000000e-03
  1.467800000000e-03
  1.453300000000e-03
  1.438900000000e-03
  1.424700000000e-03
  1.410700000000e-03
  1.396700000000e-03
  1.382900000000e-03
  1.369300000000e-03
  1.355700000000e-03
  1.342400000000e-03
  1.329100000000e-03
  1.316000000000e-03
  1.302900000000e-03
  1.290100000000e-03
  1.277400000000e-03
  1.264800000000e-03
  1.252200000000e-03
  1.240000000000e-03
  1.227600000000e-03
  1.215500000000e-03
  1.203600000000e-03
  1.191600000000e-03
  1.179900000000e-03
  1.168200000000e-03
  1.156700000000e-03
  1.145300000000e-03
  1.133900000000e-03
  1.122800000000e-03
  1.111700000000e-03
  1.100700000000e-03
  1.089800000000e-03
  1.079100000000e-03
  1.068400000000e-03
  1.057800000000e-03
  1.047400000000e-03
  1.037100000000e-03
  1.026800000000e-03
  1.016700000000e-03
  1.006700000000e-03
  9.966600000000e-04
  9.868600000000e-04
  9.771200000000e-04
  9.674600000000e-04
  9.579200000000e-04
  9.484500000000e-04
  9.390800000000e-04
  9.298200000000e-04
  9.206300000000e-04
  9.115400000000e-04
  9.025300000000e-04
  8.936300000000e-04
  8.848000000000e-04
  8.760600000000e-04
  8.674100000000e-04
  8.588500000000e-04
  8.503600000000e-04
  8.419700000000e-04
  8.336500000000e-04
  8.254200000000e-04
  8.172700000000e-04
  8.091900000000e-04
  8.012100000000e-04
  7.932900000000e-04
  7.854600000000e-04
  7.777100000000e-04
  7.700200000000e-04
  7.624200000000e-04
  7.548900000000e-04
  7.474400000000e-04
  7.400500000000e-04
  7.327500000000e-04
  7.255100000000e-04
  7.183400000000e-04
  7.112500000000e-04
  7.042300000000e-04
  6.972800000000e-04
  6.903800000000e-04
  6.835700000000e-04
  6.768200000000e-04
  6.701400000000e-04
  6.635200000000e-04
  6.569600000000e-04
  6.504800000000e-04
  6.440600000000e-04
  6.376900000000e-04
  6.314000000000e-04
  6.251600000000e-04
  6.189900000000e-04
  6.128700000000e-04
  6.068200000000e-04
  6.008400000000e-04
  5.948900000000e-04
  5.890200000000e-04
  5.832100000000e-04
  5.774500000000e-04
  5.717400000000e-04
  5.661000000000e-04
  5.605100000000e-04
  5.549700000000e-04
  5.494900000000e-04
  5.440700000000e-04
  5.386900000000e-04
  5.333700000000e-04
  5.281100000000e-04
  5.228900000000e-04
  5.177300000000e-04
  5.126100000000e-04
  5.075500000000e-04
  5.025400000000e-04
  4.975800000000e-04
  4.926600000000e-04
  4.878000000000e-04
  4.829800000000e-04
  4.782100000000e-04
  4.734900000000e-04
  4.688200000000e-04
  4.641800000000e-04
  4.596000000000e-04
  4.550600000000e-04
  4.505700000000e-04
  4.461200000000e-04
  4.417100000000e-04
  4.373500000000e-04
  4.330300000000e-04
  4.287500000000e-04
  4.245300000000e-04
  4.203200000000e-04
  4.161800000000e-04
  4.120700000000e-04
  4.080000000000e-04
  4.039700000000e-04
  3.999800000000e-04
  3.960300000000e-04
  3.921200000000e-04
  3.882500000000e-04
  3.844100000000e-04
  3.806200000000e-04
  3.768600000000e-04
  3.731300000000e-04
  3.694500000000e-04
  3.658100000000e-04
  3.621900000000e-04
  3.586100000000e-04
  3.550800000000e-04
  3.515600000000e-04
  3.481000000000e-04
  3.446600000000e-04
  3.412500000000e-04
  3.378800000000e-04
  3.345500000000e-04
  3.312400000000e-04
  3.279800000000e-04
  3.247300000000e-04
  3.215300000000e-04
  3.183500000000e-04
  3.152100000000e-04
  3.120900000000e-04
  3.090100000000e-04
  3.059600000000e-04
  3.029400000000e-04
  2.999500000000e-04
  2.969900000000e-04
  2.940500000000e-04
  2.911500000000e-04
  2.882800000000e-04
  2.854200000000e-04
  2.826100000000e-04
  2.798200000000e-04
  2.770600000000e-04
  2.743100000000e-04
  2.716100000000e-04
  2.689300000000e-04
  2.662700000000e-04
  2.636500000000e-04
  2.610400000000e-04
  2.584600000000e-04
  2.559100000000e-04
  2.533800000000e-04
  2.508800000000e-04
  2.484000000000e-04
  2.459500000000e-04
  2.435200000000e-04
  2.411100000000e-04
  2.387400000000e-04
  2.363700000000e-04
  2.340500000000e-04
  2.317300000000e-04
  2.294400000000e-04
  2.271800000000e-04
  2.249300000000e-04
  2.227100000000e-04
  2.205100000000e-04
  2.183400000000e-04
  2.161800000000e-04
  2.140400000000e-04
  2.119300000000e-04
  2.098400000000e-04
  2.077700000000e-04
  2.057100000000e-04
  2.036800000000e-04
  2.016700000000e-04
  1.996800000000e-04
  1.977100000000e-04
  1.957600000000e-04
  1.938200000000e-04
  1.919100000000e-04
  1.900100000000e-04
  1.881300000000e-04
  1.862800000000e-04
  1.844400000000e-04
  1.826200000000e-04
  1.808100000000e-04
  1.790300000000e-04
  1.772600000000e-04
  1.755100000000e-04
  1.737800000000e-04
  1.720600000000e-04
  1.703600000000e-04
  1.686800000000e-04
  1.670100000000e-04
  1.653700000000e-04
  1.637300000000e-04
  1.621100000000e-04
  1.605200000000e-04
  1.589300000000e-04
  1.573600000000e-04
  1.558000000000e-04
  1.542700000000e-04
  1.527400000000e-04
  1.512300000000e-04
  1.497400000000e-04
  1.482700000000e-04
  1.468000000000e-04
  1.453400000000e-04
  1.439200000000e-04
  1.424900000000e-04
  1.410800000000e-04
  1.397000000000e-04
  1.383100000000e-04
  1.369400000000e-04
  1.356000000000e-04
  1.342500000000e-04
  1.329300000000e-04
  1.316200000000e-04
  1.303100000000e-04
  1.290300000000e-04
  1.277600000000e-04
  1.264900000000e-04
  1.252500000000e-04
  1.240100000000e-04
  1.227800000000e-04
  1.215700000000e-04
  1.203700000000e-04
  1.191800000000e-04
  1.180100000000e-04
  1.168400000000e-04
  1.156800000000e-04
  1.145400000000e-04
  1.134200000000e-04
  1.122900000000e-04
  1.111800000000e-04
  1.100900000000e-04
  1.089900000000e-04
  1.079300000000e-04
  1.068500000000e-04
  1.058000000000e-04
  1.047600000000e-04
  1.037200000000e-04
  1.027000000000e-04
  1.016800000000e-04
  1.006800000000e-04
  9.968200000000e-05
  9.870000000000e-05
  9.772500000000e-05
  9.676100000000e-05
  9.580400000000e-05
  9.485900000000e-05
  9.392200000000e-05
  9.299400000000e-05
  9.207600000000e-05
  9.116700000000e-05
  9.026700000000e-05
  8.937500000000e-05
  8.849200000000e-05
  8.761900000000e-05
  8.675300000000e-05
  8.589700000000e-05
  8.504900000000e-05
  8.420800000000e-05
  8.337700000000e-05
  8.255400000000e-05
  8.173800000000e-05
  8.093100000000e-05
  8.013200000000e-05
  7.934100000000e-05
  7.855700000000e-05
  7.778100000000e-05
  7.701400000000e-05
  7.625200000000e-05
  7.550000000000e-05
  7.475400000000e-05
  7.401600000000e-05
  7.328500000000e-05
  7.256100000000e-05
  7.184500000000e-05
  7.113500000000e-05
  7.043300000000e-05
  6.973700000000e-05
  6.904900000000e-05
  6.836600000000e-05
  6.769200000000e-05
  6.702300000000e-05
  6.636100000000e-05
  6.570600000000e-05
  6.505700000000e-05
  6.441500000000e-05
  6.377800000000e-05
  6.314900000000e-05
  6.252500000000e-05
  6.190700000000e-05
  6.129700000000e-05
  6.069000000000e-05
  6.009200000000e-05
  5.949800000000e-05
  5.891100000000e-05
  5.832900000000e-05
  5.775200000000e-05
  5.718300000000e-05
  5.661800000000e-05
  5.605800000000e-05
  5.550500000000e-05
  5.495700000000e-05
  5.441500000000e-05
  5.387700000000e-05
  5.334400000000e-05
  5.281800000000e-05
  5.229700000000e-05
  5.178000000000e-05
  5.126900000000e-05
  5.076200000000e-05
  5.026100000000e-05
  4.976500000000e-05
  4.927300000000e-05
  4.878700000000e-05
  4.830500000000e-05
  4.782800000000e-05
  4.735500000000e-05
  4.688800000000e-05
  4.642500000000e-05
  4.596700000000e-05
  4.551200000000e-05
  4.506300000000e-05
  4.461900000000e-05
  4.417700000000e-05
  4.374100000000e-05
  4.331000000000e-05
  4.288100000000e-05
  4.245800000000e-05
  4.203900000000e-05
  4.162400000000e-05
  4.121200000000e-05
  4.080600000000e-05
  4.040300000000e-05
  4.000300000000e-05
  3.960900000000e-05
  3.921800000000e-05
  3.883000000000e-05
  3.844700000000e-05
  3.806700000000e-05
  3.769100000000e-05
  3.731900000000e-05
  3.695000000000e-05
  3.658600000000e-05
  3.622400000000e-05
  3.586700000000e-05
  3.551200000000e-05
  3.516200000000e-05
  3.481400000000e-05
  3.447100000000e-05
  3.413000000000e-05
  3.379300000000e-05
  3.345900000000e-05
  3.312900000000e-05
  3.280200000000e-05
  3.247800000000e-05
  3.215700000000e-05
  3.184000000000e-05
  3.152500000000e-05
  3.121400000000e-05
  3.090600000000e-05
  3.060000000000e-05
  3.029900000000e-05
  2.999900000000e-05
  2.970200000000e-05
  2.941000000000e-05
  2.911900000000e-05
  2.883200000000e-05
  2.854600000000e-05
  2.826500000000e-05
  2.798600000000e-05
  2.770900000000e-05
  2.743600000000e-05
  2.716500000000e-05
  2.689700000000e-05
  2.663100000000e-05
  2.636800000000e-05
  2.610700000000e-05
  2.585000000000e-05
  2.559400000000e-05
  2.534200000000e-05
  2.509200000000e-05
  2.484300000000e-05
  2.459900000000e-05
  2.435500000000e-05
  2.411500000000e-05
  2.387700000000e-05
  2.364100000000e-05
  2.340700000000e-05
  2.317700000000e-05
  2.294700000000e-05
  2.272100000000e-05
  2.249700000000e-05
  2.227400000000e-05
  2.205500000000e-05
  2.183600000000e-05
  2.162100000000e-05
  2.140800000000e-05
  2.119600000000e-05
  2.098600000000e-05
  2.078000000000e-05
  2.057400000000e-05
  2.037100000000e-05
  2.017000000000e-05
  1.997100000000e-05
  1.977400000000e-05
  1.957800000000e-05
  1.938500000000e-05
  1.919300000000e-05
  1.900400000000e-05
  1.881700000000e-05
  1.863000000000e-05
  1.844700000000e-05
  1.826400000000e-05
  1.808400000000e-05
  1.790500000000e-05
  1.772900000000e-05
  1.755300000000e-05
  1.738000000000e-05
  1.720900000000e-05
  1.703800000000e-05
  1.687100000000e-05
  1.670400000000e-05
  1.653800000000e-05
  1.637600000000e-05
  1.621300000000e-05
  1.605400000000e-05
  1.589500000000e-05
  1.573800000000e-05
  1.558300000000e-05
  1.542900000000e-05
  1.527600000000e-05
  1.512600000000e-05
  1.497600000000e-05
  1.482800000000e-05
  1.468200000000e-05
  1.453700000000e-05
  1.439400000000e-05
  1.425100000000e-05
  1.411000000000e-05
  1.397100000000e-05
  1.383400000000e-05
  1.369600000000e-05
  1.356100000000e-05
  1.342800000000e-05
  1.329500000000e-05
  1.316300000000e-05
  1.303400000000e-05
  1.290400000000e-05
  1.277800000000e-05
  1.265100000000e-05
  1.252600000000e-05
  1.240300000000e-05
  1.228000000000e-05
  1.215900000000e-05
  1.203800000000e-05
  1.192000000000e-05
  1.180200000000e-05
  1.168600000000e-05
  1.157000000000e-05
  1.145600000000e-05
  1.134300000000e-05
  1.123000000000e-05
  1.112000000000e-05
  1.101000000000e-05
  1.090200000000e-05
  1.079300000000e-05
  1.068700000000e-05
  1.058200000000e-05
  1.047700000000e-05
  1.037400000000e-05
  1.027100000000e-05
  1.017000000000e-05
  1.006900000000e-05
  9.969700000000e-06
  9.871400000000e-06
  9.774000000000e-06
  9.677400000000e-06
  9.581800000000e-06
  9.487200000000e-06
  9.393500000000e-06
  9.300800000000e-06
  9.208900000000e-06
  9.118000000000e-06
  9.027900000000e-06
  8.938800000000e-06
  8.850500000000e-06
  8.763100000000e-06
  8.676600000000e-06
  8.590800000000e-06
  8.506100000000e-06
  8.422000000000e-06
  8.338900000000e-06
  8.256500000000e-06
  8.175000000000e-06
  8.094300000000e-06
  8.014300000000e-06
  7.935200000000e-06
  7.856800000000e-06
  7.779300000000e-06
  7.702400000000e-06
  7.626300000000e-06
  7.551100000000e-06
  7.476400000000e-06
  7.402700000000e-06
  7.329500000000e-06
  7.257200000000e-06
  7.185500000000e-06
  7.114500000000e-06
  7.044300000000e-06
  6.974700000000e-06
  6.905800000000e-06
  6.837600000000e-06
  6.770200000000e-06
  6.703200000000e-06
  6.637100000000e-06
  6.571500000000e-06
  6.506600000000e-06
  6.442400000000e-06
  6.378700000000e-06
  6.315800000000e-06
  6.253400000000e-06
  6.191600000000e-06
  6.130500000000e-06
  6.069900000000e-06
  6.010000000000e-06
  5.950700000000e-06
  5.891900000000e-06
  5.833700000000e-06
  5.776100000000e-06
  5.719000000000e-06
  5.662600000000e-06
  5.606700000000e-06
  5.551300000000e-06
  5.496500000000e-06
  5.442200000000e-06
  5.388400000000e-06
  5.335200000000e-06
  5.282600000000e-06
  5.230400000000e-06
  5.178700000000e-06
  5.127600000000e-06
  5.077000000000e-06
  5.026800000000e-06
  4.977200000000e-06
  4.928000000000e-06
  4.879400000000e-06
  4.831100000000e-06
  4.783500000000e-06
  4.736200000000e-06
  4.689500000000e-06
  4.643200000000e-06
  4.597300000000e-06
  4.551900000000e-06
  4.506900000000e-06
  4.462400000000e-06
  4.418400000000e-06
  4.374800000000e-06
  4.331500000000e-06
  4.288800000000e-06
  4.246400000000e-06
  4.204500000000e-06
  4.162900000000e-06
  4.121900000000e-06
  4.081100000000e-06
  4.040800000000e-06
  4.001000000000e-06
  3.961400000000e-06
  3.922300000000e-06
  3.883600000000e-06
  3.845200000000e-06
  3.807300000000e-06
  3.769600000000e-06
  3.732400000000e-06
  3.695600000000e-06
  3.659100000000e-06
  3.622900000000e-06
  3.587200000000e-06
  3.551700000000e-06
  3.516700000000e-06
  3.481900000000e-06
  3.447500000000e-06
  3.413500000000e-06
  3.379800000000e-06
  3.346500000000e-06
  3.313300000000e-06
  3.280700000000e-06
  3.248200000000e-06
  3.216200000000e-06
  3.184400000000e-06
  3.153000000000e-06
  3.121800000000e-06
  3.091000000000e-06
  3.060500000000e-06
  3.030300000000e-06
  3.000300000000e-06
  2.970700000000e-06
  2.941400000000e-06
  2.912300000000e-06
  2.883600000000e-06
  2.855000000000e-06
  2.826900000000e-06
  2.799000000000e-06
  2.771300000000e-06
  2.744000000000e-06
  2.716900000000e-06
  2.690000000000e-06
  2.663500000000e-06
  2.637100000000e-06
  2.611200000000e-06
  2.585300000000e-06
  2.559800000000e-06
  2.534600000000e-06
  2.509500000000e-06
  2.484700000000e-06
  2.460200000000e-06
  2.435900000000e-06
  2.411800000000e-06
  2.388000000000e-06
  2.364400000000e-06
  2.341100000000e-06
  2.318000000000e-06
  2.295100000000e-06
  2.272400000000e-06
  2.250000000000e-06
  2.227700000000e-06
  2.205800000000e-06
  2.183900000000e-06
  2.162400000000e-06
  2.141100000000e-06
  2.119900000000e-06
  2.099000000000e-06
  2.078200000000e-06
  2.057700000000e-06
  2.037400000000e-06
  2.017300000000e-06
  1.997400000000e-06
  1.977600000000e-06
  1.958100000000e-06
  1.938800000000e-06
  1.919600000000e-06
  1.900700000000e-06
  1.881900000000e-06
  1.863300000000e-06
  1.844900000000e-06
  1.826700000000e-06
  1.808600000000e-06
  1.790800000000e-06
  1.773100000000e-06
  1.755600000000e-06
  1.738300000000e-06
  1.721100000000e-06
  1.704100000000e-06
  1.687200000000e-06
  1.670700000000e-06
  1.654100000000e-06
  1.637700000000e-06
  1.621600000000e-06
  1.605600000000e-06
  1.589800000000e-06
  1.574000000000e-06
  1.558500000000e-06
  1.543100000000e-06
  1.527800000000e-06
  1.512800000000e-06
  1.497900000000e-06
  1.483000000000e-06
  1.468400000000e-06
  1.453900000000e-06
  1.439500000000e-06
  1.425400000000e-06
  1.411200000000e-06
  1.397300000000e-06
  1.383500000000e-06
  1.369900000000e-06
  1.356300000000e-06
  1.342900000000e-06
  1.329700000000e-06
  1.316500000000e-06
  1.303600000000e-06
  1.290600000000e-06
  1.277900000000e-06
  1.265300000000e-06
  1.252800000000e-06
  1.240500000000e-06
  1.228100000000e-06
  1.216100000000e-06
  1.204000000000e-06
  1.192200000000e-06
  1.180400000000e-06
  1.168700000000e-06
  1.157200000000e-06
  1.145700000000e-06
  1.134500000000e-06
  1.123200000000e-06
  1.112200000000e-06
  1.101100000000e-06
  1.090300000000e-06
  1.079500000000e-06
  1.068900000000e-06
  1.058300000000e-06
  1.047800000000e-06
  1.037600000000e-06
  1.027200000000e-06
  1.017100000000e-06
  1.007100000000e-06
  9.971300000000e-07
  9.872800000000e-07
  9.775300000000e-07
  9.678700000000e-07
  9.583200000000e-07
  9.488600000000e-07
  9.394800000000e-07
  9.302100000000e-07
  9.210200000000e-07
  9.119300000000e-07
  9.029200000000e-07
  8.940000000000e-07
  8.851800000000e-07
  8.764300000000e-07
  8.677800000000e-07
  8.592100000000e-07
  8.507300000000e-07
  8.423200000000e-07
  8.340100000000e-07
  8.257700000000e-07
  8.176100000000e-07
  8.095400000000e-07
  8.015500000000e-07
  7.936300000000e-07
  7.857900000000e-07
  7.780400000000e-07
  7.703500000000e-07
  7.627400000000e-07
  7.552100000000e-07
  7.477600000000e-07
  7.403600000000e-07
  7.330600000000e-07
  7.258200000000e-07
  7.186500000000e-07
  7.115500000000e-07
  7.045300000000e-07
  6.975700000000e-07
  6.906800000000e-07
  6.838600000000e-07
  6.771100000000e-07
  6.704200000000e-07
  6.638000000000e-07
  6.572400000000e-07
  6.507600000000e-07
  6.443300000000e-07
  6.379600000000e-07
  6.316700000000e-07
  6.254200000000e-07
  6.192500000000e-07
  6.131400000000e-07
  6.070800000000e-07
  6.010900000000e-07
  5.951500000000e-07
  5.892700000000e-07
  5.834500000000e-07
  5.776900000000e-07
  5.719900000000e-07
  5.663400000000e-07
  5.607400000000e-07
  5.552100000000e-07
  5.497300000000e-07
  5.442900000000e-07
  5.389300000000e-07
  5.335900000000e-07
  5.283300000000e-07
  5.231200000000e-07
  5.179400000000e-07
  5.128400000000e-07
  5.077600000000e-07
  5.027600000000e-07
  4.977900000000e-07
  4.928700000000e-07
  4.880000000000e-07
  4.831900000000e-07
  4.784100000000e-07
  4.736900000000e-07
  4.690200000000e-07
  4.643800000000e-07
  4.597900000000e-07
  4.552600000000e-07
  4.507600000000e-07
  4.463000000000e-07
  4.419000000000e-07
  4.375400000000e-07
  4.332100000000e-07
  4.289400000000e-07
  4.247000000000e-07
  4.205100000000e-07
  4.163500000000e-07
  4.122500000000e-07
  4.081700000000e-07
  4.041400000000e-07
  4.001500000000e-07
  3.962000000000e-07
  3.922900000000e-07
  3.884100000000e-07
  3.845700000000e-07
  3.807800000000e-07
  3.770200000000e-07
  3.733000000000e-07
  3.696100000000e-07
  3.659500000000e-07
  3.623500000000e-07
  3.587700000000e-07
  3.552200000000e-07
  3.517200000000e-07
  3.482400000000e-07
  3.448000000000e-07
  3.414000000000e-07
  3.380300000000e-07
  3.346900000000e-07
  3.313800000000e-07
  3.281100000000e-07
  3.248700000000e-07
  3.216700000000e-07
  3.184800000000e-07
  3.153500000000e-07
  3.122200000000e-07
  3.091500000000e-07
  3.060900000000e-07
  3.030700000000e-07
  3.000700000000e-07
  2.971200000000e-07
  2.941700000000e-07
  2.912800000000e-07
  2.883900000000e-07
  2.855500000000e-07
  2.827300000000e-07
  2.799400000000e-07
  2.771700000000e-07
  2.744400000000e-07
  2.717200000000e-07
  2.690400000000e-07
  2.663900000000e-07
  2.637500000000e-07
  2.611500000000e-07
  2.585700000000e-07
  2.560200000000e-07
  2.534900000000e-07
  2.509900000000e-07
  2.485000000000e-07
  2.460600000000e-07
  2.436200000000e-07
  2.412200000000e-07
  2.388300000000e-07
  2.364800000000e-07
  2.341400000000e-07
  2.318300000000e-07
  2.295400000000e-07
  2.272700000000e-07
  2.250300000000e-07
  2.228100000000e-07
  2.206100000000e-07
  2.184200000000e-07
  2.162800000000e-07
  2.141300000000e-07
  2.120200000000e-07
  2.099300000000e-07
  2.078500000000e-07
  2.058000000000e-07
  2.037700000000e-07
  2.017600000000e-07
  1.997600000000e-07
  1.977900000000e-07
  1.958400000000e-07
  1.939100000000e-07
  1.919900000000e-07
  1.900900000000e-07
  1.882200000000e-07
  1.863500000000e-07
  1.845200000000e-07
  1.826900000000e-07
  1.809000000000e-07
  1.791000000000e-07
  1.773400000000e-07
  1.755800000000e-07
  1.738500000000e-07
  1.721400000000e-07
  1.704300000000e-07
  1.687500000000e-07
  1.670800000000e-07
  1.654400000000e-07
  1.638000000000e-07
  1.621800000000e-07
  1.605800000000e-07
  1.590000000000e-07
  1.574300000000e-07
  1.558700000000e-07
  1.543300000000e-07
  1.528100000000e-07
  1.513000000000e-07
  1.498000000000e-07
  1.483300000000e-07
  1.468600000000e-07
  1.454100000000e-07
  1.439700000000e-07
  1.425500000000e-07
  1.411500000000e-07
  1.397500000000e-07
  1.383700000000e-07
  1.370000000000e-07
  1.356500000000e-07
  1.343200000000e-07
  1.329800000000e-07
  1.316700000000e-07
  1.303800000000e-07
  1.290800000000e-07
  1.278100000000e-07
  1.265500000000e-07
  1.253000000000e-07
  1.240600000000e-07
  1.228300000000e-07
  1.216200000000e-07
  1.204300000000e-07
  1.192300000000e-07
  1.180500000000e-07
  1.168900000000e-07
  1.157400000000e-07
  1.145900000000e-07
  1.134600000000e-07
  1.123400000000e-07
  1.112300000000e-07
  1.101300000000e-07
  1.090400000000e-07
  1.079700000000e-07
  1.069000000000e-07
  1.058500000000e-07
  1.048000000000e-07
  1.037600000000e-07
  1.027400000000e-07
  1.017300000000e-07
  1.007200000000e-07
  9.972800000000e-08
  9.874200000000e-08
  9.776700000000e-08
  9.680100000000e-08
  9.584600000000e-08
  9.489900000000e-08
  9.396100000000e-08
  9.303400000000e-08
  9.211600000000e-08
  9.120500000000e-08
  9.030500000000e-08
  8.941300000000e-08
  8.853000000000e-08
  8.765600000000e-08
  8.679000000000e-08
  8.593300000000e-08
  8.508500000000e-08
  8.424400000000e-08
  8.341200000000e-08
  8.258900000000e-08
  8.177300000000e-08
  8.096600000000e-08
  8.016600000000e-08
  7.937400000000e-08
  7.859100000000e-08
  7.781400000000e-08
  7.704600000000e-08
  7.628500000000e-08
  7.553200000000e-08
  7.478600000000e-08
  7.404700000000e-08
  7.331600000000e-08
  7.259200000000e-08
  7.187500000000e-08
  7.116600000000e-08
  7.046300000000e-08
  6.976600000000e-08
  6.907800000000e-08
  6.839600000000e-08
  6.772000000000e-08
  6.705200000000e-08
  6.638900000000e-08
  6.573400000000e-08
  6.508500000000e-08
  6.444100000000e-08
  6.380600000000e-08
  6.317500000000e-08
  6.255200000000e-08
  6.193400000000e-08
  6.132200000000e-08
  6.071700000000e-08
  6.011700000000e-08
  5.952300000000e-08
  5.893600000000e-08
  5.835300000000e-08
  5.777800000000e-08
  5.720600000000e-08
  5.664200000000e-08
  5.608300000000e-08
  5.552800000000e-08
  5.498100000000e-08
  5.443700000000e-08
  5.390000000000e-08
  5.336700000000e-08
  5.284100000000e-08
  5.231800000000e-08
  5.180200000000e-08
  5.129100000000e-08
  5.078400000000e-08
  5.028200000000e-08
  4.978600000000e-08
  4.929400000000e-08
  4.880800000000e-08
  4.832500000000e-08
  4.784900000000e-08
  4.737500000000e-08
  4.690800000000e-08
  4.644500000000e-08
  4.598600000000e-08
  4.553200000000e-08
  4.508200000000e-08
  4.463700000000e-08
  4.419600000000e-08
  4.376000000000e-08
  4.332800000000e-08
  4.290000000000e-08
  4.247600000000e-08
  4.205600000000e-08
  4.164200000000e-08
  4.123000000000e-08
  4.082300000000e-08
  4.042000000000e-08
  4.002000000000e-08
  3.962600000000e-08
  3.923400000000e-08
  3.884700000000e-08
  3.846300000000e-08
  3.808300000000e-08
  3.770700000000e-08
  3.733500000000e-08
  3.696600000000e-08
  3.660100000000e-08
  3.624000000000e-08
  3.588200000000e-08
  3.552700000000e-08
  3.517700000000e-08
  3.482900000000e-08
  3.448500000000e-08
  3.414500000000e-08
  3.380700000000e-08
  3.347400000000e-08
  3.314300000000e-08
  3.281600000000e-08
  3.249200000000e-08
  3.217000000000e-08
  3.185400000000e-08
  3.153800000000e-08
  3.122700000000e-08
  3.091900000000e-08
  3.061400000000e-08
  3.031100000000e-08
  3.001200000000e-08
  2.971500000000e-08
  2.942200000000e-08
  2.913100000000e-08
  2.884400000000e-08
  2.855900000000e-08
  2.827700000000e-08
  2.799800000000e-08
  2.772100000000e-08
  2.744700000000e-08
  2.717700000000e-08
  2.690800000000e-08
  2.664200000000e-08
  2.637900000000e-08
  2.611900000000e-08
  2.586000000000e-08
  2.560600000000e-08
  2.535200000000e-08
  2.510200000000e-08
  2.485500000000e-08
  2.460900000000e-08
  2.436500000000e-08
  2.412500000000e-08
  2.388700000000e-08
  2.365100000000e-08
  2.341800000000e-08
  2.318600000000e-08
  2.295700000000e-08
  2.273100000000e-08
  2.250600000000e-08
  2.228400000000e-08
  2.206400000000e-08
  2.184600000000e-08
  2.163000000000e-08
  2.141600000000e-08
  2.120500000000e-08
  2.099600000000e-08
  2.078800000000e-08
  2.058300000000e-08
  2.038000000000e-08
  2.017900000000e-08
  1.997900000000e-08
  1.978200000000e-08
  1.958600000000e-08
  1.939300000000e-08
  1.920200000000e-08
  1.901200000000e-08
  1.882400000000e-08
  1.863900000000e-08
  1.845400000000e-08
  1.827200000000e-08
  1.809200000000e-08
  1.791300000000e-08
  1.773600000000e-08
  1.778280000000e-06
