1602
  5.201241498035e+03
  5.170042627733e+03
  5.144540462590e+03
  5.119068538469e+03
  5.093685557652e+03
  5.068499118502e+03
  5.043346268391e+03
  5.018418431184e+03
  4.993623341888e+03
  4.968822157175e+03
  4.944215961809e+03
  4.919829969577e+03
  4.895490341681e+03
  4.871190926096e+03
  4.847055078043e+03
  4.823164419757e+03
  4.799291472959e+03
  4.775523168534e+03
  4.751831262626e+03
  4.728262650359e+03
  4.704881726356e+03
  4.681662885407e+03
  4.658516714197e+03
  4.635463757702e+03
  4.612510051080e+03
  4.589739449318e+03
  4.567011161648e+03
  4.544410410461e+03
  4.521921671745e+03
  4.499536857823e+03
  4.477291284789e+03
  4.455128270204e+03
  4.433073815998e+03
  4.411124327097e+03
  4.389290132950e+03
  4.367569700924e+03
  4.345952258367e+03
  4.324441008383e+03
  4.303037966052e+03
  4.281741238922e+03
  4.260516778527e+03
  4.239417152061e+03
  4.218434308160e+03
  4.197555850502e+03
  4.176780215145e+03
  4.156109732370e+03
  4.135518103392e+03
  4.115049219702e+03
  4.094682840542e+03
  4.074417360122e+03
  4.054238839719e+03
  4.034210387107e+03
  4.014227766945e+03
  3.994385147968e+03
  3.974567342858e+03
  3.954840246460e+03
  3.935348553185e+03
  3.915865634037e+03
  3.896378735441e+03
  3.877207051635e+03
  3.858025199108e+03
  3.838895190513e+03
  3.819945660033e+03
  3.800932772683e+03
  3.782086675882e+03
  3.763498846585e+03
  3.744774133292e+03
  3.726308595737e+03
  3.707868546477e+03
  3.689495852493e+03
  3.671278586181e+03
  3.653101688247e+03
  3.634995751192e+03
  3.617027825098e+03
  3.599098830863e+03
  3.581313153117e+03
  3.563586738233e+03
  3.545952032170e+03
  3.528401579133e+03
  3.510939440724e+03
  3.493537034300e+03
  3.476268877623e+03
  3.459028810064e+03
  3.441941932908e+03
  3.424908422218e+03
  3.407947630733e+03
  3.391070634052e+03
  3.374295165515e+03
  3.357597658411e+03
  3.340984657596e+03
  3.324439292080e+03
  3.307965025284e+03
  3.291615159659e+03
  3.275314182658e+03
  3.259102138835e+03
  3.242968017400e+03
  3.226914091790e+03
  3.210942623574e+03
  3.195057678684e+03
  3.179235604224e+03
  3.163511567765e+03
  3.147853363935e+03
  3.132269892619e+03
  3.116763020919e+03
  3.101342148589e+03
  3.085981959789e+03
  3.070710081909e+03
  3.055504472168e+03
  3.040381451084e+03
  3.025340239576e+03
  3.010368002178e+03
  2.995462930750e+03
  2.980643300618e+03
  2.965890671127e+03
  2.951207165195e+03
  2.936602836131e+03
  2.922070082953e+03
  2.907604884212e+03
  2.893213456016e+03
  2.878888500212e+03
  2.864643784224e+03
  2.850463191532e+03
  2.836354213995e+03
  2.822312343011e+03
  2.808344417636e+03
  2.794442181006e+03
  2.780610889822e+03
  2.766846378704e+03
  2.753154356864e+03
  2.739527007785e+03
  2.725964133766e+03
  2.712472964849e+03
  2.699047794682e+03
  2.685689313152e+03
  2.672391401349e+03
  2.659165324354e+03
  2.646003772948e+03
  2.632907498475e+03
  2.619872002478e+03
  2.606906081887e+03
  2.594005146185e+03
  2.581161401730e+03
  2.568388877841e+03
  2.555677539361e+03
  2.543025017952e+03
  2.530439631548e+03
  2.517913812079e+03
  2.505450501548e+03
  2.493049349612e+03
  2.480708412253e+03
  2.468428012010e+03
  2.456212419114e+03
  2.444053779688e+03
  2.431956229295e+03
  2.419918116963e+03
  2.407938423821e+03
  2.396023707088e+03
  2.384161149205e+03
  2.372361676946e+03
  2.360618694618e+03
  2.348934368045e+03
  2.337306715668e+03
  2.325738184215e+03
  2.314223875107e+03
  2.302771297957e+03
  2.291371586111e+03
  2.280031573902e+03
  2.268745533880e+03
  2.257515363798e+03
  2.246340672836e+03
  2.235222657759e+03
  2.224159510014e+03
  2.213148978752e+03
  2.202195828296e+03
  2.191293873458e+03
  2.180447556018e+03
  2.169655388648e+03
  2.158915976959e+03
  2.148230699738e+03
  2.137596859933e+03
  2.127015906726e+03
  2.116487514644e+03
  2.106012691044e+03
  2.095586997541e+03
  2.085214601909e+03
  2.074894042160e+03
  2.064622014729e+03
  2.054403754332e+03
  2.044234174384e+03
  2.034116441288e+03
  2.024047567146e+03
  2.014029852164e+03
  2.004059753951e+03
  1.994140373736e+03
  1.984268904169e+03
  1.974447444774e+03
  1.964674597006e+03
  1.954950480961e+03
  1.945273611243e+03
  1.935644803905e+03
  1.926063825247e+03
  1.916530108393e+03
  1.907044517301e+03
  1.897604149569e+03
  1.888212174626e+03
  1.878864921493e+03
  1.869565262705e+03
  1.860311092492e+03
  1.851103506080e+03
  1.841940154508e+03
  1.832822739465e+03
  1.823751497096e+03
  1.814723970427e+03
  1.805741858291e+03
  1.796803121034e+03
  1.787909188852e+03
  1.779058762260e+03
  1.770254225856e+03
  1.761490655407e+03
  1.752771919699e+03
  1.744096092544e+03
  1.735463596130e+03
  1.726872624846e+03
  1.718324956213e+03
  1.709819934380e+03
  1.701356990388e+03
  1.692934510166e+03
  1.684555539876e+03
  1.676216928951e+03
  1.667919540444e+03
  1.659664541964e+03
  1.651448840840e+03
  1.643274667782e+03
  1.635140091540e+03
  1.627047438531e+03
  1.618993251712e+03
  1.610979389423e+03
  1.603005412798e+03
  1.595071357112e+03
  1.587176371383e+03
  1.579319236676e+03
  1.571502737154e+03
  1.563723843956e+03
  1.555983105135e+03
  1.548281454034e+03
  1.540617678301e+03
  1.532991593608e+03
  1.525403984316e+03
  1.517853312368e+03
  1.510339939419e+03
  1.502864472864e+03
  1.495425717045e+03
  1.488023033624e+03
  1.480657577798e+03
  1.473328780155e+03
  1.466035535572e+03
  1.458779190678e+03
  1.451558293586e+03
  1.444373051972e+03
  1.437224546933e+03
  1.430110419741e+03
  1.423031154131e+03
  1.415987948243e+03
  1.408978575072e+03
  1.402005135904e+03
  1.395065346953e+03
  1.388159515472e+03
  1.381287968153e+03
  1.374451599944e+03
  1.367647424870e+03
  1.360878419802e+03
  1.354141751778e+03
  1.347438680761e+03
  1.340769419302e+03
  1.334132526060e+03
  1.327529547405e+03
  1.320958069753e+03
  1.314419537217e+03
  1.307913415548e+03
  1.301439395557e+03
  1.294997428044e+03
  1.288587546620e+03
  1.282208786297e+03
  1.275862504981e+03
  1.269547047926e+03
  1.263263141708e+03
  1.257010185348e+03
  1.250788152885e+03
  1.244596878113e+03
  1.238436164238e+03
  1.232306238945e+03
  1.226206479188e+03
  1.220136833809e+03
  1.214097448114e+03
  1.208087906718e+03
  1.202108005107e+03
  1.196157769489e+03
  1.190237006513e+03
  1.184345354686e+03
  1.178483143232e+03
  1.172649819207e+03
  1.166845280928e+03
  1.161069489858e+03
  1.155322472573e+03
  1.149603932849e+03
  1.143913585664e+03
  1.138251317213e+03
  1.132617221529e+03
  1.127010855030e+03
  1.121432275359e+03
  1.115881231115e+03
  1.110358031791e+03
  1.104861764843e+03
  1.099392919154e+03
  1.093951021062e+03
  1.088536181863e+03
  1.083148044612e+03
  1.077786661001e+03
  1.072451721367e+03
  1.067143257424e+03
  1.061861051659e+03
  1.056605062453e+03
  1.051375125645e+03
  1.046170765110e+03
  1.040992404913e+03
  1.035839744404e+03
  1.030712443524e+03
  1.025610416805e+03
  1.020533950867e+03
  1.015482449466e+03
  1.010455806459e+03
  1.005454279305e+03
  1.000477211761e+03
  9.955250936091e+02
  9.905972508945e+02
  9.856945934780e+02
  9.808152536388e+02
  9.759601495952e+02
  9.711292971257e+02
  9.663226880005e+02
  9.615393665042e+02
  9.567793845859e+02
  9.520436569139e+02
  9.473312258371e+02
  9.426421127249e+02
  9.379763160980e+02
  9.333329600001e+02
  9.287137871277e+02
  9.241162164668e+02
  9.195426991975e+02
  9.149908880716e+02
  9.104615675963e+02
  9.059546587812e+02
  9.014701733137e+02
  8.970082085221e+02
  8.925686350362e+02
  8.881499942459e+02
  8.837536907764e+02
  8.793798613218e+02
  8.750269070774e+02
  8.706956074277e+02
  8.663859576164e+02
  8.620972066326e+02
  8.578300860083e+02
  8.535839000419e+02
  8.493585609808e+02
  8.451542237427e+02
  8.409714416015e+02
  8.368081792979e+02
  8.326665062396e+02
  8.285450334939e+02
  8.244437286649e+02
  8.203626615601e+02
  8.163018749638e+02
  8.122612459600e+02
  8.082407852466e+02
  8.042399530324e+02
  8.002592840080e+02
  7.962981690716e+02
  7.923566111859e+02
  7.884345972148e+02
  7.845321148274e+02
  7.806486209555e+02
  7.767840982974e+02
  7.729396652824e+02
  7.691135896992e+02
  7.653065129115e+02
  7.615183457385e+02
  7.577491092229e+02
  7.539982642960e+02
  7.502663445523e+02
  7.465522351401e+02
  7.428570579592e+02
  7.391797027167e+02
  7.355212639197e+02
  7.318801121826e+02
  7.282573621893e+02
  7.246528982454e+02
  7.210657819098e+02
  7.174969657790e+02
  7.139455404195e+02
  7.104114240882e+02
  7.068950859399e+02
  7.033956424640e+02
  6.999139805718e+02
  6.964496390302e+02
  6.930021337536e+02
  6.895719204149e+02
  6.861586028164e+02
  6.827625665864e+02
  6.793829029216e+02
  6.760200708166e+02
  6.726736422923e+02
  6.693440428380e+02
  6.660308292350e+02
  6.627339937853e+02
  6.594539984674e+02
  6.561895075298e+02
  6.529414030797e+02
  6.497096682860e+02
  6.464934751357e+02
  6.432932497309e+02
  6.401089961048e+02
  6.369406466858e+02
  6.337882345526e+02
  6.306510041113e+02
  6.275289416348e+02
  6.244231808170e+02
  6.213321757978e+02
  6.182567204507e+02
  6.151961035722e+02
  6.121513183159e+02
  6.091209992077e+02
  6.061061129006e+02
  6.031060668851e+02
  6.001204620855e+02
  5.971503566034e+02
  5.941943439015e+02
  5.912531195993e+02
  5.883266577869e+02
  5.854146286920e+02
  5.825163811773e+02
  5.796331965206e+02
  5.767644525934e+02
  5.739094932315e+02
  5.710686090474e+02
  5.682418710159e+02
  5.654292060017e+02
  5.626300279116e+02
  5.598452389628e+02
  5.570742017266e+02
  5.543166578253e+02
  5.515726128425e+02
  5.488417738685e+02
  5.461258011264e+02
  5.434230200324e+02
  5.407328536735e+02
  5.380561752169e+02
  5.353929710931e+02
  5.327426569298e+02
  5.301055185493e+02
  5.274820683206e+02
  5.248710071109e+02
  5.222728478703e+02
  5.196878546870e+02
  5.171152210280e+02
  5.145554883775e+02
  5.120089019385e+02
  5.094741970605e+02
  5.069523649245e+02
  5.044431351343e+02
  5.019462967657e+02
  4.994618298783e+02
  4.969894861874e+02
  4.945295145105e+02
  4.920816678419e+02
  4.896459327928e+02
  4.872221128679e+02
  4.848106215127e+02
  4.824108141926e+02
  4.800226754248e+02
  4.776462142449e+02
  4.752822476786e+02
  4.729295454774e+02
  4.705884920295e+02
  4.682593138424e+02
  4.659417671768e+02
  4.636354490101e+02
  4.613403690815e+02
  4.590565530717e+02
  4.567837655552e+02
  4.545233525603e+02
  4.522737946044e+02
  4.500352666325e+02
  4.478075671515e+02
  4.455908919043e+02
  4.433854231203e+02
  4.411906146403e+02
  4.390064302859e+02
  4.368334579200e+02
  4.346712980829e+02
  4.325197810544e+02
  4.303788969733e+02
  4.282486407236e+02
  4.261288473421e+02
  4.240195117656e+02
  4.219207801482e+02
  4.198322052006e+02
  4.177542201531e+02
  4.156863094090e+02
  4.136286959374e+02
  4.115812212765e+02
  4.095439940829e+02
  4.075168609668e+02
  4.054996826476e+02
  4.034925742818e+02
  4.014953001061e+02
  3.995079626070e+02
  3.975305310453e+02
  3.955627138471e+02
  3.936047016043e+02
  3.916564517964e+02
  3.897176917248e+02
  3.877886924763e+02
  3.858691625713e+02
  3.839592573153e+02
  3.820586773358e+02
  3.801675702616e+02
  3.782857903752e+02
  3.764133319747e+02
  3.745500717263e+02
  3.726961322713e+02
  3.708513754290e+02
  3.690156670613e+02
  3.671890196900e+02
  3.653711692507e+02
  3.635626194645e+02
  3.617632319896e+02
  3.599725105059e+02
  3.581907132855e+02
  3.564176872787e+02
  3.546534486266e+02
  3.528977671274e+02
  3.511513374477e+02
  3.494133181475e+02
  3.476837289941e+02
  3.459625820710e+02
  3.442501886061e+02
  3.425459986245e+02
  3.408505609877e+02
  3.391635524035e+02
  3.374847263760e+02
  3.358143206171e+02
  3.341518940899e+02
  3.324977752530e+02
  3.308518447711e+02
  3.292141267554e+02
  3.275845776740e+02
  3.259629181101e+02
  3.243497257945e+02
  3.227444030915e+02
  3.211468709931e+02
  3.195572215139e+02
  3.179754398118e+02
  3.164015274600e+02
  3.148354869115e+02
  3.132769382542e+02
  3.117262447718e+02
  3.101831356170e+02
  3.086475419728e+02
  3.071201267992e+02
  3.055998569451e+02
  3.040867332946e+02
  3.025818672991e+02
  3.010843783016e+02
  2.995940500622e+02
  2.981111083950e+02
  2.966355491953e+02
  2.951672098657e+02
  2.937060216579e+02
  2.922519793349e+02
  2.908055897938e+02
  2.893658482870e+02
  2.879336074779e+02
  2.865082802133e+02
  2.850897454077e+02
  2.836786533080e+02
  2.822750173168e+02
  2.808776393511e+02
  2.794867354116e+02
  2.781039474896e+02
  2.767273028290e+02
  2.753576363694e+02
  2.739948345545e+02
  2.726386812468e+02
  2.712890589873e+02
  2.699463172547e+02
  2.686095054388e+02
  2.672803453610e+02
  2.659575010009e+02
  2.646409904178e+02
  2.633308615343e+02
  2.620273899513e+02
  2.607304327146e+02
  2.594398514649e+02
  2.581558455427e+02
  2.568780221351e+02
  2.556065259060e+02
  2.543412723983e+02
  2.530819253053e+02
  2.518294845975e+02
  2.505829766255e+02
  2.493424405090e+02
  2.481083021936e+02
  2.468802877275e+02
  2.456582812873e+02
  2.444422987843e+02
  2.432324226874e+02
  2.420284891735e+02
  2.408303387250e+02
  2.396382241844e+02
  2.384521147884e+02
  2.372718482884e+02
  2.360974470519e+02
  2.349286727234e+02
  2.337658757327e+02
  2.326088709611e+02
  2.314574520178e+02
  2.303117233355e+02
  2.291717091195e+02
  2.280373567818e+02
  2.269086157793e+02
  2.257853962894e+02
  2.246677815043e+02
  2.235556681329e+02
  2.224491293072e+02
  2.213480077727e+02
  2.202523895498e+02
  2.191622125914e+02
  2.180773808930e+02
  2.169979173468e+02
  2.159238082189e+02
  2.148550247742e+02
  2.137915046181e+02
  2.127332175914e+02
  2.116801961745e+02
  2.106323848845e+02
  2.095899014637e+02
  2.085524724581e+02
  2.075201045084e+02
  2.064928001168e+02
  2.054706852043e+02
  2.044536008338e+02
  2.034415353908e+02
  2.024345303992e+02
  2.014321812382e+02
  2.004353239516e+02
  1.994431728805e+02
  1.984560224716e+02
  1.974737585387e+02
  1.964965357732e+02
  1.955238315339e+02
  1.945559233291e+02
  1.935927004883e+02
  1.926345767961e+02
  1.916810779290e+02
  1.907323153742e+02
  1.897881869454e+02
  1.888487495372e+02
  1.879141102878e+02
  1.869838348392e+02
  1.860579341039e+02
  1.851373589365e+02
  1.842211072733e+02
  1.833090781631e+02
  1.824016214571e+02
  1.814987391181e+02
  1.806000692473e+02
  1.797061247500e+02
  1.788169412839e+02
  1.779318179450e+02
  1.770510877998e+02
  1.761746626424e+02
  1.753025913941e+02
  1.744348795500e+02
  1.735714704073e+02
  1.727123207758e+02
  1.718573981766e+02
  1.710067859996e+02
  1.701603427039e+02
  1.693180266374e+02
  1.684797007358e+02
  1.676457478095e+02
  1.668159149552e+02
  1.659902054677e+02
  1.651685928935e+02
  1.643510183179e+02
  1.635376555917e+02
  1.627281895994e+02
  1.619226878917e+02
  1.611211950787e+02
  1.603236760256e+02
  1.595301141614e+02
  1.587404205497e+02
  1.579547284997e+02
  1.571728268102e+02
  1.563949679506e+02
  1.556207646701e+02
  1.548505317594e+02
  1.540840971588e+02
  1.533213226649e+02
  1.525623568477e+02
  1.518069788902e+02
  1.510555479410e+02
  1.503078206197e+02
  1.495638230802e+02
  1.488237296464e+02
  1.480870351089e+02
  1.473540138329e+02
  1.466246736432e+02
  1.458988754115e+02
  1.451767637234e+02
  1.444581166172e+02
  1.437430739167e+02
  1.430315423240e+02
  1.423235891410e+02
  1.416190691425e+02
  1.409180359395e+02
  1.402206613730e+02
  1.395265042037e+02
  1.388358658105e+02
  1.381483706431e+02
  1.374645493737e+02
  1.367840955859e+02
  1.361070402331e+02
  1.354333067112e+02
  1.347632167430e+02
  1.340961532703e+02
  1.334323824519e+02
  1.327716964987e+02
  1.321146976127e+02
  1.314608761226e+02
  1.308100958309e+02
  1.301625751216e+02
  1.295183100591e+02
  1.288770235823e+02
  1.282390813668e+02
  1.276043416457e+02
  1.269727254944e+02
  1.263442393456e+02
  1.257187968610e+02
  1.250965592113e+02
  1.244773497912e+02
  1.238612186955e+02
  1.232481221546e+02
  1.226380420786e+02
  1.220309627854e+02
  1.214268623405e+02
  1.208258533076e+02
  1.202277751428e+02
  1.196327336963e+02
  1.190405694618e+02
  1.184513972372e+02
  1.178650261933e+02
  1.172815863992e+02
  1.167011207740e+02
  1.161234502459e+02
  1.155487666062e+02
  1.149768121530e+02
  1.144077204848e+02
  1.138413814735e+02
  1.132778919624e+02
  1.127171596181e+02
  1.121592949476e+02
  1.116040878058e+02
  1.110515807606e+02
  1.105019318468e+02
  1.099549646722e+02
  1.094107217699e+02
  1.088690934766e+02
  1.083302650670e+02
  1.077939774874e+02
  1.072604988272e+02
  1.067295375281e+02
  1.062011468016e+02
  1.056754692996e+02
  1.051523737922e+02
  1.046318919993e+02
  1.041139774117e+02
  1.035987211738e+02
  1.030859151437e+02
  1.025756456029e+02
  1.020679191103e+02
  1.015626926410e+02
  1.010599777342e+02
  1.005597368345e+02
  1.000619798820e+02
  9.956668578347e+01
  9.907367690535e+01
  9.858336489954e+01
  9.809556488895e+01
  9.760983015729e+01
  9.712670080994e+01
  9.664590588422e+01
  9.616753349303e+01
  9.569149986889e+01
  9.521787999792e+01
  9.474658794585e+01
  9.427762545621e+01
  9.381092033000e+01
  9.334662589286e+01
  9.288457698042e+01
  9.242477497662e+01
  9.196730010677e+01
  9.151199697368e+01
  9.105908697439e+01
  9.060827972753e+01
  9.015978936206e+01
  8.971353741461e+01
  8.926945787029e+01
  8.882761463150e+01
  8.838795152185e+01
  8.795043980819e+01
  8.751516846571e+01
  8.708192131040e+01
  8.665083865234e+01
  8.622198539917e+01
  8.579515963856e+01
  8.537042529937e+01
  8.494784927696e+01
  8.452736401189e+01
  8.410896937950e+01
  8.369272941805e+01
  8.327844448698e+01
  8.286624539341e+01
  8.245606946759e+01
  8.204791991838e+01
  8.164178892136e+01
  8.123767604135e+01
  8.083558123612e+01
  8.043544910910e+01
  8.003727045374e+01
  7.964111037557e+01
  7.924690085182e+01
  7.885465195134e+01
  7.846429808795e+01
  7.807589887175e+01
  7.768940148127e+01
  7.730485217563e+01
  7.692230424090e+01
  7.654148816554e+01
  7.616262243142e+01
  7.578565089643e+01
  7.541041132181e+01
  7.503711481946e+01
  7.466576199017e+01
  7.429619100189e+01
  7.392845687222e+01
  7.356240868454e+01
  7.319830251835e+01
  7.283597583121e+01
  7.247543668803e+01
  7.211682044429e+01
  7.175984453905e+01
  7.140460178458e+01
  7.105118811797e+01
  7.069950402038e+01
  7.034950859324e+01
  7.000124419588e+01
  6.965476313201e+01
  6.931001470888e+01
  6.896698791911e+01
  6.862556141142e+01
  6.828590664430e+01
  6.794780615916e+01
  6.761155785911e+01
  6.727694829293e+01
  6.694394231152e+01
  6.661253028761e+01
  6.628279316695e+01
  6.595462150462e+01
  6.562824583826e+01
  6.530338804718e+01
  6.498008527869e+01
  6.465845863285e+01
  6.433838992109e+01
  6.401991362215e+01
  6.370303110255e+01
  6.338770284500e+01
  6.307396850386e+01
  6.276172346756e+01
  6.245109609465e+01
  6.214198674935e+01
  6.183442884757e+01
  6.152831409958e+01
  6.122375340623e+01
  6.092070761284e+01
  6.061917502194e+01
  6.031912223233e+01
  6.002054893067e+01
  5.972342159392e+01
  5.942780531926e+01
  5.913366810874e+01
  5.884097402995e+01
  5.854972134851e+01
  5.825988290610e+01
  5.797151930505e+01
  5.768456270356e+01
  5.739895890094e+01
  5.711485852700e+01
  5.683216587569e+01
  5.655085255808e+01
  5.627094702209e+01
  5.599242219490e+01
  5.571533112471e+01
  5.543950105211e+01
  5.516507760568e+01
  5.489203349905e+01
  5.462027739914e+01
  5.434989735121e+01
  5.408089281820e+01
  5.381323087334e+01
  5.354678706568e+01
  5.328178483707e+01
  5.301805429019e+01
  5.275564021210e+01
  5.249450876205e+01
  5.223465276024e+01
  5.197610826924e+01
  5.171882493979e+01
  5.146280603438e+01
  5.120812510948e+01
  5.095463508838e+01
  5.070240673656e+01
  5.045144042912e+01
  5.020166609103e+01
  4.995321881058e+01
  4.970596436778e+01
  4.945987540067e+01
  4.921507079611e+01
  4.897152070680e+01
  4.872909037963e+01
  4.848789732131e+01
  4.824789428007e+01
  4.800907993401e+01
  4.777145235642e+01
  4.753497153002e+01
  4.729967763897e+01
  4.706557011488e+01
  4.683258592579e+01
  4.660078945385e+01
  4.637012057408e+01
  4.614058886147e+01
  4.591218302637e+01
  4.568493871817e+01
  4.545879909141e+01
  4.523376106948e+01
  4.500986679983e+01
  4.478707392701e+01
  4.456536471433e+01
  4.434475701305e+01
  4.412527164620e+01
  4.390686713659e+01
  4.368952823174e+01
  4.347327089412e+01
  4.325807874698e+01
  4.304398301963e+01
  4.283088286949e+01
  4.261888041697e+01
  4.240793978412e+01
  4.219801136033e+01
  4.198916091800e+01
  4.178127198754e+01
  4.157446211384e+01
  4.136870854338e+01
  4.116393495934e+01
  4.096017330367e+01
  4.075741561286e+01
  4.055567374272e+01
  4.035492578582e+01
  4.015518664750e+01
  3.995636764653e+01
  3.975858586662e+01
  3.956178205256e+01
  3.936596919149e+01
  3.917112091666e+01
  3.897721968075e+01
  3.878428216902e+01
  3.859229211586e+01
  3.840126324796e+01
  3.821118173811e+01
  3.802203300769e+01
  3.783390227512e+01
  3.764663280948e+01
  3.746029512712e+01
  3.727486285327e+01
  3.709037608335e+01
  3.690674256661e+01
  3.672406638242e+01
  3.654228161236e+01
  3.636140179022e+01
  3.618143978974e+01
  3.600234379022e+01
  3.582413862447e+01
  3.564682335683e+01
  3.547037620590e+01
  3.529479520490e+01
  3.512009139653e+01
  3.494625440803e+01
  3.477328340817e+01
  3.460115422530e+01
  3.442987491717e+01
  3.425945440624e+01
  3.408987524974e+01
  3.392112661712e+01
  3.375322010249e+01
  3.358609105928e+01
  3.341983500627e+01
  3.325440953470e+01
  3.308981435952e+01
  3.292601655784e+01
  3.276309172191e+01
  3.260092104122e+01
  3.243954809114e+01
  3.227897296055e+01
  3.211919561971e+01
  3.196020570867e+01
  3.180199315812e+01
  3.164457822366e+01
  3.148794059107e+01
  3.133208025900e+01
  3.117698739265e+01
  3.102267167869e+01
  3.086913278111e+01
  3.071633251904e+01
  3.056429015047e+01
  3.041300557440e+01
  3.026246026539e+01
  3.011267258702e+01
  2.996361518208e+01
  2.981528832576e+01
  2.966768543646e+01
  2.952084575378e+01
  2.937471189632e+01
  2.922931510940e+01
  2.908466487777e+01
  2.894070368163e+01
  2.879744739426e+01
  2.865490440151e+01
  2.851307547839e+01
  2.837191061151e+01
  2.823148260490e+01
  2.809172761223e+01
  2.795268484649e+01
  2.781433863234e+01
  2.767665803247e+01
  2.753967434335e+01
  2.740335658234e+01
  2.726769805662e+01
  2.713273340357e+01
  2.699842887666e+01
  2.686479145619e+01
  2.673181935404e+01
  2.659949908469e+01
  2.646781222887e+01
  2.633680347056e+01
  2.620643965600e+01
  2.607670724202e+01
  2.594764025673e+01
  2.581923129952e+01
  2.569142695067e+01
  2.556425421912e+01
  2.543770661777e+01
  2.531180985768e+01
  2.518651242111e+01
  2.506184009042e+01
  2.493777401938e+01
  2.481433911474e+01
  2.469151044142e+01
  2.456929413155e+01
  2.444770196491e+01
  2.432666823168e+01
  2.420625862499e+01
  2.408643755326e+01
  2.396722817089e+01
  2.384859007135e+01
  2.373054066003e+01
  2.361305197280e+01
  2.349616331149e+01
  2.337988458696e+01
  2.326414576383e+01
  2.314898408368e+01
  2.303440510885e+01
  2.292039791644e+01
  2.280694152072e+01
  2.269405173018e+01
  2.258171815712e+01
  2.246994083665e+01
  2.235871972182e+01
  2.224804973596e+01
  2.213793082074e+01
  2.202831916655e+01
  2.191928311669e+01
  2.181078360038e+01
  2.170282067220e+01
  2.159539430707e+01
  2.148850440224e+01
  2.138213706335e+01
  2.127631960521e+01
  2.117100199388e+01
  2.106620708629e+01
  2.096193480335e+01
  2.085817193975e+01
  2.075492727162e+01
  2.065219636108e+01
  2.054996642135e+01
  2.044825462905e+01
  2.034703504658e+01
  2.024631677570e+01
  2.014609959968e+01
  2.004638308680e+01
  1.994715599434e+01
  1.984842157412e+01
  1.975017607282e+01
  1.965241172431e+01
  1.955514776554e+01
  1.945833823846e+01
  1.936201764616e+01
  1.926618195522e+01
  1.917081251463e+01
  1.907592044654e+01
  1.898149475095e+01
  1.888754619422e+01
  1.879405326084e+01
  1.870102668637e+01
  1.860845940565e+01
  1.851634826418e+01
  1.842469587276e+01
  1.833349619589e+01
  1.824274230740e+01
  1.815244093150e+01
  1.806259193859e+01
  1.797318544517e+01
  1.788421508773e+01
  1.779569369127e+01
  1.770761156371e+01
  1.761996553535e+01
  1.753274634867e+01
  1.744595722216e+01
  1.735960420102e+01
  1.727367512639e+01
  1.718817597873e+01
  1.710309781569e+01
  1.701843487921e+01
  1.693419902691e+01
  1.685035579886e+01
  1.676695032964e+01
  1.668395461367e+01
  1.660137123449e+01
  1.651919431264e+01
  1.643742486042e+01
  1.635606499246e+01
  1.627510129216e+01
  1.619456539536e+01
  1.611440962071e+01
  1.603464755769e+01
  1.595527417543e+01
  1.587629692098e+01
  1.579771338607e+01
  1.571951604640e+01
  1.564170974524e+01
  1.556428469816e+01
  1.548724099138e+01
  1.541057152878e+01
  1.533429530479e+01
  1.525839093249e+01
  1.518286316308e+01
  1.510770966064e+01
  1.503293038566e+01
  1.495852076983e+01
  1.488447415385e+01
  1.481080163612e+01
  1.473748976128e+01
  1.466454128582e+01
  1.459193649589e+01
  1.451970978004e+01
  1.444783759937e+01
  1.437632208252e+01
  1.430516113047e+01
  1.423434659581e+01
  1.416388464366e+01
  1.409377320187e+01
  1.402401219416e+01
  1.395459760034e+01
  1.388552357797e+01
  1.381682073573e+01
  1.374843147582e+01
  1.368037714064e+01
  1.361266151763e+01
  1.354527902327e+01
  1.347823332709e+01
  1.341151891219e+01
  1.334513220956e+01
  1.327907679609e+01
  1.321334209290e+01
  1.314793863331e+01
  1.308286450888e+01
  1.301810088820e+01
  1.295366050469e+01
  1.288952007036e+01
  1.282571157020e+01
  1.276222922270e+01
  1.269905391962e+01
  1.263619978264e+01
  1.257366413262e+01
  1.251142412042e+01
  1.244949439794e+01
  1.238786762582e+01
  1.232654954871e+01
  1.226553323351e+01
  1.220481882862e+01
  1.214440720295e+01
  1.208428693463e+01
  1.202446979603e+01
  1.196496991827e+01
  1.190574412865e+01
  1.184681265652e+01
  1.178817405663e+01
  1.172982689708e+01
  1.167176567203e+01
  1.161398639863e+01
  1.155649723031e+01
  1.149929538068e+01
  1.144238470310e+01
  1.138574803126e+01
  1.132939201612e+01
  1.127330900240e+01
  1.121751296071e+01
  1.116198368581e+01
  1.110673259031e+01
  1.105175947879e+01
  1.099705092085e+01
  1.094262148881e+01
  1.088845550416e+01
  1.083455194956e+01
  1.078092957056e+01
  1.072755800230e+01
  1.067445930661e+01
  1.062160500312e+01
  1.056902913004e+01
  1.051671347656e+01
  1.046465692930e+01
  1.041285729637e+01
  1.036133068498e+01
  1.031004363210e+01
  1.025901025788e+01
  1.020822846505e+01
  1.015769929736e+01
  1.010742065599e+01
  1.005738441828e+01
  1.000760277583e+01
  9.958066581625e+00
  9.908769955024e+00
  9.859725682712e+00
  9.810923875079e+00
  9.762364522786e+00
  9.714047581348e+00
  9.665963628912e+00
  9.618112830082e+00
  9.570504470861e+00
  9.523138369296e+00
  9.475996353637e+00
  9.429087603767e+00
  9.382420908537e+00
  9.335978527249e+00
  9.289769270001e+00
  9.243784479316e+00
  9.198032724761e+00
  9.152497075777e+00
  9.107194410368e+00
  9.062116276014e+00
  9.017270778722e+00
  8.972625417115e+00
  8.928212705740e+00
  8.884016499395e+00
  8.840044695266e+00
  8.796289373291e+00
  8.752750551861e+00
  8.709420631921e+00
  8.666314814285e+00
  8.623417926189e+00
  8.580729652404e+00
  8.538258230116e+00
  8.495995839786e+00
  8.453935772068e+00
  8.412097789278e+00
  8.370449300607e+00
  8.329016126641e+00
  8.287785048007e+00
  8.246762939377e+00
  8.205942907973e+00
  8.165331634944e+00
  8.124915704000e+00
  8.084701803859e+00
  8.044683389418e+00
  8.004860551327e+00
  7.965239693975e+00
  7.925808095579e+00
  7.886578384308e+00
  7.847538031131e+00
  7.808693262035e+00
  7.770043993989e+00
  7.731584139738e+00
  7.693313741028e+00
  7.655232810940e+00
  7.617341334589e+00
  7.579633524719e+00
  7.542115171116e+00
  7.504786177385e+00
  7.467629692192e+00
  7.430668150819e+00
  7.393890280583e+00
  7.357290633580e+00
  7.320874668822e+00
  7.284631685380e+00
  7.248577647851e+00
  7.212701856477e+00
  7.176999153114e+00
  7.141469657324e+00
  7.106123559855e+00
  7.070950625673e+00
  7.035950894692e+00
  7.001124380576e+00
  6.966461365050e+00
  6.931976514464e+00
  6.897664864537e+00
  6.863521618034e+00
  6.829546804933e+00
  6.795740429899e+00
  6.762102472901e+00
  6.728637417280e+00
  6.695331613079e+00
  6.662194113685e+00
  6.629211621008e+00
  6.596401794749e+00
  6.563751420232e+00
  6.531260572478e+00
  6.498929301398e+00
  6.466761814289e+00
  6.434753848144e+00
  6.402901282629e+00
  6.371208255047e+00
  6.339674698612e+00
  6.308292565993e+00
  6.277065923629e+00
  6.245994755863e+00
  6.215079024730e+00
  6.184318670520e+00
  6.153702251886e+00
  6.123241252031e+00
  6.092931833497e+00
  6.062773961598e+00
  6.032763940963e+00
  6.002901802731e+00
  5.973191123599e+00
  5.943624719535e+00
  5.914202661983e+00
  5.884928462810e+00
  5.855798616743e+00
  5.826809734268e+00
  5.797968623713e+00
  5.769271819819e+00
  5.740712675034e+00
  5.712297834639e+00
  5.684023970666e+00
  5.655884665200e+00
  5.627892736867e+00
  5.600035392224e+00
  5.572315843320e+00
  5.544734082870e+00
  5.517287039617e+00
  5.489977771080e+00
  5.462800242330e+00
  5.435763409485e+00
  5.408855378025e+00
  5.382082079981e+00
  5.355440592098e+00
  5.328925246370e+00
  5.302550261548e+00
  5.276301439322e+00
  5.250184412727e+00
  5.224196387991e+00
  5.198337363778e+00
  5.172604644378e+00
  5.147003568932e+00
  5.121534001864e+00
  5.096182806193e+00
  5.070957914092e+00
  5.045856746109e+00
  5.020881847604e+00
  4.996030653646e+00
  4.971300681168e+00
  4.946689526968e+00
  4.922204556977e+00
  4.897840835846e+00
  4.873595977919e+00
  4.849472377405e+00
  4.825467660198e+00
  4.801581833119e+00
  4.777814885473e+00
  4.754166789483e+00
  4.730633024928e+00
  4.707218095300e+00
  4.683917534948e+00
  4.660733552854e+00
  4.637663953015e+00
  4.614702349391e+00
  4.591859459713e+00
  4.569130951293e+00
  4.546514710021e+00
  4.524008687906e+00
  4.501610901461e+00
  4.479329462297e+00
  4.457158240706e+00
  4.435095263629e+00
  4.413142514935e+00
  4.391298028175e+00
  4.369571353789e+00
  4.347943292384e+00
  4.326421586421e+00
  4.305006248717e+00
  4.283695441248e+00
  4.262492833684e+00
  4.241394740246e+00
  4.220399384835e+00
  4.199510337095e+00
  4.178722280446e+00
  4.158037007361e+00
  4.137456225713e+00
  4.116976476008e+00
  4.096597775547e+00
  4.076313479920e+00
  4.056135289959e+00
  4.036058143454e+00
  4.016080385865e+00
  3.996202009610e+00
  3.976421411598e+00
  3.956737037235e+00
  3.937150479466e+00
  3.917661720096e+00
  3.898270727105e+00
  3.878974445704e+00
  3.859774396187e+00
  3.840669075278e+00
  3.821658485133e+00
  3.802741167944e+00
  3.783924300324e+00
  3.765193497059e+00
  3.746557382086e+00
  3.728011720869e+00
  3.709557935690e+00
  3.691196017642e+00
  3.672925944631e+00
  3.654745010268e+00
  3.636654568729e+00
  3.618657217629e+00
  3.600745066169e+00
  3.582922073595e+00
  3.565185676653e+00
  3.547539692535e+00
  3.529979053104e+00
  3.512506278605e+00
  3.495120113298e+00
  3.477819337719e+00
  3.460605162946e+00
  3.443475182702e+00
  3.426429420694e+00
  3.409469050204e+00
  3.392592884104e+00
  3.375799769163e+00
  3.359082943484e+00
  3.342457127138e+00
  3.325912114768e+00
  3.309449039614e+00
  3.293066810069e+00
  3.276771881627e+00
  3.260552370177e+00
  3.244412634781e+00
  3.228353726844e+00
  3.212373548931e+00
  3.196473139397e+00
  3.180648426072e+00
  3.164905502252e+00
  3.149239301247e+00
  3.133650834836e+00
  3.118140091798e+00
  3.102705124490e+00
  3.087349769560e+00
  3.072068263814e+00
  3.056861599674e+00
  3.041730720446e+00
  3.026674689372e+00
  3.011691688303e+00
  2.996784450285e+00
  2.981952033512e+00
  2.967191760702e+00
  2.952504535785e+00
  2.937891216939e+00
  2.923347490131e+00
  2.908878508071e+00
  2.894479157290e+00
  2.880151979860e+00
  2.865895301393e+00
  2.851711568766e+00
  2.837594264881e+00
  2.823548279711e+00
  2.809572776364e+00
  2.795666158321e+00
  2.781826881350e+00
  2.768058049499e+00
  2.754355807132e+00
  2.740722448956e+00
  2.727155707501e+00
  2.713655603455e+00
  2.700223605517e+00
  2.686857505199e+00
  2.673558029844e+00
  2.660323037706e+00
  2.647155366843e+00
  2.634051489912e+00
  2.621013503986e+00
  2.608040693781e+00
  2.595131015189e+00
  2.582288496370e+00
  2.569505720957e+00
  2.556787529422e+00
  2.544130487435e+00
  2.531538540016e+00
  2.519007803130e+00
  2.506538933443e+00
  2.494130686961e+00
  2.481784939437e+00
  2.469500434879e+00
  2.457277768713e+00
  2.445115112352e+00
  2.433011291849e+00
  2.420967515458e+00
  2.408985469746e+00
  2.397061777556e+00
  2.385195757786e+00
  2.373388617466e+00
  2.361639232685e+00
  2.349950380798e+00
  2.338317613214e+00
  2.326744767733e+00
  2.315225874594e+00
  2.303767927634e+00
  2.292364500627e+00
  2.281016694761e+00
  2.269726591005e+00
  2.258491589603e+00
  2.247312214591e+00
  2.236188461491e+00
  2.225119822702e+00
  2.214106292601e+00
  2.203143974577e+00
  2.192238248945e+00
  2.181386663874e+00
  2.170589210782e+00
  2.159844940412e+00
  2.149154318521e+00
  2.138516412793e+00
  2.127933036501e+00
  2.117400095241e+00
  2.106919418339e+00
  2.096490119137e+00
  2.086112643824e+00
  2.075786551851e+00
  2.065511838997e+00
  2.055287648811e+00
  2.045114405745e+00
  2.034991681971e+00
  2.024918648893e+00
  2.014895721087e+00
  2.004922083716e+00
  1.994998140662e+00
  1.985123090535e+00
  1.975296936512e+00
  1.965519288230e+00
  1.955791676112e+00
  1.946109094396e+00
  1.936476221331e+00
  1.926890684408e+00
  1.917352887265e+00
  1.907862089807e+00
  1.898418655229e+00
  1.889021855038e+00
  1.879671689024e+00
  1.870367450519e+00
  1.861109146607e+00
  1.851896777496e+00
  8.043829216636e-01
