599
  1.377937000000e+01
  1.296303000000e+01
  1.219505000000e+01
  1.147257000000e+01
  1.079289500000e+01
  1.015348200000e+01
  9.551950500000e+00
  8.986057500000e+00
  8.453689500000e+00
  7.952861500000e+00
  7.481704500000e+00
  7.038460000000e+00
  6.621475500000e+00
  6.229195000000e+00
  5.860154000000e+00
  5.512976500000e+00
  5.186367500000e+00
  4.879107500000e+00
  4.590051000000e+00
  4.318119500000e+00
  4.062298000000e+00
  3.821632000000e+00
  3.595224000000e+00
  3.382229500000e+00
  3.181853500000e+00
  2.993349000000e+00
  2.816012000000e+00
  2.649181000000e+00
  2.492233500000e+00
  2.344584000000e+00
  2.205682000000e+00
  2.075009000000e+00
  1.952078000000e+00
  1.836430000000e+00
  1.727633000000e+00
  1.625281500000e+00
  1.528993500000e+00
  1.438410000000e+00
  1.353193500000e+00
  1.273025500000e+00
  1.197606500000e+00
  1.126655500000e+00
  1.059908500000e+00
  9.971157500000e-01
  9.380427000000e-01
  8.824695500000e-01
  8.301887500000e-01
  7.810052500000e-01
  7.347356000000e-01
  6.912071500000e-01
  6.502574500000e-01
  6.117337500000e-01
  5.754923500000e-01
  5.413980500000e-01
  5.093236000000e-01
  4.791493500000e-01
  4.507628000000e-01
  4.240579500000e-01
  3.989351500000e-01
  3.753007500000e-01
  3.530665500000e-01
  3.321495500000e-01
  3.124717500000e-01
  2.939597500000e-01
  2.765445000000e-01
  2.601610000000e-01
  2.447481000000e-01
  2.302483000000e-01
  2.166075000000e-01
  2.037748500000e-01
  1.917024500000e-01
  1.803453000000e-01
  1.696610000000e-01
  1.596096500000e-01
  1.501537500000e-01
  1.412580500000e-01
  1.328894000000e-01
  1.250165500000e-01
  1.176101000000e-01
  1.106424500000e-01
  1.040876000000e-01
  9.792105000000e-02
  9.211984000000e-02
  8.666231500000e-02
  8.152811500000e-02
  7.669808500000e-02
  7.215420500000e-02
  6.787952000000e-02
  6.385808500000e-02
  6.007489500000e-02
  5.651583000000e-02
  5.316762000000e-02
  5.001777500000e-02
  4.705453500000e-02
  4.426684500000e-02
  4.164431500000e-02
  3.917715000000e-02
  3.685614500000e-02
  3.467265000000e-02
  3.261851500000e-02
  3.136610500000e-02
  3.067332500000e-02
  2.981338500000e-02
  2.903216000000e-02
  2.841855500000e-02
  2.776754500000e-02
  2.698907000000e-02
  2.630349000000e-02
  2.574801000000e-02
  2.509553000000e-02
  2.450191000000e-02
  2.394240500000e-02
  2.319673500000e-02
  2.262202000000e-02
  2.223769000000e-02
  2.171340500000e-02
  2.095317000000e-02
  2.023362500000e-02
  1.983450500000e-02
  1.955750000000e-02
  1.924607500000e-02
  1.890348000000e-02
  1.837149000000e-02
  1.781044000000e-02
  1.732579000000e-02
  1.678807000000e-02
  1.637721500000e-02
  1.609553000000e-02
  1.567388000000e-02
  1.526678500000e-02
  1.499475500000e-02
  1.465883500000e-02
  1.425301500000e-02
  1.379761500000e-02
  1.343147000000e-02
  1.321312000000e-02
  1.299571500000e-02
  1.257277000000e-02
  1.219017500000e-02
  1.200218000000e-02
  1.179452000000e-02
  1.154234500000e-02
  1.127703000000e-02
  1.097522000000e-02
  1.065620500000e-02
  1.041240500000e-02
  1.016939000000e-02
  9.910849500000e-03
  9.722374500000e-03
  9.585889500000e-03
  9.414474500000e-03
  9.095449000000e-03
  8.822109000000e-03
  8.727143000000e-03
  8.614745000000e-03
  8.296665500000e-03
  7.957817500000e-03
  7.791612000000e-03
  7.616099500000e-03
  7.407765000000e-03
  7.224629000000e-03
  7.116038000000e-03
  6.991020000000e-03
  6.759987000000e-03
  6.509513500000e-03
  6.260993500000e-03
  6.086202500000e-03
  6.026759500000e-03
  5.956767500000e-03
  5.876760500000e-03
  5.707124000000e-03
  5.507878000000e-03
  5.382783000000e-03
  5.288335000000e-03
  5.156400500000e-03
  4.997628500000e-03
  4.890483000000e-03
  4.781903500000e-03
  4.652434000000e-03
  4.531399500000e-03
  4.437278500000e-03
  4.369395000000e-03
  4.302927000000e-03
  4.162602000000e-03
  3.970468000000e-03
  3.868533000000e-03
  3.824819000000e-03
  3.737955500000e-03
  3.636493500000e-03
  3.556921500000e-03
  3.471479500000e-03
  3.379854000000e-03
  3.298467500000e-03
  3.240888500000e-03
  3.137664000000e-03
  3.040005000000e-03
  2.984655500000e-03
  2.913452000000e-03
  2.849927500000e-03
  2.780364500000e-03
  2.700647000000e-03
  2.618993500000e-03
  2.553719500000e-03
  2.507730000000e-03
  2.467376500000e-03
  2.407707000000e-03
  2.323040500000e-03
  2.266966000000e-03
  2.229943000000e-03
  2.168115000000e-03
  2.090922500000e-03
  2.047796500000e-03
  1.997354500000e-03
  1.917944500000e-03
  1.873073500000e-03
  1.857314000000e-03
  1.816751000000e-03
  1.760918000000e-03
  1.716591500000e-03
  1.686127000000e-03
  1.662915500000e-03
  1.607395000000e-03
  1.549409000000e-03
  1.526677000000e-03
  1.484209000000e-03
  1.428398500000e-03
  1.409322000000e-03
  1.394175000000e-03
  1.374300000000e-03
  1.357091000000e-03
  1.324230500000e-03
  1.277097000000e-03
  1.227130000000e-03
  1.188858500000e-03
  1.163381500000e-03
  1.143309000000e-03
  1.120520500000e-03
  1.091684500000e-03
  1.070853500000e-03
  1.046784000000e-03
  1.010874850000e-03
  9.875850000000e-04
  9.644751000000e-04
  9.397919000000e-04
  9.252896000000e-04
  9.120549500000e-04
  8.997118500000e-04
  8.694456000000e-04
  8.334352000000e-04
  8.054802000000e-04
  7.805653500000e-04
  7.690747500000e-04
  7.658673000000e-04
  7.544187500000e-04
  7.340005000000e-04
  7.096808000000e-04
  6.827909000000e-04
  6.618004500000e-04
  6.475595500000e-04
  6.361161500000e-04
  6.215570500000e-04
  6.014516000000e-04
  5.825896500000e-04
  5.732849000000e-04
  5.619680000000e-04
  5.421925000000e-04
  5.272492000000e-04
  5.203562000000e-04
  5.123215500000e-04
  5.010948000000e-04
  4.944155000000e-04
  4.814599500000e-04
  4.615710500000e-04
  4.489096000000e-04
  4.414798000000e-04
  4.322133000000e-04
  4.217633500000e-04
  4.141867000000e-04
  4.023445000000e-04
  3.900374000000e-04
  3.850854000000e-04
  3.758009000000e-04
  3.632013000000e-04
  3.544557000000e-04
  3.495435000000e-04
  3.426192000000e-04
  3.314284000000e-04
  3.220034000000e-04
  3.154492500000e-04
  3.091036000000e-04
  2.982830500000e-04
  2.898036000000e-04
  2.819584500000e-04
  2.726966000000e-04
  2.672814500000e-04
  2.631002500000e-04
  2.565044500000e-04
  2.507518000000e-04
  2.451326000000e-04
  2.386954000000e-04
  2.346722000000e-04
  2.296853000000e-04
  2.242864000000e-04
  2.182198500000e-04
  2.140147000000e-04
  2.112747000000e-04
  2.072087500000e-04
  1.999257500000e-04
  1.909085000000e-04
  1.838168500000e-04
  1.792244500000e-04
  1.772274500000e-04
  1.745866500000e-04
  1.685273500000e-04
  1.630230000000e-04
  1.608409500000e-04
  1.583045000000e-04
  1.542337000000e-04
  1.506567000000e-04
  1.472544500000e-04
  1.427691500000e-04
  1.387532000000e-04
  1.357991000000e-04
  1.330386500000e-04
  1.301310000000e-04
  1.275173500000e-04
  1.238676500000e-04
  1.203366500000e-04
  1.182135500000e-04
  1.150713000000e-04
  1.125718500000e-04
  1.101422500000e-04
  1.080950500000e-04
  1.068227000000e-04
  1.046748000000e-04
  1.008947700000e-04
  9.586719500000e-05
  9.216632000000e-05
  9.048286500000e-05
  8.960234000000e-05
  8.759478500000e-05
  8.501948500000e-05
  8.331722000000e-05
  8.173821500000e-05
  7.989602000000e-05
  7.736557000000e-05
  7.477784000000e-05
  7.354127000000e-05
  7.259797000000e-05
  7.141637000000e-05
  7.003008000000e-05
  6.779583500000e-05
  6.583689000000e-05
  6.426087500000e-05
  6.230081000000e-05
  6.077942000000e-05
  5.945478000000e-05
  5.769395000000e-05
  5.600387500000e-05
  5.495605000000e-05
  5.384255500000e-05
  5.237001000000e-05
  5.148877500000e-05
  5.041450000000e-05
  4.876424500000e-05
  4.761642500000e-05
  4.696319500000e-05
  4.580162000000e-05
  4.435058500000e-05
  4.324241000000e-05
  4.185813500000e-05
  4.087221000000e-05
  4.037988000000e-05
  3.988198500000e-05
  3.963723000000e-05
  3.823624000000e-05
  3.640108500000e-05
  3.553161500000e-05
  3.478367000000e-05
  3.393128000000e-05
  3.327710000000e-05
  3.231164500000e-05
  3.117613000000e-05
  3.058024000000e-05
  2.962027500000e-05
  2.842187000000e-05
  2.784904000000e-05
  2.763166000000e-05
  2.704428000000e-05
  2.638079500000e-05
  2.587443500000e-05
  2.525411500000e-05
  2.464798500000e-05
  2.417218000000e-05
  2.343879000000e-05
  2.275047500000e-05
  2.201867500000e-05
  2.132619000000e-05
  2.112819000000e-05
  2.076508000000e-05
  2.006972500000e-05
  1.943517000000e-05
  1.917179500000e-05
  1.884916000000e-05
  1.850278000000e-05
  1.823794000000e-05
  1.783605500000e-05
  1.723294000000e-05
  1.675037000000e-05
  1.630993500000e-05
  1.578059000000e-05
  1.543398000000e-05
  1.527671000000e-05
  1.495294500000e-05
  1.450246500000e-05
  1.411256000000e-05
  1.376279500000e-05
  1.346960500000e-05
  1.314515500000e-05
  1.279120500000e-05
  1.244368500000e-05
  1.224603000000e-05
  1.207716000000e-05
  1.168800500000e-05
  1.138392500000e-05
  1.129207000000e-05
  1.084357000000e-05
  1.040332000000e-05
  1.016541450000e-05
  9.820389500000e-06
  9.542767000000e-06
  9.405289000000e-06
  9.141184500000e-06
  8.827938500000e-06
  8.706259500000e-06
  8.581985500000e-06
  8.473122500000e-06
  8.395520500000e-06
  8.297225000000e-06
  7.978094000000e-06
  7.481571000000e-06
  7.215065500000e-06
  7.170725000000e-06
  7.077483000000e-06
  6.812603500000e-06
  6.556354500000e-06
  6.463652500000e-06
  6.393690500000e-06
  6.318825000000e-06
  6.263843500000e-06
  6.183102000000e-06
  5.942284000000e-06
  5.573299000000e-06
  5.360508500000e-06
  5.299549500000e-06
  5.244115500000e-06
  5.090006000000e-06
  4.917249500000e-06
  4.830227000000e-06
  4.759764000000e-06
  4.709132500000e-06
  4.669983500000e-06
  4.601647500000e-06
  4.420251000000e-06
  4.146080000000e-06
  3.971900000000e-06
  3.924984000000e-06
  3.899179000000e-06
  3.811581000000e-06
  3.715703500000e-06
  3.686361000000e-06
  3.600896500000e-06
  3.513391000000e-06
  3.482097500000e-06
  3.420981000000e-06
  3.287838000000e-06
  3.143197000000e-06
  3.066892000000e-06
  3.025954500000e-06
  2.953152500000e-06
  2.852675500000e-06
  2.786406000000e-06
  2.753109000000e-06
  2.684172000000e-06
  2.590713000000e-06
  2.529491000000e-06
  2.486526500000e-06
  2.425146500000e-06
  2.354690000000e-06
  2.286820500000e-06
  2.230903000000e-06
  2.187599500000e-06
  2.138769000000e-06
  2.087313000000e-06
  2.033549000000e-06
  1.984196500000e-06
  1.957217500000e-06
  1.949136500000e-06
  1.936209000000e-06
  1.852879000000e-06
  1.676077000000e-06
  1.483418500000e-06
  1.312905000000e-06
  1.161991500000e-06
  1.028425100000e-06
  9.102116500000e-07
  8.055863500000e-07
  7.129873000000e-07
  6.310321500000e-07
  5.584974500000e-07
  4.943003000000e-07
  4.374823500000e-07
  3.871954500000e-07
  3.426888500000e-07
  3.032981000000e-07
  2.684351500000e-07
  2.375795500000e-07
  2.102707000000e-07
  1.861009000000e-07
  1.647093000000e-07
  1.457766000000e-07
  1.290201500000e-07
  1.141897500000e-07
  1.010640750000e-07
  8.944717000000e-08
  7.916556000000e-08
  7.006578500000e-08
  6.201199500000e-08
  5.488395500000e-08
  4.857525500000e-08
  4.299171500000e-08
  3.804998000000e-08
  3.367628000000e-08
  2.980532500000e-08
  2.637932000000e-08
  2.334711500000e-08
  2.066345500000e-08
  1.828827000000e-08
  1.618610000000e-08
  1.432557000000e-08
  1.267890000000e-08
  1.122151000000e-08
  9.931642500000e-09
  8.790039000000e-09
  7.779658000000e-09
  6.885416500000e-09
  6.093964500000e-09
  5.393486500000e-09
  4.773526000000e-09
  4.224828000000e-09
  3.739200000000e-09
  3.309393000000e-09
  2.928991000000e-09
  2.592315000000e-09
  2.294338500000e-09
  2.030613000000e-09
  1.797202000000e-09
  1.590620500000e-09
  1.407784500000e-09
  1.245965000000e-09
  1.102746500000e-09
  9.759902000000e-10
  8.638036500000e-10
  7.645127500000e-10
  6.766349500000e-10
  5.988583500000e-10
  5.300219000000e-10
  4.690979000000e-10
  4.151769000000e-10
  3.674539500000e-10
  3.252165500000e-10
  2.878341500000e-10
  2.547487000000e-10
  2.254663000000e-10
  1.995498500000e-10
  1.766123500000e-10
  1.563114000000e-10
  1.383440000000e-10
  1.224419000000e-10
  1.083677000000e-10
  9.591125500000e-11
  8.488662000000e-11
  7.512923000000e-11
  6.649341500000e-11
  5.885025000000e-11
  5.208564000000e-11
  4.609859500000e-11
  4.079974000000e-11
  3.610997000000e-11
  3.195927000000e-11
  2.828567500000e-11
  2.503434500000e-11
  2.215674500000e-11
  1.960991000000e-11
  1.735582500000e-11
  1.536084000000e-11
  1.359517000000e-11
  1.203246000000e-11
  5.649375000000e-12
