599
  5.141612872542e+03
  4.986981484834e+03
  4.837007362893e+03
  4.691536187226e+03
  4.550441415570e+03
  4.413590504425e+03
  4.280856736420e+03
  4.152113508818e+03
  4.027241874939e+03
  3.906126407719e+03
  3.788652304391e+03
  3.674712940612e+03
  3.564198340509e+03
  3.457010177092e+03
  3.353044765830e+03
  3.252202798260e+03
  3.154397008622e+03
  3.059529884876e+03
  2.967518433483e+03
  2.878271839535e+03
  2.791710740800e+03
  2.707755227592e+03
  2.626321466475e+03
  2.547335219890e+03
  2.470726828536e+03
  2.396422428884e+03
  2.324351110900e+03
  2.254448308318e+03
  2.186648368793e+03
  2.120887175589e+03
  2.057103125665e+03
  1.995236970304e+03
  1.935232415607e+03
  1.877032591668e+03
  1.820583001653e+03
  1.765829781072e+03
  1.712723808043e+03
  1.661215388370e+03
  1.611254808186e+03
  1.562799129521e+03
  1.515799404564e+03
  1.470212250132e+03
  1.425997706425e+03
  1.383111708124e+03
  1.341516044599e+03
  1.301171666050e+03
  1.262039382444e+03
  1.224084748773e+03
  1.187270982848e+03
  1.151565743637e+03
  1.116933436910e+03
  1.083342279935e+03
  1.050761996839e+03
  1.019161458412e+03
  9.885105419707e+02
  9.587828826574e+02
  9.299479508132e+02
  9.019808401230e+02
  8.748538993988e+02
  8.485441951516e+02
  8.230242685166e+02
  7.982731754668e+02
  7.742652803189e+02
  7.509802169281e+02
  7.283952505716e+02
  7.064891024056e+02
  6.852422125649e+02
  6.646346569754e+02
  6.446459894317e+02
  6.252583098393e+02
  6.064546177880e+02
  5.882162635915e+02
  5.705261620477e+02
  5.533679077602e+02
  5.367260142511e+02
  5.205841578953e+02
  5.049283531913e+02
  4.897428262471e+02
  4.750142504275e+02
  4.607288546189e+02
  4.468728508209e+02
  4.334338755447e+02
  4.203989333638e+02
  4.077558423257e+02
  3.954932750324e+02
  3.835988476691e+02
  3.720624276106e+02
  3.608729950799e+02
  3.500198286233e+02
  3.394934418354e+02
  3.292835842913e+02
  3.193806570299e+02
  3.097756202250e+02
  3.004593723344e+02
  2.914231825976e+02
  2.826587446842e+02
  2.741579786003e+02
  2.659131043839e+02
  2.579158900174e+02
  2.501593515069e+02
  2.453364605554e+02
  2.426078598154e+02
  2.391830082477e+02
  2.360300315171e+02
  2.335244419525e+02
  2.308305073908e+02
  2.275719326433e+02
  2.246648281595e+02
  2.222808549722e+02
  2.194420378968e+02
  2.168368619196e+02
  2.143419637411e+02
  2.109765619808e+02
  2.083518679683e+02
  2.065743953929e+02
  2.041202488716e+02
  2.005107409594e+02
  1.970429760583e+02
  1.950946570012e+02
  1.937259525554e+02
  1.921781199061e+02
  1.904585231808e+02
  1.877543602195e+02
  1.848687515055e+02
  1.823351517010e+02
  1.794816569747e+02
  1.772770214057e+02
  1.757451021158e+02
  1.734233863171e+02
  1.711608953495e+02
  1.696295578826e+02
  1.677160942209e+02
  1.653781230211e+02
  1.627118202815e+02
  1.605438454875e+02
  1.592336910465e+02
  1.579181087222e+02
  1.553165234260e+02
  1.529460311576e+02
  1.517607970598e+02
  1.504431755064e+02
  1.488236089011e+02
  1.471052914950e+02
  1.451188828400e+02
  1.429980572284e+02
  1.413524260882e+02
  1.396931723286e+02
  1.379050702868e+02
  1.365905256441e+02
  1.356272420878e+02
  1.344091260571e+02
  1.321025776515e+02
  1.301128833353e+02
  1.294103701188e+02
  1.285743343514e+02
  1.261633841057e+02
  1.235742314115e+02
  1.222761759055e+02
  1.208912976883e+02
  1.192242554594e+02
  1.177444126744e+02
  1.168562718105e+02
  1.158241368004e+02
  1.138886269450e+02
  1.117629748711e+02
  1.096036949598e+02
  1.080706864423e+02
  1.075412899406e+02
  1.069151660232e+02
  1.061943256336e+02
  1.046450252383e+02
  1.028058280624e+02
  1.016329363890e+02
  1.007374992319e+02
  9.947022159976e+01
  9.792784676251e+01
  9.687434912547e+01
  9.579067056343e+01
  9.448598678330e+01
  9.324826604849e+01
  9.227671572404e+01
  9.156771249203e+01
  9.086886078618e+01
  8.936726191221e+01
  8.728387421695e+01
  8.616039964640e+01
  8.567211055815e+01
  8.469078547316e+01
  8.353548921724e+01
  8.261608799605e+01
  8.161786190584e+01
  8.053280503813e+01
  7.955854554249e+01
  7.886136802392e+01
  7.758987234914e+01
  7.637826488441e+01
  7.567897282444e+01
  7.477065969405e+01
  7.395158833221e+01
  7.304223082660e+01
  7.198776208045e+01
  7.089036167554e+01
  7.000320614684e+01
  6.936991995405e+01
  6.881000662640e+01
  6.797024534540e+01
  6.676472178807e+01
  6.595623012656e+01
  6.451016680287e+01
  6.422721555708e+01
  6.404355555856e+01
  6.334562504855e+01
  6.132540207504e+01
  6.088968030934e+01
  6.095500922278e+01
  6.076111825336e+01
  5.833802096274e+01
  5.812792067475e+01
  5.808684189647e+01
  5.791567474539e+01
  5.545464320922e+01
  5.542499739240e+01
  5.526576616891e+01
  5.528484950173e+01
  5.308594900999e+01
  5.262927322345e+01
  5.233641163188e+01
  5.222881085457e+01
  5.037337089986e+01
  5.029513594294e+01
  5.019215005040e+01
  5.017264026662e+01
  4.797870378050e+01
  4.793321798208e+01
  4.794594483006e+01
  4.728257691387e+01
  4.561247983053e+01
  4.566506355834e+01
  4.549851288394e+01
  4.538849646687e+01
  4.345004117070e+01
  4.342365655543e+01
  4.330780922390e+01
  4.336104354028e+01
  4.140113434537e+01
  4.135350180648e+01
  4.136398765421e+01
  4.125313553811e+01
  3.963636124079e+01
  3.928912072820e+01
  3.917675145670e+01
  3.880499883314e+01
  3.770111573315e+01
  3.749442218578e+01
  3.742955157808e+01
  3.741735475748e+01
  3.564948490165e+01
  3.566308140634e+01
  3.563654969370e+01
  3.568701512010e+01
  3.427812462351e+01
  3.388654715600e+01
  3.382461648977e+01
  3.366165034255e+01
  3.247142114730e+01
  3.231932707105e+01
  3.222420142197e+01
  3.199794330962e+01
  3.087809308007e+01
  3.082727995345e+01
  3.079831279165e+01
  3.076804907279e+01
  2.940961171471e+01
  2.939077405597e+01
  2.925311295254e+01
  2.919416917796e+01
  2.801709626132e+01
  2.797806895927e+01
  2.785340758413e+01
  2.783578698366e+01
  2.663963003780e+01
  2.671637280449e+01
  2.656284767009e+01
  2.642985550633e+01
  2.530277731330e+01
  2.535408705644e+01
  2.532981903810e+01
  2.525781829285e+01
  2.419993131674e+01
  2.409856094302e+01
  2.409133621092e+01
  2.394601039282e+01
  2.316817369219e+01
  2.286532607225e+01
  2.283578383891e+01
  2.276308092018e+01
  2.196097499133e+01
  2.186595884958e+01
  2.175186497452e+01
  2.197523649132e+01
  2.095531535666e+01
  2.088011811290e+01
  2.071906388384e+01
  2.080000207625e+01
  1.994960556711e+01
  1.980702804602e+01
  1.979238472974e+01
  1.983468963950e+01
  1.896837626399e+01
  1.887036910227e+01
  1.872392495802e+01
  1.880307334971e+01
  1.799663081340e+01
  1.797494262487e+01
  1.802469875160e+01
  1.768602579824e+01
  1.716835625167e+01
  1.704696955006e+01
  1.718643935400e+01
  1.707775241518e+01
  1.646128668670e+01
  1.631369096207e+01
  1.612392363352e+01
  1.622497767740e+01
  1.564417570993e+01
  1.555259377436e+01
  1.546805213782e+01
  1.547600910141e+01
  1.480329249431e+01
  1.480197690744e+01
  1.474408972409e+01
  1.471137719606e+01
  1.422946983342e+01
  1.412036079180e+01
  1.410598325607e+01
  1.400742445383e+01
  1.351691792841e+01
  1.331289076414e+01
  1.329042662568e+01
  1.329911078993e+01
  1.281396077482e+01
  1.276949921656e+01
  1.271124170006e+01
  1.273034440016e+01
  1.226429266830e+01
  1.212515344486e+01
  1.215315950090e+01
  1.196197002641e+01
  1.170106064389e+01
  1.163472903033e+01
  1.166855438102e+01
  1.142400342954e+01
  1.119097596796e+01
  1.098961769486e+01
  1.102890865967e+01
  1.089179035453e+01
  1.060450267820e+01
  1.053923017790e+01
  1.041682103029e+01
  1.035350109222e+01
  1.011154296342e+01
  9.992984478509e+00
  9.920733340609e+00
  9.928425789052e+00
  9.604667283506e+00
  9.544689722573e+00
  9.516001926175e+00
  9.418573884305e+00
  9.089581966494e+00
  9.084611787089e+00
  9.043948731694e+00
  8.963167655155e+00
  8.762839824420e+00
  8.695727788937e+00
  8.695827520360e+00
  8.570390867082e+00
  8.357619181739e+00
  8.148461011538e+00
  8.154625307066e+00
  8.152072821249e+00
  7.885736112773e+00
  7.854322328653e+00
  7.775218281006e+00
  7.764988766227e+00
  7.512907249351e+00
  7.425669542816e+00
  7.303374889536e+00
  7.303879959693e+00
  7.180659226350e+00
  7.113598814645e+00
  7.036708475521e+00
  7.013371629278e+00
  6.731803017091e+00
  6.744056000944e+00
  6.781377796161e+00
  6.707371468317e+00
  6.499634720529e+00
  6.397252763773e+00
  6.357675176203e+00
  6.317857759877e+00
  6.184648274993e+00
  6.085205040984e+00
  6.081001760745e+00
  6.081068618535e+00
  5.895660134401e+00
  5.886262111720e+00
  5.853285917443e+00
  5.767099160656e+00
  5.577826918894e+00
  5.544941483801e+00
  5.569489813138e+00
  5.509375326057e+00
  5.367038454217e+00
  5.354445555194e+00
  5.272217112353e+00
  5.219297568141e+00
  5.101324275522e+00
  5.048749984223e+00
  5.029097976392e+00
  4.988609434820e+00
  4.811640904555e+00
  4.804330673842e+00
  4.809735058617e+00
  4.778280025301e+00
  4.673939004161e+00
  4.556391834232e+00
  4.560814123564e+00
  4.562894822695e+00
  4.385511360368e+00
  4.325426264458e+00
  4.347781431858e+00
  4.248378924812e+00
  4.170644699716e+00
  4.112614232047e+00
  4.104853437308e+00
  4.103252607309e+00
  4.032349117561e+00
  4.013839719352e+00
  3.990258979779e+00
  3.912272760527e+00
  3.788607807866e+00
  3.720974538115e+00
  3.709529038193e+00
  3.685277317118e+00
  3.598287215286e+00
  3.589163609562e+00
  3.521890663609e+00
  3.502759473914e+00
  3.482206967060e+00
  3.467024093737e+00
  3.444583031502e+00
  3.376446047431e+00
  3.269911225180e+00
  3.207274611984e+00
  3.189003296154e+00
  3.172284888948e+00
  3.125087893097e+00
  3.054220421655e+00
  3.049868398179e+00
  3.048390150517e+00
  3.006122871064e+00
  2.993605060869e+00
  2.971579222005e+00
  2.912149195228e+00
  2.812784442827e+00
  2.793578391968e+00
  2.744449488133e+00
  2.735417557387e+00
  2.704373567020e+00
  2.670280446204e+00
  2.659718771976e+00
  2.628574763106e+00
  2.551235177623e+00
  2.532749554512e+00
  2.539921417534e+00
  2.536844495238e+00
  2.455874082424e+00
  2.425962652305e+00
  2.409717523273e+00
  2.380471752370e+00
  2.339633889410e+00
  2.312368093853e+00
  2.298515044356e+00
  2.269448950561e+00
  2.229633524056e+00
  2.203174554215e+00
  2.184383839928e+00
  2.157198972052e+00
  2.125660097172e+00
  2.094779119158e+00
  2.069063262644e+00
  2.048869218834e+00
  2.025874468714e+00
  1.984844220050e+00
  1.975212830037e+00
  1.975443655013e+00
  1.938013416092e+00
  1.934007786315e+00
  1.927580046617e+00
  1.885265032444e+00
  1.792588221333e+00
  1.686417994215e+00
  1.586541558346e+00
  1.492574961965e+00
  1.404173118257e+00
  1.321005010044e+00
  1.242765087696e+00
  1.169159763460e+00
  1.099914107707e+00
  1.034769389742e+00
  9.734842363698e-01
  9.158289121693e-01
  8.615861801577e-01
  8.105566903349e-01
  7.625508240124e-01
  7.173873899079e-01
  6.748972637640e-01
  6.349246661884e-01
  5.973201827322e-01
  5.619429740270e-01
  5.286608175634e-01
  4.973496238545e-01
  4.678931706313e-01
  4.401811433441e-01
  4.141105691784e-01
  3.895839282605e-01
  3.665102034608e-01
  3.448029744084e-01
  3.243811699326e-01
  3.051690758748e-01
  2.870948015744e-01
  2.700910612013e-01
  2.540942847335e-01
  2.390451580208e-01
  2.248871853435e-01
  2.115678084347e-01
  1.990372567889e-01
  1.872489459757e-01
  1.761586837423e-01
  1.657253741623e-01
  1.559100187154e-01
  1.466758916024e-01
  1.379886852038e-01
  1.298160623231e-01
  1.221274106424e-01
  1.148942071375e-01
  1.080893881946e-01
  1.016875351521e-01
  9.566485158555e-02
  8.999895601211e-02
  8.466862815655e-02
  7.965391964991e-02
  7.493622926889e-02
  7.049799785686e-02
  6.632258509519e-02
  6.239451427431e-02
  5.869908734659e-02
  5.522250250710e-02
  5.195183026298e-02
  4.887489980646e-02
  4.598020368311e-02
  4.325695452872e-02
  4.069495590091e-02
  3.828469263135e-02
  3.601722920176e-02
  3.388402784860e-02
  3.187717342553e-02
  2.998917990389e-02
  2.821301844595e-02
  2.654206053979e-02
  2.497003595685e-02
  2.349114606959e-02
  2.209983334516e-02
  2.079091985683e-02
  1.955953874696e-02
  1.840108890284e-02
  1.731123611747e-02
  1.628595266553e-02
  1.532138520644e-02
  1.441393654697e-02
  1.356025792153e-02
  1.275711974853e-02
  1.200155012021e-02
  1.129073797054e-02
  1.062202244794e-02
  9.992905037423e-03
  9.401058559194e-03
  8.844258793625e-03
  8.320450502472e-03
  7.827653848623e-03
  7.364041385913e-03
  6.927889674743e-03
  6.517574966777e-03
  6.131557470782e-03
  5.768403225230e-03
  5.426757496116e-03
  5.105348874015e-03
  4.802974770454e-03
  4.518505766291e-03
