211
 -1.799888929750e-02
 -1.308755986821e-02
 -8.024020916719e-03
 -3.060293120325e-03
  1.758074453858e-03
  5.914829742684e-03
  9.188792222860e-03
  1.121057029575e-02
  1.161303554222e-02
  1.126057506894e-02
  1.094755454064e-02
  1.063648014912e-02
  1.024363127567e-02
  9.873729302003e-03
  9.552623056717e-03
  9.283535758721e-03
  9.092737077787e-03
  8.849039462155e-03
  8.493859113333e-03
  8.146205905962e-03
  7.816975922320e-03
  7.492227297821e-03
  7.141196568621e-03
  6.781568779583e-03
  6.410038736442e-03
  6.022955873025e-03
  5.659285209288e-03
  5.481461117195e-03
  5.163921405290e-03
  4.745831074427e-03
  4.384736786215e-03
  4.088355640296e-03
  3.749814125832e-03
  3.409532965803e-03
  3.099119429632e-03
  2.821606900412e-03
  2.596474635399e-03
  2.424550540320e-03
  2.299620347468e-03
  2.194894644722e-03
  2.063539302418e-03
  1.934348365675e-03
  1.820257559095e-03
  1.702642463913e-03
  1.631694739571e-03
  1.580311588588e-03
  1.569376882501e-03
  1.534666831106e-03
  1.476484692163e-03
  1.369472959769e-03
  1.280540501303e-03
  1.183468014497e-03
  1.150659943510e-03
  1.040638567966e-03
  1.076906077044e-03
  1.061196884945e-03
  1.102773652474e-03
  1.039108979576e-03
  1.026940116406e-03
  8.555812114661e-04
  7.247675793073e-04
  6.165602190197e-04
  6.324528734931e-04
  5.586118756880e-04
  5.192344367745e-04
  5.006610600634e-04
 -8.219491197686e-05
 -8.321202145406e-05
  2.151389262414e-04
  2.134325250056e-04
  2.975286946270e-04
  2.200190595361e-04
 -5.436698290004e-04
 -1.659307969854e-04
  1.742851204121e-04
 -1.402274817380e-03
 -1.417269394182e-03
 -3.751137127969e-05
 -1.503572898903e-04
 -1.498041120168e-05
 -9.359961376257e-04
 -1.043478055612e-03
 -3.779543604853e-04
 -1.618770699550e-04
 -1.484764788836e-03
 -1.071437001925e-03
 -2.931181879841e-04
 -1.054479493012e-03
  2.337295249253e-04
 -9.891247196351e-04
 -5.074035679323e-04
  4.223778934972e-04
 -1.877140644014e-03
 -9.025498511168e-04
  7.904116574098e-05
 -7.608758392834e-04
 -1.903706878206e-04
 -6.992014110681e-04
 -7.867864474645e-04
 -2.113034421156e-03
 -4.137348986171e-04
 -1.563360733847e-04
  6.285943258808e-04
  4.645144863266e-04
  5.372452315287e-04
  3.675345371004e-04
  3.709362579516e-04
  3.722857404715e-04
  3.616952573035e-04
  3.244125008689e-04
  2.500696204547e-04
  4.800798012274e-04
  3.284001492891e-04
  3.973021066781e-04
  3.189238569592e-04
  5.207188840762e-04
  3.735176709218e-04
  4.168638910371e-04
  4.357044587444e-04
  4.057752547843e-04
  2.110352455675e-04
  3.180007018999e-04
  5.941432942500e-04
  5.721313711892e-04
  5.383864090205e-05
  4.310115184050e-04
  4.445973862713e-04
  9.806474614240e-04
  1.192703761829e-03
  3.356826031958e-04
  9.300297950528e-04
  2.701438404710e-04
  2.598922546829e-03
  1.590520257387e-04
  4.098701956656e-05
  6.856811254219e-04
  2.873249774099e-05
  9.045189080502e-04
  4.389450534353e-05
  8.647744905801e-04
  1.002085453724e-03
  3.358614183230e-05
  2.496691313164e-05
  1.190381757066e-03
  1.905038129113e-05
 -8.661951042205e-05
  1.624794909799e-05
  1.876131335098e-03
  3.576320330212e-05
  2.435908758418e-03
  9.145432968061e-05
  5.342399433255e-03
  5.203684771993e-05
  8.673071681342e-05
  2.052202047642e-04
  8.824462021999e-04
  5.543367645870e-04
  1.341115165979e-03
  3.638336200048e-03
  2.992557135891e-03
  1.268735691908e-03
  5.285270367883e-04
  3.603367879836e-04
  2.202152543507e-04
  1.564477285200e-04
  7.526451272500e-03
  1.155795191100e-04
  9.625359913000e-05
  2.989319194040e-04
  2.037288800500e-04
  5.894581614999e-05
  5.804114894001e-05
  5.649314725778e-05
  5.471810871452e-05
  5.750390936002e-05
  8.317607197210e-04
  5.074909524500e-05
  4.726739400296e-05
  4.648951377401e-05
  4.653758391993e-05
  4.698021113764e-05
  4.841160584096e-05
  4.959949134697e-05
  5.047724669599e-05
  3.904607276654e-04
  1.291366779431e-03
  2.525826696600e-03
  7.153258610004e-05
  5.995409019999e-05
  5.900704275297e-05
  3.262666104577e-04
  7.030099072397e-05
  7.506617820008e-05
  8.052873348696e-05
  9.361811330000e-05
  3.077001780700e-03
  7.543700770999e-04
  1.145220746000e-04
  1.185679797000e-04
  1.450570279999e-04
  7.627637398400e-04
  5.103540645710e-03
  3.009093519470e-03
  8.299468701430e-03
  2.153027933511e-02
  5.523431497430e-02
  1.411996409416e-01
  3.593502242361e-01
  9.079556190810e-01
  2.291480748751e+00
  5.835933914460e+00
