211
  2.201223679390e-01
  2.233830530040e-01
  2.265580931410e-01
  2.295299406410e-01
  2.320458451280e-01
  2.357494607400e-01
  2.401406976780e-01
  2.447848366910e-01
  2.488162672710e-01
  2.523289870250e-01
  2.558668590500e-01
  2.592778497290e-01
  2.623516587400e-01
  2.655112820060e-01
  2.689749330110e-01
  2.722701802650e-01
  2.753190152550e-01
  2.767459394250e-01
  2.761594897600e-01
  2.858270843620e-01
  2.877211898780e-01
  2.900852971550e-01
  2.949092806230e-01
  2.971075305410e-01
  3.006140792360e-01
  3.012175637860e-01
  3.011553731060e-01
  3.066689548730e-01
  3.074776945380e-01
  3.100009114710e-01
  3.094876087570e-01
  3.063506802700e-01
  3.134145223590e-01
  3.092481186210e-01
  3.119466919450e-01
  3.126903070680e-01
  3.125359711250e-01
  3.130280165320e-01
  3.139574674460e-01
  3.106497857790e-01
  3.177034993780e-01
  3.102027539690e-01
  3.191701590810e-01
  3.065626787730e-01
  3.147487091890e-01
  3.057972482750e-01
  3.186702495710e-01
  3.074953591580e-01
  3.059114571760e-01
  3.105185322820e-01
  2.961957553500e-01
  2.926522622610e-01
  2.810995855390e-01
  2.946809519130e-01
  2.793401956560e-01
  2.874915455930e-01
  3.050720595920e-01
  2.921717253340e-01
  2.803553096280e-01
  2.807095557600e-01
  2.890474039970e-01
  2.748811525570e-01
  2.946392809220e-01
  2.693522871260e-01
  3.356134311400e-01
  2.980678026310e-01
  2.841523778630e-01
  2.572035967850e-01
  2.700600605850e-01
  2.375910533100e-01
  2.605268337710e-01
  2.721464814900e-01
  2.657034716860e-01
  2.922650462110e-01
  2.442114741470e-01
  2.563182996080e-01
  2.680277621860e-01
  2.070393665870e-01
  2.533917676300e-01
  2.084327404880e-01
  2.484930762620e-01
  2.424971727080e-01
  2.232184045860e-01
  3.093595576850e-01
  2.045335337070e-01
  2.616849457480e-01
  2.446942185950e-01
  2.054759542890e-01
  2.115460347950e-01
  2.318272791140e-01
  2.575400322550e-01
  2.240751448960e-01
  2.391345408170e-01
  1.749049993740e-01
  1.704162453750e-01
  2.099497090740e-01
  1.573620034470e-01
  2.539485342540e-01
  2.472703414550e-01
  1.934955487880e-01
  1.719013043480e-01
  2.063082775960e-01
  2.889625247380e-01
  2.433340847990e-01
  1.766543127910e-01
  1.657247919660e-01
  2.191785445500e-01
  2.688878065970e-01
  2.802808450100e-01
  3.705811569420e-01
  3.080839685920e-01
  1.708079052940e-01
  1.994283778160e-01
  2.594488765800e-01
  1.477759478210e-01
  2.291279847840e-01
  2.630402146990e-01
  4.547815944900e-01
  2.414373649040e-01
  2.283784742810e-01
  3.660791211700e-01
  2.824954074970e-01
  3.348963049100e-01
  1.464304809970e-01
  1.865480410070e-01
  2.447516666350e-01
  2.553441592640e-01
  3.096202383890e-01
  3.550975373140e-01
  7.406250374560e-01
  1.270857360820e-01
  3.177931033890e-01
  6.331069051140e-01
  1.614692571770e-01
  1.891346606380e-01
  2.523085998610e-01
  3.210224405710e-01
  3.278826005040e-01
  3.397660331630e-01
  4.613420152750e-01
  4.238408896940e-01
  3.539044663630e-01
  4.066206319170e-01
  3.963310274630e-01
  3.999891966080e-01
  4.816163847990e-01
  4.830393773330e-01
  5.059939654150e-01
  5.403804820590e-01
  5.822800707960e-01
  6.382792561300e-01
  7.314288483480e-01
  8.050204214590e-01
  9.312044857490e-01
  1.153220206740e+00
  1.516351411800e+00
  2.160747037880e+00
  3.552072883580e+00
  6.596647126670e+00
  3.304972708120e+00
  8.460747236150e-01
  1.506177846530e-01
  4.592168566460e-02
  4.008174332940e-02
  5.999739833590e-02
  9.001363080130e-02
  9.333451305550e-02
  1.080276263580e-01
  1.313235856180e-01
  1.593744035850e-01
  1.797326160660e-01
  1.886659990300e-01
  1.950934814790e-01
  2.034577021110e-01
  2.140591983260e-01
  2.300655468150e-01
  2.385744580270e-01
  2.506736763170e-01
  2.649530255450e-01
  2.765787446160e-01
  2.871510046370e-01
  2.962683166340e-01
  3.033507102700e-01
  3.085034318170e-01
  3.150161410000e-01
  3.275869839230e-01
  3.529909896390e-01
  3.407705317670e-01
  3.484555382290e-01
  3.546224001840e-01
  3.747996180970e-01
  3.985135109250e-01
  4.085295087260e-01
  4.194894460430e-01
  4.325353127260e-01
  4.813869000280e-01
  4.677820970660e-01
  4.742523546010e-01
  4.929008412830e-01
  5.367422023070e-01
  6.971441058540e-01
  7.669320072520e-01
  9.203957308930e-01
  9.592587154570e-01
  9.780035154270e-01
  1.013048087430e+00
  1.102431254140e+00
  1.341833665920e+00
  2.023063312180e+00
  4.067847904360e+00
  9.815986255310e+00
