599
  8.412600000000e-01
  7.914200000000e-01
  7.445400000000e-01
  7.004200000000e-01
  6.589300000000e-01
  6.198960000000e-01
  5.831670000000e-01
  5.486190000000e-01
  5.161170000000e-01
  4.855390000000e-01
  4.567750000000e-01
  4.297140000000e-01
  4.042550000000e-01
  3.803060000000e-01
  3.577760000000e-01
  3.365790000000e-01
  3.166390000000e-01
  2.978810000000e-01
  2.802320000000e-01
  2.636310000000e-01
  2.480120000000e-01
  2.333200000000e-01
  2.194960000000e-01
  2.064930000000e-01
  1.942590000000e-01
  1.827500000000e-01
  1.719240000000e-01
  1.617380000000e-01
  1.521570000000e-01
  1.431420000000e-01
  1.346620000000e-01
  1.266840000000e-01
  1.191780000000e-01
  1.121180000000e-01
  1.054760000000e-01
  9.922700000000e-02
  9.334900000000e-02
  8.781800000000e-02
  8.261500000000e-02
  7.772100000000e-02
  7.311700000000e-02
  6.878500000000e-02
  6.470900000000e-02
  6.087650000000e-02
  5.726960000000e-02
  5.387670000000e-02
  5.068490000000e-02
  4.768210000000e-02
  4.485720000000e-02
  4.219970000000e-02
  3.969970000000e-02
  3.734770000000e-02
  3.513510000000e-02
  3.305350000000e-02
  3.109540000000e-02
  2.925310000000e-02
  2.752000000000e-02
  2.588970000000e-02
  2.435590000000e-02
  2.291290000000e-02
  2.155550000000e-02
  2.027850000000e-02
  1.907710000000e-02
  1.794690000000e-02
  1.688360000000e-02
  1.588340000000e-02
  1.494240000000e-02
  1.405720000000e-02
  1.322440000000e-02
  1.244090000000e-02
  1.170390000000e-02
  1.101040000000e-02
  1.035820000000e-02
  9.744500000000e-03
  9.167300000000e-03
  8.624100000000e-03
  8.113200000000e-03
  7.632500000000e-03
  7.180400000000e-03
  6.754900000000e-03
  6.354800000000e-03
  5.978300000000e-03
  5.624120000000e-03
  5.290930000000e-03
  4.977470000000e-03
  4.682590000000e-03
  4.405170000000e-03
  4.144200000000e-03
  3.898670000000e-03
  3.667710000000e-03
  3.450420000000e-03
  3.246000000000e-03
  3.053690000000e-03
  2.872790000000e-03
  2.702590000000e-03
  2.542470000000e-03
  2.391860000000e-03
  2.250150000000e-03
  2.116840000000e-03
  1.991430000000e-03
  5.133900000000e-04
  8.721700000000e-04
  8.477100000000e-04
  7.147400000000e-04
  5.124700000000e-04
  7.895500000000e-04
  7.674000000000e-04
  6.037600000000e-04
  5.072000000000e-04
  7.977600000000e-04
  3.894800000000e-04
  7.295300000000e-04
  7.618100000000e-04
  3.876200000000e-04
  3.810400000000e-04
  6.675300000000e-04
  8.529400000000e-04
  5.861500000000e-04
  2.120900000000e-04
  3.419200000000e-04
  2.809300000000e-04
  4.042600000000e-04
  6.597200000000e-04
  4.623800000000e-04
  5.069200000000e-04
  5.685200000000e-04
  2.531900000000e-04
  3.101800000000e-04
  5.331200000000e-04
  2.810700000000e-04
  2.629900000000e-04
  4.088500000000e-04
  4.027900000000e-04
  5.080100000000e-04
  2.242800000000e-04
  2.124200000000e-04
  2.223900000000e-04
  6.235000000000e-04
  1.416900000000e-04
  2.343000000000e-04
  1.810200000000e-04
  3.233300000000e-04
  2.073000000000e-04
  3.963200000000e-04
  2.417100000000e-04
  2.458900000000e-04
  2.401400000000e-04
  2.769410000000e-04
  1.000090000000e-04
  1.729610000000e-04
  1.698690000000e-04
  4.681820000000e-04
  7.849800000000e-05
  1.114340000000e-04
  1.133620000000e-04
  5.227970000000e-04
  1.548990000000e-04
  1.775120000000e-04
  1.735130000000e-04
  2.431560000000e-04
  1.231160000000e-04
  9.406600000000e-05
  1.559700000000e-04
  3.060960000000e-04
  1.948510000000e-04
  3.021890000000e-04
  4.739300000000e-05
  7.149300000000e-05
  6.849100000000e-05
  9.152300000000e-05
  2.477500000000e-04
  1.507420000000e-04
  9.944800000000e-05
  8.944800000000e-05
  1.744210000000e-04
  1.431230000000e-04
  7.116800000000e-05
  1.459910000000e-04
  1.129480000000e-04
  1.291210000000e-04
  5.912100000000e-05
  7.664600000000e-05
  5.629000000000e-05
  2.243600000000e-04
  1.599080000000e-04
  4.396200000000e-05
  4.346600000000e-05
  1.302610000000e-04
  7.266300000000e-05
  8.648100000000e-05
  8.440300000000e-05
  9.884800000000e-05
  6.392500000000e-05
  5.123300000000e-05
  1.552160000000e-04
  4.010200000000e-05
  7.059700000000e-05
  7.181000000000e-05
  5.523900000000e-05
  8.388700000000e-05
  7.554800000000e-05
  8.775900000000e-05
  4.278900000000e-05
  4.919000000000e-05
  3.151700000000e-05
  8.782200000000e-05
  8.151100000000e-05
  3.063800000000e-05
  4.340800000000e-05
  8.024800000000e-05
  7.413700000000e-05
  1.211500000000e-05
  8.876900000000e-05
  7.005100000000e-05
  1.969100000000e-05
  1.182800000000e-05
  6.929800000000e-05
  4.236800000000e-05
  4.628500000000e-05
  1.464400000000e-05
  3.177900000000e-05
  7.926200000000e-05
  3.671000000000e-05
  8.754000000000e-06
  7.618200000000e-05
  3.543900000000e-05
  2.714000000000e-06
  2.758000000000e-05
  1.217000000000e-05
  2.224800000000e-05
  4.347300000000e-05
  5.079400000000e-05
  4.914000000000e-05
  2.740300000000e-05
  2.355100000000e-05
  1.659400000000e-05
  2.898300000000e-05
  2.868900000000e-05
  1.297300000000e-05
  3.516600000000e-05
  3.665230000000e-05
  9.927400000000e-06
  3.629240000000e-05
  1.307400000000e-05
  1.593060000000e-05
  1.053870000000e-05
  1.414750000000e-05
  4.638500000000e-05
  2.563580000000e-05
  3.027420000000e-05
  1.955550000000e-05
  3.425700000000e-06
  2.989200000000e-06
  1.990790000000e-05
  2.092860000000e-05
  2.771080000000e-05
  2.606900000000e-05
  1.591190000000e-05
  1.256990000000e-05
  1.031690000000e-05
  1.880130000000e-05
  2.140960000000e-05
  1.631430000000e-05
  2.295200000000e-06
  2.033860000000e-05
  1.921240000000e-05
  1.067420000000e-05
  3.111800000000e-06
  1.295750000000e-05
  9.496000000000e-06
  3.862600000000e-06
  2.204850000000e-05
  1.772930000000e-05
  7.593600000000e-06
  7.266000000000e-06
  1.126700000000e-05
  9.632900000000e-06
  5.520400000000e-06
  1.816400000000e-05
  6.450200000000e-06
  3.453800000000e-06
  1.511520000000e-05
  1.008400000000e-05
  7.407200000000e-06
  2.417200000000e-06
  1.143140000000e-05
  1.095020000000e-05
  7.899800000000e-06
  5.208500000000e-06
  7.482800000000e-06
  1.415830000000e-05
  2.800600000000e-06
  1.288970000000e-05
  5.634000000000e-06
  5.196300000000e-06
  3.166100000000e-06
  1.002550000000e-05
  1.479800000000e-06
  9.758600000000e-06
  3.115800000000e-06
  4.930600000000e-06
  5.043200000000e-06
  5.754600000000e-06
  6.378500000000e-06
  2.031800000000e-06
  3.448200000000e-06
  4.683700000000e-06
  9.882300000000e-06
  8.152200000000e-06
  6.031100000000e-06
  3.153700000000e-06
  8.403000000000e-07
  4.441300000000e-06
  7.677300000000e-06
  3.331400000000e-06
  1.032700000000e-06
  4.040200000000e-06
  4.101400000000e-06
  3.052600000000e-06
  3.751900000000e-06
  5.218700000000e-06
  2.813200000000e-06
  3.095000000000e-06
  2.425900000000e-06
  3.389400000000e-06
  1.837900000000e-06
  5.461500000000e-06
  1.600500000000e-06
  2.645700000000e-06
  3.638800000000e-06
  1.360100000000e-06
  3.499100000000e-06
  5.953000000000e-07
  1.949400000000e-06
  2.346400000000e-06
  5.213660000000e-06
  4.841490000000e-06
  2.560260000000e-06
  8.066500000000e-07
  9.544000000000e-07
  3.060710000000e-06
  2.089890000000e-06
  1.314640000000e-06
  1.843370000000e-06
  1.841020000000e-06
  3.219880000000e-06
  1.955580000000e-06
  5.175600000000e-07
  1.369040000000e-06
  9.941600000000e-07
  1.778420000000e-06
  2.690070000000e-06
  1.227820000000e-06
  1.924210000000e-06
  1.995920000000e-06
  1.046860000000e-06
  1.602420000000e-06
  1.919240000000e-06
  1.460910000000e-06
  6.347400000000e-07
  1.592250000000e-06
  1.352840000000e-06
  4.096300000000e-07
  1.738920000000e-06
  1.561590000000e-06
  7.340500000000e-07
  5.724100000000e-07
  1.750740000000e-06
  1.151330000000e-06
  1.065020000000e-06
  1.703530000000e-06
  2.683200000000e-07
  7.163400000000e-07
  2.794500000000e-07
  2.100600000000e-07
  2.591920000000e-06
  1.078390000000e-06
  6.605500000000e-07
  8.353400000000e-07
  8.694400000000e-07
  4.389200000000e-07
  1.491990000000e-06
  7.790400000000e-07
  4.127400000000e-07
  1.507190000000e-06
  8.896200000000e-07
  2.560400000000e-07
  1.787200000000e-07
  9.960400000000e-07
  3.309300000000e-07
  6.817900000000e-07
  5.588500000000e-07
  6.534100000000e-07
  2.982000000000e-07
  1.168580000000e-06
  2.080500000000e-07
  1.255550000000e-06
  1.294200000000e-07
  2.665800000000e-07
  4.596400000000e-07
  9.310700000000e-07
  3.380400000000e-07
  1.887100000000e-07
  4.565600000000e-07
  2.362000000000e-07
  2.934800000000e-07
  5.102900000000e-07
  6.959400000000e-07
  2.692000000000e-07
  6.116700000000e-07
  4.470200000000e-07
  2.462000000000e-07
  6.834000000000e-08
  5.791900000000e-07
  3.217700000000e-07
  4.580400000000e-07
  2.414900000000e-07
  3.448900000000e-07
  3.040100000000e-07
  4.038900000000e-07
  2.911500000000e-07
  1.041600000000e-07
  2.335800000000e-07
  5.447300000000e-07
  6.343000000000e-08
  1.202800000000e-07
  7.767200000000e-07
  1.037800000000e-07
  3.720310000000e-07
  3.180190000000e-07
  2.372260000000e-07
  3.773000000000e-08
  4.904790000000e-07
  1.360130000000e-07
  1.073450000000e-07
  1.412030000000e-07
  7.652300000000e-08
  7.868100000000e-08
  1.179100000000e-07
  5.203520000000e-07
  4.726940000000e-07
  6.031700000000e-08
  2.836400000000e-08
  1.581200000000e-07
  3.716390000000e-07
  1.408590000000e-07
  4.454500000000e-08
  9.537900000000e-08
  5.435200000000e-08
  5.561100000000e-08
  1.058720000000e-07
  3.757640000000e-07
  3.622060000000e-07
  6.337500000000e-08
  5.854300000000e-08
  5.232500000000e-08
  2.558940000000e-07
  8.961900000000e-08
  8.442600000000e-08
  5.650000000000e-08
  4.476300000000e-08
  3.353500000000e-08
  1.031370000000e-07
  2.596560000000e-07
  2.886860000000e-07
  5.967400000000e-08
  3.415800000000e-08
  1.745200000000e-08
  1.577440000000e-07
  3.401100000000e-08
  2.467400000000e-08
  1.462550000000e-07
  2.875600000000e-08
  3.383100000000e-08
  8.840200000000e-08
  1.778840000000e-07
  1.113980000000e-07
  4.121200000000e-08
  4.066300000000e-08
  1.049410000000e-07
  9.601300000000e-08
  3.652600000000e-08
  3.006800000000e-08
  1.078060000000e-07
  7.911200000000e-08
  4.333200000000e-08
  4.259700000000e-08
  8.016300000000e-08
  6.075000000000e-08
  7.498900000000e-08
  3.684600000000e-08
  4.976100000000e-08
  4.790000000000e-08
  5.501200000000e-08
  5.251600000000e-08
  4.618900000000e-08
  7.769000000000e-09
  8.393000000000e-09
  1.746200000000e-08
  1.491980000000e-07
  2.044060000000e-07
  1.809110000000e-07
  1.601160000000e-07
  1.417110000000e-07
  1.254218000000e-07
  1.110051000000e-07
  9.824550000000e-08
  8.695260000000e-08
  7.695770000000e-08
  6.811170000000e-08
  6.028260000000e-08
  5.335330000000e-08
  4.722050000000e-08
  4.179270000000e-08
  3.698880000000e-08
  3.273710000000e-08
  2.897410000000e-08
  2.564360000000e-08
  2.269600000000e-08
  2.008720000000e-08
  1.777820000000e-08
  1.573470000000e-08
  1.392610000000e-08
  1.232525000000e-08
  1.090856000000e-08
  9.654660000000e-09
  8.544890000000e-09
  7.562690000000e-09
  6.693390000000e-09
  5.924010000000e-09
  5.243070000000e-09
  4.640400000000e-09
  4.107000000000e-09
  3.634910000000e-09
  3.217100000000e-09
  2.847310000000e-09
  2.520010000000e-09
  2.230360000000e-09
  1.973980000000e-09
  1.747080000000e-09
  1.546260000000e-09
  1.368520000000e-09
  1.211215000000e-09
  1.071992000000e-09
  9.487700000000e-10
  8.397130000000e-10
  7.431910000000e-10
  6.577650000000e-10
  5.821560000000e-10
  5.152400000000e-10
  4.560160000000e-10
  4.035980000000e-10
  3.572060000000e-10
  3.161460000000e-10
  2.798070000000e-10
  2.476440000000e-10
  2.191780000000e-10
  1.939850000000e-10
  1.716870000000e-10
  1.519520000000e-10
  1.344850000000e-10
  1.190276000000e-10
  1.053455000000e-10
  9.323630000000e-11
  8.251930000000e-11
  7.303390000000e-11
  6.463900000000e-11
  5.720900000000e-11
  5.063300000000e-11
  4.481290000000e-11
  3.966190000000e-11
  3.510290000000e-11
  3.106800000000e-11
  2.749680000000e-11
  2.433610000000e-11
  2.153890000000e-11
  1.906300000000e-11
  1.687180000000e-11
  1.493240000000e-11
  1.321600000000e-11
  1.169689000000e-11
  1.035238000000e-11
  9.162400000000e-12
  8.109230000000e-12
  7.177100000000e-12
  6.352120000000e-12
  5.621970000000e-12
  4.975740000000e-12
  4.403800000000e-12
  3.897600000000e-12
  3.449590000000e-12
  3.053070000000e-12
  2.702130000000e-12
  2.391540000000e-12
  2.116630000000e-12
  1.873340000000e-12
  1.658000000000e-12
  1.467420000000e-12
  1.129875000000e-11
