1401
  7.078832510587e-02
  7.068368915842e-02
  7.058494980075e-02
  7.048379592931e-02
  7.027613879779e-02
  6.985996783564e-02
  6.940716833348e-02
  6.899388624555e-02
  6.856316202382e-02
  6.810856003192e-02
  6.759210060003e-02
  6.703601783499e-02
  6.647421501564e-02
  6.592987163273e-02
  6.537949678292e-02
  6.481728105050e-02
  6.422951060087e-02
  6.365875651788e-02
  6.306316168090e-02
  6.248300090697e-02
  6.191920097508e-02
  6.131484916212e-02
  6.072199312445e-02
  6.014336553315e-02
  5.954244854492e-02
  5.895547890474e-02
  5.837677701702e-02
  5.773517970037e-02
  5.710753221218e-02
  5.649195526332e-02
  5.585831615082e-02
  5.523684933550e-02
  5.462024479795e-02
  5.398779057480e-02
  5.336307059266e-02
  5.275061487972e-02
  5.211987365476e-02
  5.150144049064e-02
  5.090837626062e-02
  5.032915648016e-02
  4.975858331985e-02
  4.919482126052e-02
  4.862385597155e-02
  4.805899094213e-02
  4.751188492685e-02
  4.697748559951e-02
  4.645999632434e-02
  4.594725865805e-02
  4.543366314908e-02
  4.492331255793e-02
  4.444992147881e-02
  4.406391304704e-02
  4.368873566178e-02
  4.332604428201e-02
  4.294207601014e-02
  4.257081098422e-02
  4.222861654173e-02
  4.201609313544e-02
  4.183558146111e-02
  4.166320875027e-02
  4.150352612065e-02
  4.132016500498e-02
  4.114975275114e-02
  4.108080447681e-02
  4.110587795011e-02
  4.113580011681e-02
  4.117468619262e-02
  4.119537916425e-02
  4.122498326581e-02
  4.127095897927e-02
  4.136678196766e-02
  4.146972518635e-02
  4.158045830785e-02
  4.169999963055e-02
  4.180076446714e-02
  4.191037928648e-02
  4.202263312016e-02
  4.210127605505e-02
  4.217156919513e-02
  4.224999143493e-02
  4.233288988316e-02
  4.240645939680e-02
  4.248422693581e-02
  4.258667210596e-02
  4.271570899049e-02
  4.284175707138e-02
  4.297241151028e-02
  4.310874276756e-02
  4.323226748069e-02
  4.336156622248e-02
  4.350983017947e-02
  4.367779064859e-02
  4.383412523945e-02
  4.399952624138e-02
  4.416642426573e-02
  4.432878557785e-02
  4.449255580956e-02
  4.466013354359e-02
  4.483049868723e-02
  4.500263715354e-02
  4.517465668195e-02
  4.534690618675e-02
  4.551695057706e-02
  4.568724324851e-02
  4.585858222607e-02
  4.604700938863e-02
  4.623095749531e-02
  4.641630783921e-02
  4.660013671478e-02
  4.678277963443e-02
  4.696577209264e-02
  4.714765482805e-02
  4.733415097613e-02
  4.753750698491e-02
  4.774011229582e-02
  4.794530072149e-02
  4.814815417562e-02
  4.834794131753e-02
  4.855185249968e-02
  4.875268213667e-02
  4.895854929454e-02
  4.917516689507e-02
  4.938833971658e-02
  4.960498212691e-02
  4.981878854692e-02
  5.002999648631e-02
  5.024420250312e-02
  5.045587143474e-02
  5.066901277360e-02
  5.088871979480e-02
  5.110703682318e-02
  5.132346138509e-02
  5.153972666037e-02
  5.175300455957e-02
  5.197013735366e-02
  5.218423694983e-02
  5.239934618498e-02
  5.262576401259e-02
  5.285104748071e-02
  5.307401540034e-02
  5.329703367138e-02
  5.352016346105e-02
  5.374074127475e-02
  5.396153752700e-02
  5.418278544846e-02
  5.440351121963e-02
  5.462545914185e-02
  5.484598167041e-02
  5.506702250365e-02
  5.528671883021e-02
  5.550543334503e-02
  5.572405508639e-02
  5.594159037104e-02
  5.615599556718e-02
  5.636120072392e-02
  5.656492858592e-02
  5.676816455134e-02
  5.697037110786e-02
  5.717207210026e-02
  5.737350757367e-02
  5.757344136246e-02
  5.777313364359e-02
  5.794945165168e-02
  5.806193913554e-02
  5.817154030872e-02
  5.828183561648e-02
  5.838951611451e-02
  5.849797212326e-02
  5.860713170668e-02
  5.871380286269e-02
  5.882120804331e-02
  5.890245870308e-02
  5.883973346143e-02
  5.875601884934e-02
  5.867330018168e-02
  5.859068131253e-02
  5.850872005488e-02
  5.842700146936e-02
  5.834532386227e-02
  5.826403508968e-02
  5.818314443273e-02
  5.812288464426e-02
  5.808018669714e-02
  5.803772749618e-02
  5.799554011704e-02
  5.795318841784e-02
  5.791111129005e-02
  5.786934654554e-02
  5.782737329709e-02
  5.778576503085e-02
  5.774017661955e-02
  5.759716312744e-02
  5.741415346195e-02
  5.723194701384e-02
  5.705040257328e-02
  5.686924182938e-02
  5.668885677675e-02
  5.650913680854e-02
  5.632980888091e-02
  5.615115199292e-02
  5.597256865203e-02
  5.572778418083e-02
  5.544158975576e-02
  5.515465409119e-02
  5.486954003041e-02
  5.458620083458e-02
  5.430207681243e-02
  5.401979087353e-02
  5.373921204072e-02
  5.345800331077e-02
  5.317859097406e-02
  5.290897878857e-02
  5.266876850447e-02
  5.243159539317e-02
  5.219478914274e-02
  5.195892415817e-02
  5.172406155824e-02
  5.148965904125e-02
  5.125615405448e-02
  5.102362556322e-02
  5.079149043936e-02
  5.056042582294e-02
  5.033786357456e-02
  5.013351442583e-02
  4.993088665013e-02
  4.972886447531e-02
  4.952752284739e-02
  4.932685421230e-02
  4.912680602067e-02
  4.892755621954e-02
  4.872885113643e-02
  4.853087900001e-02
  4.833354171374e-02
  4.813967848643e-02
  4.796456355908e-02
  4.779326554697e-02
  4.762276560141e-02
  4.745245137832e-02
  4.728292061118e-02
  4.711410994097e-02
  4.694542476590e-02
  4.677762976863e-02
  4.661048100871e-02
  4.644353803218e-02
  4.627734544342e-02
  4.612298127731e-02
  4.599529582569e-02
  4.587282270162e-02
  4.579189485560e-02
  4.572265531751e-02
  4.565365099737e-02
  4.558490479977e-02
  4.551626476808e-02
  4.544795839338e-02
  4.537993740196e-02
  4.531195397362e-02
  4.524430654724e-02
  4.519398286438e-02
  4.521185081820e-02
  4.523832718791e-02
  4.526471412732e-02
  4.529094271208e-02
  4.531712809923e-02
  4.534314396914e-02
  4.536913700732e-02
  4.539506023465e-02
  4.542085248988e-02
  4.546263462318e-02
  4.563193595842e-02
  4.582833496270e-02
  4.603258117122e-02
  4.625170561583e-02
  4.647030398197e-02
  4.668820955544e-02
  4.690531265089e-02
  4.712172631318e-02
  4.733745354718e-02
  4.755226922525e-02
  4.776658754497e-02
  4.798017616243e-02
  4.819284921528e-02
  4.840516268492e-02
  4.861645801408e-02
  4.881238725902e-02
  4.893795532673e-02
  4.905411664092e-02
  4.916986502115e-02
  4.928522310389e-02
  4.940019537199e-02
  4.951487640438e-02
  4.962908199471e-02
  4.974296513232e-02
  4.985641893630e-02
  4.995711051931e-02
  5.001353195242e-02
  5.006016160678e-02
  5.010582920734e-02
  5.015132856788e-02
  5.019713983159e-02
  5.024261281398e-02
  5.028796006572e-02
  5.033342698987e-02
  5.037877497170e-02
  5.042351437990e-02
  5.046839012750e-02
  5.051329788585e-02
  5.055760536666e-02
  5.060199309902e-02
  5.064630720467e-02
  5.069033422592e-02
  5.073423709630e-02
  5.077821233241e-02
  5.084028371951e-02
  5.091630747426e-02
  5.099183597981e-02
  5.106707287303e-02
  5.114221290768e-02
  5.121689495851e-02
  5.129143503682e-02
  5.136576767255e-02
  5.143980343415e-02
  5.151362005828e-02
  5.158718441036e-02
  5.166054543919e-02
  5.173365321331e-02
  5.180685993679e-02
  5.187990765761e-02
  5.195254863077e-02
  5.202501980813e-02
  5.209721746719e-02
  5.216821894452e-02
  5.223340277061e-02
  5.229792442656e-02
  5.236230381125e-02
  5.242641061012e-02
  5.249029755773e-02
  5.255403645339e-02
  5.261774608932e-02
  5.268138328890e-02
  5.274487047357e-02
  5.280805788980e-02
  5.287119656675e-02
  5.293398586257e-02
  5.299091469063e-02
  5.302455809249e-02
  5.305537000406e-02
  5.308619866163e-02
  5.311677995616e-02
  5.314745076745e-02
  5.317785335781e-02
  5.320855877697e-02
  5.323968824305e-02
  5.327044775475e-02
  5.330154549848e-02
  5.333232343529e-02
  5.336292228863e-02
  5.339359706290e-02
  5.342405743034e-02
  5.345446780262e-02
  5.348470598162e-02
  5.351483635551e-02
  5.354474203878e-02
  5.357491437570e-02
  5.360479961194e-02
  5.363497005265e-02
  5.366554037756e-02
  5.369604083410e-02
  5.372637928041e-02
  5.375661727702e-02
  5.378673537808e-02
  5.381674529537e-02
  5.384680509911e-02
  5.387661146125e-02
  5.390633309313e-02
  5.393590345340e-02
  5.396548462718e-02
  5.399490780564e-02
  5.402428996198e-02
  5.405528099843e-02
  5.410232732747e-02
  5.415320375864e-02
  5.420377443756e-02
  5.425435207344e-02
  5.430468643990e-02
  5.435471863155e-02
  5.440473318875e-02
  5.445457734594e-02
  5.450420468134e-02
  5.455367334819e-02
  5.460306710817e-02
  5.465219960619e-02
  5.470112949002e-02
  5.475006240887e-02
  5.479875744436e-02
  5.484787979052e-02
  5.489740911040e-02
  5.494658719661e-02
  5.499583144822e-02
  5.504485081978e-02
  5.509360285939e-02
  5.514233205517e-02
  5.519084437465e-02
  5.523923662914e-02
  5.528738717050e-02
  5.533535628394e-02
  5.538331581764e-02
  5.543104470817e-02
  5.547851136614e-02
  5.552598718996e-02
  5.557305198842e-02
  5.562253775704e-02
  5.567498576819e-02
  5.572726031509e-02
  5.577936210555e-02
  5.583132239173e-02
  5.588317074867e-02
  5.593478773106e-02
  5.598617828213e-02
  5.603835772169e-02
  5.609610210386e-02
  5.615455599114e-02
  5.621284002232e-02
  5.627097081067e-02
  5.632874249836e-02
  5.638642235992e-02
  5.644390472893e-02
  5.650125642888e-02
  5.655863735220e-02
  5.661633241183e-02
  5.667393348751e-02
  5.673127334978e-02
  5.678846647664e-02
  5.684548892566e-02
  5.690223867485e-02
  5.695876198942e-02
  5.701523540843e-02
  5.707148051265e-02
  5.712757997373e-02
  5.718334748764e-02
  5.723895897253e-02
  5.729454377007e-02
  5.734978196564e-02
  5.740487875666e-02
  5.745983008233e-02
  5.751451198721e-02
  5.756915015417e-02
  5.762417991171e-02
  5.767887581656e-02
  5.773350370796e-02
  5.778802611787e-02
  5.784221377339e-02
  5.789631698223e-02
  5.795020878384e-02
  5.800386587672e-02
  5.805739535643e-02
  5.811069053201e-02
  5.816396290914e-02
  5.821689319564e-02
  5.826961183492e-02
  5.832228879270e-02
  5.837471130058e-02
  5.842707339256e-02
  5.847915693509e-02
  5.853107004268e-02
  5.858455137174e-02
  5.865157193725e-02
  5.872115686822e-02
  5.879068149170e-02
  5.885989359919e-02
  5.892875681200e-02
  5.899746904885e-02
  5.906601334155e-02
  5.913432592618e-02
  5.920241141347e-02
  5.927033248402e-02
  5.933780256737e-02
  5.940535744822e-02
  5.947250264585e-02
  5.953926597710e-02
  5.960614939182e-02
  5.967263099095e-02
  5.973884474581e-02
  5.980486443410e-02
  5.987072527004e-02
  5.993631384511e-02
  5.999689596195e-02
  6.004703606437e-02
  6.009679705799e-02
  6.014652940782e-02
  6.019610473864e-02
  6.024541725491e-02
  6.029462697493e-02
  6.034364712539e-02
  6.039254798888e-02
  6.044121320242e-02
  6.048992720961e-02
  6.053823218029e-02
  6.058652418937e-02
  6.063448455113e-02
  6.068249475011e-02
  6.073020437861e-02
  6.077770695862e-02
  6.082510912244e-02
  6.087254943377e-02
  6.091959834899e-02
  6.096655810059e-02
  6.101320372245e-02
  6.105641648091e-02
  6.108762052265e-02
  6.111785978094e-02
  6.114804654411e-02
  6.117805981511e-02
  6.120803860041e-02
  6.123786367913e-02
  6.126759713850e-02
  6.129731809955e-02
  6.132685197880e-02
  6.135629651772e-02
  6.138569762379e-02
  6.141408051642e-02
  6.144140449695e-02
  6.146858588663e-02
  6.149571771323e-02
  6.152275587182e-02
  6.154968760501e-02
  6.157659431046e-02
  6.160332817630e-02
  6.163003435225e-02
  6.165664073977e-02
  6.168315279210e-02
  6.170954369652e-02
  6.173841531093e-02
  6.177327024703e-02
  6.180844461814e-02
  6.184333552145e-02
  6.187820295348e-02
  6.191294184116e-02
  6.194749147676e-02
  6.198199120129e-02
  6.201638883953e-02
  6.205056739519e-02
  6.208477163523e-02
  6.211883663305e-02
  6.215268863993e-02
  6.218646438032e-02
  6.222015644962e-02
  6.225376452091e-02
  6.228724241078e-02
  6.232061177891e-02
  6.235385212095e-02
  6.238696951046e-02
  6.241996635732e-02
  6.245291853565e-02
  6.248571296146e-02
  6.251838144257e-02
  6.255097425336e-02
  6.258341866801e-02
  6.261534075282e-02
  6.264578090975e-02
  6.267603906763e-02
  6.270625308752e-02
  6.273633038538e-02
  6.276635623970e-02
  6.279615523306e-02
  6.282593191912e-02
  6.285567904290e-02
  6.288522813746e-02
  6.291473765066e-02
  6.294411349815e-02
  6.297345317691e-02
  6.300263922900e-02
  6.303173506450e-02
  6.306071496959e-02
  6.308968024207e-02
  6.311842979805e-02
  6.314716056854e-02
  6.317584298973e-02
  6.320425849985e-02
  6.323271952499e-02
  6.326109921317e-02
  6.328926405731e-02
  6.331743265272e-02
  6.334548139513e-02
  6.337339308988e-02
  6.340129875005e-02
  6.342775364647e-02
  6.342710162071e-02
  6.341609839011e-02
  6.340519824381e-02
  6.339432577584e-02
  6.338349023866e-02
  6.337265405911e-02
  6.336179507774e-02
  6.335107929767e-02
  6.334044722036e-02
  6.332976654661e-02
  6.331908790592e-02
  6.330844099836e-02
  6.329794298087e-02
  6.328739124379e-02
  6.327687337512e-02
  6.326644282082e-02
  6.325598119764e-02
  6.324559096754e-02
  6.323528226541e-02
  6.322492175318e-02
  6.321460711433e-02
  6.320435246371e-02
  6.319415800080e-02
  6.318393972709e-02
  6.317381559116e-02
  6.316368723959e-02
  6.315356407048e-02
  6.314354884069e-02
  6.313354424537e-02
  6.312353248198e-02
  6.311355221630e-02
  6.310488736283e-02
  6.309897516202e-02
  6.309305969650e-02
  6.308719384870e-02
  6.308143000346e-02
  6.307559236895e-02
  6.306979652820e-02
  6.306408840697e-02
  6.305808915998e-02
  6.304929154528e-02
  6.303970695761e-02
  6.303027037868e-02
  6.302075195491e-02
  6.301132083193e-02
  6.300201207638e-02
  6.299261383747e-02
  6.298326367990e-02
  6.297360084294e-02
  6.296300069671e-02
  6.295239567743e-02
  6.294185063914e-02
  6.293122759873e-02
  6.292069808120e-02
  6.291030687909e-02
  6.289980634023e-02
  6.288935031296e-02
  6.287902878397e-02
  6.286864841198e-02
  6.285836368963e-02
  6.284807810456e-02
  6.283782017773e-02
  6.282765786741e-02
  6.281741909914e-02
  6.280731488555e-02
  6.279714848232e-02
  6.278538301623e-02
  6.276614198039e-02
  6.274612708713e-02
  6.272609158580e-02
  6.270620870335e-02
  6.268633713587e-02
  6.266653475964e-02
  6.264681743065e-02
  6.262713185913e-02
  6.260753748789e-02
  6.258802948673e-02
  6.256853042107e-02
  6.254913571898e-02
  6.252986766110e-02
  6.251049532237e-02
  6.249131834719e-02
  6.247221702697e-02
  6.245311647656e-02
  6.243408550937e-02
  6.241490270343e-02
  6.239213215790e-02
  6.236820549825e-02
  6.234429115669e-02
  6.232048183201e-02
  6.229677775638e-02
  6.227315873243e-02
  6.224960743539e-02
  6.222609120394e-02
  6.220263766165e-02
  6.217937508375e-02
  6.215613060317e-02
  6.213290381067e-02
  6.210981549868e-02
  6.208680289375e-02
  6.206388384337e-02
  6.204097880265e-02
  6.201819122359e-02
  6.199549154346e-02
  6.197285341708e-02
  6.195029009053e-02
  6.192947586490e-02
  6.191415584031e-02
  6.189913441690e-02
  6.188426440572e-02
  6.186937767320e-02
  6.185456709632e-02
  6.183976624076e-02
  6.182506879214e-02
  6.181036824103e-02
  6.179578393719e-02
  6.178121001953e-02
  6.176664327343e-02
  6.175217936277e-02
  6.173775434322e-02
  6.172336354671e-02
  6.170902278962e-02
  6.169474998068e-02
  6.168049025266e-02
  6.166630705520e-02
  6.165215738926e-02
  6.163807646441e-02
  6.162402915158e-02
  6.161009387404e-02
  6.159683348905e-02
  6.158348296784e-02
  6.157027543670e-02
  6.155716904622e-02
  6.154397252608e-02
  6.153087217170e-02
  6.151793048098e-02
  6.150486697788e-02
  6.149193478397e-02
  6.147908623109e-02
  6.146613852575e-02
  6.145218005317e-02
  6.143606015001e-02
  6.141990216919e-02
  6.140371350233e-02
  6.138764069224e-02
  6.137160443505e-02
  6.135565142776e-02
  6.133977339009e-02
  6.132386650404e-02
  6.130801092434e-02
  6.129228608305e-02
  6.127661857569e-02
  6.126162765793e-02
  6.124965569992e-02
  6.123791133159e-02
  6.122624826281e-02
  6.121459500835e-02
  6.120297775960e-02
  6.119142474081e-02
  6.117993292241e-02
  6.116837197643e-02
  6.115698836434e-02
  6.114553832674e-02
  6.113413082424e-02
  6.112281609338e-02
  6.111159291600e-02
  6.110023303095e-02
  6.108908993526e-02
  6.107786310340e-02
  6.106669928396e-02
  6.105561201305e-02
  6.104459453392e-02
  6.103351775580e-02
  6.102252992242e-02
  6.101157842804e-02
  6.100061214319e-02
  6.098981012496e-02
  6.097891324933e-02
  6.097436475261e-02
  6.099497631483e-02
  6.101783544673e-02
  6.104056114390e-02
  6.106338207515e-02
  6.108608186991e-02
  6.110852663570e-02
  6.113117081550e-02
  6.115355863608e-02
  6.117587787016e-02
  6.119818883718e-02
  6.122029044813e-02
  6.124260151202e-02
  6.126471860872e-02
  6.128660919376e-02
  6.130854239415e-02
  6.133049613386e-02
  6.135215852676e-02
  6.137386729612e-02
  6.139560667141e-02
  6.141703735968e-02
  6.143852637660e-02
  6.145999071371e-02
  6.148127168083e-02
  6.150253354161e-02
  6.152378043368e-02
  6.154485315999e-02
  6.156590244677e-02
  6.158691525951e-02
  6.161319484737e-02
  6.164256641286e-02
  6.167188444807e-02
  6.170086825319e-02
  6.172997336806e-02
  6.175860681025e-02
  6.173823901644e-02
  6.168415806813e-02
  6.163031818358e-02
  6.157658270444e-02
  6.152310868762e-02
  6.146969539547e-02
  6.136266305451e-02
  6.118664963561e-02
  6.101094126693e-02
  6.083584131538e-02
  6.066136801039e-02
  6.048738653561e-02
  6.032894190149e-02
  6.022353777658e-02
  6.012312493894e-02
  6.002286392339e-02
  5.992316895927e-02
  5.982371585620e-02
  5.972453866977e-02
  5.962578256389e-02
  5.952738103938e-02
  5.942920722192e-02
  5.933137196802e-02
  5.923391242649e-02
  5.913672263908e-02
  5.904694946834e-02
  5.898201173649e-02
  5.891935776937e-02
  5.885693683849e-02
  5.879467350033e-02
  5.873261993600e-02
  5.867086026794e-02
  5.860920688618e-02
  5.854771918062e-02
  5.848666225229e-02
  5.842559321369e-02
  5.836486854354e-02
  5.830425156472e-02
  5.824387069892e-02
  5.818359134900e-02
  5.812365920112e-02
  5.806387832437e-02
  5.801464885944e-02
  5.801412722699e-02
  5.801954065684e-02
  5.802504096909e-02
  5.803052094131e-02
  5.803588625404e-02
  5.804125696319e-02
  5.804659917931e-02
  5.805198183777e-02
  5.805725681256e-02
  5.806259782651e-02
  5.806795903168e-02
  5.807325640702e-02
  5.807847073292e-02
  5.808373008554e-02
  5.808890250453e-02
  5.809420615372e-02
  5.809939139609e-02
  5.810635796187e-02
  5.812817571306e-02
  5.815286867689e-02
  5.817744785235e-02
  5.820191222322e-02
  5.822630725429e-02
  5.825066934439e-02
  5.827484297464e-02
  5.829902515178e-02
  5.832308254819e-02
  5.834713530312e-02
  5.837099415273e-02
  5.839477724469e-02
  5.841860523956e-02
  5.844222767934e-02
  5.846576182094e-02
  5.848924584186e-02
  5.851270822192e-02
  5.853606473921e-02
  5.855913343218e-02
  5.857382916455e-02
  5.858386577405e-02
  5.859383690479e-02
  5.860375467728e-02
  5.861367147428e-02
  5.862350362465e-02
  5.863336624881e-02
  5.864318129596e-02
  5.865293015838e-02
  5.866270351006e-02
  5.867240567736e-02
  5.868210081354e-02
  5.869173305361e-02
  5.870138854035e-02
  5.871090002240e-02
  5.872047780861e-02
  5.872999418548e-02
  5.873947509430e-02
  5.874900390691e-02
  5.875839940258e-02
  5.876684669354e-02
  5.877076826093e-02
  5.877398752461e-02
  5.877735337924e-02
  5.878065659377e-02
  5.878385587217e-02
  5.878715617998e-02
  5.879040488346e-02
  5.879357454133e-02
  5.879681967628e-02
  5.879999261029e-02
  5.880316756373e-02
  5.880635201563e-02
  5.880954813186e-02
  5.881258971562e-02
  5.881585007252e-02
  5.881905085334e-02
  5.882203078717e-02
  5.882526032580e-02
  5.882837460032e-02
  5.883147376815e-02
  5.883456406313e-02
  5.883902128148e-02
  5.885783006392e-02
  5.887992449547e-02
  5.890183465950e-02
  5.892370782765e-02
  5.894544452014e-02
  5.896722329720e-02
  5.898884870751e-02
  5.901037060691e-02
  5.903192150614e-02
  5.905329671419e-02
  5.907468325957e-02
  5.909600573430e-02
  5.911721381944e-02
  5.913831530154e-02
  5.915936084118e-02
  5.918039144378e-02
  5.920128818528e-02
  5.922205038526e-02
  5.924298836907e-02
  5.926371689666e-02
  5.928430899918e-02
  5.930494953415e-02
  5.932544531738e-02
  5.934760908663e-02
  5.938187607886e-02
  5.941803167987e-02
  5.945403230554e-02
  5.948992236995e-02
  5.952573904721e-02
  5.956142967816e-02
  5.959693920099e-02
  5.963250890604e-02
  5.966850710676e-02
  5.970420653725e-02
  5.973979680224e-02
  5.977533544349e-02
  5.981070601155e-02
  5.984600786038e-02
  5.988108975115e-02
  5.991093681887e-02
  5.993797224129e-02
  5.996482049067e-02
  5.999159932856e-02
  6.001828668261e-02
  6.004494364050e-02
  6.007139914312e-02
  6.009786833961e-02
  6.012412236961e-02
  6.015028295415e-02
  6.017740501541e-02
  6.020901710549e-02
  6.024138048782e-02
  6.027351451767e-02
  6.030592520892e-02
  6.033804271599e-02
  6.037634664207e-02
  6.042085089547e-02
  6.046525935860e-02
  6.050940550172e-02
  6.055357583880e-02
  6.059757673197e-02
  6.064239469057e-02
  6.068732932187e-02
  6.073198715689e-02
  6.077654228313e-02
  6.082090765037e-02
  6.086421881752e-02
  6.090519595586e-02
  6.094594572118e-02
  6.098635455192e-02
  6.102684503972e-02
  6.106699830529e-02
  6.110715515233e-02
  6.114713995422e-02
  6.118699151061e-02
  6.122680753954e-02
  6.126629364503e-02
  6.130580507332e-02
  6.135104152858e-02
  6.141915138344e-02
  6.146267848830e-02
  6.146514614940e-02
  6.160499859558e-02
  6.156670850382e-02
  6.163288655516e-02
  6.186802146051e-02
  6.227981165121e-02
  6.232225514657e-02
  6.241006700078e-02
  6.215570627138e-02
  6.251439581060e-02
  6.253373567489e-02
  6.293504450442e-02
  6.294882602386e-02
  6.350414134707e-02
  6.347790348373e-02
  6.349354534613e-02
  6.392355062418e-02
  6.410465422319e-02
  6.421492089175e-02
  6.427851215282e-02
  6.430474725539e-02
  6.455055235577e-02
  6.464870309394e-02
  6.513675792883e-02
  6.531569536834e-02
  6.543651991208e-02
  6.565370735295e-02
  6.576668719101e-02
  6.576974106748e-02
  6.581063732335e-02
  6.583415530991e-02
  6.595114819021e-02
  6.619530974443e-02
  6.634978216415e-02
  6.640513013110e-02
  6.652664736447e-02
  6.660144993292e-02
  6.659670017013e-02
  6.660226955042e-02
  6.670689727650e-02
  6.671550841495e-02
  6.687451371471e-02
  6.699407890180e-02
  6.701009325317e-02
  6.710242954824e-02
  6.714490091788e-02
  6.719774227229e-02
  6.725091546842e-02
  6.727207979500e-02
  6.728073220791e-02
  6.745842604553e-02
  6.733917738702e-02
  6.732970484282e-02
  6.735567168395e-02
  6.740004459471e-02
  6.759605142633e-02
  6.760013729282e-02
  6.764075639862e-02
  6.760840899414e-02
  6.765534269404e-02
  6.789629644498e-02
  6.788820587356e-02
  6.789832139381e-02
  6.788886304226e-02
  6.813631322430e-02
  6.825618199569e-02
  6.827664698231e-02
  6.828963502170e-02
  6.829678969148e-02
  6.831277800036e-02
  6.837055243332e-02
  6.846590552266e-02
  6.852472448249e-02
  6.852357079085e-02
  6.852334296626e-02
  6.852303180081e-02
  6.852277904743e-02
  6.852261210562e-02
  6.852252026036e-02
  6.852229256199e-02
  6.852166938942e-02
  6.852125471447e-02
  6.852154692945e-02
  6.852163344521e-02
  6.852075363527e-02
  6.851978879591e-02
  6.851913617874e-02
  6.851936942394e-02
  6.851937162092e-02
  6.851905906602e-02
  6.851909743489e-02
  6.851944888897e-02
  6.860932028187e-02
  6.881399419853e-02
  6.881392248482e-02
  6.883649449654e-02
  6.905729783246e-02
  6.905543622948e-02
  6.906617710593e-02
  6.921703181677e-02
  6.935331270040e-02
  6.954151194139e-02
  6.961425171366e-02
  6.964018626442e-02
  6.965386653366e-02
  6.967691903932e-02
  6.972573885324e-02
  6.985887993349e-02
  7.004949856462e-02
  7.024186436018e-02
  7.027674664920e-02
  7.033835027428e-02
  7.056679867733e-02
  7.082084259083e-02
  7.080403720541e-02
  7.084374151601e-02
  7.140994162529e-02
  7.141170188601e-02
  7.141989296559e-02
  7.188604739864e-02
  7.193711932790e-02
  7.191756207411e-02
  7.198770780312e-02
  7.239553166168e-02
  7.293085138752e-02
  7.310459623690e-02
  7.314200291001e-02
  7.313937984444e-02
  7.313303837944e-02
  7.312186912175e-02
  7.312194425085e-02
  7.318509459661e-02
  7.375362030821e-02
  7.375352042048e-02
  7.375371480814e-02
  7.363320631245e-02
  7.367147110587e-02
  7.367154518039e-02
  7.365560385603e-02
  7.419399765391e-02
  7.429733519325e-02
  7.483246753682e-02
  7.511111269581e-02
  7.531529884729e-02
  7.534478558093e-02
  7.539846022856e-02
  7.545011262690e-02
  7.554226541664e-02
  7.568453064825e-02
  7.600250852754e-02
  7.639542394741e-02
  7.640978374357e-02
  7.667579392531e-02
  7.694562763181e-02
  7.692672855116e-02
  7.692703020504e-02
  7.740244100621e-02
  7.766277702984e-02
  7.797360283741e-02
  7.806813477182e-02
  7.806791716567e-02
  7.851482751680e-02
  7.848000705255e-02
  7.863710412868e-02
  7.867651838020e-02
  7.870515454922e-02
  7.873635863358e-02
  7.877593824984e-02
  7.889394809660e-02
  7.895063215732e-02
  7.898425841789e-02
  7.898423749355e-02
  7.898707412574e-02
  7.909001217814e-02
  7.908947211486e-02
  7.909009570219e-02
  7.921961600833e-02
  7.968323607761e-02
  7.996496650039e-02
  8.008869681076e-02
  8.048783165311e-02
  8.031844919865e-02
  8.065617237845e-02
  8.073963251010e-02
  8.080888517246e-02
  8.083491861066e-02
  8.086076336677e-02
  8.094090432385e-02
  8.100484824552e-02
  8.118332579233e-02
  8.139728016514e-02
  8.169992923990e-02
  8.178098305678e-02
  8.178087285232e-02
  8.212403999759e-02
  8.255501032421e-02
  8.297820573777e-02
  8.339656194653e-02
  8.383039247033e-02
  8.426091872104e-02
  8.468293319712e-02
  8.492316006198e-02
  8.499876562556e-02
  8.506803652155e-02
  8.511968679194e-02
  8.517794757039e-02
  8.528418762101e-02
  8.549213690304e-02
  8.565852924565e-02
  8.572768974024e-02
  8.596286941919e-02
  8.618962777219e-02
  8.638329512288e-02
  8.656489957560e-02
  8.664292699355e-02
  8.671929939347e-02
  8.673637272240e-02
  8.676784715272e-02
  8.696782374308e-02
  8.734403759689e-02
  8.744691606227e-02
  8.748865309248e-02
  8.748887748051e-02
  8.748892244244e-02
  8.776942252367e-02
  8.781092029547e-02
  8.785935044972e-02
  8.789984774379e-02
  8.790035203058e-02
  8.819638263361e-02
  8.876691239344e-02
  8.946741716851e-02
  9.015421558648e-02
  9.060232622897e-02
  9.060231960522e-02
  9.083350491602e-02
  9.150486702941e-02
  9.223817098105e-02
  9.284533253170e-02
  9.296646013521e-02
  9.366099397337e-02
  9.397399323421e-02
  9.397399052449e-02
  9.397264171745e-02
  9.437634138245e-02
  9.533028574286e-02
  9.559019702106e-02
  9.561772328935e-02
  9.484227226670e-02
  9.433092053595e-02
  9.398699239665e-02
  9.441291872642e-02
  9.561018445484e-02
  9.561160847931e-02
  9.561204001852e-02
  9.540116631810e-02
  9.521492594181e-02
  9.516444499330e-02
  9.651333823480e-02
  9.744003295859e-02
  9.684911117083e-02
  9.765672673426e-02
  9.796019696880e-02
  9.823373354184e-02
  9.847764789011e-02
  9.879558924276e-02
  9.896970438484e-02
  9.883621558353e-02
  9.883632915960e-02
  9.883627195998e-02
  9.883625387316e-02
  9.884693453026e-02
  9.845058240537e-02
  1.002710653568e-01
  1.005435392930e-01
  1.002363850117e-01
  1.026237573667e-01
  1.032825646363e-01
  1.034095109107e-01
  1.035266195292e-01
  1.037599519940e-01
  1.035356102641e-01
  1.041444056006e-01
  1.052877058462e-01
  1.059408234953e-01
  1.063465297900e-01
  1.065990246424e-01
  1.080187605918e-01
  1.080472397060e-01
  1.082782921684e-01
  1.090602602653e-01
  1.087701009832e-01
  1.091692391571e-01
  1.091697886612e-01
  1.097826365025e-01
  1.106113707079e-01
  1.111219139904e-01
  1.118798642740e-01
  1.122742681086e-01
  1.123685502582e-01
  1.116136678154e-01
  1.114165551976e-01
  1.114164913622e-01
  1.114160663386e-01
  1.112311277467e-01
  1.109804580246e-01
  1.123344989620e-01
  1.125050521416e-01
  1.132694569906e-01
  1.135324606221e-01
  1.131799286711e-01
  1.131801451713e-01
  1.131794639969e-01
  1.137276517780e-01
  1.148416676916e-01
  1.158141094847e-01
  1.164625555384e-01
  1.167812593960e-01
  1.185874568311e-01
  1.187267945362e-01
  1.181682182993e-01
  1.187596500024e-01
  1.200557069614e-01
  1.201345828435e-01
  1.207324488746e-01
  1.225615934501e-01
  1.226261045179e-01
  1.235464443789e-01
  1.250655455990e-01
  1.262974208877e-01
  1.277494042539e-01
  1.294722115783e-01
  1.293469183398e-01
  1.291587995265e-01
  1.293724172311e-01
  1.307521926683e-01
  1.322648067142e-01
  1.323262270744e-01
  1.320540778864e-01
  1.319863684972e-01
  1.320679665475e-01
  1.322695049863e-01
  1.324799301026e-01
  1.326656073424e-01
  1.328807974718e-01
  1.332206243679e-01
  1.335245736941e-01
  1.340008937192e-01
  1.359798403518e-01
  1.406252318309e-01
  1.386646238945e-01
  1.322456720397e-01
  1.347389997665e-01
  1.394057351479e-01
  1.470460590100e-01
  1.557902847317e-01
  1.484120136497e-01
  1.389401974448e-01
  1.338826260654e-01
  1.369445335283e-01
  1.469560319601e-01
  1.495651489165e-01
  1.509050543426e-01
  1.595102607658e-01
  1.592735674541e-01
  1.574355930148e-01
  1.543195884026e-01
  1.487027981103e-01
  1.453913933048e-01
  1.482394362047e-01
  1.513608471115e-01
  1.544199912975e-01
  1.548768149804e-01
  1.530526841285e-01
  1.556221663077e-01
  1.691442725619e-01
  1.728603087458e-01
  1.681956353913e-01
  1.680552963863e-01
  1.695695379027e-01
  1.769481844435e-01
  1.865570802359e-01
  1.782839919118e-01
  1.669888575398e-01
  1.608967669705e-01
  1.626262711255e-01
  1.711358135844e-01
  1.724045545270e-01
  1.748722561955e-01
  1.843606320485e-01
  1.905756970153e-01
  1.889477627301e-01
  1.836118830981e-01
  1.874258160667e-01
  1.854557885882e-01
  1.808607322490e-01
  1.786151042330e-01
  2.887685767840e-01
