1599
  1.413832500000e+01
  1.401551000000e+01
  1.389376500000e+01
  1.377308000000e+01
  1.365344000000e+01
  1.353484000000e+01
  1.341727000000e+01
  1.330072000000e+01
  1.318518500000e+01
  1.307065000000e+01
  1.295711000000e+01
  1.284456000000e+01
  1.273298500000e+01
  1.262238000000e+01
  1.251273500000e+01
  1.240404000000e+01
  1.229629500000e+01
  1.218948500000e+01
  1.208360000000e+01
  1.197863500000e+01
  1.187458000000e+01
  1.177143000000e+01
  1.166918000000e+01
  1.156782000000e+01
  1.146733500000e+01
  1.136772000000e+01
  1.126897500000e+01
  1.117109000000e+01
  1.107405000000e+01
  1.097785500000e+01
  1.088249500000e+01
  1.078796500000e+01
  1.069425500000e+01
  1.060135500000e+01
  1.050927000000e+01
  1.041798500000e+01
  1.032749000000e+01
  1.023778000000e+01
  1.014884500000e+01
  1.006068500000e+01
  9.973295000000e+00
  9.886662000000e+00
  9.800781000000e+00
  9.715646500000e+00
  9.631251500000e+00
  9.547589500000e+00
  9.464654500000e+00
  9.382440000000e+00
  9.300939500000e+00
  9.220146500000e+00
  9.140055500000e+00
  9.060660500000e+00
  8.981955000000e+00
  8.903933000000e+00
  8.826589000000e+00
  8.749917000000e+00
  8.673910500000e+00
  8.598564500000e+00
  8.523873000000e+00
  8.449830500000e+00
  8.376431000000e+00
  8.303669000000e+00
  8.231539000000e+00
  8.160035500000e+00
  8.089153500000e+00
  8.018887000000e+00
  7.949231000000e+00
  7.880180000000e+00
  7.811728500000e+00
  7.743872000000e+00
  7.676605000000e+00
  7.609922000000e+00
  7.543818500000e+00
  7.478289000000e+00
  7.413328500000e+00
  7.348932500000e+00
  7.285096000000e+00
  7.221814000000e+00
  7.159081500000e+00
  7.096894000000e+00
  7.035247000000e+00
  6.974135500000e+00
  6.913554500000e+00
  6.853499500000e+00
  6.793966500000e+00
  6.734951000000e+00
  6.676448000000e+00
  6.618453000000e+00
  6.560961500000e+00
  6.503969500000e+00
  6.447473000000e+00
  6.391467000000e+00
  6.335947500000e+00
  6.280910500000e+00
  6.226351000000e+00
  6.172265500000e+00
  6.118650000000e+00
  6.065500500000e+00
  6.012812500000e+00
  5.960582000000e+00
  5.908805500000e+00
  5.857478500000e+00
  5.806597500000e+00
  5.756158500000e+00
  5.706157500000e+00
  5.656591000000e+00
  5.607455000000e+00
  5.558745500000e+00
  5.510459500000e+00
  5.462593000000e+00
  5.415142000000e+00
  5.368103500000e+00
  5.321473500000e+00
  5.275248500000e+00
  5.229425000000e+00
  5.183999500000e+00
  5.138968500000e+00
  5.094328500000e+00
  5.050077000000e+00
  5.006209500000e+00
  4.962723000000e+00
  4.919614500000e+00
  4.876880000000e+00
  4.834517000000e+00
  4.792522000000e+00
  4.750891500000e+00
  4.709623000000e+00
  4.668713000000e+00
  4.628158000000e+00
  4.587955500000e+00
  4.548102000000e+00
  4.508595000000e+00
  4.469431500000e+00
  4.430607500000e+00
  4.392121000000e+00
  4.353969000000e+00
  4.316148000000e+00
  4.278655500000e+00
  4.241489000000e+00
  4.204645500000e+00
  4.168121500000e+00
  4.131915000000e+00
  4.096023500000e+00
  4.060443500000e+00
  4.025172000000e+00
  3.990207000000e+00
  3.955546500000e+00
  3.921187000000e+00
  3.887125500000e+00
  3.853359500000e+00
  3.819887000000e+00
  3.786705500000e+00
  3.753812500000e+00
  3.721205000000e+00
  3.688880500000e+00
  3.656837000000e+00
  3.625072000000e+00
  3.593583000000e+00
  3.562367000000e+00
  3.531422500000e+00
  3.500747000000e+00
  3.470337500000e+00
  3.440192500000e+00
  3.410309500000e+00
  3.380685500000e+00
  3.351319000000e+00
  3.322208000000e+00
  3.293349500000e+00
  3.264741500000e+00
  3.236382500000e+00
  3.208270000000e+00
  3.180401500000e+00
  3.152775000000e+00
  3.125388000000e+00
  3.098239000000e+00
  3.071326500000e+00
  3.044647500000e+00
  3.018200000000e+00
  2.991982500000e+00
  2.965992500000e+00
  2.940228500000e+00
  2.914688500000e+00
  2.889370000000e+00
  2.864271500000e+00
  2.839391000000e+00
  2.814726500000e+00
  2.790276000000e+00
  2.766038000000e+00
  2.742011000000e+00
  2.718192500000e+00
  2.694581000000e+00
  2.671174500000e+00
  2.647971000000e+00
  2.624969500000e+00
  2.602168000000e+00
  2.579564500000e+00
  2.557157000000e+00
  2.534944000000e+00
  2.512924000000e+00
  2.491095500000e+00
  2.469456500000e+00
  2.448005500000e+00
  2.426741000000e+00
  2.405661000000e+00
  2.384764500000e+00
  2.364049500000e+00
  2.343514000000e+00
  2.323157000000e+00
  2.302977000000e+00
  2.282972000000e+00
  2.263141000000e+00
  2.243482500000e+00
  2.223994000000e+00
  2.204675000000e+00
  2.185524500000e+00
  2.166540000000e+00
  2.147720000000e+00
  2.129064000000e+00
  2.110570000000e+00
  2.092236500000e+00
  2.074062500000e+00
  2.056046000000e+00
  2.038186000000e+00
  2.020481000000e+00
  2.002930000000e+00
  1.985531500000e+00
  1.968284000000e+00
  1.951186500000e+00
  1.934237500000e+00
  1.917436000000e+00
  1.900780500000e+00
  1.884269500000e+00
  1.867901500000e+00
  1.851676000000e+00
  1.835591500000e+00
  1.819646500000e+00
  1.803840000000e+00
  1.788171000000e+00
  1.772638000000e+00
  1.757240000000e+00
  1.741976000000e+00
  1.726844000000e+00
  1.711843500000e+00
  1.696973500000e+00
  1.682233000000e+00
  1.667620500000e+00
  1.653134500000e+00
  1.638774500000e+00
  1.624539500000e+00
  1.610428000000e+00
  1.596439000000e+00
  1.582571500000e+00
  1.568824500000e+00
  1.555197000000e+00
  1.541687500000e+00
  1.528295500000e+00
  1.515020000000e+00
  1.501859500000e+00
  1.488813500000e+00
  1.475881000000e+00
  1.463061000000e+00
  1.450352000000e+00
  1.437753500000e+00
  1.425264500000e+00
  1.412884000000e+00
  1.400611000000e+00
  1.388444500000e+00
  1.376384000000e+00
  1.364428000000e+00
  1.352576000000e+00
  1.340827000000e+00
  1.329179500000e+00
  1.317633500000e+00
  1.306188000000e+00
  1.294841500000e+00
  1.283594000000e+00
  1.272444000000e+00
  1.261391000000e+00
  1.250434000000e+00
  1.239572000000e+00
  1.228804500000e+00
  1.218130500000e+00
  1.207549500000e+00
  1.197060000000e+00
  1.186661500000e+00
  1.176353500000e+00
  1.166135000000e+00
  1.156005500000e+00
  1.145964000000e+00
  1.136009500000e+00
  1.126141500000e+00
  1.116359000000e+00
  1.106661500000e+00
  1.097048500000e+00
  1.087519000000e+00
  1.078072500000e+00
  1.068708000000e+00
  1.059424500000e+00
  1.050222000000e+00
  1.041099500000e+00
  1.032056000000e+00
  1.023091000000e+00
  1.014203500000e+00
  1.005393500000e+00
  9.966603500000e-01
  9.880028500000e-01
  9.794205500000e-01
  9.709128000000e-01
  9.624790000000e-01
  9.541184000000e-01
  9.458304000000e-01
  9.376144500000e-01
  9.294699000000e-01
  9.213960500000e-01
  9.133923000000e-01
  9.054581000000e-01
  8.975928500000e-01
  8.897959000000e-01
  8.820666500000e-01
  8.744046000000e-01
  8.668091000000e-01
  8.592795500000e-01
  8.518154000000e-01
  8.444161000000e-01
  8.370811000000e-01
  8.298098000000e-01
  8.226016500000e-01
  8.154561000000e-01
  8.083726000000e-01
  8.013506500000e-01
  7.943897500000e-01
  7.874893000000e-01
  7.806487500000e-01
  7.738676500000e-01
  7.671454500000e-01
  7.604816000000e-01
  7.538756500000e-01
  7.473271000000e-01
  7.408354500000e-01
  7.344002000000e-01
  7.280208500000e-01
  7.216969000000e-01
  7.154278500000e-01
  7.092132500000e-01
  7.030526500000e-01
  6.969456000000e-01
  6.908916000000e-01
  6.848901500000e-01
  6.789408500000e-01
  6.730432500000e-01
  6.671968500000e-01
  6.614012500000e-01
  6.556559500000e-01
  6.499605500000e-01
  6.443147000000e-01
  6.387178500000e-01
  6.331696000000e-01
  6.276696000000e-01
  6.222173500000e-01
  6.168124500000e-01
  6.114545000000e-01
  6.061431000000e-01
  6.008778500000e-01
  5.956583000000e-01
  5.904841000000e-01
  5.853548500000e-01
  5.802701500000e-01
  5.752296500000e-01
  5.702329000000e-01
  5.652795500000e-01
  5.603692500000e-01
  5.555016000000e-01
  5.506762500000e-01
  5.458928000000e-01
  5.411509000000e-01
  5.364502000000e-01
  5.317903000000e-01
  5.271709000000e-01
  5.225916500000e-01
  5.180521500000e-01
  5.135521000000e-01
  5.090911000000e-01
  5.046688500000e-01
  5.002850500000e-01
  4.959393000000e-01
  4.916313500000e-01
  4.873608000000e-01
  4.831273000000e-01
  4.789306500000e-01
  4.747704500000e-01
  4.706463500000e-01
  4.665580500000e-01
  4.625052500000e-01
  4.584877000000e-01
  4.545050500000e-01
  4.505570000000e-01
  4.466432500000e-01
  4.427634500000e-01
  4.389174000000e-01
  4.351047500000e-01
  4.313252000000e-01
  4.275785000000e-01
  4.238643000000e-01
  4.201824000000e-01
  4.165325000000e-01
  4.129143000000e-01
  4.093275000000e-01
  4.057718500000e-01
  4.022471500000e-01
  3.987530500000e-01
  3.952892500000e-01
  3.918555500000e-01
  3.884517000000e-01
  3.850774000000e-01
  3.817324000000e-01
  3.784165000000e-01
  3.751294000000e-01
  3.718708500000e-01
  3.686406000000e-01
  3.654384000000e-01
  3.622640000000e-01
  3.591171500000e-01
  3.559977000000e-01
  3.529053500000e-01
  3.498398000000e-01
  3.468009000000e-01
  3.437884500000e-01
  3.408021500000e-01
  3.378417500000e-01
  3.349070500000e-01
  3.319979000000e-01
  3.291140000000e-01
  3.262551500000e-01
  3.234211500000e-01
  3.206117500000e-01
  3.178267500000e-01
  3.150659500000e-01
  3.123291500000e-01
  3.096161000000e-01
  3.069266000000e-01
  3.042604500000e-01
  3.016175000000e-01
  2.989975000000e-01
  2.964002500000e-01
  2.938255500000e-01
  2.912732500000e-01
  2.887431000000e-01
  2.862349000000e-01
  2.837485500000e-01
  2.812838000000e-01
  2.788404000000e-01
  2.764182500000e-01
  2.740171500000e-01
  2.716368500000e-01
  2.692773000000e-01
  2.669382500000e-01
  2.646194500000e-01
  2.623208000000e-01
  2.600421500000e-01
  2.577833000000e-01
  2.555441000000e-01
  2.533243500000e-01
  2.511238500000e-01
  2.489424500000e-01
  2.467800000000e-01
  2.446363500000e-01
  2.425113000000e-01
  2.404047000000e-01
  2.383164500000e-01
  2.362463000000e-01
  2.341941000000e-01
  2.321598000000e-01
  2.301431500000e-01
  2.281440000000e-01
  2.261622500000e-01
  2.241977000000e-01
  2.222502000000e-01
  2.203196000000e-01
  2.184058000000e-01
  2.165086500000e-01
  2.146279500000e-01
  2.127635500000e-01
  2.109153500000e-01
  2.090832500000e-01
  2.072670500000e-01
  2.054666000000e-01
  2.036818000000e-01
  2.019125500000e-01
  2.001586500000e-01
  1.984199500000e-01
  1.966964000000e-01
  1.949878000000e-01
  1.932940000000e-01
  1.916149500000e-01
  1.899505000000e-01
  1.883005000000e-01
  1.866648000000e-01
  1.850433500000e-01
  1.834360000000e-01
  1.818425500000e-01
  1.802629500000e-01
  1.786971000000e-01
  1.771448500000e-01
  1.756061000000e-01
  1.740807000000e-01
  1.725685500000e-01
  1.710695500000e-01
  1.695835500000e-01
  1.681104500000e-01
  1.666501500000e-01
  1.652025500000e-01
  1.637675000000e-01
  1.623449500000e-01
  1.609347500000e-01
  1.595367500000e-01
  1.581509500000e-01
  1.567772000000e-01
  1.554153500000e-01
  1.540653000000e-01
  1.527270000000e-01
  1.514003500000e-01
  1.500852000000e-01
  1.487815000000e-01
  1.474891000000e-01
  1.462079000000e-01
  1.449379000000e-01
  1.436789000000e-01
  1.424308000000e-01
  1.411936000000e-01
  1.399671500000e-01
  1.387513000000e-01
  1.375460000000e-01
  1.363512000000e-01
  1.351668000000e-01
  1.339927000000e-01
  1.328287500000e-01
  1.316749500000e-01
  1.305312000000e-01
  1.293973000000e-01
  1.282732500000e-01
  1.271590000000e-01
  1.260544500000e-01
  1.249595000000e-01
  1.238740500000e-01
  1.227980000000e-01
  1.217313000000e-01
  1.206739000000e-01
  1.196256500000e-01
  1.185865000000e-01
  1.175564000000e-01
  1.165352500000e-01
  1.155230000000e-01
  1.145195000000e-01
  1.135247000000e-01
  1.125386000000e-01
  1.115610500000e-01
  1.105919500000e-01
  1.096313000000e-01
  1.086790000000e-01
  1.077349500000e-01
  1.067991000000e-01
  1.058714000000e-01
  1.049517500000e-01
  1.040400500000e-01
  1.031363000000e-01
  1.022404000000e-01
  1.013523000000e-01
  1.004719000000e-01
  9.959914500000e-02
  9.873399500000e-02
  9.787634500000e-02
  9.702614000000e-02
  9.618332000000e-02
  9.534782500000e-02
  9.451958500000e-02
  9.369854000000e-02
  9.288463000000e-02
  9.207778500000e-02
  9.127795000000e-02
  9.048506500000e-02
  8.969906500000e-02
  8.891989500000e-02
  8.814749000000e-02
  8.738179500000e-02
  8.662275500000e-02
  8.587030500000e-02
  8.512439000000e-02
  8.438495500000e-02
  8.365194500000e-02
  8.292530500000e-02
  8.220497500000e-02
  8.149090000000e-02
  8.078302500000e-02
  8.008130000000e-02
  7.938567500000e-02
  7.869609000000e-02
  7.801249500000e-02
  7.733484000000e-02
  7.666307000000e-02
  7.599713500000e-02
  7.533698500000e-02
  7.468257000000e-02
  7.403384000000e-02
  7.339074500000e-02
  7.275323500000e-02
  7.212126500000e-02
  7.149478500000e-02
  7.087374500000e-02
  7.025810000000e-02
  6.964780000000e-02
  6.904280500000e-02
  6.844306500000e-02
  6.784853000000e-02
  6.725916500000e-02
  6.667492000000e-02
  6.609574500000e-02
  6.552160500000e-02
  6.495245500000e-02
  6.438824500000e-02
  6.382893500000e-02
  6.327448500000e-02
  6.272485000000e-02
  6.217999000000e-02
  6.163986000000e-02
  6.110442500000e-02
  6.057364500000e-02
  6.004747000000e-02
  5.952586500000e-02
  5.900879000000e-02
  5.849621000000e-02
  5.798808500000e-02
  5.748437000000e-02
  5.698503000000e-02
  5.649003000000e-02
  5.599933000000e-02
  5.551289000000e-02
  5.503067500000e-02
  5.455265000000e-02
  5.407878000000e-02
  5.360902500000e-02
  5.314335000000e-02
  5.268172000000e-02
  5.222410000000e-02
  5.177045500000e-02
  5.132075000000e-02
  5.087495500000e-02
  5.043303000000e-02
  4.999494000000e-02
  4.956066000000e-02
  4.913015000000e-02
  4.870338000000e-02
  4.828032000000e-02
  4.786093000000e-02
  4.744518500000e-02
  4.703305500000e-02
  4.662450500000e-02
  4.621950000000e-02
  4.581801000000e-02
  4.542001000000e-02
  4.502547000000e-02
  4.463435500000e-02
  4.424664000000e-02
  4.386229000000e-02
  4.348128000000e-02
  4.310358000000e-02
  4.272916000000e-02
  4.235799500000e-02
  4.199005000000e-02
  4.162530500000e-02
  4.126372500000e-02
  4.090528500000e-02
  4.054996500000e-02
  4.019773000000e-02
  3.984855000000e-02
  3.950240500000e-02
  3.915926500000e-02
  3.881910500000e-02
  3.848190500000e-02
  3.814763000000e-02
  3.781626000000e-02
  3.748777000000e-02
  3.716213000000e-02
  3.683932000000e-02
  3.651931500000e-02
  3.620209000000e-02
  3.588762000000e-02
  3.557588500000e-02
  3.526685500000e-02
  3.496050500000e-02
  3.465682000000e-02
  3.435577500000e-02
  3.405734500000e-02
  3.376150500000e-02
  3.346823500000e-02
  3.317751500000e-02
  3.288932000000e-02
  3.260362500000e-02
  3.232041500000e-02
  3.203966500000e-02
  3.176135000000e-02
  3.124067000000e-02
  3.048564000000e-02
  2.974885500000e-02
  2.902988000000e-02
  2.832828500000e-02
  2.764364500000e-02
  2.697555000000e-02
  2.632360000000e-02
  2.568740500000e-02
  2.506659000000e-02
  2.446078000000e-02
  2.386961000000e-02
  2.329272500000e-02
  2.272978500000e-02
  2.218045000000e-02
  2.164439000000e-02
  2.112128500000e-02
  2.061082000000e-02
  2.011269500000e-02
  1.962661000000e-02
  1.915227000000e-02
  1.868939500000e-02
  1.823771000000e-02
  1.779694000000e-02
  1.736682000000e-02
  1.694709500000e-02
  1.653751500000e-02
  1.613783500000e-02
  1.574781500000e-02
  1.536722000000e-02
  1.499582500000e-02
  1.463340500000e-02
  1.427974000000e-02
  1.393462500000e-02
  1.359785000000e-02
  1.326921500000e-02
  1.294852500000e-02
  1.263558500000e-02
  1.233020500000e-02
  1.203220500000e-02
  1.174141000000e-02
  1.145764000000e-02
  1.118073000000e-02
  1.091051500000e-02
  1.064683000000e-02
  1.038951500000e-02
  1.013842000000e-02
  9.893394500000e-03
  9.654289000000e-03
  9.420963000000e-03
  9.193276000000e-03
  8.971091500000e-03
  8.754277000000e-03
  8.542702500000e-03
  8.336241500000e-03
  8.134770500000e-03
  7.938168000000e-03
  7.746317000000e-03
  7.559103000000e-03
  7.376414000000e-03
  7.198140000000e-03
  7.024174500000e-03
  6.854413500000e-03
  6.688755000000e-03
  6.527100500000e-03
  6.369352500000e-03
  6.215417000000e-03
  6.065202000000e-03
  5.918617500000e-03
  5.775576000000e-03
  5.635991000000e-03
  5.499779500000e-03
  5.366860000000e-03
  5.237153000000e-03
  5.110581000000e-03
  4.987068000000e-03
  4.866540000000e-03
  4.748924500000e-03
  4.634152000000e-03
  4.522153500000e-03
  4.412861500000e-03
  4.306211000000e-03
  4.202138000000e-03
  4.100580000000e-03
  4.001476500000e-03
  3.904768500000e-03
  3.810397500000e-03
  3.718307000000e-03
  3.628442500000e-03
  3.540750000000e-03
  3.455177000000e-03
  3.371672000000e-03
  3.290185000000e-03
  3.210667500000e-03
  3.133071500000e-03
  3.057351000000e-03
  2.983460500000e-03
  2.911355500000e-03
  2.840993500000e-03
  2.772332000000e-03
  2.705330000000e-03
  2.639947500000e-03
  2.576145000000e-03
  2.513884500000e-03
  2.453128500000e-03
  2.393841000000e-03
  2.335986500000e-03
  2.279530000000e-03
  2.224438000000e-03
  2.170677500000e-03
  2.118216000000e-03
  2.067022500000e-03
  2.017066500000e-03
  1.968318000000e-03
  1.920747500000e-03
  1.874326500000e-03
  1.829027500000e-03
  1.784823500000e-03
  1.741687500000e-03
  1.699594000000e-03
  1.658518000000e-03
  1.618435000000e-03
  1.579320500000e-03
  1.541151000000e-03
  1.503904500000e-03
  1.467558000000e-03
  1.432090000000e-03
  1.397479000000e-03
  1.363704500000e-03
  1.330746500000e-03
  1.298584500000e-03
  1.267200000000e-03
  1.236574500000e-03
  1.206689000000e-03
  1.177525500000e-03
  1.149067000000e-03
  1.121296000000e-03
  1.094196000000e-03
  1.067751500000e-03
  1.041946000000e-03
  1.016764000000e-03
  9.921908000000e-04
  9.682115500000e-04
  9.448117000000e-04
  9.219773500000e-04
  8.996948500000e-04
  8.779509500000e-04
  8.567325500000e-04
  8.360269000000e-04
  8.158217000000e-04
  7.961048500000e-04
  7.768644500000e-04
  7.580890500000e-04
  7.397675000000e-04
  7.218887000000e-04
  7.044420000000e-04
  6.874170000000e-04
  6.708034000000e-04
  6.545913000000e-04
  6.387710500000e-04
  6.233331500000e-04
  6.082683500000e-04
  5.935676500000e-04
  5.792222500000e-04
  5.652235500000e-04
  5.515631500000e-04
  5.382329000000e-04
  5.252248000000e-04
  5.125311000000e-04
  5.001442000000e-04
  4.880566500000e-04
  4.762612500000e-04
  4.647509000000e-04
  4.535187500000e-04
  4.425580500000e-04
  4.318622500000e-04
  4.214249500000e-04
  4.112399000000e-04
  4.013010000000e-04
  3.916023000000e-04
  3.821380000000e-04
  3.729024500000e-04
  3.638901000000e-04
  3.550955500000e-04
  3.465135500000e-04
  3.381389500000e-04
  3.299668000000e-04
  3.219921000000e-04
  3.142101500000e-04
  3.066163000000e-04
  2.992059500000e-04
  2.919747000000e-04
  2.849182000000e-04
  2.780322500000e-04
  2.713127500000e-04
  2.647556500000e-04
  2.583570000000e-04
  2.521130000000e-04
  2.460199000000e-04
  2.400740500000e-04
  2.342719000000e-04
  2.286100000000e-04
  2.230849500000e-04
  2.176934000000e-04
  2.124321500000e-04
  2.072980500000e-04
  2.022880500000e-04
  1.973991500000e-04
  1.926284000000e-04
  1.879729000000e-04
  1.834299000000e-04
  1.789967500000e-04
  1.746707500000e-04
  1.704493000000e-04
  1.663298500000e-04
  1.623099500000e-04
  1.583872500000e-04
  1.545593500000e-04
  1.508239500000e-04
  1.471788000000e-04
  1.436217500000e-04
  1.401507000000e-04
  1.367635000000e-04
  1.334581500000e-04
  1.302327500000e-04
  1.270853000000e-04
  1.240138500000e-04
  1.210166500000e-04
  1.180919000000e-04
  1.152378500000e-04
  1.124528000000e-04
  1.097350000000e-04
  1.070829000000e-04
  1.044949500000e-04
  1.019695000000e-04
  9.950507000000e-05
  9.710022000000e-05
  9.475349000000e-05
  9.246347500000e-05
  9.022880500000e-05
  8.804814500000e-05
  8.592018500000e-05
  8.384365500000e-05
  8.181731000000e-05
  7.983994000000e-05
  7.791036000000e-05
  7.602741000000e-05
  7.418997000000e-05
  7.239694000000e-05
  7.064724000000e-05
  6.893983000000e-05
  6.727368500000e-05
  6.564780500000e-05
  6.406122000000e-05
  6.251298000000e-05
  6.100216000000e-05
  5.952785000000e-05
  5.808917000000e-05
  5.668526500000e-05
  5.531529000000e-05
  5.397842500000e-05
  5.267387000000e-05
  5.140084000000e-05
  5.015857500000e-05
  4.894633500000e-05
  4.776339500000e-05
  4.660904500000e-05
  4.548259000000e-05
  4.438336000000e-05
  4.331070000000e-05
  4.226396000000e-05
  4.124252000000e-05
  4.024576500000e-05
  3.927310000000e-05
  3.832394500000e-05
  3.739772500000e-05
  3.649389000000e-05
  3.561190000000e-05
  3.475123000000e-05
  3.391136000000e-05
  3.309178500000e-05
  3.229202000000e-05
  3.151158000000e-05
  3.075000000000e-05
  3.000683000000e-05
  2.928162500000e-05
  2.857394500000e-05
  2.788336500000e-05
  2.720947500000e-05
  2.655187500000e-05
  2.591017000000e-05
  2.528396500000e-05
  2.467289500000e-05
  2.407660000000e-05
  2.349471500000e-05
  2.292689000000e-05
  2.237279000000e-05
  2.183208500000e-05
  2.130444500000e-05
  2.078955500000e-05
  2.028711000000e-05
  1.979681000000e-05
  1.931836000000e-05
  1.885147000000e-05
  1.839586500000e-05
  1.795127000000e-05
  1.751742000000e-05
  1.709406000000e-05
  1.668093000000e-05
  1.627778000000e-05
  1.588437500000e-05
  1.550048000000e-05
  1.512586500000e-05
  1.476030000000e-05
  1.440357000000e-05
  1.405546500000e-05
  1.371577000000e-05
  1.338428500000e-05
  1.306081000000e-05
  1.274515500000e-05
  1.243713000000e-05
  1.213655000000e-05
  1.184323500000e-05
  1.155700500000e-05
  1.127769000000e-05
  1.100513000000e-05
  1.073916000000e-05
  1.047961500000e-05
  1.022634000000e-05
  9.979186500000e-06
  9.738009000000e-06
  9.502659500000e-06
  9.272998000000e-06
  9.048887000000e-06
  8.830192500000e-06
  8.616783500000e-06
  8.408532000000e-06
  8.205313500000e-06
  8.007006000000e-06
  7.813491500000e-06
  7.624654500000e-06
  7.440381000000e-06
  7.260560500000e-06
  7.085086500000e-06
  6.913853500000e-06
  6.746758500000e-06
  6.583702000000e-06
  6.424586000000e-06
  6.269315500000e-06
  6.117798000000e-06
  5.969942500000e-06
  5.825660500000e-06
  5.684865000000e-06
  5.547472000000e-06
  5.413400000000e-06
  5.282568500000e-06
  5.154899000000e-06
  5.030315000000e-06
  4.908741500000e-06
  4.790106000000e-06
  4.674338500000e-06
  4.561368500000e-06
  4.451128500000e-06
  4.343553000000e-06
  4.238577500000e-06
  4.136139500000e-06
  4.036177000000e-06
  3.938630000000e-06
  3.843440500000e-06
  3.750551500000e-06
  3.659907500000e-06
  3.571454500000e-06
  3.485139500000e-06
  3.400910500000e-06
  3.318716500000e-06
  3.238509000000e-06
  3.160240500000e-06
  3.083863500000e-06
  3.009332500000e-06
  2.936602500000e-06
  2.865630000000e-06
  2.796373000000e-06
  2.728790000000e-06
  2.662840500000e-06
  2.598484500000e-06
  2.535684000000e-06
  2.474401500000e-06
  2.414600000000e-06
  2.356243500000e-06
  2.299297500000e-06
  2.243728000000e-06
  2.189501000000e-06
  2.136584500000e-06
  2.084947500000e-06
  2.034558500000e-06
  1.985387000000e-06
  1.937404000000e-06
  1.890580500000e-06
  1.844888500000e-06
  1.800301000000e-06
  1.756999000000e-06
  1.714946000000e-06
  1.673899500000e-06
  1.633835500000e-06
  1.594730500000e-06
  1.556561500000e-06
  1.519306000000e-06
  1.482942000000e-06
  1.447448500000e-06
  1.412804500000e-06
  1.378989500000e-06
  1.345984500000e-06
  1.313769000000e-06
  1.282324500000e-06
  1.251633000000e-06
  1.221675500000e-06
  1.192435000000e-06
  1.163895000000e-06
  1.136038000000e-06
  1.108847500000e-06
  1.082307500000e-06
  1.056403000000e-06
  1.031118500000e-06
  1.006438950000e-06
  9.823505000000e-07
  9.588384500000e-07
  9.358891000000e-07
  9.134890500000e-07
  8.916251500000e-07
  8.702845000000e-07
  8.494546500000e-07
  8.291234000000e-07
  8.092787500000e-07
  7.899090500000e-07
  7.710029500000e-07
  7.525493500000e-07
  7.345374500000e-07
  7.169567000000e-07
  6.997967000000e-07
  6.830474000000e-07
  6.666990000000e-07
  6.507418500000e-07
  6.351666500000e-07
  6.199642500000e-07
  6.051257000000e-07
  5.906423500000e-07
  5.765056000000e-07
  5.627072000000e-07
  5.492391000000e-07
  5.360933500000e-07
  5.232622000000e-07
  5.107381500000e-07
  4.985139000000e-07
  4.865822000000e-07
  4.749361000000e-07
  4.635687500000e-07
  4.524734500000e-07
  4.416437000000e-07
  4.310732000000e-07
  4.207557000000e-07
  4.106851000000e-07
  4.008555500000e-07
  3.912612500000e-07
  3.818966000000e-07
  3.727561000000e-07
  3.638343500000e-07
  3.551261500000e-07
  3.466264000000e-07
  3.383300500000e-07
  3.302323000000e-07
  3.223284000000e-07
  3.146136000000e-07
  3.070834500000e-07
  2.997335500000e-07
  2.925596000000e-07
  2.855573500000e-07
  2.787226500000e-07
  2.720515500000e-07
  2.655401500000e-07
  2.591846000000e-07
  2.529811000000e-07
  2.469261000000e-07
  2.410160500000e-07
  2.352474500000e-07
  2.296169500000e-07
  2.241212000000e-07
  2.187569500000e-07
  2.135211000000e-07
  2.084106000000e-07
  2.034224000000e-07
  1.985535500000e-07
  1.938012500000e-07
  1.891627500000e-07
  1.846352500000e-07
  1.802160500000e-07
  1.759026500000e-07
  1.716925500000e-07
  1.675832000000e-07
  1.635721500000e-07
  1.596571000000e-07
  1.558358000000e-07
  1.521059500000e-07
  1.484653500000e-07
  1.449119000000e-07
  1.414435000000e-07
  1.380581500000e-07
  1.347538000000e-07
  1.315285000000e-07
  1.283804500000e-07
  1.253077500000e-07
  1.223085500000e-07
  1.193811500000e-07
  1.165238500000e-07
  1.137349000000e-07
  1.110127000000e-07
  1.083556500000e-07
  1.057622000000e-07
  1.032308500000e-07
  1.007600750000e-07
  9.834843500000e-08
  9.599451500000e-08
  9.369693000000e-08
  9.145433500000e-08
  8.926542000000e-08
  8.712890000000e-08
  8.504351500000e-08
  8.300804000000e-08
  8.102128000000e-08
  7.908207500000e-08
  7.718928500000e-08
  7.534179500000e-08
  7.353852500000e-08
  7.177841500000e-08
  7.006043500000e-08
  6.838357500000e-08
  6.674685000000e-08
  6.514929500000e-08
  6.358997500000e-08
  6.206798000000e-08
  6.058241500000e-08
  5.913240500000e-08
  5.771710000000e-08
  5.633567000000e-08
  5.498730500000e-08
  5.367121000000e-08
  5.238661500000e-08
  5.113277000000e-08
  4.990893000000e-08
  4.871438000000e-08
  4.754842500000e-08
  4.641038000000e-08
  4.529957000000e-08
  4.421534500000e-08
  4.315707500000e-08
  4.212413500000e-08
  4.111591500000e-08
  4.013182500000e-08
  3.917129000000e-08
  3.823374500000e-08
  3.731863500000e-08
  3.642543000000e-08
  3.555360500000e-08
  3.470264500000e-08
  3.387205500000e-08
  3.306134500000e-08
  3.227004000000e-08
  3.149767500000e-08
  3.074379000000e-08
  3.000795000000e-08
  2.928972500000e-08
  2.858869000000e-08
  2.790443500000e-08
  2.723655500000e-08
  2.658466000000e-08
  2.594837000000e-08
  2.532731000000e-08
  2.472111500000e-08
  2.412942500000e-08
  2.355189500000e-08
  2.298819500000e-08
  2.243798500000e-08
  2.190094000000e-08
  2.137675000000e-08
  2.086511000000e-08
  2.036571500000e-08
  1.987827000000e-08
  1.940249500000e-08
  1.893810500000e-08
  1.848483000000e-08
  1.804240500000e-08
  1.761057000000e-08
  1.718907000000e-08
  1.677765500000e-08
  1.637609000000e-08
  1.598414000000e-08
  1.560157000000e-08
  1.522815000000e-08
  1.486367000000e-08
  1.450792000000e-08
  1.416068000000e-08
  1.382175000000e-08
  1.349093500000e-08
  1.316803500000e-08
  1.285286500000e-08
  1.254524000000e-08
  1.224497500000e-08
  1.195189500000e-08
  1.166583000000e-08
  1.138661500000e-08
  1.111408500000e-08
  1.084807500000e-08
  1.058843000000e-08
  1.033500000000e-08
  1.008763700000e-08
  9.846194500000e-09
  9.610530500000e-09
  9.380507500000e-09
  9.155989500000e-09
  8.936845000000e-09
  8.722946000000e-09
  8.514167000000e-09
  8.310384500000e-09
  8.111479500000e-09
  7.917335500000e-09
  7.727838000000e-09
  7.542876000000e-09
  7.362340500000e-09
  7.186126500000e-09
  7.014130500000e-09
  6.846250500000e-09
  6.682388500000e-09
  6.522449000000e-09
  6.366337500000e-09
  6.213962000000e-09
  6.065234000000e-09
  5.920066000000e-09
  5.778372000000e-09
  5.640069500000e-09
  5.505077000000e-09
  5.373315500000e-09
  5.244708000000e-09
  5.119178500000e-09
  4.996653500000e-09
  4.877061000000e-09
  4.760331000000e-09
  4.646395000000e-09
  4.535185500000e-09
  4.426638000000e-09
  4.320689000000e-09
  4.217275500000e-09
  4.116337000000e-09
  4.017814500000e-09
  3.921650000000e-09
  3.827787000000e-09
  3.736171000000e-09
  3.646747500000e-09
  3.559464000000e-09
  3.474270000000e-09
  3.391115000000e-09
  3.309950500000e-09
  3.230728500000e-09
  3.153402500000e-09
  3.077927500000e-09
  3.004259000000e-09
  2.932353500000e-09
  2.862169000000e-09
  2.793664500000e-09
  2.726799500000e-09
  2.661535000000e-09
  2.597832500000e-09
  2.535654500000e-09
  2.474964500000e-09
  2.415727500000e-09
  2.357908500000e-09
  2.301473000000e-09
  2.246388500000e-09
  2.192622500000e-09
  2.140143000000e-09
  2.088919500000e-09
  2.038922000000e-09
  1.990121500000e-09
  1.942489000000e-09
  1.895996500000e-09
  1.850617000000e-09
  1.806323500000e-09
  1.763090000000e-09
  1.720891000000e-09
  1.679702000000e-09
  1.639499500000e-09
  1.600259000000e-09
  1.561957500000e-09
  1.524573000000e-09
  1.488083000000e-09
  1.452466500000e-09
  1.417702500000e-09
  1.383770500000e-09
  1.350650500000e-09
  1.318323000000e-09
  1.286769500000e-09
  1.255971500000e-09
  1.225910500000e-09
  1.196569000000e-09
  1.167929500000e-09
  1.139975500000e-09
  1.112691000000e-09
  1.086059500000e-09
  1.060065000000e-09
  1.034692500000e-09
  1.009927800000e-09
  9.857559000000e-10
  9.621623000000e-10
  9.391334500000e-10
  9.166557500000e-10
  8.947160000000e-10
  8.733014000000e-10
  8.523994000000e-10
  8.319976500000e-10
  8.120841500000e-10
  7.926473000000e-10
  7.736757000000e-10
  7.551581500000e-10
  7.370838000000e-10
  7.194421000000e-10
  7.022226000000e-10
  6.854152000000e-10
  6.690101500000e-10
  6.529977500000e-10
  6.373685500000e-10
  6.221134500000e-10
  6.072234500000e-10
  5.926898500000e-10
  5.785041500000e-10
  5.646579500000e-10
  5.511431000000e-10
  5.379517500000e-10
  5.250761500000e-10
  5.125087000000e-10
  5.002420500000e-10
  4.882690000000e-10
  4.765825500000e-10
  4.651758000000e-10
  4.540420500000e-10
  4.431747500000e-10
  4.325675500000e-10
  4.222142500000e-10
  4.121087500000e-10
  4.022451500000e-10
  3.926176000000e-10
  3.832205000000e-10
  3.740483500000e-10
  3.650956500000e-10
  3.563572500000e-10
  3.478280500000e-10
  3.395029500000e-10
  3.313771000000e-10
  3.234457500000e-10
  3.157042500000e-10
  3.081480000000e-10
  3.007726000000e-10
  2.935738000000e-10
  2.865472500000e-10
  2.796888500000e-10
  2.729946500000e-10
  2.664606500000e-10
  2.600830500000e-10
  2.538581000000e-10
  2.477821000000e-10
  2.418515500000e-10
  2.360629500000e-10
  2.304129000000e-10
  2.248981000000e-10
  2.195153000000e-10
  2.142613000000e-10
  2.091330500000e-10
  2.041275500000e-10
  1.992418500000e-10
  1.944731000000e-10
  1.898185000000e-10
  1.852753000000e-10
  1.808408000000e-10
  1.765124500000e-10
  1.722877000000e-10
  1.681641000000e-10
  1.641392000000e-10
  1.602106000000e-10
  1.563760500000e-10
  1.526332500000e-10
  1.489800500000e-10
  1.454143000000e-10
  1.419338500000e-10
  1.385367500000e-10
  1.352209500000e-10
  1.319845000000e-10
  1.288255000000e-10
  1.257421000000e-10
  1.227325500000e-10
  1.197950000000e-10
  1.169277500000e-10
  1.141291500000e-10
  1.113975500000e-10
  1.087313000000e-10
  1.061288500000e-10
  1.035887000000e-10
  1.011093550000e-10
  9.868936500000e-11
  9.632728500000e-11
  9.402174000000e-11
  9.177137500000e-11
  8.957487000000e-11
  8.743094000000e-11
  8.533832500000e-11
  8.329579500000e-11
  8.130215000000e-11
  7.935622000000e-11
  7.745687000000e-11
  7.560298000000e-11
  7.379346000000e-11
  7.202725000000e-11
  7.030331000000e-11
  6.862063500000e-11
  6.697823500000e-11
  6.537514000000e-11
  6.381041500000e-11
  6.228314500000e-11
  6.079243000000e-11
  5.933739500000e-11
  5.791718500000e-11
  5.653096500000e-11
  5.517792500000e-11
  5.385727000000e-11
  5.256822000000e-11
  5.131002500000e-11
  5.008194500000e-11
  4.888325500000e-11
  4.771326000000e-11
  4.657127000000e-11
  4.545661000000e-11
  4.436862500000e-11
  4.330668000000e-11
  4.227015500000e-11
  4.125844000000e-11
  4.027094000000e-11
  3.930707500000e-11
  3.836628000000e-11
  3.744800500000e-11
  3.655170500000e-11
  3.567685500000e-11
  3.482295000000e-11
  3.398948000000e-11
  3.317595500000e-11
  3.238190500000e-11
  3.160686000000e-11
  3.085036500000e-11
  3.011198000000e-11
  2.939126500000e-11
  2.868779500000e-11
  2.800116500000e-11
  2.733097500000e-11
  2.667682500000e-11
  2.603832500000e-11
  2.541511000000e-11
  2.480681500000e-11
  2.421307500000e-11
  2.363354500000e-11
  2.306788500000e-11
  2.251576500000e-11
  2.197686500000e-11
  2.145086000000e-11
  2.093744000000e-11
  2.043631500000e-11
  1.994718500000e-11
  1.946976000000e-11
  1.900376000000e-11
  1.854891000000e-11
  1.810495000000e-11
  1.767162000000e-11
  1.724866000000e-11
  1.683582000000e-11
  1.643286000000e-11
  1.603955000000e-11
  1.565565500000e-11
  1.528094500000e-11
  1.491520000000e-11
  1.455821000000e-11
  1.420977000000e-11
  1.386966500000e-11
  1.353770000000e-11
  1.321368500000e-11
  1.289742000000e-11
  1.258872500000e-11
  1.228742000000e-11
  1.199332500000e-11
  1.170627000000e-11
  1.142608500000e-11
  1.115261000000e-11
  1.088568000000e-11
  1.062513500000e-11
  1.037082500000e-11
  5.122605000000e-12
