1599
  5.208603442474e+03
  5.185916910163e+03
  5.163280291045e+03
  5.140813452744e+03
  5.118456517130e+03
  5.096084007916e+03
  5.073962312491e+03
  5.051893069761e+03
  5.029886335838e+03
  5.007946567697e+03
  4.986105393094e+03
  4.964386273573e+03
  4.942831618080e+03
  4.921369149204e+03
  4.899972674013e+03
  4.878646717496e+03
  4.857410229162e+03
  4.836277680631e+03
  4.815211703211e+03
  4.794240725738e+03
  4.773357084118e+03
  4.752573861351e+03
  4.731879568328e+03
  4.711269077154e+03
  4.690771605878e+03
  4.670341926400e+03
  4.650015717143e+03
  4.629785452925e+03
  4.609654986276e+03
  4.589674873193e+03
  4.569690704183e+03
  4.549809334367e+03
  4.530016833057e+03
  4.510299687070e+03
  4.490672559441e+03
  4.471129561345e+03
  4.451668416116e+03
  4.432291126307e+03
  4.412988262488e+03
  4.393781660062e+03
  4.374673130502e+03
  4.355632304596e+03
  4.336672561575e+03
  4.317794916761e+03
  4.298997675828e+03
  4.280282842624e+03
  4.261634268742e+03
  4.243053687702e+03
  4.224544562922e+03
  4.206093813719e+03
  4.187779318603e+03
  4.169609635852e+03
  4.151510295620e+03
  4.133414554839e+03
  4.115460649050e+03
  4.097564653424e+03
  4.079725519059e+03
  4.061954469307e+03
  4.044242298478e+03
  4.026574305285e+03
  4.009105742581e+03
  3.991734589004e+03
  3.974314511607e+03
  3.956998694906e+03
  3.939839657471e+03
  3.922639277230e+03
  3.905600083736e+03
  3.888588162802e+03
  3.871627717436e+03
  3.854825726320e+03
  3.838012640190e+03
  3.821357397135e+03
  3.804623258665e+03
  3.788125614510e+03
  3.771676969177e+03
  3.755249295403e+03
  3.738896420949e+03
  3.722584981448e+03
  3.706415029761e+03
  3.690258144050e+03
  3.674239306483e+03
  3.658248739472e+03
  3.642299216847e+03
  3.626415527577e+03
  3.610668294621e+03
  3.594964726429e+03
  3.579318869127e+03
  3.563744585912e+03
  3.548235347773e+03
  3.532793986832e+03
  3.517418985513e+03
  3.502112641354e+03
  3.486862855223e+03
  3.471682190160e+03
  3.456563270490e+03
  3.441532353730e+03
  3.426557616349e+03
  3.411634910343e+03
  3.396774553763e+03
  3.382002499785e+03
  3.367271744015e+03
  3.352627318390e+03
  3.338038347955e+03
  3.323507619921e+03
  3.309015699389e+03
  3.294638806764e+03
  3.280297616024e+03
  3.265993662436e+03
  3.251798164183e+03
  3.237639979859e+03
  3.223550040123e+03
  3.209518138992e+03
  3.195553176388e+03
  3.181634376810e+03
  3.167797412099e+03
  3.154009609804e+03
  3.140284364828e+03
  3.126614036663e+03
  3.113004610751e+03
  3.099461131658e+03
  3.085957088094e+03
  3.072523737744e+03
  3.059160350867e+03
  3.045845261561e+03
  3.032585095102e+03
  3.019390630058e+03
  3.006246749421e+03
  2.993157532227e+03
  2.980133380872e+03
  2.967164291407e+03
  2.954247079744e+03
  2.941387659566e+03
  2.928589940196e+03
  2.915839262785e+03
  2.903148810589e+03
  2.890513426787e+03
  2.877928730826e+03
  2.865406263055e+03
  2.852933142286e+03
  2.840515799733e+03
  2.828151200572e+03
  2.815841435548e+03
  2.803585516482e+03
  2.791381664566e+03
  2.779229758982e+03
  2.767132745823e+03
  2.755089205496e+03
  2.743097337298e+03
  2.731160227090e+03
  2.719271149062e+03
  2.707434949992e+03
  2.695650859851e+03
  2.683919453637e+03
  2.672230384944e+03
  2.660602791050e+03
  2.649024871758e+03
  2.637492679573e+03
  2.626013358596e+03
  2.614579940546e+03
  2.603201501888e+03
  2.591872541552e+03
  2.580588315278e+03
  2.569356654161e+03
  2.558174006436e+03
  2.547037345334e+03
  2.535954123576e+03
  2.524913103907e+03
  2.513923560905e+03
  2.502984227198e+03
  2.492088762583e+03
  2.481241927424e+03
  2.470437445661e+03
  2.459688177984e+03
  2.448981559614e+03
  2.438322424188e+03
  2.427710287391e+03
  2.417142080070e+03
  2.406621631178e+03
  2.396147751150e+03
  2.385716786903e+03
  2.375332028650e+03
  2.364993940671e+03
  2.354699365059e+03
  2.344451086107e+03
  2.334244318014e+03
  2.324084189544e+03
  2.313966423092e+03
  2.303898123377e+03
  2.293866936755e+03
  2.283885336675e+03
  2.273942952832e+03
  2.264047074562e+03
  2.254190923610e+03
  2.244379710118e+03
  2.234612198773e+03
  2.224883998890e+03
  2.215200445755e+03
  2.205558893755e+03
  2.195958163180e+03
  2.186399961206e+03
  2.176879388929e+03
  2.167408187574e+03
  2.157973923296e+03
  2.148581408073e+03
  2.139228868701e+03
  2.129918008448e+03
  2.120646948332e+03
  2.111416335936e+03
  2.102225982985e+03
  2.093076374416e+03
  2.083966134986e+03
  2.074894894075e+03
  2.065863245578e+03
  2.056871456573e+03
  2.047918276921e+03
  2.039004770977e+03
  2.030129074380e+03
  2.021292990708e+03
  2.012495705960e+03
  2.003735600652e+03
  1.995013174205e+03
  1.986328754362e+03
  1.977684415137e+03
  1.969075575985e+03
  1.960504416381e+03
  1.951972094194e+03
  1.943474848627e+03
  1.935015927840e+03
  1.926593326396e+03
  1.918208276652e+03
  1.909858842016e+03
  1.901545214657e+03
  1.893269128243e+03
  1.885027613674e+03
  1.876822181629e+03
  1.868654145038e+03
  1.860520125487e+03
  1.852421272546e+03
  1.844358632585e+03
  1.836330802921e+03
  1.828338365142e+03
  1.820379844099e+03
  1.812455795283e+03
  1.804565916234e+03
  1.796712437279e+03
  1.788891786075e+03
  1.781105333901e+03
  1.773353039790e+03
  1.765633347552e+03
  1.757949260635e+03
  1.750296743455e+03
  1.742677914445e+03
  1.735092948929e+03
  1.727540010861e+03
  1.720020540390e+03
  1.712534542154e+03
  1.705080115802e+03
  1.697657945259e+03
  1.690269272131e+03
  1.682911287091e+03
  1.675586355038e+03
  1.668292429426e+03
  1.661031088492e+03
  1.653802032404e+03
  1.646603353670e+03
  1.639435909450e+03
  1.632300243386e+03
  1.625195719070e+03
  1.618120871592e+03
  1.611077994459e+03
  1.604065343206e+03
  1.597083126778e+03
  1.590131992735e+03
  1.583210601350e+03
  1.576319609255e+03
  1.569458572610e+03
  1.562625981546e+03
  1.555825024450e+03
  1.549053230520e+03
  1.542310676381e+03
  1.535597290141e+03
  1.528912642001e+03
  1.522257963196e+03
  1.515632816539e+03
  1.509035536932e+03
  1.502466807174e+03
  1.495926578808e+03
  1.489415529947e+03
  1.482932558452e+03
  1.476477601207e+03
  1.470050937736e+03
  1.463652472345e+03
  1.457281086316e+03
  1.450938251431e+03
  1.444623023605e+03
  1.438335048000e+03
  1.432074463369e+03
  1.425840943165e+03
  1.419634815552e+03
  1.413455731061e+03
  1.407303454592e+03
  1.401177779080e+03
  1.395078581289e+03
  1.389006156096e+03
  1.382960395354e+03
  1.376940666319e+03
  1.370947188784e+03
  1.364979949099e+03
  1.359038550895e+03
  1.353123140421e+03
  1.347233336873e+03
  1.341369373579e+03
  1.335530691493e+03
  1.329717554993e+03
  1.323929550002e+03
  1.318167016903e+03
  1.312429299207e+03
  1.306716572314e+03
  1.301028795690e+03
  1.295365819396e+03
  1.289727632041e+03
  1.284113462797e+03
  1.278524498756e+03
  1.272959410801e+03
  1.267418587042e+03
  1.261901940283e+03
  1.256409245151e+03
  1.250940538461e+03
  1.245495344813e+03
  1.240074118611e+03
  1.234676531455e+03
  1.229302217343e+03
  1.223951533109e+03
  1.218623916650e+03
  1.213319669219e+03
  1.208038177844e+03
  1.202780182401e+03
  1.197544813276e+03
  1.192332106160e+03
  1.187142278278e+03
  1.181975104749e+03
  1.176830396444e+03
  1.171707921116e+03
  1.166607613836e+03
  1.161529743384e+03
  1.156473934477e+03
  1.151440175314e+03
  1.146428241735e+03
  1.141438359295e+03
  1.136469922130e+03
  1.131523280193e+03
  1.126598076686e+03
  1.121694296801e+03
  1.116811791184e+03
  1.111950633840e+03
  1.107110623166e+03
  1.102291672841e+03
  1.097493767151e+03
  1.092716570291e+03
  1.087960387276e+03
  1.083224890324e+03
  1.078509906052e+03
  1.073815356161e+03
  1.069141484448e+03
  1.064487717417e+03
  1.059854100118e+03
  1.055240909097e+03
  1.050647953268e+03
  1.046074466726e+03
  1.041521393832e+03
  1.036988005823e+03
  1.032474204664e+03
  1.027980195960e+03
  1.023505723590e+03
  1.019050737274e+03
  1.014615119012e+03
  1.010198860250e+03
  1.005801372985e+03
  1.001423218504e+03
  9.970645784876e+02
  9.927252880533e+02
  9.884040437586e+02
  9.841018143363e+02
  9.798177147124e+02
  9.755527062131e+02
  9.713066308190e+02
  9.670787066676e+02
  9.628697945783e+02
  9.586780979443e+02
  9.545053893991e+02
  9.503508028678e+02
  9.462143383644e+02
  9.420959374345e+02
  9.379947922529e+02
  9.339125897120e+02
  9.298467798476e+02
  9.257999142709e+02
  9.217702602505e+02
  9.177578315473e+02
  9.137635148659e+02
  9.097856544998e+02
  9.058258013665e+02
  9.018823744843e+02
  8.979570578976e+02
  8.940489420272e+02
  8.901572304949e+02
  8.862820839079e+02
  8.824248163466e+02
  8.785840739065e+02
  8.747597690984e+02
  8.709519243247e+02
  8.671612954696e+02
  8.633863740362e+02
  8.596286576125e+02
  8.558866445424e+02
  8.521611232165e+02
  8.484519959032e+02
  8.447586946789e+02
  8.410817994104e+02
  8.374213452002e+02
  8.337759293892e+02
  8.301462634702e+02
  8.265336615430e+02
  8.229355284003e+02
  8.193537528047e+02
  8.157871121952e+02
  8.122362141049e+02
  8.087009373033e+02
  8.051808556979e+02
  8.016758231407e+02
  7.981865202260e+02
  7.947123022259e+02
  7.912531709471e+02
  7.878091264536e+02
  7.843801671044e+02
  7.809656796822e+02
  7.775662797497e+02
  7.741819098178e+02
  7.708120947554e+02
  7.674567853562e+02
  7.641164788596e+02
  7.607906745322e+02
  7.574787773384e+02
  7.541819388509e+02
  7.508990138443e+02
  7.476305718103e+02
  7.443766069230e+02
  7.411365509248e+02
  7.379104442368e+02
  7.346987955348e+02
  7.315005343611e+02
  7.283167362088e+02
  7.251463345303e+02
  7.219898092483e+02
  7.188472837464e+02
  7.157186254415e+02
  7.126034611150e+02
  7.095011426516e+02
  7.064132035184e+02
  7.033382438743e+02
  7.002771697038e+02
  6.972285450654e+02
  6.941942170963e+02
  6.911724150324e+02
  6.881639645471e+02
  6.851685000634e+02
  6.821859420579e+02
  6.792167815449e+02
  6.762605399738e+02
  6.733167825775e+02
  6.703859680172e+02
  6.674676278201e+02
  6.645626612811e+02
  6.616697624084e+02
  6.587897373735e+02
  6.559222233664e+02
  6.530676218869e+02
  6.502250417302e+02
  6.473945594438e+02
  6.445765240999e+02
  6.417710587439e+02
  6.389776271310e+02
  6.361962266695e+02
  6.334269453351e+02
  6.306697207899e+02
  6.279245586318e+02
  6.251914648861e+02
  6.224704131152e+02
  6.197610515051e+02
  6.170629964857e+02
  6.143773844348e+02
  6.117030958527e+02
  6.090404750028e+02
  6.063894834440e+02
  6.037502124618e+02
  6.011219128532e+02
  5.985056092050e+02
  5.959002834229e+02
  5.933066495529e+02
  5.907239794948e+02
  5.881526067806e+02
  5.855925493889e+02
  5.830438034979e+02
  5.805060271038e+02
  5.779792228029e+02
  5.754637090168e+02
  5.729588626996e+02
  5.704646491614e+02
  5.679816959854e+02
  5.655091584047e+02
  5.630475790391e+02
  5.605968787087e+02
  5.581571882273e+02
  5.557275223500e+02
  5.533084838370e+02
  5.508998575404e+02
  5.485015628229e+02
  5.461147358963e+02
  5.437377120594e+02
  5.413707383854e+02
  5.390144013868e+02
  5.366681174595e+02
  5.343321782853e+02
  5.320063133725e+02
  5.296907440494e+02
  5.273852653959e+02
  5.250895832715e+02
  5.228039229115e+02
  5.205286072112e+02
  5.182628038121e+02
  5.160070492063e+02
  5.137608212741e+02
  5.115246448284e+02
  5.092979989172e+02
  5.070811345028e+02
  5.048740541185e+02
  5.026765010297e+02
  5.004884767533e+02
  4.983099816971e+02
  4.961410151839e+02
  4.939813314575e+02
  4.918311759979e+02
  4.896905449570e+02
  4.875589580670e+02
  4.854368794278e+02
  4.833236426943e+02
  4.812199252628e+02
  4.791250393286e+02
  4.770387870622e+02
  4.749630671602e+02
  4.728955559841e+02
  4.708371118082e+02
  4.687881065385e+02
  4.667477251883e+02
  4.647161908515e+02
  4.626934743334e+02
  4.606791930383e+02
  4.586739537134e+02
  4.566771241479e+02
  4.546897195723e+02
  4.527107413772e+02
  4.507401829915e+02
  4.487782461028e+02
  4.468247294253e+02
  4.448798293143e+02
  4.429435391877e+02
  4.410154999308e+02
  4.390956808640e+02
  4.371844732879e+02
  4.352814701196e+02
  4.333869174205e+02
  4.315005659411e+02
  4.296224614310e+02
  4.277524049310e+02
  4.258903915826e+02
  4.240366032571e+02
  4.221910155354e+02
  4.203533302813e+02
  4.185236911613e+02
  4.167019127034e+02
  4.148881592105e+02
  4.130821263892e+02
  4.112839811761e+02
  4.094938634224e+02
  4.077114482541e+02
  4.059368953471e+02
  4.041698921603e+02
  4.024105875613e+02
  4.006591516697e+02
  3.989151163965e+02
  3.971787598332e+02
  3.954500876240e+02
  3.937286894347e+02
  3.920149597157e+02
  3.903084664004e+02
  3.886095465955e+02
  3.869180050438e+02
  3.852339814895e+02
  3.835572092838e+02
  3.818876784322e+02
  3.802253900067e+02
  3.785703442378e+02
  3.769225518507e+02
  3.752819745115e+02
  3.736485022057e+02
  3.720220103102e+02
  3.704027463141e+02
  3.687904498561e+02
  3.671851097262e+02
  3.655867427649e+02
  3.639954771970e+02
  3.624110343923e+02
  3.608335627465e+02
  3.592624385471e+02
  3.576992275445e+02
  3.561423643140e+02
  3.545920790624e+02
  3.530482817122e+02
  3.515120041178e+02
  3.499820840932e+02
  3.484587572015e+02
  3.469419966282e+02
  3.454317248936e+02
  3.439280484268e+02
  3.424309358035e+02
  3.409405166041e+02
  3.394566767758e+02
  3.379790744449e+02
  3.365080493240e+02
  3.350432760041e+02
  3.335847450362e+02
  3.321326871814e+02
  3.306870652085e+02
  3.292475117784e+02
  3.278141879159e+02
  3.263870143288e+02
  3.249668699530e+02
  3.235524734010e+02
  3.221442949858e+02
  3.207420623097e+02
  3.193460792550e+02
  3.179560260457e+02
  3.165720063606e+02
  3.151941138417e+02
  3.138220793116e+02
  3.124560764207e+02
  3.110959112800e+02
  3.097416767056e+02
  3.083935678857e+02
  3.070513808898e+02
  3.057145919266e+02
  3.043834901726e+02
  3.030591615148e+02
  3.017398074357e+02
  3.004266129700e+02
  2.991191837396e+02
  2.978171492049e+02
  2.965208562886e+02
  2.952300482015e+02
  2.939449911594e+02
  2.926652549577e+02
  2.913912822216e+02
  2.901231715739e+02
  2.888603751316e+02
  2.876024477403e+02
  2.863507663667e+02
  2.851041320145e+02
  2.838633623608e+02
  2.826282935891e+02
  2.813975320176e+02
  2.801731117300e+02
  2.789535567135e+02
  2.777393305028e+02
  2.765304660223e+02
  2.753267759112e+02
  2.741285300007e+02
  2.729353735434e+02
  2.717473244090e+02
  2.705645200925e+02
  2.693867727325e+02
  2.682139931984e+02
  2.670467780368e+02
  2.658844576081e+02
  2.647272228652e+02
  2.635746215556e+02
  2.624274431654e+02
  2.612847133381e+02
  2.601475109682e+02
  2.590151671660e+02
  2.578882009728e+02
  2.567657530578e+02
  2.556480817081e+02
  2.545352260976e+02
  2.534271465290e+02
  2.523242103185e+02
  2.512259049222e+02
  2.501320653895e+02
  2.490434330917e+02
  2.479594303717e+02
  2.468801816845e+02
  2.448468911178e+02
  2.418700263396e+02
  2.389293827551e+02
  2.360245000541e+02
  2.331548960939e+02
  2.303202097536e+02
  2.275200276998e+02
  2.247538772845e+02
  2.220212927071e+02
  2.193219809615e+02
  2.166554579561e+02
  2.140214173870e+02
  2.114191680573e+02
  2.088489379999e+02
  2.063094275776e+02
  2.038011328596e+02
  2.013233025410e+02
  1.988755979869e+02
  1.964579657346e+02
  1.940691649750e+02
  1.917096695217e+02
  1.893788762928e+02
  1.870764962994e+02
  1.848021517843e+02
  1.825552337516e+02
  1.803355381845e+02
  1.781430868361e+02
  1.759773038076e+02
  1.738377649636e+02
  1.717242859226e+02
  1.696364668707e+02
  1.675740139633e+02
  1.655366268839e+02
  1.635240433113e+02
  1.615358692692e+02
  1.595718956082e+02
  1.576318687799e+02
  1.557155072862e+02
  1.538224313404e+02
  1.519521032120e+02
  1.501045929421e+02
  1.482796400361e+02
  1.464768749193e+02
  1.446960369476e+02
  1.429368078547e+02
  1.411989736652e+02
  1.394823341767e+02
  1.377864751281e+02
  1.361112862930e+02
  1.344565026600e+02
  1.328217829467e+02
  1.312069799834e+02
  1.296117195911e+02
  1.280358392972e+02
  1.264792009018e+02
  1.249414746207e+02
  1.234224290117e+02
  1.219218821539e+02
  1.204395660631e+02
  1.189752396348e+02
  1.175287425094e+02
  1.160999075885e+02
  1.146883055605e+02
  1.132939555785e+02
  1.119166245992e+02
  1.105558162080e+02
  1.092117103213e+02
  1.078839048645e+02
  1.065722674427e+02
  1.052765633111e+02
  1.039966558667e+02
  1.027322117342e+02
  1.014831349167e+02
  1.002493203062e+02
  9.903058955881e+01
  9.782667479978e+01
  9.663713213688e+01
  9.546221331733e+01
  9.430163698043e+01
  9.315515308254e+01
  9.202248779135e+01
  9.090372765940e+01
  8.979853444613e+01
  8.870675230955e+01
  8.762829393023e+01
  8.656286089454e+01
  8.551050779708e+01
  8.447081445725e+01
  8.344383796066e+01
  8.242930091936e+01
  8.142714019686e+01
  8.043719738131e+01
  7.945918286147e+01
  7.849313028643e+01
  7.753880417615e+01
  7.659612929120e+01
  7.566488627189e+01
  7.474489685492e+01
  7.383615756636e+01
  7.293844943068e+01
  7.205171473949e+01
  7.117564773028e+01
  7.031033864997e+01
  6.945549261679e+01
  6.861106107070e+01
  6.777689743119e+01
  6.695299162769e+01
  6.613887585965e+01
  6.533475149963e+01
  6.454040455216e+01
  6.375571176476e+01
  6.298058435716e+01
  6.221490021974e+01
  6.145847097470e+01
  6.071125587520e+01
  5.997310729619e+01
  5.924398542396e+01
  5.852368160776e+01
  5.781215815710e+01
  5.710927827058e+01
  5.641494521368e+01
  5.572906066624e+01
  5.505149985063e+01
  5.438217148961e+01
  5.372101403635e+01
  5.306788071826e+01
  5.242268993638e+01
  5.178535178825e+01
  5.115573235031e+01
  5.053378637269e+01
  4.991940313535e+01
  4.931248339243e+01
  4.871299680397e+01
  4.812073517934e+01
  4.753569628889e+01
  4.695776513813e+01
  4.638683184302e+01
  4.582287016209e+01
  4.526574124599e+01
  4.471537713797e+01
  4.417173328764e+01
  4.363468323444e+01
  4.310416991175e+01
  4.258009848777e+01
  4.206243634843e+01
  4.155103360274e+01
  4.104583270692e+01
  4.054681433816e+01
  4.005384839378e+01
  3.956687064122e+01
  3.908581286041e+01
  3.861062000547e+01
  3.814116732568e+01
  3.767745693848e+01
  3.721938364110e+01
  3.676686863933e+01
  3.631988081268e+01
  3.587827505864e+01
  3.544206533674e+01
  3.501116155830e+01
  3.458550141195e+01
  3.416501290832e+01
  3.374964580657e+01
  3.333931218332e+01
  3.293396509461e+01
  3.253355022367e+01
  3.213802381363e+01
  3.174729155919e+01
  3.136130322523e+01
  3.098002841488e+01
  3.060336055502e+01
  3.023128139519e+01
  2.986374368307e+01
  2.950064893302e+01
  2.914197855384e+01
  2.878767334857e+01
  2.843769017705e+01
  2.809193140737e+01
  2.775039013504e+01
  2.741300209655e+01
  2.707971579922e+01
  2.675047811499e+01
  2.642525260560e+01
  2.610397631430e+01
  2.578661422013e+01
  2.547308615609e+01
  2.516339219638e+01
  2.485744874580e+01
  2.455523712870e+01
  2.425670188416e+01
  2.396178383020e+01
  2.367045985786e+01
  2.338266764437e+01
  2.309838503021e+01
  2.281754724145e+01
  2.254014343195e+01
  2.226609632803e+01
  2.199539108575e+01
  2.172796887164e+01
  2.146380119197e+01
  2.120284143519e+01
  2.094506653619e+01
  2.069041429658e+01
  2.043885509432e+01
  2.019035891308e+01
  1.994488845332e+01
  1.970240308240e+01
  1.946285630651e+01
  1.922622888287e+01
  1.899247935802e+01
  1.876156415911e+01
  1.853346198027e+01
  1.830814772991e+01
  1.808555044096e+01
  1.786566094906e+01
  1.764845616600e+01
  1.743387939730e+01
  1.722193040618e+01
  1.701253149198e+01
  1.680570304894e+01
  1.660137909377e+01
  1.639954002570e+01
  1.620015611389e+01
  1.600319034177e+01
  1.580862458485e+01
  1.561642316759e+01
  1.542656377149e+01
  1.523900319242e+01
  1.505373203845e+01
  1.487070885249e+01
  1.468991786867e+01
  1.451130917113e+01
  1.433488087929e+01
  1.416060132710e+01
  1.398843588382e+01
  1.381836532607e+01
  1.365036208268e+01
  1.348439996510e+01
  1.332045866602e+01
  1.315850418335e+01
  1.299852427754e+01
  1.284048649301e+01
  1.268437667565e+01
  1.253016286025e+01
  1.237781714301e+01
  1.222732765815e+01
  1.207867177127e+01
  1.193182299522e+01
  1.178674987798e+01
  1.164344284962e+01
  1.150189301103e+01
  1.136204828652e+01
  1.122391018782e+01
  1.108744926245e+01
  1.095264579779e+01
  1.081948277246e+01
  1.068794793858e+01
  1.055799421760e+01
  1.042963091518e+01
  1.030283111496e+01
  1.017756906524e+01
  1.005383122855e+01
  9.931591199816e+00
  9.810846872302e+00
  9.691565914763e+00
  9.573738851381e+00
  9.457337948514e+00
  9.342363038622e+00
  9.228778654204e+00
  9.116576397366e+00
  9.005739357693e+00
  8.896243116532e+00
  8.788079848494e+00
  8.681241313333e+00
  8.575689463994e+00
  8.471431371034e+00
  8.368431522194e+00
  8.266683200033e+00
  8.166185133950e+00
  8.066903672297e+00
  7.968819602659e+00
  7.871939291604e+00
  7.776231171800e+00
  7.681683333359e+00
  7.588289751256e+00
  7.496032724680e+00
  7.404900711389e+00
  7.314871572800e+00
  7.225934746919e+00
  7.138084823290e+00
  7.051296459549e+00
  6.965568498356e+00
  6.880882294251e+00
  6.797223198379e+00
  6.714581923271e+00
  6.632944775428e+00
  6.552302774048e+00
  6.472642728245e+00
  6.393947744823e+00
  6.316209667843e+00
  6.239420282983e+00
  6.163563723236e+00
  6.088624804936e+00
  6.014599839651e+00
  5.941474103491e+00
  5.869236922900e+00
  5.797881222286e+00
  5.727386702268e+00
  5.657753441894e+00
  5.588968270868e+00
  5.521015469333e+00
  5.453891979125e+00
  5.387585602001e+00
  5.322081742918e+00
  5.257374782476e+00
  5.193456245131e+00
  5.130315134737e+00
  5.067943382964e+00
  5.006325492259e+00
  4.945459005359e+00
  4.885333885702e+00
  4.825935736875e+00
  4.767262256631e+00
  4.709301860127e+00
  4.652047761644e+00
  4.595488976111e+00
  4.539617010671e+00
  4.484421567915e+00
  4.429900588601e+00
  4.376043959987e+00
  4.322838202650e+00
  4.270283311946e+00
  4.218364481034e+00
  4.167078165636e+00
  4.116415524156e+00
  4.066366351957e+00
  4.016928945347e+00
  3.968090205801e+00
  3.919845432655e+00
  3.872188355633e+00
  3.825111320302e+00
  3.778606888098e+00
  3.732665036985e+00
  3.687283003395e+00
  3.642453819149e+00
  3.598169395338e+00
  3.554421931921e+00
  3.511206366238e+00
  3.468520058798e+00
  3.426348413721e+00
  3.384691514138e+00
  3.343541164509e+00
  3.302889499850e+00
  3.262733224249e+00
  3.223064767164e+00
  3.183879888768e+00
  3.145169381524e+00
  3.106930364526e+00
  3.069156693954e+00
  3.031841919762e+00
  2.994980412828e+00
  2.958567627235e+00
  2.922598201492e+00
  2.887064392507e+00
  2.851963691080e+00
  2.817290273869e+00
  2.783037719067e+00
  2.749201357006e+00
  2.715777335589e+00
  2.682758927819e+00
  2.650141795837e+00
  2.617920978055e+00
  2.586092305910e+00
  2.554651010403e+00
  2.523592434775e+00
  2.492910163495e+00
  2.462601092853e+00
  2.432661497099e+00
  2.403085369367e+00
  2.373869207403e+00
  2.345006227164e+00
  2.316495346392e+00
  2.288332661326e+00
  2.260510753363e+00
  2.233028093280e+00
  2.205879595592e+00
  2.179058938532e+00
  2.152566602025e+00
  2.126396856675e+00
  2.100542906320e+00
  2.075005213451e+00
  2.049776779309e+00
  2.024855506311e+00
  2.000237228135e+00
  1.975918688575e+00
  1.951897058511e+00
  1.928165054014e+00
  1.904722359098e+00
  1.881564897525e+00
  1.858688037614e+00
  1.836200621811e+00
  1.814091536519e+00
  1.792249917064e+00
  1.770672423477e+00
  1.749353963581e+00
  1.728292089659e+00
  1.707483781892e+00
  1.686927224947e+00
  1.666616112645e+00
  1.646550213854e+00
  1.626727259004e+00
  1.607141623088e+00
  1.587791786512e+00
  1.568675187919e+00
  1.549789306144e+00
  1.531129782388e+00
  1.512695676640e+00
  1.494483041130e+00
  1.476490070088e+00
  1.458713449746e+00
  1.441150822342e+00
  1.423799868412e+00
  1.406657315209e+00
  1.389721370593e+00
  1.372989480017e+00
  1.356459337283e+00
  1.340128140373e+00
  1.323993179317e+00
  1.308052515169e+00
  1.292304558966e+00
  1.276745259700e+00
  1.261373171198e+00
  1.246186824092e+00
  1.231182605064e+00
  1.216359450760e+00
  1.201715376597e+00
  1.187246597054e+00
  1.172952558526e+00
  1.158830193367e+00
  1.144878933632e+00
  1.131094919110e+00
  1.117476505615e+00
  1.104022306550e+00
  1.090730687032e+00
  1.077598399551e+00
  1.064624518111e+00
  1.051806741029e+00
  1.039143388383e+00
  1.026632278592e+00
  1.014271510138e+00
  1.002060135432e+00
  9.899951094242e-01
  9.780764171105e-01
  9.663002778113e-01
  9.546666972160e-01
  9.431728901930e-01
  9.318170805798e-01
  9.205983889528e-01
  9.095142466312e-01
  8.985646328555e-01
  8.877454727200e-01
  8.770568078465e-01
  8.664978151258e-01
  8.560654376421e-01
  8.457589417864e-01
  8.355761590068e-01
  8.255156996576e-01
  8.155768656729e-01
  8.057576216613e-01
  7.960566537599e-01
  7.864720515359e-01
  7.770031919291e-01
  7.676482328738e-01
  7.584059823064e-01
  7.492752635014e-01
  7.402543662053e-01
  7.313416462500e-01
  7.225365657693e-01
  7.138375262960e-01
  7.052424905780e-01
  6.967519514280e-01
  6.883634228458e-01
  6.800754883792e-01
  6.718872304472e-01
  6.637981734929e-01
  6.558060807651e-01
  6.479109407537e-01
  6.401097916315e-01
  6.324030684197e-01
  6.247891336674e-01
  6.172668043172e-01
  6.098353017800e-01
  6.024927535184e-01
  5.952391581652e-01
  5.880727093098e-01
  5.809920322753e-01
  5.739971265704e-01
  5.670866321235e-01
  5.602586153769e-01
  5.535133986221e-01
  5.468491101124e-01
  5.402654432176e-01
  5.337609114074e-01
  5.273343774554e-01
  5.209855588013e-01
  5.147130731973e-01
  5.085161194525e-01
  5.023936545672e-01
  4.963451623967e-01
  4.903083205812e-01
  4.844038901508e-01
  4.785712542348e-01
  4.728087677658e-01
  4.671179337318e-01
  4.614972817810e-01
  4.559420880597e-01
  4.504543056900e-01
  4.450306982176e-01
  4.396746583398e-01
  4.343833537349e-01
  4.291552636537e-01
  4.239891357024e-01
  4.188841345540e-01
  4.138420224294e-01
  4.088616677876e-01
  4.039388888934e-01
  3.990765368936e-01
  3.942735706597e-01
  3.895265655170e-01
  3.848379985961e-01
  3.802074640048e-01
  3.756290377774e-01
  3.711077752646e-01
  3.666397430882e-01
  3.622280210904e-01
  3.578677950477e-01
  3.535599063066e-01
  3.493037328693e-01
  3.450987862531e-01
  3.409441151682e-01
  3.368393821827e-01
  3.327845715748e-01
  3.287785449642e-01
  3.248203337529e-01
  3.209095346395e-01
  3.170468481105e-01
  3.132299236064e-01
  3.094591767643e-01
  3.057339173259e-01
  3.020532066724e-01
  2.984175810927e-01
  2.948248799178e-01
  2.912760775831e-01
  2.877687904387e-01
  2.843049454845e-01
  2.808825441891e-01
  2.775012015802e-01
  2.741604589885e-01
  2.708597929494e-01
  2.675987666908e-01
  2.643773701431e-01
  2.611947413140e-01
  2.580503982750e-01
  2.549434165834e-01
  2.518745130951e-01
  2.488422613789e-01
  2.458461224535e-01
  2.428865807107e-01
  2.399622011541e-01
  2.370732267041e-01
  2.342195689849e-01
  2.313995274822e-01
  2.286137547752e-01
  2.258617586003e-01
  2.231424617344e-01
  2.204562695228e-01
  2.178020506063e-01
  2.151797708637e-01
  2.125891917954e-01
  2.100299376673e-01
  2.075012963643e-01
  2.050032267508e-01
  2.025352142914e-01
  2.000967267577e-01
  1.976877648275e-01
  1.953078843254e-01
  1.929565830322e-01
  1.906333813158e-01
  1.883382819217e-01
  1.860709172087e-01
  1.838307271958e-01
  1.816175769491e-01
  1.794309991813e-01
  1.772706733502e-01
  1.751366240804e-01
  1.730281324710e-01
  1.709449924656e-01
  1.688869673305e-01
  1.668536261548e-01
  1.648448290897e-01
  1.628602162621e-01
  1.608995443003e-01
  1.589624184761e-01
  1.570486167550e-01
  1.551578583809e-01
  1.532898296797e-01
  1.514442251364e-01
  1.496209278981e-01
  1.478196163135e-01
  1.460399372496e-01
  1.442817811644e-01
  1.425446036319e-01
  1.408285478619e-01
  1.391329899902e-01
  1.374578760339e-01
  1.358030659987e-01
  1.341680374168e-01
  1.325527215195e-01
  1.309568334847e-01
  1.293801822423e-01
  1.278225618326e-01
  1.262836256989e-01
  1.247632772768e-01
  1.232611548880e-01
  1.217771227792e-01
  1.203109556961e-01
  1.188624907183e-01
  1.174314684629e-01
  1.160176388577e-01
  1.146208000073e-01
  1.132408314278e-01
  1.118774717929e-01
  1.105305066409e-01
  1.091997753105e-01
  1.078850484808e-01
  1.065861614284e-01
  1.053029402371e-01
  1.040351272526e-01
  1.027825708717e-01
  1.015451310227e-01
  1.003225470209e-01
  9.911470743321e-02
  9.792142197572e-02
  9.674248697846e-02
  9.557780606881e-02
  9.442701216881e-02
  9.329019594673e-02
  9.216700292262e-02
  9.105734882887e-02
  8.996106485113e-02
  8.887798652254e-02
  8.780795346881e-02
  8.675073391121e-02
  8.570632726961e-02
  8.467443526385e-02
  8.365498675742e-02
  8.264777008052e-02
  8.165271630009e-02
  8.066962240163e-02
  7.969842117428e-02
  7.873885549924e-02
  7.779092444401e-02
  7.685432186436e-02
  7.592904885958e-02
  7.501492797067e-02
  7.411167888892e-02
  7.321941368822e-02
  7.233791063519e-02
  7.146695939533e-02
  7.060655977304e-02
  6.975645927374e-02
  6.891661021248e-02
  6.808686794960e-02
  6.726713798508e-02
  6.645723775808e-02
  6.565712274730e-02
  6.486666009351e-02
  6.408567999072e-02
  6.331410062003e-02
  6.255183983727e-02
  6.179870062052e-02
  6.105468301630e-02
  6.031959735462e-02
  5.959340610880e-02
  5.887589432483e-02
  5.816702895031e-02
  5.746673968774e-02
  5.677482649613e-02
  5.609132115815e-02
  5.541599959657e-02
  5.474880154873e-02
  5.408963626342e-02
  5.343841463187e-02
  5.279504909148e-02
  5.215939912372e-02
  5.153138390108e-02
  5.091097554084e-02
  5.029801574328e-02
  4.969242871248e-02
  4.909416358764e-02
  4.850307388231e-02
  4.791913550046e-02
  4.734220841934e-02
  4.677222534297e-02
  4.620909801689e-02
  4.565276144423e-02
  4.510308987738e-02
  4.456006295446e-02
  4.402357902893e-02
  4.349354033939e-02
  4.296988970918e-02
  4.245256986632e-02
  4.194145308681e-02
  4.143650415132e-02
  4.093760208815e-02
  4.044473025387e-02
  3.995777262589e-02
  3.947669690582e-02
  3.900142316193e-02
  3.853184425737e-02
  3.806793069962e-02
  3.760960850278e-02
  3.715679200148e-02
  3.670946623335e-02
  3.626746822607e-02
  3.583081263566e-02
  3.539940798030e-02
  3.497321576271e-02
  3.455214886724e-02
  3.413615889699e-02
  3.372517489876e-02
  3.331912827831e-02
  3.291797433320e-02
  3.252164806396e-02
  3.213011411010e-02
  3.174328066171e-02
  3.136108684983e-02
  3.098350314359e-02
  3.061047074006e-02
  3.024194158104e-02
  2.987782360372e-02
  2.951811674415e-02
  2.916272362341e-02
  2.881161038751e-02
  2.846471840850e-02
  2.812201467238e-02
  2.778344251300e-02
  2.744893948277e-02
  2.711846021383e-02
  2.679196016143e-02
  2.646938854918e-02
  2.615069600077e-02
  2.583584780722e-02
  2.552478967573e-02
  2.521748822722e-02
  2.491386653492e-02
  2.461392444165e-02
  2.431757586840e-02
  2.402479743492e-02
  2.373555928573e-02
  2.344977632431e-02
  2.316743825820e-02
  2.288850665083e-02
  2.261292839910e-02
  2.234068244976e-02
  2.207171763210e-02
  2.180598473974e-02
  2.154344105628e-02
  2.128406781104e-02
  2.102781433113e-02
  2.077463201375e-02
  2.052451632951e-02
  2.027741120724e-02
  2.003327928355e-02
  1.979208415594e-02
  1.955378267926e-02
  1.931835941537e-02
  1.908578698620e-02
  1.885599899837e-02
  1.862896759752e-02
  1.840468892579e-02
  1.818309761069e-02
  1.796417082058e-02
  1.774789505528e-02
  1.753420968144e-02
  1.732311154265e-02
  1.711453991410e-02
  1.690848048220e-02
  1.670491535452e-02
  1.650379347945e-02
  1.630508509950e-02
  1.610877417544e-02
  1.591482639550e-02
  1.572321852396e-02
  1.553391060452e-02
  1.534689507758e-02
  1.516212864156e-02
  1.497957684493e-02
  1.479922410628e-02
  1.462104802210e-02
  1.444501181241e-02
  1.427110475191e-02
  1.409927752482e-02
  1.392953216830e-02
  1.376182329846e-02
  1.359612466939e-02
  1.343243425126e-02
  1.327072030550e-02
  1.311094031926e-02
  1.295308599502e-02
  1.279713344211e-02
  1.264305618068e-02
  1.249084265098e-02
  1.234045184071e-02
  1.219187920871e-02
  1.204509297366e-02
  1.190007129333e-02
  1.175679425140e-02
  1.161525040563e-02
  1.147540550927e-02
  1.133724634612e-02
  1.120074444628e-02
  1.106588964038e-02
  1.093265973572e-02
  1.080103499838e-02
  1.067099539152e-02
  1.054251686355e-02
  1.041558930415e-02
  1.029019375406e-02
  1.016629930744e-02
  1.004390290398e-02
  9.922967999420e-03
  9.803498672606e-03
  9.685473919924e-03
  9.568865209137e-03
  9.453654404647e-03
  9.339832611520e-03
  9.227390586216e-03
  9.116293825443e-03
  9.006526128833e-03
  8.898095451650e-03
  8.790969213147e-03
  8.685124292814e-03
  8.580560739644e-03
  8.477248759779e-03
  8.375181881440e-03
  8.274351001279e-03
  8.174729947796e-03
  8.076311451644e-03
  7.979075671958e-03
  7.883009827748e-03
  7.788095273327e-03
  7.694331893467e-03
  7.601689703587e-03
  7.510174408780e-03
  7.419757181026e-03
  7.330421689838e-03
  7.242157467678e-03
  7.154969484055e-03
  7.068826334488e-03
  6.983713282254e-03
  6.899639907793e-03
  6.816572177615e-03
  6.734496515572e-03
  6.653417494629e-03
  6.573308161945e-03
  6.494164343921e-03
  6.415977323370e-03
  6.338734357588e-03
  6.262419159997e-03
  6.187020003254e-03
  6.112529217890e-03
  6.038935432306e-03
  5.966231131794e-03
  5.894398317503e-03
  5.823433496389e-03
  5.753319521531e-03
  5.684046586446e-03
  5.615617706717e-03
  5.548004105523e-03
  5.481209045091e-03
  5.415220125991e-03
  5.350016825803e-03
  5.285607818471e-03
  5.221970291167e-03
  5.159098870518e-03
  5.096982841007e-03
  5.035614382722e-03
  4.974988246590e-03
  4.915091596896e-03
  4.855917639752e-03
  4.797451593713e-03
  4.739691408172e-03
  4.682625854002e-03
  4.626247756848e-03
  4.570548936639e-03
  4.515522786908e-03
  4.461154939480e-03
  4.407445409381e-03
