1401
 -1.992627442061e-02
 -1.939651096646e-02
 -1.886829263792e-02
 -1.834183067930e-02
 -1.777868440220e-02
 -1.712746136610e-02
 -1.647509170568e-02
 -1.582379376349e-02
 -1.517766900741e-02
 -1.455233927081e-02
 -1.393258203806e-02
 -1.331473158499e-02
 -1.269968158528e-02
 -1.208620928184e-02
 -1.147556735930e-02
 -1.084196676422e-02
 -1.017279697256e-02
 -9.509645116676e-03
 -8.859747233219e-03
 -8.213338202464e-03
 -7.568488604608e-03
 -6.925531945454e-03
 -6.284751468416e-03
 -5.645795469438e-03
 -5.009272212987e-03
 -4.373479881475e-03
 -3.750634517217e-03
 -3.169108663148e-03
 -2.593610935368e-03
 -2.019698420309e-03
 -1.447569885937e-03
 -8.372735493084e-04
 -1.854331004928e-04
  4.638475267578e-04
  1.111920992266e-03
  1.753698404924e-03
  2.321794078971e-03
  2.861244698998e-03
  3.397841071233e-03
  3.932876737631e-03
  4.459034920218e-03
  4.942853472515e-03
  5.418545033258e-03
  5.892452956580e-03
  6.365089005527e-03
  6.826719999136e-03
  7.254059711462e-03
  7.676763012881e-03
  8.098347607562e-03
  8.518485028973e-03
  8.912562995026e-03
  9.233857823327e-03
  9.549386860908e-03
  9.863276622269e-03
  1.017616565012e-02
  1.046963872893e-02
  1.070505861107e-02
  1.093465495472e-02
  1.112192238090e-02
  1.128325882453e-02
  1.143283611881e-02
  1.153139291483e-02
  1.162297456400e-02
  1.167965926765e-02
  1.169916197022e-02
  1.171245324642e-02
  1.167507084808e-02
  1.162658511473e-02
  1.157811637174e-02
  1.153027505175e-02
  1.148241258210e-02
  1.143482909812e-02
  1.138748205088e-02
  1.134036314214e-02
  1.129338406487e-02
  1.124668345998e-02
  1.120179830335e-02
  1.116276428523e-02
  1.112447005283e-02
  1.108633629911e-02
  1.104859036269e-02
  1.101111576377e-02
  1.097387516573e-02
  1.093689120437e-02
  1.090029090863e-02
  1.086394435952e-02
  1.082754954782e-02
  1.079152975996e-02
  1.075582578373e-02
  1.072009139637e-02
  1.067950385364e-02
  1.062778221610e-02
  1.057602868319e-02
  1.052472396111e-02
  1.047357329292e-02
  1.042277533421e-02
  1.037231974642e-02
  1.032199092588e-02
  1.027225326641e-02
  1.022243984880e-02
  1.017315001644e-02
  1.012392733713e-02
  1.007505155097e-02
  1.002623296892e-02
  9.977943637841e-03
  9.934394452581e-03
  9.893174810922e-03
  9.852152816166e-03
  9.811302154178e-03
  9.770674858955e-03
  9.730191355092e-03
  9.689781875745e-03
  9.649651821197e-03
  9.609698931144e-03
  9.569866995829e-03
  9.530213585230e-03
  9.490706348467e-03
  9.451416947567e-03
  9.412251676870e-03
  9.373187006411e-03
  9.339824195226e-03
  9.315319197838e-03
  9.291215642914e-03
  9.267022199720e-03
  9.242673043999e-03
  9.218862437529e-03
  9.194868417027e-03
  9.170804595039e-03
  9.147238479607e-03
  9.123536953301e-03
  9.099729501170e-03
  9.076322831648e-03
  9.052882661834e-03
  9.029297152725e-03
  9.006209204726e-03
  8.982908777839e-03
  8.953751751353e-03
  8.908432433361e-03
  8.862542301038e-03
  8.816802984833e-03
  8.771210647802e-03
  8.725721173557e-03
  8.680479881225e-03
  8.635307601177e-03
  8.590239901316e-03
  8.545453216921e-03
  8.500775722417e-03
  8.456215482604e-03
  8.411403749255e-03
  8.367222847246e-03
  8.322826382361e-03
  8.279255454014e-03
  8.235401930510e-03
  8.192025053466e-03
  8.149697473549e-03
  8.107678655342e-03
  8.066289738134e-03
  8.024000636093e-03
  7.982344171915e-03
  7.941391936035e-03
  7.899353219122e-03
  7.857307615879e-03
  7.816285098186e-03
  7.776074824391e-03
  7.735939499397e-03
  7.694938807762e-03
  7.654401201048e-03
  7.614243678461e-03
  7.573931679344e-03
  7.533658613496e-03
  7.493640324044e-03
  7.453216204368e-03
  7.407762503010e-03
  7.361605311721e-03
  7.316402323669e-03
  7.270962369419e-03
  7.225978400113e-03
  7.180744149630e-03
  7.135754383699e-03
  7.090916944712e-03
  7.045330377677e-03
  6.999488940436e-03
  6.953955709384e-03
  6.908499870491e-03
  6.863301048740e-03
  6.818165957099e-03
  6.757904197551e-03
  6.728245124833e-03
  6.683559002919e-03
  6.638903253636e-03
  6.594481162762e-03
  6.546125875194e-03
  6.496286537093e-03
  6.446658084417e-03
  6.395722668877e-03
  6.344745348814e-03
  6.298056083697e-03
  6.248410533635e-03
  6.199631655828e-03
  6.151503684034e-03
  6.102975800956e-03
  6.053919228130e-03
  6.006455991938e-03
  5.958391917273e-03
  5.911079377605e-03
  5.861591983438e-03
  5.812986415581e-03
  5.765580766383e-03
  5.704492585375e-03
  5.674013785328e-03
  5.624564565960e-03
  5.588153314591e-03
  5.568684316193e-03
  5.556433711702e-03
  5.540368676732e-03
  5.524567670922e-03
  5.513417697033e-03
  5.496414976219e-03
  5.482887734136e-03
  5.469323424027e-03
  5.437562942238e-03
  5.387454385649e-03
  5.337161393737e-03
  5.282455727187e-03
  5.236621441515e-03
  5.186472320716e-03
  5.125748103725e-03
  5.084003987733e-03
  5.024886633794e-03
  4.981371468061e-03
  4.916337595574e-03
  4.861408992417e-03
  4.799255517877e-03
  4.762600498541e-03
  4.697906179632e-03
  4.656800445220e-03
  4.575157389283e-03
  4.554337314410e-03
  4.507192655495e-03
  4.471289867627e-03
  4.429785846522e-03
  4.396436100482e-03
  4.365179055681e-03
  4.284480219990e-03
  4.283975960733e-03
  4.248802656132e-03
  4.225605821629e-03
  4.175041507682e-03
  4.127536517048e-03
  4.103451284000e-03
  4.034189062916e-03
  4.022504582971e-03
  3.977392632857e-03
  3.932858528136e-03
  3.892983397194e-03
  3.819526352284e-03
  3.781373929194e-03
  3.762143437441e-03
  3.704285105521e-03
  3.662075740376e-03
  3.626926430305e-03
  3.549726279875e-03
  3.522131893998e-03
  3.485449794132e-03
  3.439615075382e-03
  3.404634467042e-03
  3.359349847503e-03
  3.332390801960e-03
  3.292290235723e-03
  3.256977942961e-03
  3.219268833692e-03
  3.177226212089e-03
  3.136128666749e-03
  3.096318662435e-03
  3.057421344174e-03
  2.972914862236e-03
  2.977671647757e-03
  2.948860504482e-03
  2.906627742113e-03
  2.880895183678e-03
  2.849548638003e-03
  2.819889775750e-03
  2.789667503817e-03
  2.761941166201e-03
  2.732729458431e-03
  2.702221107961e-03
  2.666504324416e-03
  2.641378640457e-03
  2.620289768240e-03
  2.572416766961e-03
  2.559335626974e-03
  2.541212099611e-03
  2.531063829874e-03
  2.503744329359e-03
  2.488728075046e-03
  2.468114762634e-03
  2.410726845331e-03
  2.432214428792e-03
  2.411149135353e-03
  2.370642830749e-03
  2.377469700060e-03
  2.349426364349e-03
  2.338112759973e-03
  2.282937184099e-03
  2.286628625590e-03
  2.302694324313e-03
  2.280544644796e-03
  2.274520780983e-03
  2.262670871087e-03
  2.205950552377e-03
  2.196029704348e-03
  2.223005330955e-03
  2.191721816699e-03
  2.175557567515e-03
  2.169625801625e-03
  2.144946295655e-03
  2.136804889826e-03
  2.111674488128e-03
  2.100793210973e-03
  2.087764485726e-03
  2.056662847731e-03
  2.053751671342e-03
  2.029016244392e-03
  2.010745701285e-03
  2.002155252496e-03
  1.981719651752e-03
  1.974433961999e-03
  1.943680673198e-03
  1.912472470762e-03
  1.927835838814e-03
  1.914260798676e-03
  1.761140179596e-03
  1.735657102652e-03
  1.867290965693e-03
  1.853046450989e-03
  1.839394275887e-03
  1.823522468812e-03
  1.814685883275e-03
  1.777958765217e-03
  1.781561162170e-03
  1.769107563745e-03
  1.733098198996e-03
  1.742823399268e-03
  1.727753900741e-03
  1.675453731480e-03
  1.680523085467e-03
  1.655298768039e-03
  1.691983159493e-03
  1.601686943233e-03
  1.675354097292e-03
  1.659378238322e-03
  1.658739822479e-03
  1.650857938424e-03
  1.502710909188e-03
  1.633352246118e-03
  1.569817422616e-03
  1.590015699648e-03
  1.611620412063e-03
  1.600227675779e-03
  1.555295642172e-03
  1.555283882516e-03
  1.573233383804e-03
  1.485050399548e-03
  1.491715931386e-03
  1.578777439902e-03
  1.276730424521e-03
  1.555659183791e-03
  1.570054568908e-03
  1.563783676362e-03
  1.562652461103e-03
  1.524481335100e-03
  1.512550755812e-03
  1.560396661638e-03
  1.427850449867e-03
  1.556793924894e-03
  1.523022036394e-03
  1.541773193818e-03
  1.079460996828e-03
  1.550758775524e-03
  1.536654198603e-03
  1.522676796679e-03
  1.516672893180e-03
  1.502794415408e-03
  1.496839730888e-03
  1.468142144253e-03
  1.466678860115e-03
  1.450968184140e-03
  1.433354291501e-03
  1.283464287189e-03
  1.417466627721e-03
  1.407120531059e-03
  1.325698794165e-03
  1.309218857556e-03
  7.678810825011e-04
  1.347565549012e-03
  1.353238695977e-03
  1.338013033579e-03
  1.332346061855e-03
  1.320771334833e-03
  1.308213753437e-03
  1.297297276864e-03
  1.065351805744e-03
  1.260418602062e-03
  1.233168809712e-03
  1.254169904135e-03
  1.235377815602e-03
  1.145312543211e-03
  1.178094468053e-03
  1.104481060533e-03
  1.195229267174e-03
  1.188476223668e-03
  1.179227203093e-03
  1.159567081359e-03
  6.904751514444e-04
  1.145949422048e-03
  1.127931613378e-03
  1.123101895545e-03
  1.116892185911e-03
  1.100576679052e-03
  1.035197799119e-03
  7.743306163889e-04
  1.060703753775e-03
  6.184904856690e-04
  1.101909280217e-03
  1.099173013966e-03
  1.089537037779e-03
  1.113713590096e-03
  1.117547334460e-03
  1.096370055227e-03
  5.714802124494e-04
  9.407587230356e-04
  1.102085015552e-03
  1.094040773201e-03
  1.085425130156e-03
  1.082729108352e-03
  1.067369377447e-03
  1.029787656810e-03
  8.093077036367e-04
  1.060768951270e-03
  1.014428516915e-03
  1.056888242943e-03
  1.054100402459e-03
  1.067635861143e-03
  1.105395673440e-03
  1.090925744690e-03
  1.041340846076e-03
  9.470226975971e-04
  1.088802437193e-03
  6.333347726812e-04
  1.061480357141e-03
  1.061658725601e-03
  1.060812801056e-03
  1.033569543793e-03
  1.013313510424e-03
  1.049980136254e-03
  1.047631652611e-03
  1.021237566199e-03
  1.028819850959e-03
  1.030471604857e-03
  1.008548566722e-03
  1.000277536088e-03
  8.515001449079e-04
  1.004872086051e-03
  9.976115806089e-04
  9.358075498191e-04
  9.869643579490e-04
  7.672046497706e-04
  5.456514470223e-04
  9.512475607350e-04
  8.577887243084e-04
  9.101464657223e-04
  8.792263267596e-04
 -5.507335544750e-04
  8.762677059675e-04
  8.651989828736e-04
  8.550445813384e-04
  8.123671012043e-04
  7.292341046354e-04
  8.218729208266e-04
  6.913845143447e-04
  2.980054028396e-04
  7.479663334686e-04
  7.340245728250e-04
  6.063429188096e-04
  7.308865168269e-04
  5.359687536026e-04
  6.927215542553e-04
  6.625929972698e-04
  5.378419684398e-04
  6.742416753849e-04
 -1.317188552792e-04
  6.014833596102e-04
  1.357317313510e-04
  6.255909744433e-04
  6.380062589760e-04
  6.382877493856e-04
  4.319473672701e-04
  6.177626786163e-04
  6.112066116876e-04
  5.457124913442e-04
  5.919402443937e-04
  5.857024937987e-04
  4.763547611355e-04
  4.023248940797e-04
  5.708733138390e-04
  5.428882858382e-04
  5.618588131798e-04
  5.181583564168e-04
 -8.303563167167e-04
  5.281576517377e-04
  4.418105971146e-04
  2.054495879665e-04
  4.370970245661e-04
  4.581676002857e-04
  2.723296958765e-04
  3.295204591446e-04
  4.832406963283e-04
  4.901543591799e-04
  4.616153535871e-04
  4.859253136257e-04
  4.736754906823e-04
 -1.191740220541e-05
  1.088009985661e-06
 -4.466861398486e-04
  4.470240330356e-04
  2.217037207365e-04
  7.668156639545e-05
  3.073161709506e-04
  1.084940785587e-04
 -6.226550843155e-04
  3.983195791407e-04
 -6.587748807745e-04
 -1.126755652137e-05
 -9.772176395498e-04
  4.064566969632e-04
  4.114431613735e-04
  2.149108477074e-04
 -1.109386452237e-03
  2.789737724538e-04
  3.453435037796e-04
  2.571711637831e-04
 -7.524307673429e-04
  3.868851948791e-04
  3.668623541008e-04
 -3.830312522649e-04
 -1.307008234110e-04
  2.561987908545e-04
  4.084187106357e-05
  3.749350484228e-04
 -2.118671605881e-04
  2.308073748765e-04
  2.820244053199e-04
  6.390032538461e-05
  3.506381257498e-04
  3.052773798499e-04
  3.436203812638e-04
 -5.792420152883e-04
  3.113813568840e-04
  3.368215708803e-04
  1.311988305721e-04
  3.339492185187e-04
  3.396287643851e-04
  3.069303917240e-04
  3.294533202617e-04
  3.291558785664e-04
  2.956003954108e-04
  2.288165832841e-04
  2.604268759155e-04
  1.104701972429e-04
  2.981916978498e-04
 -8.903140890804e-05
  2.171396282986e-04
  1.647070650440e-04
  1.845041929710e-05
  3.446154054982e-04
  2.277725768558e-04
  1.662486956641e-04
 -2.535103704383e-03
 -2.041702224415e-04
 -1.389704605444e-04
  1.136504573922e-04
  2.193095467114e-04
 -2.157228720846e-04
  2.727461805962e-04
  4.021990672355e-04
 -2.398312923358e-04
  3.217102631430e-04
  3.879652679742e-04
 -9.198546895607e-04
  2.602628389348e-05
 -1.277524869769e-04
  1.995905194951e-04
  1.747031482892e-04
  1.969429026578e-04
 -9.083453795958e-04
  5.706613168827e-04
  4.928121598008e-04
  1.174682797700e-04
  7.026122883319e-04
  1.644068484208e-04
  5.594982903852e-04
  8.644012290043e-05
  9.312452367094e-05
 -1.651267293647e-03
  3.293911736146e-07
 -8.119542735887e-04
 -1.376402789606e-04
  1.852999151356e-04
  1.282351433067e-04
 -1.319375070004e-03
  1.419145296665e-04
  1.711283179905e-04
  2.801684097556e-04
 -2.037362272327e-04
  2.104772064813e-04
  1.327371765454e-04
 -2.318570912242e-04
  9.568418186678e-05
 -1.245033984248e-04
 -3.666498700379e-04
  8.761422819920e-05
  1.760732196545e-04
 -1.108774427514e-04
  8.780741604233e-05
 -7.471638768924e-05
  1.149385897596e-04
  1.516104874658e-04
 -5.924031933094e-05
  9.620403551622e-05
 -1.046003817576e-04
  6.816590689912e-05
  8.154889107026e-05
 -3.661057017127e-04
  1.390813574158e-04
  9.431890150235e-06
  2.142931438169e-04
 -1.300484907409e-03
 -2.606608383857e-04
 -1.004628979074e-03
  1.600308202995e-04
 -2.719712126429e-04
 -1.754113913700e-03
  3.231703407494e-04
 -5.967309528480e-04
  1.208449761688e-04
 -1.675616389786e-03
  8.386595938353e-06
  1.400584456373e-04
  1.457589186980e-04
 -8.675899077698e-05
 -4.755615567976e-04
 -2.510050700971e-04
  3.725832301033e-05
  1.671680898531e-04
  1.408862161101e-04
 -2.400966942597e-04
  1.443678658095e-04
 -3.266190721927e-04
 -5.630689231413e-03
 -4.914475480448e-04
  1.239590068403e-04
  1.879751073491e-04
  3.373372839700e-04
 -7.115409931631e-04
  1.693752519227e-04
  1.071798739944e-04
 -7.539784461664e-04
 -2.050762525104e-04
  5.839426629134e-05
 -5.289027753778e-04
 -3.754509949634e-04
  5.027156143304e-05
 -2.937580072055e-04
  2.060076852639e-04
  4.936095992553e-05
  1.397771161228e-04
  2.138327040936e-04
 -8.909420619272e-03
  2.978101377871e-04
 -1.109042828944e-03
  1.818877103972e-04
 -4.526032955171e-05
 -8.020316280782e-05
 -2.398218718757e-04
 -8.396840708799e-04
  4.166555205607e-04
  2.549773159285e-04
 -7.799225753878e-04
 -1.070364890124e-04
 -8.666920520415e-04
  2.328455851580e-04
 -3.579154518529e-03
 -1.072135423602e-04
 -1.088505333982e-03
 -1.057493674934e-03
 -3.785333820023e-04
  6.658185368671e-05
 -1.573702325627e-04
 -4.291749962849e-04
  1.342426303201e-04
 -1.530348928836e-04
  2.119716443585e-04
 -5.441098594252e-04
 -4.529812563012e-05
  4.578807005060e-04
 -8.559362769094e-04
  1.090557503031e-05
 -1.687564281481e-03
  1.310232609846e-04
 -4.442582758085e-04
 -1.759948592895e-04
 -2.768306897188e-06
 -1.647974552373e-05
 -6.525341675123e-05
  1.536701140632e-04
  2.760907004491e-04
 -8.905833623330e-04
  6.025561069767e-05
  7.734449718344e-05
 -1.053387858141e-05
  1.075352243639e-04
  2.084421640049e-04
 -2.712001421368e-04
  2.689539309903e-04
  9.664715090296e-05
 -1.981385709448e-04
  1.695443409085e-04
 -1.621271480851e-04
  3.111850264963e-04
 -1.510148949024e-05
  1.670779874894e-04
  1.395196521498e-05
 -1.117293250583e-03
  3.418843756635e-04
  1.870018835617e-04
 -1.085253311138e-03
  2.527192687540e-05
  1.538605863202e-04
 -7.155884740817e-06
  3.015962160612e-04
 -5.683874760323e-04
  2.726721812237e-04
  1.251347533506e-04
  4.089454553444e-05
  1.594085664381e-04
  2.406712281336e-04
  4.067816359923e-04
  2.057924271156e-04
  1.831816072659e-04
  2.160166700146e-04
  3.975222140781e-04
 -5.585235386577e-04
  2.038568894456e-04
  2.214753762273e-04
 -7.570939760124e-04
  1.549360948440e-04
  1.497019844991e-04
 -2.524599623921e-05
 -5.146040672436e-04
  3.259971883704e-04
  3.248908101299e-04
  8.197977351956e-05
  2.157142714362e-04
  4.167837556163e-04
 -1.656785897395e-04
 -4.748394947494e-04
  2.865502816117e-04
  1.943140842360e-04
 -2.586986427436e-05
 -2.802889976113e-04
  7.820448775842e-06
 -5.181360105898e-04
 -4.875758229219e-04
  1.916872285642e-04
  9.896970399759e-05
  1.839572385969e-04
  1.719145562531e-04
  2.515521074216e-04
  2.056957849460e-04
  1.603086523398e-04
 -8.425076102239e-04
  1.297127418873e-04
  1.941155906853e-04
  2.146166031628e-04
  2.062339750586e-04
  1.167638028951e-04
  2.698103820479e-04
  9.616547215616e-05
  2.066696140436e-04
  1.194184124039e-04
  1.821899971323e-04
  1.012811759560e-04
 -1.040024674440e-04
  1.953426850521e-05
 -2.390368017498e-04
 -6.435803851564e-04
  1.384694409087e-04
  2.361391377516e-04
  3.934380218794e-05
  2.274220772559e-04
  2.118812750702e-04
  3.361771191115e-04
 -5.961942457040e-04
  2.096773564109e-06
  4.307853723485e-04
 -6.454082966494e-05
  2.740577013024e-04
  1.031634137150e-04
  6.915354287444e-04
  2.514828757049e-04
  3.605864245318e-05
  1.753547263396e-04
 -1.944400332366e-03
 -2.442088830874e-03
  2.682692337453e-04
 -9.734093046596e-04
  3.205562973094e-04
  2.867213172595e-04
 -5.220365322908e-04
  2.891891770818e-05
  2.328706905561e-04
  1.492323738287e-04
  6.483511656949e-05
  2.513464505915e-04
 -1.462714633141e-03
  1.426357991404e-04
  2.095937106284e-04
  1.472630452990e-04
  1.584866986008e-04
  3.081247673049e-04
  2.274451179956e-04
  2.312368907577e-04
 -5.545283777121e-04
  1.399019045347e-04
  5.424571421287e-04
  5.882731873666e-04
  6.407771450745e-05
  2.346073123249e-04
  1.061999123418e-04
  4.473805529921e-04
  1.600240454676e-04
  4.905334297535e-04
  5.354731766026e-04
  5.838448292074e-04
  4.957612880273e-04
  7.431667054918e-04
  6.736293465483e-04
  5.164696996643e-04
  5.431044400128e-04
  6.286422533834e-04
  6.214021486179e-04
  5.317780219022e-04
  7.951014005382e-04
  7.395593988441e-04
  5.025209095029e-04
  4.531442347028e-04
  4.588133367128e-04
  6.889641703111e-04
  5.068247799848e-04
  4.955836782569e-04
  6.522624923218e-04
  8.816116751987e-04
  4.654134676069e-04
  6.908677165791e-04
  1.138627876361e-03
  7.007293144132e-04
  8.653182070215e-04
  7.678640147541e-04
  4.598153836619e-04
  4.609546953750e-04
  8.679530219139e-04
  5.194659582202e-04
  8.425486324073e-04
  4.634598430041e-04
  4.619648074162e-04
  6.065451123749e-04
  7.049249331277e-04
  4.983823983041e-04
  5.277963250517e-04
  2.400506282539e-04
  4.279041444985e-04
  2.523070631328e-04
  4.868181007539e-04
  2.716269265714e-03
  2.644332544362e-04
  2.325850569684e-04
  5.125339002564e-04
  4.529964050504e-04
  2.745823667767e-04
  2.253123233696e-04
  5.756558864399e-04
  2.279993474494e-04
  4.329189576809e-04
  4.422310262028e-04
  2.043023891113e-04
  3.232266565769e-04
  2.514048931495e-04
  2.915156882035e-04
  4.308795030744e-04
  3.616156344965e-04
  4.683391056278e-04
  7.862802027891e-04
  4.996321295440e-04
  8.472566550335e-04
  5.314123473779e-04
  6.871290538848e-04
  7.080783671081e-04
  8.448762471759e-04
  4.123535348587e-04
  4.052982638113e-04
  4.139716869337e-04
  8.257408574017e-04
  4.938156851186e-04
  6.678784041694e-04
  5.509547961325e-04
  6.749782446673e-04
  4.029350577618e-04
  6.763491176064e-04
  8.487284490024e-04
  8.122429041549e-04
  4.587915625227e-04
  2.958671879068e-04
  3.387241582876e-04
  6.279401083621e-04
  4.089085137962e-04
  3.175365506869e-04
  2.443235303991e-04
  8.492413787883e-04
  2.462897187878e-04
  3.131038902158e-04
  4.754710151996e-04
  3.189532820658e-04
  3.832626402640e-04
  6.211346226198e-04
  3.132234672429e-04
  2.307033182542e-04
  2.400477865790e-04
  5.811629581040e-04
  7.007490285365e-04
  5.400665446930e-04
  6.096040742522e-04
  3.280433147955e-04
  2.245246196939e-04
  4.128820642834e-04
  2.221619151433e-04
  1.803181806229e-04
  2.812628984094e-04
  5.499118654758e-04
  1.884191443899e-04
  4.950652501824e-04
  5.689521628252e-04
  1.607564819466e-04
  1.815310520043e-04
  1.592188599206e-04
  1.685131269172e-04
  7.367532917456e-04
  2.918736720049e-04
  2.975747836373e-04
  4.078222533110e-04
  1.663827825250e-04
  1.891825977014e-04
  6.101500312465e-04
  2.950207876804e-04
  6.465741103948e-04
  2.079314880827e-04
  5.228152018327e-04
  6.734835480208e-04
  5.945409901384e-04
  1.843389235985e-04
  1.862237140109e-04
  6.209238351643e-04
  1.723668176535e-04
  1.630349643146e-04
  7.050681832722e-04
  6.595146613085e-04
  1.639280003220e-04
  1.664340966376e-04
  3.683136132903e-04
  1.855258870341e-04
  4.094822576081e-04
  3.795543436712e-04
  6.364030426371e-04
  1.711487494563e-04
  2.376545607478e-04
  5.669214750327e-04
  1.649122996982e-04
  5.706838617796e-04
  1.566116685154e-04
  1.720813773024e-04
  1.418602581619e-04
  1.660553447548e-04
  6.403077197289e-04
  1.009542262578e-03
  3.737992238263e-04
  1.619826915602e-04
  3.129413350833e-04
  1.598111128177e-04
  4.848914091892e-04
  3.899147633303e-04
  3.274244060315e-04
  3.360335456951e-04
  2.492695829904e-04
  7.469541461333e-04
  2.421305764880e-03
  2.877779131070e-04
  1.836667510396e-03
  2.759432499480e-03
  2.007522437898e-04
  2.766071483939e-04
  2.630673284126e-04
  3.267319759346e-04
  4.748488034332e-04
  3.180561097698e-04
  8.435181522086e-03
  3.857698329711e-04
  2.155780907859e-03
  1.249990985150e-03
  3.460578261853e-03
  2.611873796352e-04
  2.149465515232e-04
  7.225908707752e-04
  3.987089347892e-04
  2.854580937185e-04
  2.756832181468e-04
  4.177577153385e-03
  2.762611518530e-04
  1.835151806492e-04
  1.577712040829e-03
  2.412901079266e-04
  2.270353761158e-04
  3.762816559685e-04
  3.790907853072e-04
  8.215561432681e-04
  1.999508085240e-03
  1.872026668684e-04
  1.077896721285e-04
  2.764853066965e-03
  3.842802312458e-04
  7.182863371752e-05
  7.478354572759e-03
  2.209757185924e-03
  9.544874971807e-04
  9.151214723752e-05
  2.130223192573e-04
  6.043003185166e-05
  1.715257103835e-04
  1.767519686547e-02
  1.872069112925e-04
  3.648075783266e-03
  1.331683377336e-04
  1.116796137591e-04
  1.552438251309e-04
  1.977083717937e-04
  1.092779325479e-04
  1.122521951175e-03
  2.176127283710e-03
  3.280990136097e-04
  1.599870711218e-04
  4.268686450648e-03
  1.730084384917e-03
  9.119146145101e-05
  8.698753457468e-04
  2.862786504423e-04
  1.684394416770e-04
  4.014435276849e-03
  3.738846040894e-03
  6.847801363191e-03
  1.750787261781e-04
  3.889317488199e-03
  1.574753404531e-02
  3.341377119752e-03
  2.014841297150e-03
  9.099178259383e-04
  2.854652321098e-04
  2.775566030221e-04
  3.103349269420e-04
  4.365390964134e-04
  3.640443598277e-04
  3.350005899771e-04
  2.345531976524e-02
  9.493760481589e-04
  3.002160889318e-04
  1.394812222972e-04
  1.200773695129e-04
  1.558609503639e-04
  1.859495342278e-03
  4.403064245191e-03
  3.536022010217e-04
  3.920184322102e-04
  1.425457989128e-04
  1.052937484816e-02
  3.608624358431e-03
  1.881253255084e-02
  9.451117632701e-03
  4.106053857002e-03
  1.435524396845e-04
  2.955209903036e-03
  3.104157681123e-03
  1.652693598510e-04
  1.646741451684e-04
  2.560805255611e-02
  8.716533575460e-03
  3.701642797002e-04
  6.687829444418e-04
  1.826574990125e-04
  1.268538885300e-03
  3.770530300998e-04
  2.276114742680e-04
  1.496621708085e-04
  4.839917341100e-04
  6.853849447650e-05
  6.571098612874e-05
  1.575908757620e-03
  2.977853476587e-03
  1.643844894676e-04
  6.487961872640e-03
  2.241250714017e-03
  7.907413787104e-04
  2.199717991975e-04
  1.652002056388e-03
  1.087519040695e-02
  1.143669860530e-04
  2.419895509519e-04
  4.700034034650e-03
  1.260380894112e-02
  1.640386664077e-02
  1.269285304979e-04
  3.465495238008e-04
  8.879329757844e-04
  8.532315052520e-04
  3.448224796802e-04
  3.637486718068e-04
  7.126271568238e-02
  2.311391279663e-02
  2.982229781065e-04
  1.626688284617e-02
  3.624636541678e-02
  6.903267830944e-03
  2.661434473956e-04
  1.618792718369e-02
  3.650445533259e-02
  4.484497353459e-04
  1.971867237314e-04
  7.026746097035e-03
  8.519077454302e-04
  1.091287225831e-03
  8.396019628137e-04
  6.402771039547e-04
  3.324295870189e-04
  2.335731041912e-04
  1.131920206660e-04
  2.982722962573e-04
  5.466864397402e-05
  3.687718651287e-04
  2.406730294824e-02
  4.715879226593e-04
  2.216397151507e-04
  1.661119062327e-02
  3.282205811906e-02
  1.310456544685e-04
  5.405067857111e-03
  1.907941505502e-04
  2.401007019837e-02
  6.004846062922e-03
  1.379505353459e-02
  3.621739009825e-04
  1.250231655862e-03
  3.596730927012e-04
  2.497632111232e-04
  1.988551379473e-04
  1.582701702205e-04
  1.908123873404e-04
  2.032313854575e-03
  4.440564450074e-02
  1.695978255580e-02
  1.283084279137e-02
  7.357376212184e-03
  3.050067198861e-03
  1.453056294421e-02
  1.567202533467e-04
  2.579916152221e-04
  1.731950258536e-04
  9.262744673717e-03
  6.613248771831e-04
  3.001927862732e-04
  8.318003524068e-04
  1.778242559122e-03
  4.573815918674e-02
  1.325479272353e-03
  8.836105066573e-04
  2.781945522823e-04
  2.911034262520e-04
  9.685406196840e-05
  3.872141336964e-04
  1.482439769606e-04
  5.070080357976e-02
  1.929554367539e-02
  8.154796664783e-05
  7.291516336855e-05
  4.383242894073e-04
  2.696694580595e-04
  1.228423513403e-04
  1.292138737490e-04
  1.569201615401e-03
  6.243565361007e-04
  5.975819086741e-04
  4.773246888319e-04
  3.812827144773e-04
  3.146011514022e-04
  2.276696161631e-04
  1.438110846197e-04
  4.261656650376e-04
  1.251580264504e-04
  8.146032551648e-05
  1.111720439882e-04
  2.113645718356e-04
  4.841536257705e-04
  4.272855113914e-03
  9.256814656233e-04
  7.021186872283e-04
  4.436043745111e-04
  1.399648660438e-04
  1.790235080941e-04
  1.699153060869e-03
  5.858178886850e-02
  1.062677851645e-02
  2.688789743333e-02
  4.525029747882e-04
  1.420742021584e-02
  3.673128650227e-03
  5.518337565863e-03
  1.253940942420e-02
  1.922837901422e-04
  6.377729603319e-05
  5.874225580083e-05
  3.456639030447e-05
  7.290378261596e-02
  2.419325197684e-02
  1.715144879143e-04
  7.642954027398e-05
  2.947786710730e-05
  8.616718849316e-02
  2.678570407688e-04
  1.282937405840e-03
  1.371037109296e-02
  2.978538741525e-02
  5.506555409475e-03
  6.461017963105e-05
  1.542136277796e-04
  7.970436682619e-05
  6.859759384857e-02
  1.579876631192e-03
  4.784492461013e-05
  8.396452854326e-02
  6.453724634358e-04
  7.075512913458e-03
  1.537135126523e-02
  4.246338924252e-02
  2.781331131128e-04
  5.982359272516e-05
  2.070890764438e-05
  2.370648433825e-05
  2.510043150485e-04
  8.650830764347e-04
  7.813257651617e-04
  1.805453607471e-03
  4.771333336112e-04
  3.824172266860e-04
  2.461127705051e-04
  1.679977023631e-04
  1.179964379531e-01
  2.064193284971e-01
  5.529641659020e-02
  1.923290849034e-02
  1.123810919151e-03
  4.622053356118e-04
 -1.350875842737e-05
  3.907838120505e-04
  3.894425591274e-02
  2.224593528337e-04
  1.628656300367e-03
  7.824203027323e-04
  1.003992696447e-03
  2.513116829433e-03
  1.933300774487e-04
  6.247896056108e-05
  2.630404280435e-05
  4.944803458323e-05
  1.032502101614e-05
  1.545158526461e-05
  3.934829488760e-04
  1.109586332710e-01
  2.389977061795e-05
  3.419252771486e-05
  7.424145670570e-05
  5.386951550680e-02
  1.461766655300e-01
  4.681030989392e-04
  2.912275314015e-05
  4.943713147521e-05
  2.451434412915e-04
  1.143987073972e-04
  2.510547283646e-03
  8.647685398007e-04
  1.466627733051e-02
  3.327506592192e-02
  9.100369989731e-02
  2.434875079426e-04
  4.792122441416e-05
  3.258110006332e-05
  2.700290931973e-05
  2.717118926882e-05
  3.302214611836e-04
  1.396867854289e-01
  1.720043813823e-02
  5.511730808505e-02
  7.216598147258e-05
  2.164865918597e-05
  1.859318104669e-05
  1.388960616938e-05
  4.604931026897e-05
  7.259537861826e-05
  2.471549594091e-05
  1.253035525423e-04
  4.142622886637e-04
  3.602797199944e-03
  2.999079690802e-05
  2.955993693550e-03
  4.041517883402e-05
  1.573197368614e-04
  1.221140384681e-04
  7.596776739511e-03
  5.311973985456e-05
  9.333359526309e-05
  1.506749290716e-04
  1.815346856244e-04
  1.133080670921e-03
  3.700039924919e-04
  6.062612413462e-04
  1.011491058077e-03
  2.192201882310e-03
  4.276413514700e-03
  2.809912241286e-03
  3.154629607036e-03
  2.115244842639e-03
  1.484828060721e-03
  1.119716797086e-03
  8.499019034157e-04
  6.790215871045e-04
  5.116963858686e-04
  3.958278935356e-04
  3.399621273070e-04
  2.234289477753e-04
  1.796039265801e-04
  1.501630298690e-04
  6.893300225810e-04
  1.125728791609e-01
  1.394008070100e-04
  9.080797470000e-05
  8.456905159999e-05
  5.378402465200e-04
  7.236298428001e-05
  6.794752465999e-05
  4.076067972600e-04
  5.965691156001e-05
  5.492473291999e-05
  5.396318261999e-05
  5.290054087004e-05
  5.596634118400e-04
  7.957452885649e-04
  4.882441414600e-05
  4.718995115099e-05
  4.612232377094e-05
  4.672471202999e-05
  4.661653784899e-05
  4.663188551896e-05
  4.741807622094e-05
  4.808569936599e-05
  4.941802790503e-05
  5.764454064994e-05
  2.138265448002e-03
  1.126991417000e-03
  1.421380576300e-03
  6.194181800007e-05
  5.828873030000e-05
  6.028268359998e-05
  7.411289457001e-04
  3.668644888999e-04
  6.835778250003e-05
  7.108545524998e-05
  7.830207722004e-05
  8.699794856998e-05
  1.309050033900e-04
  6.875816345928e-02
  1.536501056020e-03
  1.170048505000e-04
  1.166038807000e-04
  1.274555563000e-04
  1.416651603999e-04
  1.596359529999e-04
  1.283387188000e-03
