3594
  6.417899527338e-04
  5.927456618232e-04
  5.522307497880e-04
  5.387020439853e-04
  5.483705467984e-04
  5.530192421543e-04
  5.568785770661e-04
  5.607642425535e-04
  5.649565367244e-04
  5.580048774287e-04
  5.324859486463e-04
  4.950651177704e-04
  4.835309749191e-04
  4.591763045437e-04
  4.417740309983e-04
  4.666842657297e-04
  5.079321715964e-04
  5.479811243377e-04
  5.896598345123e-04
  6.248597853765e-04
  6.556802657343e-04
  6.714027239538e-04
  6.808935438817e-04
  6.911794552906e-04
  7.014788130996e-04
  7.117395855866e-04
  7.239413166890e-04
  7.328264639888e-04
  7.378431404581e-04
  7.419811239156e-04
  7.466826869229e-04
  7.502839836308e-04
  7.498747453686e-04
  7.443050126192e-04
  7.392555970890e-04
  7.342202125849e-04
  7.275613214318e-04
  7.201334935630e-04
  7.136789475968e-04
  7.081610892962e-04
  7.027889601649e-04
  6.981657370535e-04
  6.981815219579e-04
  7.008433245409e-04
  6.841452341884e-04
  6.613424782152e-04
  6.517522718521e-04
  6.520118458356e-04
  6.533985789186e-04
  6.522796045844e-04
  6.504853871174e-04
  6.518247654872e-04
  6.553675995862e-04
  6.586426749364e-04
  6.637914769018e-04
  6.688859086409e-04
  6.835699621169e-04
  6.987018391771e-04
  7.055396259134e-04
  7.108755082272e-04
  7.158448299832e-04
  7.212485289233e-04
  7.208568294438e-04
  7.201237083282e-04
  7.266165656720e-04
  7.406002370935e-04
  7.525219322993e-04
  7.596076004973e-04
  7.753422270552e-04
  7.833036651345e-04
  7.944869775899e-04
  8.004782257494e-04
  8.134124933412e-04
  8.247541487052e-04
  8.353511719550e-04
  8.455440495032e-04
  8.558493318856e-04
  8.657399698392e-04
  8.782538987664e-04
  8.960693163580e-04
  9.146364082595e-04
  9.231415486015e-04
  9.216916759009e-04
  9.324540575723e-04
  9.507540234085e-04
  9.709931939817e-04
  9.903723795781e-04
  1.009196755016e-03
  1.026615689336e-03
  1.040779425593e-03
  1.052397699859e-03
  1.061931782117e-03
  1.067204892111e-03
  1.070058370636e-03
  1.077451737546e-03
  1.090229939722e-03
  1.106499353819e-03
  1.125075074854e-03
  1.144747859240e-03
  1.164150467385e-03
  1.175903030225e-03
  1.180170632385e-03
  1.185698103695e-03
  1.193298316523e-03
  1.198292987061e-03
  1.201434795654e-03
  1.204863621920e-03
  1.208258758200e-03
  1.211731768039e-03
  1.214781698662e-03
  1.260589968856e-03
  1.258089344939e-03
  1.215980173774e-03
  1.353805657962e-03
  1.396000080700e-03
  1.316302885183e-03
  1.260356652920e-03
  1.349329085704e-03
  1.345919835072e-03
  1.331024478970e-03
  1.403447329810e-03
  1.419749997005e-03
  1.387694939318e-03
  1.394159973186e-03
  1.326473435498e-03
  1.363457373381e-03
  1.365069255340e-03
  1.373623301684e-03
  1.396927823346e-03
  1.501706573964e-03
  1.548682299593e-03
  1.534072908340e-03
  1.506864714792e-03
  1.605267284501e-03
  1.653438137288e-03
  1.698361044121e-03
  1.478822850755e-03
  1.508401336917e-03
  1.497349496588e-03
  1.514355797146e-03
  1.537863779362e-03
  1.630607414089e-03
  1.636449867010e-03
  1.628075063816e-03
  1.640028060837e-03
  1.610035082101e-03
  1.626255246352e-03
  1.594461488390e-03
  1.710645430313e-03
  1.780577456975e-03
  1.737633429836e-03
  1.682868219040e-03
  1.745489139425e-03
  1.634611555847e-03
  1.639299909231e-03
  1.615018854362e-03
  1.648260816907e-03
  1.725672090488e-03
  1.803502320961e-03
  1.770532183830e-03
  1.856637092129e-03
  1.849376324773e-03
  1.879512404484e-03
  1.819009383671e-03
  1.818447834681e-03
  1.841589563755e-03
  1.869246728223e-03
  1.889411305034e-03
  2.103509159652e-03
  2.185335176364e-03
  2.213796728837e-03
  2.252053613392e-03
  2.201555366164e-03
  2.115265902997e-03
  2.139622033841e-03
  2.151807078875e-03
  2.135287373032e-03
  2.306069439218e-03
  2.299098219873e-03
  2.429107120366e-03
  2.448351095752e-03
  2.527403008925e-03
  2.430788962839e-03
  2.376829487019e-03
  2.516996222916e-03
  2.575194340303e-03
  2.586573532194e-03
  2.663311245265e-03
  2.552653584726e-03
  2.687771508377e-03
  2.667069057172e-03
  2.686485298774e-03
  2.628687690414e-03
  2.657586720106e-03
  2.690020217956e-03
  2.718493417482e-03
  2.648843858675e-03
  2.818786106812e-03
  2.770724565912e-03
  2.689105070262e-03
  2.814805825432e-03
  3.055577210220e-03
  3.090165035729e-03
  3.077117027725e-03
  2.900537293156e-03
  2.884283783663e-03
  2.980720619382e-03
  3.006119950900e-03
  1.810881517632e-03
  4.152545138644e-03
  2.597093487391e-03
  5.111222293693e-03
  1.832084391898e-03
  3.175417772402e-03
  5.080712620112e-03
  6.475448461470e-03
  2.006628612619e-03
  3.426847512004e-03
  5.424928784636e-03
  6.978737760596e-03
  1.813643047362e-03
  5.006194856968e-03
  3.233858627656e-03
  6.947085432226e-03
  2.091339372599e-03
  4.530971089657e-03
  7.967979291367e-03
  7.248597701690e-03
  1.573013641665e-03
  5.535478725590e-03
  8.771750678909e-03
  3.211090352110e-03
  1.970129246406e-03
  4.928308379296e-03
  3.458949042961e-03
  9.048230157945e-03
  6.675269771885e-03
  3.614869420180e-03
  1.077522289997e-02
  1.733212253642e-03
  1.444093091350e-03
  3.239461670499e-03
  5.992842671258e-03
  5.092324838273e-03
  1.301274378789e-02
  1.436347729448e-03
  6.200823706137e-03
  3.141461153670e-03
  1.922225638924e-03
  7.032975351839e-03
  4.030527726198e-03
  1.578605134259e-02
  1.778637489142e-02
  9.145414384497e-03
  5.498570766855e-03
  2.640786533055e-03
  2.532462500439e-03
  5.681031158888e-03
  8.731549070356e-03
  1.272146223459e-02
  3.204088989014e-03
  7.077651136331e-03
  1.263126525191e-02
  1.892340515587e-02
  2.491868621537e-03
  6.767669536478e-03
  1.285265687413e-02
  1.672012231374e-02
  2.489063513389e-02
  1.245661685502e-02
  5.924580308009e-03
  2.648871567947e-03
  2.520812666187e-03
  2.226436609667e-02
  6.849645896766e-03
  1.190484431992e-02
  7.215476058891e-03
  1.328139628913e-02
  4.420423154288e-03
  1.978816940496e-03
  1.252271761219e-02
  2.142933314177e-03
  4.857507973339e-03
  8.914266963962e-03
  1.844560699281e-02
  1.333373126386e-02
  8.371163448319e-03
  3.829790869804e-03
  9.536236995336e-03
  6.232351046344e-03
  2.621220436561e-03
  2.078908718534e-02
  3.255985456687e-03
  1.213326894187e-02
  4.176398266926e-02
  2.164640172367e-02
  2.963729371015e-03
  9.112398780019e-03
  2.912977300314e-02
  1.359920348583e-02
  3.487700947673e-03
  1.356740114842e-02
  7.025385921958e-03
  2.632308499839e-02
  1.532473200463e-02
  8.299232262638e-03
  2.581341135607e-02
  3.532196173105e-03
  5.703066102378e-03
  2.826133468738e-03
  3.622737770438e-02
  1.346231331100e-02
  3.910261751310e-03
  9.164506045370e-03
  1.920519782364e-02
  2.250737609436e-02
  8.435315781120e-03
  2.239429086219e-03
  1.574040324035e-02
  3.092520899661e-02
  3.165292859671e-03
  9.193996094292e-03
  1.677949475762e-02
  2.913982006756e-02
  1.381344696951e-02
  1.996531907493e-02
  4.925970256195e-03
  4.094058244246e-02
  2.152677603876e-02
  1.441540626363e-02
  6.632129916382e-03
  2.097197735902e-03
  1.797294376819e-02
  1.792713246418e-02
  8.841712366499e-03
  3.939288936301e-03
  5.568465103459e-03
  1.315627589064e-02
  2.317453910923e-02
  1.863170065534e-02
  4.676299642550e-03
  2.168342010279e-02
  1.127968420179e-02
  3.353966694545e-02
  7.434055229092e-03
  1.795929364076e-02
  2.751848895958e-03
  4.181635895445e-02
  5.887671057716e-02
  2.344154588858e-02
  9.491218582515e-03
  2.001725127565e-03
  4.575417372626e-03
  1.177014743782e-02
  3.919728502609e-03
  1.185604891682e-02
  8.617977641622e-03
  2.362559330969e-02
  4.496185475717e-02
  9.255039088203e-02
  6.827191492109e-03
  1.604711291720e-02
  9.061957458293e-02
  3.884781382721e-02
  3.595397218263e-02
  2.222630389399e-02
  1.573824125802e-02
  6.075898264804e-03
  1.793909425105e-02
  2.654604406375e-02
  9.310084124390e-03
  3.228414993390e-02
  3.025405560246e-02
  8.042907828637e-02
  1.482237828028e-02
  6.207940607585e-03
  1.201563106226e-02
  1.004158891565e-01
  2.733829079948e-02
  6.488259852840e-02
  9.679516993777e-02
  3.574758261240e-02
  2.660543055191e-03
  1.148343101308e-02
  2.075503422904e-03
  8.929975552808e-03
  4.717248973616e-02
  2.082434344153e-02
  8.517502062991e-03
  1.725515952988e-02
  4.054950996379e-02
  2.705814251218e-02
  2.661370150723e-02
  4.712193690910e-02
  1.598345551375e-02
  5.231916899354e-02
  2.546522696457e-03
  5.784334840408e-03
  4.081622104777e-02
  1.972195225320e-02
  1.277535242808e-02
  4.004644810191e-02
  8.729037954952e-02
  2.353679638170e-01
  2.009542891515e-02
  4.157939495912e-02
  1.008954848128e-02
  4.320375317713e-03
  1.152795337247e-02
  3.605206694763e-02
  3.044869802975e-02
  3.292379416670e-03
  9.106397940822e-03
  5.099402068388e-03
  2.218283956272e-02
  3.699073734170e-02
  3.767436874133e-02
  1.173185552695e-02
  2.469641061448e-02
  1.564066688046e-02
  9.509888960531e-02
  3.296872654732e-02
  1.616584291884e-02
  9.735897744096e-03
  7.660123122219e-03
  7.249737568814e-03
  8.106507752726e-03
  7.933507855992e-03
  1.123739285331e-02
  1.785134757733e-02
  2.265657574131e-02
  3.335301994687e-02
  4.836757253346e-02
  7.882211959533e-02
  2.661185121595e-01
  1.275608004058e-01
  2.040789280831e-02
  1.108759803241e-02
  5.379634380118e-03
  2.035601758455e-03
  2.371644233857e-03
  6.322033458195e-03
  1.619666696222e-02
  3.591922642511e-02
  4.522406314462e-03
  6.745188790601e-03
  8.179799381685e-03
  2.929714084409e-02
  4.822496950054e-02
  3.375393302876e-02
  2.728743214925e-02
  1.117104926114e-02
  8.398780404784e-03
  5.268733129251e-03
  4.921382187476e-03
  4.666851172140e-03
  7.178589182161e-03
  6.433684884585e-03
  4.867224898172e-03
  3.428039632544e-03
  2.996481594071e-03
  2.690650719396e-03
  2.427159907652e-03
  2.175633614076e-03
  1.705097737930e-03
  1.726631648010e-03
  1.297201131422e-03
  1.375715778441e-03
  2.605129626582e-03
  1.039050660194e-02
  2.709125594669e-02
  4.583490526520e-02
  2.102567421359e-02
  1.689586950494e-02
  1.348139686362e-02
  1.093289375877e-02
  2.357024962135e-02
  2.796836059144e-02
  1.890687747664e-02
  1.307719301865e-02
  9.573002432250e-03
  6.930316312490e-03
  5.650938178227e-03
  4.617361425286e-03
  4.980191480173e-03
  5.360084514179e-03
  5.621243461939e-03
  5.905109953432e-03
  6.187367318817e-03
  6.449577192387e-03
  6.650523750948e-03
  6.879374775697e-03
  7.666587011032e-03
  1.353245904189e-02
  1.099008832525e-02
  9.409530192167e-03
  8.273621512015e-03
  7.985993504896e-03
  7.778516244723e-03
  7.702503815493e-03
  8.090786389353e-03
  9.090213797723e-03
  1.325907142080e-02
  4.437142466579e-02
  4.186165139698e-02
  3.182738326383e-02
  3.056278454694e-02
  3.211521098999e-02
  3.525731230062e-02
  3.985629698533e-02
  4.626475165046e-02
  5.542386347229e-02
  6.887790230455e-02
  8.728848961195e-02
  1.039027861325e-01
  1.065592801706e-01
  1.005756822423e-01
  9.705908039720e-02
  9.815755772642e-02
  1.026703869748e-01
  1.094872061157e-01
  1.179584281407e-01
  1.277179976975e-01
  1.385689992274e-01
  1.504073318968e-01
  1.631314004651e-01
  1.767472467398e-01
  1.912199927328e-01
  2.065407303265e-01
  2.227145230247e-01
  2.397449218479e-01
  2.576600185308e-01
  2.765074634764e-01
  2.963371859578e-01
  3.171965697515e-01
  3.391995587638e-01
  3.624387869782e-01
  3.870177713366e-01
  4.130601030963e-01
  4.406478867656e-01
  4.699809942276e-01
  5.011718259115e-01
  5.343459089166e-01
  5.696293698855e-01
  6.071450401636e-01
  6.469969352604e-01
  6.893462864932e-01
  7.343926418610e-01
  7.822818024920e-01
  8.331261998465e-01
  8.870756487581e-01
  9.444414311898e-01
  1.005383349613e+00
  1.070111144796e+00
  1.138871178900e+00
  1.211878186501e+00
  1.289378529765e+00
  1.371764501621e+00
  1.459258049945e+00
  1.552111085566e+00
  1.650863908931e+00
  1.755787169754e+00
  1.867269853933e+00
  1.985746711912e+00
  2.111509179357e+00
  2.245161340539e+00
  2.387268955134e+00
  2.538371189614e+00
  2.698835721556e+00
  2.869193423997e+00
  3.050448683766e+00
  3.243083131446e+00
  3.447850918755e+00
  3.665481778578e+00
  3.896638114370e+00
  4.142334911920e+00
  4.403626718601e+00
  4.681153641719e+00
  4.976019646596e+00
  5.289694167113e+00
  5.623105121550e+00
  5.977545072552e+00
  6.354274148013e+00
  6.754246723713e+00
  7.179632340898e+00
  7.631965990528e+00
  8.112851692401e+00
  8.624133885295e+00
  9.166538842618e+00
  9.743870027118e+00
  1.035801294187e+01
  1.101028443520e+01
  1.170296626382e+01
  1.244008886746e+01
  1.322368742396e+01
  1.405663038335e+01
  1.494115501077e+01
  1.588151992052e+01
  1.688160637446e+01
  3.312722288018e-03
  3.059570746914e-03
  2.850445235484e-03
  2.780614218264e-03
  2.830520055251e-03
  2.854515190497e-03
  2.874435889980e-03
  2.894492499793e-03
  2.916131832535e-03
  2.880249505943e-03
  2.748528646519e-03
  2.555373830133e-03
  2.495838133237e-03
  2.370126817523e-03
  2.280301635327e-03
  2.408880603326e-03
  2.621789603407e-03
  2.828509976315e-03
  3.043642655696e-03
  3.225333972720e-03
  3.384419810343e-03
  3.465574302625e-03
  3.514562995223e-03
  3.567655705434e-03
  3.620817821826e-03
  3.673780772656e-03
  3.736762354719e-03
  3.782624751547e-03
  3.808519292090e-03
  3.829878289639e-03
  3.854146311437e-03
  3.872735097097e-03
  3.870622735090e-03
  3.841873488178e-03
  3.815809958674e-03
  3.789818853010e-03
  3.755447705499e-03
  3.717107543227e-03
  3.683791162704e-03
  3.655309675737e-03
  3.627580397907e-03
  3.603716742550e-03
  3.603798219371e-03
  3.617537625395e-03
  3.531347220197e-03
  3.413646409178e-03
  3.364144714379e-03
  3.365484555423e-03
  3.372642444966e-03
  3.366866643707e-03
  3.357605445138e-03
  3.364518904220e-03
  3.382805923879e-03
  3.399710855253e-03
  3.426287386959e-03
  3.452583276284e-03
  3.528377842748e-03
  3.606483936779e-03
  3.641778488253e-03
  3.669320671162e-03
  3.694970781244e-03
  3.722863012714e-03
  3.720841180508e-03
  3.717057034856e-03
  3.750571166924e-03
  3.822750576696e-03
  3.884286699614e-03
  3.920860738932e-03
  4.002078040434e-03
  4.043172534446e-03
  4.100897352772e-03
  4.131822332552e-03
  4.198585042607e-03
  4.257127178312e-03
  4.311825752132e-03
  4.364438250176e-03
  4.417630947393e-03
  4.468683377634e-03
  4.533276428820e-03
  4.625234133479e-03
  4.721071749670e-03
  4.764972667492e-03
  4.757488870668e-03
  4.813040973787e-03
  4.907499767411e-03
  5.011968139288e-03
  5.111997533290e-03
  5.209163167943e-03
  5.299074347933e-03
  5.372183196988e-03
  5.432153154361e-03
  5.481365153800e-03
  5.508583325304e-03
  5.523312103571e-03
  5.561474388977e-03
  5.627431537371e-03
  5.711409247618e-03
  5.807291404744e-03
  5.908836265370e-03
  6.008986559364e-03
  6.069649673046e-03
  6.091677722455e-03
  6.120208828825e-03
  6.159438789219e-03
  6.185219741918e-03
  6.201436791289e-03
  6.219135337590e-03
  6.236659986547e-03
  6.254586594856e-03
  6.270329398417e-03
  6.506777596149e-03
  6.493870144812e-03
  6.276515558228e-03
  6.987928305317e-03
  7.205722934289e-03
  6.794350530032e-03
  6.505573291067e-03
  6.964821616545e-03
  6.947224113648e-03
  6.870338868033e-03
  7.244163343034e-03
  7.328312695541e-03
  7.162854349570e-03
  7.196224865412e-03
  6.846847781767e-03
  7.037747490937e-03
  7.046067529712e-03
  7.090220885267e-03
  7.210511656403e-03
  7.751347331697e-03
  7.993821575213e-03
  7.918412392180e-03
  7.777972067737e-03
  8.285895858826e-03
  8.534538981048e-03
  8.766417205498e-03
  7.633228592718e-03
  7.785903638404e-03
  7.728857438748e-03
  7.816638730203e-03
  7.937979702124e-03
  8.416693811814e-03
  8.446850756348e-03
  8.403622598787e-03
  8.465320292045e-03
  8.310505763215e-03
  8.394229260910e-03
  8.230119663725e-03
  8.829825427705e-03
  9.190793034599e-03
  8.969129178327e-03
  8.686448008830e-03
  9.009677934399e-03
  8.437361959689e-03
  8.461561797474e-03
  8.336230462355e-03
  8.507815246057e-03
  8.907388424543e-03
  9.309124129616e-03
  9.138942425078e-03
  9.583389471362e-03
  9.545911624061e-03
  9.701464796103e-03
  9.389166816547e-03
  9.386268273421e-03
  9.505718759301e-03
  9.648476533503e-03
  9.752559875323e-03
  1.085766713322e-02
  1.128002785755e-02
  1.142693763516e-02
  1.162440790342e-02
  1.136375148712e-02
  1.091835182538e-02
  1.104407067958e-02
  1.110696613330e-02
  1.102169649405e-02
  1.190322097826e-02
  1.186723768870e-02
  1.253830363554e-02
  1.263763511604e-02
  1.304567677136e-02
  1.254698478897e-02
  1.226846257553e-02
  1.299196014365e-02
  1.329236092083e-02
  1.335109680854e-02
  1.374719327490e-02
  1.317601247525e-02
  1.387344962783e-02
  1.376658994386e-02
  1.386681060956e-02
  1.356847713676e-02
  1.371764503719e-02
  1.388505677485e-02
  1.403202667097e-02
  1.367251707624e-02
  1.454970667804e-02
  1.430162779015e-02
  1.388033306400e-02
  1.452916169010e-02
  1.577194950456e-02
  1.595048121883e-02
  1.588313141576e-02
  1.497168115103e-02
  1.488778553545e-02
  1.538556281244e-02
  1.551666634758e-02
  9.347213272605e-03
  2.143416046666e-02
  1.340539758078e-02
  2.638255700203e-02
  9.456655986458e-03
  1.639052961735e-02
  2.622507545337e-02
  3.342427277312e-02
  1.035759955493e-02
  1.768833258031e-02
  2.800181339583e-02
  3.602209729722e-02
  9.361467439482e-03
  2.584043768556e-02
  1.669218333272e-02
  3.585871771608e-02
  1.079485043651e-02
  2.338747880227e-02
  4.112825773688e-02
  3.741503129019e-02
  8.119412477403e-03
  2.857243818012e-02
  4.527707835745e-02
  1.657466049906e-02
  1.016920105565e-02
  2.543841164975e-02
  1.785403080700e-02
  4.670418036876e-02
  3.445568890204e-02
  1.865884382498e-02
  5.561838559022e-02
  8.946308427000e-03
  7.453964259348e-03
  1.672110451610e-02
  3.093321015870e-02
  2.628501415099e-02
  6.716778003580e-02
  7.413985084089e-03
  3.200674427496e-02
  1.621525599828e-02
  9.921937371469e-03
  3.630205505691e-02
  2.080434412252e-02
  8.148274041942e-02
  9.180779517483e-02
  4.720581544729e-02
  2.838193065194e-02
  1.363092764024e-02
  1.307179230999e-02
  2.932373506130e-02
  4.506957002221e-02
  6.566427427102e-02
  1.653852161675e-02
  3.653265771186e-02
  6.519870519573e-02
  9.767679559024e-02
  1.286225919588e-02
  3.493262805990e-02
  6.634146063802e-02
  8.630412740364e-02
  1.284778009062e-01
  6.429722390191e-02
  3.058086084067e-02
  1.367266010298e-02
  1.301165944968e-02
  1.149218081131e-01
  3.535576481151e-02
  6.144914382966e-02
  3.724406756000e-02
  6.855448159571e-02
  2.281686437019e-02
  1.021404425975e-02
  6.463841567437e-02
  1.106116248995e-02
  2.507296173609e-02
  4.601270357547e-02
  9.521054846808e-02
  6.882461863430e-02
  4.320937031463e-02
  1.976820222692e-02
  4.922312152707e-02
  3.216947870566e-02
  1.352993346969e-02
  1.073068722455e-01
  1.680639521682e-02
  6.262820145287e-02
  2.155728297639e-01
  1.117320661378e-01
  1.529785921577e-02
  4.703539905430e-02
  1.503589264078e-01
  7.019490457104e-02
  1.800243929354e-02
  7.003075068940e-02
  3.626288075477e-02
  1.358716664106e-01
  7.910155192268e-02
  4.283808366392e-02
  1.332408878711e-01
  1.823210995817e-02
  2.943747266050e-02
  1.458763149987e-02
  1.869945782830e-01
  6.948831960310e-02
  2.018356816022e-02
  4.730436072713e-02
  9.913132264717e-02
  1.161761509587e-01
  4.354050491995e-02
  1.155924397811e-02
  8.124711895939e-02
  1.596264146366e-01
  1.633826793279e-02
  4.745657928700e-02
  8.661058969288e-02
  1.504107862634e-01
  7.130076352133e-02
  1.030548346935e-01
  2.542634297764e-02
  2.113226911139e-01
  1.111145951553e-01
  7.440789220357e-02
  3.423301424000e-02
  1.082508950554e-02
  9.277080631840e-02
  9.253434246105e-02
  4.563819906494e-02
  2.033339755887e-02
  2.874270371436e-02
  6.790864859222e-02
  1.196198411874e-01
  9.617110670196e-02
  2.413762008167e-02
  1.119231436220e-01
  5.822225963169e-02
  1.731214422251e-01
  3.837230599025e-02
  9.270034856012e-02
  1.420419738898e-02
  2.158431800343e-01
  3.039034664586e-01
  1.209980480372e-01
  4.899075033009e-02
  1.033228927365e-02
  2.361689684097e-02
  6.075387996402e-02
  2.023243261796e-02
  6.119727697088e-02
  4.448334924757e-02
  1.219480442024e-01
  2.320792616497e-01
  4.777166444156e-01
  3.523986208281e-02
  8.283025995143e-02
  4.677503646993e-01
  2.005204633665e-01
  1.855833430935e-01
  1.147253427328e-01
  8.123595947174e-02
  3.136191758037e-02
  9.259608552480e-02
  1.370225125122e-01
  4.805578998364e-02
  1.666408496739e-01
  1.561621272977e-01
  4.151501579435e-01
  7.650855654773e-02
  3.204347953070e-02
  6.202099090986e-02
  5.183159266716e-01
  1.411118464257e-01
  3.349040123392e-01
  4.996268879864e-01
  1.845180236282e-01
  1.373290472937e-02
  5.927393798842e-02
  1.071311013615e-02
  4.609378647832e-02
  2.434898793049e-01
  1.074888541932e-01
  4.396472522220e-02
  8.906582490807e-02
  2.093040952932e-01
  1.396658071549e-01
  1.373717394205e-01
  2.432289411643e-01
  8.250168001911e-02
  2.700554542451e-01
  1.314436671618e-02
  2.985695688372e-02
  2.106807758545e-01
  1.017986500320e-01
  6.594243887038e-02
  2.067074447303e-01
  4.505660841705e-01
  1.214897017787e+00
  1.037264216601e-01
  2.146200447929e-01
  5.207914519008e-02
  2.230044821772e-02
  5.950374871020e-02
  1.860896780914e-01
  1.571668116252e-01
  1.699424964157e-02
  4.700442456853e-02
  2.632154463552e-02
  1.145009932267e-01
  1.909348058817e-01
  1.944635008460e-01
  6.055622890073e-02
  1.274752736906e-01
  8.073231055370e-02
  4.908712107743e-01
  1.701744235410e-01
  8.344310769237e-02
  5.025370888613e-02
  3.953919890432e-02
  3.742091493360e-02
  4.184329903585e-02
  4.095032679268e-02
  5.800396470187e-02
  9.214316419049e-02
  1.169462736347e-01
  1.721580278408e-01
  2.496585290349e-01
  4.068555315644e-01
  1.373621887862e+00
  6.584296073530e-01
  1.053392641465e-01
  5.723076992104e-02
  2.776801761463e-02
  1.050715002009e-02
  1.224169789396e-02
  3.263239172465e-02
  8.360221192121e-02
  1.854039961828e-01
  2.334327006768e-02
  3.481658936593e-02
  4.222160787621e-02
  1.512228277118e-01
  2.489224560511e-01
  1.742274178278e-01
  1.408493297200e-01
  5.766151948979e-02
  4.335192054749e-02
  2.719557947665e-02
  2.540266077844e-02
  2.408884998426e-02
  3.705366885064e-02
  3.320870203789e-02
  2.512311751265e-02
  1.769448593978e-02
  1.546691611489e-02
  1.388831122931e-02
  1.252825272258e-02
  1.122995137772e-02
  8.801189946380e-03
  8.912341365260e-03
  6.695753153814e-03
  7.101021606534e-03
  1.344687765895e-02
  5.363259841856e-02
  1.398367285164e-01
  2.365856797764e-01
  1.085280616988e-01
  8.721128033561e-02
  6.958682303064e-02
  5.643223405562e-02
  1.216623771098e-01
  1.443640728495e-01
  9.759148479480e-02
  6.750044713703e-02
  4.941289340146e-02
  3.577216067906e-02
  2.916840435330e-02
  2.383339913662e-02
  2.570621625454e-02
  2.766710722121e-02
  2.901512936346e-02
  3.048036086044e-02
  3.193728654350e-02
  3.329073324146e-02
  3.432795755513e-02
  3.550921613840e-02
  3.957256350974e-02
  6.985039028549e-02
  5.672745481173e-02
  4.856909999072e-02
  4.270588884841e-02
  4.122124156500e-02
  4.015030777880e-02
  3.975795500449e-02
  4.176215019483e-02
  4.692088700094e-02
  6.843924749366e-02
  2.290316431651e-01
  2.160769656884e-01
  1.642831606482e-01
  1.577556911280e-01
  1.657688388198e-01
  1.819873991114e-01
  2.057259431668e-01
  2.388044145740e-01
  2.860809319788e-01
  3.555265412683e-01
  4.505563288942e-01
  5.363142161110e-01
  5.500262210596e-01
  5.191407294200e-01
  5.009891125853e-01
  5.066591146100e-01
  5.299529508090e-01
  5.651392740059e-01
  6.088651159103e-01
  6.592410114107e-01
  7.152505429751e-01
  7.763563741274e-01
  8.420341014909e-01
  9.123149110184e-01
  9.870187732641e-01
  1.066099707267e+00
  1.149583849274e+00
  1.237489528562e+00
  1.329961746023e+00
  1.427246458377e+00
  1.529601385172e+00
  1.637271106883e+00
  1.750843766899e+00
  1.870797513346e+00
  1.997666668829e+00
  2.132089173396e+00
  2.274488825259e+00
  2.425897301587e+00
  2.586894778816e+00
  2.758129189214e+00
  2.940251559706e+00
  3.133895907909e+00
  3.339599129881e+00
  3.558193452080e+00
  3.790708879885e+00
  4.037897993864e+00
  4.300341130625e+00
  4.578811588248e+00
  4.874916108460e+00
  5.189479542453e+00
  5.523584507548e+00
  5.878502649432e+00
  6.255342361911e+00
  6.655375290699e+00
  7.080626331209e+00
  7.532241110085e+00
  8.011519913534e+00
  8.521251606239e+00
  9.062833198747e+00
  9.638272516606e+00
  1.024981360784e+01
  1.089896077372e+01
  1.158883211138e+01
  1.232234789822e+01
  1.310229114569e+01
  1.393055969233e+01
  1.480989374143e+01
  1.574547762881e+01
  1.673979738335e+01
  1.779674570421e+01
  1.892008924804e+01
  2.011324713768e+01
  2.138145841751e+01
  2.273016633663e+01
  2.416267493204e+01
  2.568468253309e+01
  2.730377390539e+01
  2.902473867763e+01
  3.085424866052e+01
  3.279880824658e+01
  3.486334362996e+01
  3.705905331511e+01
  3.939386045313e+01
  4.187604450073e+01
  4.451512588343e+01
  4.731485340113e+01
  5.029485935840e+01
  5.346487614202e+01
  5.683170091796e+01
  6.040711141231e+01
  6.421191151502e+01
  6.825660618795e+01
  7.255600148769e+01
  7.712164548863e+01
  8.197551984757e+01
  8.713765844415e+01
  3.162612322156e-03
  2.920931881220e-03
  2.721282510756e-03
  2.654615758663e-03
  2.702260203708e-03
  2.725168043184e-03
  2.744186072518e-03
  2.763333853654e-03
  2.783992639518e-03
  2.749736255082e-03
  2.623984086055e-03
  2.439581727730e-03
  2.382743782307e-03
  2.262728845483e-03
  2.176973927517e-03
  2.299726574195e-03
  2.502987991426e-03
  2.700341207832e-03
  2.905725542392e-03
  3.079183848911e-03
  3.231061002082e-03
  3.308538126626e-03
  3.355306986007e-03
  3.405993896931e-03
  3.456747069022e-03
  3.507310100375e-03
  3.567437786967e-03
  3.611222012967e-03
  3.635943189654e-03
  3.656334343202e-03
  3.679502703874e-03
  3.697249172630e-03
  3.695232528453e-03
  3.667786001206e-03
  3.642903492985e-03
  3.618090126849e-03
  3.585276445172e-03
  3.548673597395e-03
  3.516866887864e-03
  3.489675987509e-03
  3.463203211308e-03
  3.440420893950e-03
  3.440498678797e-03
  3.453615508707e-03
  3.371330664452e-03
  3.258963250919e-03
  3.211704635095e-03
  3.212983763687e-03
  3.219817306527e-03
  3.214303225163e-03
  3.205461680908e-03
  3.212061869207e-03
  3.229520245937e-03
  3.245659161193e-03
  3.271031425857e-03
  3.296135764939e-03
  3.368495838923e-03
  3.443062697822e-03
  3.476757941096e-03
  3.503052100242e-03
  3.527539922389e-03
  3.554168268284e-03
  3.552238051715e-03
  3.548625377718e-03
  3.580620878043e-03
  3.649529609566e-03
  3.708277335357e-03
  3.743194088818e-03
  3.820731176497e-03
  3.859963548497e-03
  3.915072672009e-03
  3.944596342758e-03
  4.008333822427e-03
  4.064223228073e-03
  4.116443235826e-03
  4.166671694522e-03
  4.217454061724e-03
  4.266193144242e-03
  4.327859279175e-03
  4.415650088239e-03
  4.507144997725e-03
  4.549056625560e-03
  4.541911943333e-03
  4.594946804264e-03
  4.685125370011e-03
  4.784859948236e-03
  4.880356692770e-03
  4.973119443983e-03
  5.058956462910e-03
  5.128752517870e-03
  5.186005046050e-03
  5.232987093530e-03
  5.258971923256e-03
  5.273033293811e-03
  5.309466324888e-03
  5.372434745452e-03
  5.452607158991e-03
  5.544144591120e-03
  5.641088131672e-03
  5.736700297834e-03
  5.794614573210e-03
  5.815644461755e-03
  5.842882733099e-03
  5.880335059420e-03
  5.904947795288e-03
  5.920429998658e-03
  5.937326567627e-03
  5.954057119094e-03
  5.971171415857e-03
  5.986200863000e-03
  6.211934842092e-03
  6.199612268360e-03
  5.992106708267e-03
  6.671283084814e-03
  6.879208747577e-03
  6.486476933201e-03
  6.210785107897e-03
  6.649223433482e-03
  6.632423329319e-03
  6.559021998319e-03
  6.915907299341e-03
  6.996243577484e-03
  6.838282674553e-03
  6.870141066360e-03
  6.536595367764e-03
  6.718844804941e-03
  6.726787836341e-03
  6.768940463153e-03
  6.883780477486e-03
  7.400109171000e-03
  7.631596136607e-03
  7.559603983105e-03
  7.425527455708e-03
  7.910435606996e-03
  8.147811919826e-03
  8.369183005636e-03
  7.287342767151e-03
  7.433099621723e-03
  7.378638366514e-03
  7.462442008918e-03
  7.578284636104e-03
  8.035306689407e-03
  8.064097127027e-03
  8.022827774548e-03
  8.081729749414e-03
  7.933930358473e-03
  8.013860078638e-03
  7.857186808403e-03
  8.429717999952e-03
  8.774329018386e-03
  8.562709455298e-03
  8.292837467198e-03
  8.601420818477e-03
  8.055038297874e-03
  8.078141564167e-03
  7.958489389810e-03
  8.122299122125e-03
  8.503766371115e-03
  8.887298155748e-03
  8.724827924625e-03
  9.149135663976e-03
  9.113356056940e-03
  9.261860620824e-03
  8.963713854372e-03
  8.960946653438e-03
  9.074984458509e-03
  9.211273424658e-03
  9.310640419761e-03
  1.036567175872e-02
  1.076889397749e-02
  1.090914680659e-02
  1.109766906997e-02
  1.084882382356e-02
  1.042360663478e-02
  1.054362876851e-02
  1.060367422950e-02
  1.052226842837e-02
  1.136384823906e-02
  1.132949546661e-02
  1.197015328455e-02
  1.206498374025e-02
  1.245453573250e-02
  1.197844106734e-02
  1.171253957979e-02
  1.240325317576e-02
  1.269004183985e-02
  1.274611621798e-02
  1.312426429572e-02
  1.257896551179e-02
  1.324479957239e-02
  1.314278204002e-02
  1.323846138912e-02
  1.295364635328e-02
  1.309605498248e-02
  1.325588076273e-02
  1.339619098617e-02
  1.305297191274e-02
  1.389041326832e-02
  1.365357562257e-02
  1.325137109822e-02
  1.387079923902e-02
  1.505727239134e-02
  1.522771426674e-02
  1.516341629710e-02
  1.429326673802e-02
  1.421317269918e-02
  1.468839410715e-02
  1.481355692481e-02
  8.923661358722e-03
  2.046291059535e-02
  1.279795644981e-02
  2.518707957090e-02
  9.028144875693e-03
  1.564782267503e-02
  2.503673401127e-02
  3.190971284062e-02
  9.888263830288e-03
  1.688681806477e-02
  2.673296231583e-02
  3.438982168658e-02
  8.937269624036e-03
  2.466952540207e-02
  1.593580750270e-02
  3.423384535305e-02
  1.030570148600e-02
  2.232771787474e-02
  3.926460578297e-02
  3.571963741730e-02
  7.751496116225e-03
  2.727773027922e-02
  4.322543016734e-02
  1.582361000181e-02
  9.708402265229e-03
  2.428571644251e-02
  1.704500797867e-02
  4.458786565500e-02
  3.289439222966e-02
  1.781335236326e-02
  5.309813993231e-02
  8.540922784677e-03
  7.116201469949e-03
  1.596341817542e-02
  2.953152818322e-02
  2.509395669618e-02
  6.412419464241e-02
  7.078033878068e-03
  3.055641705983e-02
  1.548049126019e-02
  9.472342883727e-03
  3.465709367122e-02
  1.986163322964e-02
  7.779049871630e-02
  8.764769245527e-02
  4.506677005526e-02
  2.709585525206e-02
  1.301326702615e-02
  1.247946789315e-02
  2.799498351310e-02
  4.302732469368e-02
  6.268881749796e-02
  1.578910868700e-02
  3.487724698764e-02
  6.224434483581e-02
  9.325074982584e-02
  1.227942938978e-02
  3.334971975983e-02
  6.333531840038e-02
  8.239341334676e-02
  1.226560637875e-01
  6.138371252191e-02
  2.919514493161e-02
  1.305310845848e-02
  1.242205984368e-02
  1.097143360727e-01
  3.375368284162e-02
  5.866468800134e-02
  3.555642059660e-02
  6.544806035141e-02
  2.178295979447e-02
  9.751213481365e-03
  6.170944381177e-02
  1.055994609468e-02
  2.393682622486e-02
  4.392772187088e-02
  9.089625619194e-02
  6.570595662300e-02
  4.125141654160e-02
  1.887244221342e-02
  4.699266559095e-02
  3.071177747675e-02
  1.291684922215e-02
  1.024444571291e-01
  1.604484408367e-02
  5.979031877974e-02
  2.058045403321e-01
  1.066691314347e-01
  1.460466463893e-02
  4.490407577016e-02
  1.435456860129e-01
  6.701415055284e-02
  1.718669160544e-02
  6.685743500481e-02
  3.461969448110e-02
  1.297148897680e-01
  7.551720943141e-02
  4.089695406799e-02
  1.272033201577e-01
  1.740595516298e-02
  2.810356730052e-02
  1.392661959605e-02
  1.785212601712e-01
  6.633958319344e-02
  1.926898659736e-02
  4.516084993556e-02
  9.463936764321e-02
  1.109118406610e-01
  4.156754638649e-02
  1.103545792903e-02
  7.756555401280e-02
  1.523932349226e-01
  1.559792913334e-02
  4.530617098913e-02
  8.268598885656e-02
  1.435951959337e-01
  6.806989952262e-02
  9.838509290025e-02
  2.427419464025e-02
  2.017469889599e-01
  1.060796400231e-01
  7.103623433810e-02
  3.268180766362e-02
  1.033457032680e-02
  8.856706650604e-02
  8.834131757692e-02
  4.357018734889e-02
  1.941202675020e-02
  2.744028054145e-02
  6.483149209204e-02
  1.141994863505e-01
  9.181328848215e-02
  2.304386787083e-02
  1.068515505914e-01
  5.558402417280e-02
  1.652767599599e-01
  3.663353496104e-02
  8.849980141252e-02
  1.356056010225e-02
  2.060626401733e-01
  2.901326353992e-01
  1.155152422717e-01
  4.677082387076e-02
  9.864100438219e-03
  2.254674025363e-02
  5.800092874914e-02
  1.931563685136e-02
  5.842423402969e-02
  4.246766744378e-02
  1.164221910941e-01
  2.215630133758e-01
  4.560697863484e-01
  3.364303203360e-02
  7.907695785950e-02
  4.465551104123e-01
  1.914342444524e-01
  1.771739725293e-01
  1.095267731626e-01
  7.755490019697e-02
  2.994080951032e-02
  8.840026286640e-02
  1.308135873784e-01
  4.587822954642e-02
  1.590898236352e-01
  1.490859254433e-01
  3.963383860477e-01
  7.304171091053e-02
  3.059148772450e-02
  5.921062287453e-02
  4.948293862092e-01
  1.347176205873e-01
  3.197284481088e-01
  4.769872072107e-01
  1.761569260717e-01
  1.311062320956e-02
  5.658804764376e-02
  1.022766509820e-02
  4.400513064993e-02
  2.324565797125e-01
  1.026181928970e-01
  4.197254391980e-02
  8.502996956796e-02
  1.998198621256e-01
  1.333371059474e-01
  1.311469897065e-01
  2.322074655076e-01
  7.876326692726e-02
  2.578183840976e-01
  1.254875372255e-02
  2.850404336158e-02
  2.011341609193e-01
  9.718582995456e-02
  6.295437757606e-02
  1.973408740449e-01
  4.301495042000e-01
  1.159846176210e+00
  9.902624812890e-02
  2.048949290735e-01
  4.971927375296e-02
  2.128994409765e-02
  5.680744491201e-02
  1.776573638806e-01
  1.500450843338e-01
  1.622418622794e-02
  4.487450483670e-02
  2.512883186846e-02
  1.093125896450e-01
  1.822829435459e-01
  1.856517421366e-01
  5.781223388313e-02
  1.216989642634e-01
  7.707407321066e-02
  4.686282775353e-01
  1.624632800501e-01
  7.966203552330e-02
  4.797655376431e-02
  3.774755225190e-02
  3.572525445414e-02
  3.994724629019e-02
  3.909473745484e-02
  5.537562087941e-02
  8.796786483593e-02
  1.116470666331e-01
  1.643570009405e-01
  2.383457083357e-01
  3.884196155281e-01
  1.311378718418e+00
  6.285940711115e-01
  1.005660076009e-01
  5.463746200925e-02
  2.650976056385e-02
  1.003103768900e-02
  1.168698769094e-02
  3.115371443695e-02
  7.981393023432e-02
  1.770027523966e-01
  2.228551237830e-02
  3.323893914754e-02
  4.030841275574e-02
  1.443704412055e-01
  2.376429891561e-01
  1.663326202962e-01
  1.344669993471e-01
  5.504869294727e-02
  4.138750737076e-02
  2.596326141558e-02
  2.425158555670e-02
  2.299730770139e-02
  3.537464945734e-02
  3.170391029991e-02
  2.398470928392e-02
  1.689269259599e-02
  1.476606103314e-02
  1.325898774752e-02
  1.196055781036e-02
  1.072108662198e-02
  8.402380083213e-03
  8.508494878362e-03
  6.392347317178e-03
  6.779251769444e-03
  1.283755693393e-02
  5.120233508294e-02
  1.335002823194e-01
  2.258652313878e-01
  1.036103106107e-01
  8.325946029888e-02
  6.643362311789e-02
  5.387511033951e-02
  1.161494684846e-01
  1.378224783049e-01
  9.316930473343e-02
  6.444178754096e-02
  4.717383829912e-02
  3.415121049022e-02
  2.784669133270e-02
  2.275343214280e-02
  2.454138597029e-02
  2.641342274078e-02
  2.770036171935e-02
  2.909919892460e-02
  3.049010667874e-02
  3.178222440918e-02
  3.277244879566e-02
  3.390018080163e-02
  3.777940500111e-02
  6.668524730351e-02
  5.415695370573e-02
  4.636827984715e-02
  4.077074941933e-02
  3.935337621859e-02
  3.833096984280e-02
  3.795639581855e-02
  3.986977456083e-02
  4.479475262156e-02
  6.533804787242e-02
  2.186534921619e-01
  2.062858322570e-01
  1.568389689857e-01
  1.506072798364e-01
  1.582573263619e-01
  1.737409721873e-01
  1.964038474339e-01
  2.279834282665e-01
  2.731176965490e-01
  3.394165047688e-01
  4.301401909663e-01
  5.120121160036e-01
  5.251027864678e-01
  4.956168145260e-01
  4.782877050876e-01
  4.837007813163e-01
  5.059390998315e-01
  5.395310189961e-01
  5.812755041598e-01
  6.293687078749e-01
  6.828402697153e-01
  7.411772016268e-01
  8.038788626150e-01
  8.709750254979e-01
  9.422938185357e-01
  1.017791344310e+00
  1.097492554754e+00
  1.181414948584e+00
  1.269696956242e+00
  1.362573389368e+00
  1.460290289418e+00
  1.563081154151e+00
  1.671507476312e+00
  1.786025737614e+00
  1.907146048811e+00
  2.035477442859e+00
  2.171424514330e+00
  2.315972191824e+00
  2.469674362139e+00
  2.633149597676e+00
  2.807019425262e+00
  2.991889133163e+00
  3.188271288972e+00
  3.396960408323e+00
  3.618939823780e+00
  3.854928014097e+00
  4.105479018988e+00
  4.371331095940e+00
  4.654018180111e+00
  4.954327746066e+00
  5.273293354299e+00
  5.612129028192e+00
  5.971892936707e+00
  6.353799103255e+00
  6.759780668806e+00
  7.190931348024e+00
  7.648492507020e+00
  8.135126638161e+00
  8.652167449012e+00
  9.201531784168e+00
  9.785362006716e+00
  1.040509425325e+01
  1.106370533003e+01
  1.176398318741e+01
  1.250858472976e+01
  1.329932179853e+01
  1.413881042969e+01
  1.503200004034e+01
  1.598126400951e+01
  1.699031864578e+01
  1.806275992666e+01
  1.920185204364e+01
  2.041259664339e+01
  2.170019032411e+01
  2.306778740637e+01
  2.452082801013e+01
  2.606655321120e+01
  2.770953560498e+01
  2.945614468124e+01
  3.131259009784e+01
  3.328357482741e+01
  3.537978993463e+01
  3.760879954743e+01
  3.997850795407e+01
  4.249800417937e+01
  4.517086715318e+01
  4.801583957802e+01
  5.104221283532e+01
  5.425647608987e+01
  5.766987338161e+01
  6.130226591017e+01
  6.516368262422e+01
  6.926825867093e+01
  7.362701884474e+01
  7.826094874382e+01
  8.318917444909e+01
  7.090837907478e-03
  6.548970407600e-03
  6.101340037487e-03
  5.951867675795e-03
  6.058690454749e-03
  6.110051721951e-03
  6.152691713702e-03
  6.195622619703e-03
  6.241941323043e-03
  6.165135681191e-03
  5.883188937091e-03
  5.469743626871e-03
  5.342308261123e-03
  5.073224865245e-03
  4.880955259892e-03
  5.156176827268e-03
  5.611905704415e-03
  6.054387907577e-03
  6.514876540629e-03
  6.903784383243e-03
  7.244305498472e-03
  7.418015607623e-03
  7.522875251236e-03
  7.636519489854e-03
  7.750312291476e-03
  7.863678781870e-03
  7.998490018894e-03
  8.096657868076e-03
  8.152084787002e-03
  8.197803436595e-03
  8.249748813824e-03
  8.289537861789e-03
  8.285016379066e-03
  8.223478999202e-03
  8.167690361659e-03
  8.112056746380e-03
  8.038485763211e-03
  7.956419156844e-03
  7.885105888355e-03
  7.824141645086e-03
  7.764787495451e-03
  7.713707659201e-03
  7.713882059249e-03
  7.743291074733e-03
  7.558801661103e-03
  7.306864643764e-03
  7.200906925775e-03
  7.203774837674e-03
  7.219096204844e-03
  7.206733179227e-03
  7.186909707116e-03
  7.201707874143e-03
  7.240850996004e-03
  7.277035776312e-03
  7.333922488232e-03
  7.390208488875e-03
  7.552445748246e-03
  7.719630801568e-03
  7.795178318613e-03
  7.854131994063e-03
  7.909035712845e-03
  7.968738662575e-03
  7.964410957683e-03
  7.956311044347e-03
  8.028047597382e-03
  8.182546662035e-03
  8.314263913024e-03
  8.392550156746e-03
  8.566394708194e-03
  8.654356924944e-03
  8.777916129248e-03
  8.844110636317e-03
  8.987015327415e-03
  9.112323988677e-03
  9.229405556947e-03
  9.342021907822e-03
  9.455880167293e-03
  9.565157213828e-03
  9.703417779034e-03
  9.900252020297e-03
  1.010539116049e-02
  1.019936049000e-02
  1.018334152264e-02
  1.030225005900e-02
  1.050443784786e-02
  1.072805100557e-02
  1.094216259029e-02
  1.115014433630e-02
  1.134259801879e-02
  1.149908653584e-02
  1.162745143035e-02
  1.173278905928e-02
  1.179104919264e-02
  1.182257594622e-02
  1.190426180953e-02
  1.204544220663e-02
  1.222519537621e-02
  1.243042985567e-02
  1.264778527651e-02
  1.286215564606e-02
  1.299200423242e-02
  1.303915497860e-02
  1.310022543154e-02
  1.318419663893e-02
  1.323938042458e-02
  1.327409280263e-02
  1.331197630511e-02
  1.334948758265e-02
  1.338785924882e-02
  1.342155651003e-02
  1.392767072603e-02
  1.390004249847e-02
  1.343479790266e-02
  1.495756740651e-02
  1.542375390719e-02
  1.454321675840e-02
  1.392509292705e-02
  1.490810784715e-02
  1.487044062672e-02
  1.470586878317e-02
  1.550603508979e-02
  1.568615565734e-02
  1.533199427292e-02
  1.540342341734e-02
  1.465558642609e-02
  1.506420470937e-02
  1.508201364148e-02
  1.517652331060e-02
  1.543400410305e-02
  1.659165565808e-02
  1.711066854477e-02
  1.694925619349e-02
  1.664864555073e-02
  1.773584965625e-02
  1.826806694559e-02
  1.876439919469e-02
  1.633882407151e-02
  1.666562297204e-02
  1.654351634195e-02
  1.673141102641e-02
  1.699113975965e-02
  1.801582093142e-02
  1.808037146928e-02
  1.798784217414e-02
  1.811990526429e-02
  1.778852682860e-02
  1.796773585960e-02
  1.761646145398e-02
  1.890012364925e-02
  1.967277000105e-02
  1.919830147090e-02
  1.859322619500e-02
  1.928509554286e-02
  1.806006082649e-02
  1.811186025675e-02
  1.784359020427e-02
  1.821086514700e-02
  1.906614621027e-02
  1.992605613288e-02
  1.956178446240e-02
  2.051311744164e-02
  2.043289660898e-02
  2.076585610061e-02
  2.009738643750e-02
  2.009118214456e-02
  2.034686431763e-02
  2.065243543071e-02
  2.087522443672e-02
  2.324069179402e-02
  2.414474929547e-02
  2.445920771652e-02
  2.488189019396e-02
  2.432395860875e-02
  2.337058656882e-02
  2.363968610074e-02
  2.377431298117e-02
  2.359179445480e-02
  2.547868586479e-02
  2.540166411307e-02
  2.683807182871e-02
  2.705068953888e-02
  2.792409726394e-02
  2.685665372191e-02
  2.626048063603e-02
  2.780911753824e-02
  2.845212139822e-02
  2.857784478307e-02
  2.942568399037e-02
  2.820307910109e-02
  2.969593403114e-02
  2.946720230177e-02
  2.968172330103e-02
  2.904314447852e-02
  2.936243638135e-02
  2.972077897466e-02
  3.003536607857e-02
  2.926584058238e-02
  3.114345323437e-02
  3.061244368108e-02
  2.971066793454e-02
  3.109947696149e-02
  3.375964771520e-02
  3.414179247022e-02
  3.399763111435e-02
  3.204668396997e-02
  3.186710652294e-02
  3.293259215025e-02
  3.321321751995e-02
  2.000758543582e-02
  4.587953481693e-02
  2.869407486236e-02
  5.647151165156e-02
  2.024184610623e-02
  3.508371020256e-02
  5.613442449547e-02
  7.154421041170e-02
  2.217030380731e-02
  3.786164014840e-02
  5.993750838200e-02
  7.710481918327e-02
  2.003809629005e-02
  5.531111247971e-02
  3.572939596004e-02
  7.675510736726e-02
  2.310623349190e-02
  5.006058668162e-02
  8.803448755244e-02
  8.008637583100e-02
  1.737949419710e-02
  6.115892312781e-02
  9.691498279772e-02
  3.547783990087e-02
  2.176703933045e-02
  5.445058110803e-02
  3.821631499432e-02
  9.996967563334e-02
  7.375194288956e-02
  3.993900653322e-02
  1.190504131066e-01
  1.914945395683e-02
  1.595511115506e-02
  3.579130136760e-02
  6.621212408498e-02
  5.626272247891e-02
  1.437717379938e-01
  1.586953626324e-02
  6.851000955338e-02
  3.470853935688e-02
  2.123777470985e-02
  7.770406503677e-02
  4.453142132613e-02
  1.744127199135e-01
  1.965133620111e-01
  1.010434188334e-01
  6.075114430272e-02
  2.917681894891e-02
  2.797999722633e-02
  6.276706408914e-02
  9.647081397168e-02
  1.405535039421e-01
  3.540048510491e-02
  7.819766694635e-02
  1.395569595413e-01
  2.090758791817e-01
  2.753149438813e-02
  7.477282480059e-02
  1.420030123355e-01
  1.847328344966e-01
  2.750050205628e-01
  1.376273508463e-01
  6.545792506563e-02
  2.926614672921e-02
  2.785128364025e-02
  2.459885986556e-01
  7.567854337809e-02
  1.315310734092e-01
  7.972043024504e-02
  1.467399542016e-01
  4.883919409457e-02
  2.186302561119e-02
  1.383576672880e-01
  2.367627089304e-02
  5.366834043834e-02
  9.848957877291e-02
  2.037969100854e-01
  1.473181789325e-01
  9.248908128926e-02
  4.231357340769e-02
  1.053614356117e-01
  6.885834043347e-02
  2.896064227284e-02
  2.296889299182e-01
  3.597386497580e-02
  1.340548305378e-01
  4.614307690810e-01
  2.391609984683e-01
  3.274486377043e-02
  1.006786448154e-01
  3.218412780802e-01
  1.502512577177e-01
  3.853398138185e-02
  1.498998885218e-01
  7.762021296513e-02
  2.908314911339e-01
  1.693158176713e-01
  9.169434716171e-02
  2.852003447316e-01
  3.902558837858e-02
  6.301051790439e-02
  3.122463081006e-02
  4.002594026604e-01
  1.487388220108e-01
  4.320265865217e-02
  1.012543536916e-01
  2.121892749620e-01
  2.486735027993e-01
  9.319787049878e-02
  2.474240768031e-02
  1.739083753185e-01
  3.416782131221e-01
  3.497184476325e-02
  1.015801754903e-01
  1.853888129423e-01
  3.219522834098e-01
  1.526183340626e-01
  2.205875002068e-01
  5.442474827621e-02
  4.523334039441e-01
  2.378393100596e-01
  1.592691015969e-01
  7.327531074314e-02
  2.317095981616e-02
  1.985746745295e-01
  1.980685267943e-01
  9.768795685928e-02
  4.352336648314e-02
  6.152337423464e-02
  1.453575572649e-01
  2.560446758383e-01
  2.058529721833e-01
  5.166625409275e-02
  2.395699972766e-01
  1.246239707894e-01
  3.705641398216e-01
  8.213540956848e-02
  1.984238606369e-01
  3.040389520588e-02
  4.620094502318e-01
  6.505013197071e-01
  2.589947092325e-01
  1.048640481615e-01
  2.211612748755e-02
  5.055165293591e-02
  1.300428703708e-01
  4.330725237272e-02
  1.309919557547e-01
  9.521601621637e-02
  2.610281633631e-01
  4.967625665446e-01
  1.022546110644e+00
  7.543045513200e-02
  1.772970675128e-01
  1.001213421736e+00
  4.292113794166e-01
  3.972386725455e-01
  2.455680671273e-01
  1.738844885839e-01
  6.712976660749e-02
  1.982006869994e-01
  2.932948618766e-01
  1.028627780005e-01
  3.566925178352e-01
  3.342629522433e-01
  8.886233801997e-01
  1.637655456291e-01
  6.858864087872e-02
  1.327551044631e-01
  1.109448333229e+00
  3.020480266181e-01
  7.168575750073e-01
  1.069444695000e+00
  3.949583704279e-01
  2.939509954910e-02
  1.268750742958e-01
  2.293126946836e-02
  9.866313564582e-02
  5.211868415615e-01
  2.300784598520e-01
  9.410590840198e-02
  1.906442111985e-01
  4.480126264926e-01
  2.989527988308e-01
  2.940423774194e-01
  5.206283069492e-01
  1.765937465468e-01
  5.780501006705e-01
  2.813534177556e-02
  6.390841829355e-02
  4.509593928865e-01
  2.178986536806e-01
  1.411489115598e-01
  4.424545305692e-01
  9.644306982857e-01
  2.600470875136e+00
  2.220250231584e-01
  4.593913455488e-01
  1.114747161990e-01
  4.773381220269e-02
  1.273669810830e-01
  3.983224758603e-01
  3.364134656565e-01
  3.637596486837e-02
  1.006123443415e-01
  5.634091549419e-02
  2.450878499995e-01
  4.086934073224e-01
  4.162465318651e-01
  1.296198009040e-01
  2.728591244188e-01
  1.728064347872e-01
  1.050703284618e+00
  3.642560856043e-01
  1.786088599346e-01
  1.075673941187e-01
  8.463312829938e-02
  8.009896969130e-02
  8.956502392322e-02
  8.765362873774e-02
  1.241567134014e-01
  1.972312149196e-01
  2.503219401236e-01
  3.685019641718e-01
  5.343907540964e-01
  8.708688429812e-01
  2.940219344140e+00
  1.409359799374e+00
  2.254772910054e-01
  1.225017002778e-01
  5.943707162822e-02
  2.249041458485e-02
  2.620319119183e-02
  6.984919958119e-02
  1.789494204160e-01
  3.968547828733e-01
  4.996595847443e-02
  7.452444552263e-02
  9.037478895415e-02
  3.236904473077e-01
  5.328151996845e-01
  3.729314658593e-01
  3.014861131082e-01
  1.234237139889e-01
  9.279420816287e-02
  5.821177542299e-02
  5.437405684444e-02
  5.156186234921e-02
  7.931288434518e-02
  7.108278412594e-02
  5.377569820962e-02
  3.787481133233e-02
  3.310672780992e-02
  2.972774509106e-02
  2.681655798346e-02
  2.403756125779e-02
  1.883882978312e-02
  1.907674791387e-02
  1.433217038866e-02
  1.519964211052e-02
  2.878286241686e-02
  1.147998621310e-01
  2.993186537273e-01
  5.064084944859e-01
  2.323028696678e-01
  1.866745832575e-01
  1.489496672846e-01
  1.207924449003e-01
  2.604166967586e-01
  3.090093739346e-01
  2.088932725611e-01
  1.444838074904e-01
  1.057676397797e-01
  7.656983318309e-02
  6.243458077881e-02
  5.101507321434e-02
  5.502381329543e-02
  5.922107427597e-02
  6.210649770582e-02
  6.524280619735e-02
  6.836133620489e-02
  7.125837082393e-02
  7.347853564383e-02
  7.600700389818e-02
  8.470454479263e-02
  1.495138294810e-01
  1.214243609942e-01
  1.039615112296e-01
  9.141138592091e-02
  8.823351819730e-02
  8.594119870070e-02
  8.510137281635e-02
  8.939132591052e-02
  1.004335332914e-01
  1.464932971419e-01
  4.902391797951e-01
  4.625098653086e-01
  3.516459158976e-01
  3.376739543839e-01
  3.548259902238e-01
  3.895416023764e-01
  4.403536395536e-01
  5.111576667502e-01
  6.123524221813e-01
  7.609998233350e-01
  9.644098172468e-01
  1.147973431904e+00
  1.177323795750e+00
  1.111213812520e+00
  1.072360518599e+00
  1.084497082366e+00
  1.134357228304e+00
  1.209673084164e+00
  1.303267666008e+00
  1.411096598946e+00
  1.530984254797e+00
  1.661780471996e+00
  1.802362772104e+00
  1.952797908236e+00
  2.112700529763e+00
  2.281972215051e+00
  2.460668908391e+00
  2.648829843351e+00
  2.846765392411e+00
  3.055002022651e+00
  3.274091379328e+00
  3.504556983691e+00
  3.747657748827e+00
  4.004417144422e+00
  4.275978880896e+00
  4.563708460417e+00
  4.868513017410e+00
  5.192600843106e+00
  5.537213797435e+00
  5.903738770780e+00
  6.293569277598e+00
  6.708062424147e+00
  7.148367429287e+00
  7.616265662657e+00
  8.113961837044e+00
  8.643066841124e+00
  9.204822877672e+00
  9.800885180923e+00
  1.043469296013e+01
  1.110801179827e+01
  1.182315902330e+01
  1.258285657587e+01
  1.338947695813e+01
  1.424574211079e+01
  1.515598629551e+01
  1.612266171083e+01
  1.714855160207e+01
  1.823962549690e+01
  1.939887367778e+01
  2.063059386854e+01
  2.193958942407e+01
  2.332908028117e+01
  2.480574068523e+01
  2.637582145109e+01
  2.804527957767e+01
  2.981817736309e+01
  3.170038017594e+01
  3.370298501796e+01
  3.583131320084e+01
  3.809369699525e+01
  4.049819887955e+01
  4.305213744060e+01
  4.576672678310e+01
  4.865361810921e+01
  5.171988366605e+01
  5.497772065165e+01
  5.844336415576e+01
  6.212706631472e+01
  6.604310805047e+01
  7.020541192847e+01
  7.462452240168e+01
  7.932440971962e+01
  8.432203328160e+01
  8.963511515438e+01
  9.528403368193e+01
  1.012768131204e+02
  1.076554761562e+02
  1.144408548334e+02
  1.216474983952e+02
  1.293006169074e+02
  1.374447408191e+02
  1.461023558612e+02
  1.553051542005e+02
  1.650778543362e+02
  1.754675077120e+02
  1.865169965800e+02
  2.907143630246e-03
  2.684985590356e-03
  2.501463445842e-03
  2.440181883654e-03
  2.483977717864e-03
  2.505035113722e-03
  2.522516909531e-03
  2.540117976084e-03
  2.559107991810e-03
  2.527618760863e-03
  2.412024568488e-03
  2.242517816854e-03
  2.190271112496e-03
  2.079950711643e-03
  2.001122882579e-03
  2.113959847257e-03
  2.300802265545e-03
  2.482213734147e-03
  2.671007585289e-03
  2.830454320945e-03
  2.970063180154e-03
  3.041281877284e-03
  3.084272853664e-03
  3.130865390220e-03
  3.177518835514e-03
  3.223997499211e-03
  3.279268206864e-03
  3.319515641817e-03
  3.342239897597e-03
  3.360983899742e-03
  3.382280772481e-03
  3.398593721508e-03
  3.396739977300e-03
  3.371510518635e-03
  3.348637963319e-03
  3.325828964947e-03
  3.295665898483e-03
  3.262019746213e-03
  3.232782310956e-03
  3.207787830218e-03
  3.183453465184e-03
  3.162511452050e-03
  3.162582953612e-03
  3.174640235580e-03
  3.099002175497e-03
  2.995711548249e-03
  2.952270376846e-03
  2.953446180315e-03
  2.959727724973e-03
  2.954659058668e-03
  2.946531714420e-03
  2.952598754391e-03
  2.968646882817e-03
  2.983482132890e-03
  3.006804883228e-03
  3.029881350407e-03
  3.096396340782e-03
  3.164939856962e-03
  3.195913274465e-03
  3.220083450727e-03
  3.242593201819e-03
  3.267070569978e-03
  3.265296271950e-03
  3.261975421613e-03
  3.291386397570e-03
  3.354728837144e-03
  3.408731054118e-03
  3.440827310970e-03
  3.512101127547e-03
  3.548164397003e-03
  3.598821929785e-03
  3.625960744984e-03
  3.684549654769e-03
  3.735924440253e-03
  3.783926233534e-03
  3.830097350597e-03
  3.876777632687e-03
  3.921579682023e-03
  3.978264565629e-03
  4.058963831099e-03
  4.143067988111e-03
  4.181594089158e-03
  4.175026538251e-03
  4.223777362705e-03
  4.306671507258e-03
  4.398349751148e-03
  4.486132483997e-03
  4.571402069342e-03
  4.650305367436e-03
  4.714463454462e-03
  4.767091252516e-03
  4.810278196141e-03
  4.834164029917e-03
  4.847089554665e-03
  4.880579607646e-03
  4.938461581186e-03
  5.012157847942e-03
  5.096301092715e-03
  5.185413752662e-03
  5.273302583641e-03
  5.326538674445e-03
  5.345869816014e-03
  5.370907841219e-03
  5.405334853072e-03
  5.427959427637e-03
  5.442191013530e-03
  5.457722715758e-03
  5.473101811004e-03
  5.488833653466e-03
  5.502649055759e-03
  5.710148753034e-03
  5.698821569022e-03
  5.508077840163e-03
  6.132391880508e-03
  6.323521777092e-03
  5.962513953098e-03
  5.709091891775e-03
  6.112114158068e-03
  6.096671128436e-03
  6.029198991440e-03
  6.357255902597e-03
  6.431102797344e-03
  6.285901619961e-03
  6.315186562717e-03
  6.008583933530e-03
  6.176111672132e-03
  6.183413083366e-03
  6.222160716036e-03
  6.327724212968e-03
  6.802345038906e-03
  7.015133009417e-03
  6.948956219739e-03
  6.825710091891e-03
  7.271448456153e-03
  7.489650045700e-03
  7.693139274374e-03
  6.698687650878e-03
  6.832670595410e-03
  6.782608597591e-03
  6.859642770732e-03
  6.966127891711e-03
  7.386232734102e-03
  7.412697545091e-03
  7.374761837846e-03
  7.428905844003e-03
  7.293045354584e-03
  7.366518532190e-03
  7.222500975438e-03
  7.748784388352e-03
  8.065558505791e-03
  7.871033093822e-03
  7.622960756377e-03
  7.906617440374e-03
  7.404370467730e-03
  7.425607504269e-03
  7.315620562749e-03
  7.466198114267e-03
  7.816851299066e-03
  8.169402250974e-03
  8.020055998763e-03
  8.410089115713e-03
  8.377199704654e-03
  8.513708404735e-03
  8.239645261775e-03
  8.237101589094e-03
  8.341927677418e-03
  8.467207528204e-03
  8.558547881509e-03
  9.528356167931e-03
  9.899007005109e-03
  1.002793052694e-02
  1.020122438698e-02
  9.972480298447e-03
  9.581611195344e-03
  9.691938211747e-03
  9.747133335795e-03
  9.672303311718e-03
  1.044590220301e-02
  1.041432437006e-02
  1.100323129409e-02
  1.109040155943e-02
  1.144848642015e-02
  1.101084960849e-02
  1.076642704351e-02
  1.140134635271e-02
  1.166496887520e-02
  1.171651369151e-02
  1.206411582022e-02
  1.156286504245e-02
  1.217491452905e-02
  1.208113774290e-02
  1.216908832993e-02
  1.190728001045e-02
  1.203818519170e-02
  1.218510060582e-02
  1.231407688580e-02
  1.199858227518e-02
  1.276837700643e-02
  1.255067057165e-02
  1.218095522183e-02
  1.275034735419e-02
  1.384097988069e-02
  1.399765384572e-02
  1.393854972109e-02
  1.313868888126e-02
  1.306506465827e-02
  1.350189875249e-02
  1.361695119998e-02
  8.202828116409e-03
  1.880996281992e-02
  1.176416638631e-02
  2.315252407830e-02
  8.298871690482e-03
  1.438382684410e-02
  2.301432309395e-02
  2.933211819157e-02
  9.089512175434e-03
  1.552273898012e-02
  2.457353390095e-02
  3.161188943743e-02
  8.215337136737e-03
  2.267677676818e-02
  1.464854890679e-02
  3.146851252040e-02
  9.473230158614e-03
  2.052413517229e-02
  3.609289946681e-02
  3.283428565206e-02
  7.125347739049e-03
  2.507429673667e-02
  3.973377738881e-02
  1.454541446702e-02
  8.924179422025e-03
  2.232397103091e-02
  1.566815066948e-02
  4.098615840996e-02
  3.023725739994e-02
  1.637442992724e-02
  4.880899192124e-02
  7.851006301326e-03
  6.541370761753e-03
  1.467392925162e-02
  2.714603792815e-02
  2.306692345941e-02
  5.894438679486e-02
  6.506286261879e-03
  2.808813859237e-02
  1.423001208364e-02
  8.707188385063e-03
  3.185757179383e-02
  1.825725528397e-02
  7.150675764224e-02
  8.056770949827e-02
  4.142637799267e-02
  2.490711316410e-02
  1.196208465980e-02
  1.147140461708e-02
  2.573361187168e-02
  3.955167442859e-02
  5.762495617946e-02
  1.451370009063e-02
  3.205994162178e-02
  5.721638701670e-02
  8.571816452895e-02
  1.128752477295e-02
  3.065580459896e-02
  5.821923419679e-02
  7.573785920810e-02
  1.127481835358e-01
  5.642527464045e-02
  2.683682695708e-02
  1.199870779107e-02
  1.141863386040e-02
  1.008518594030e-01
  3.102713645392e-02
  5.392588678944e-02
  3.268425311809e-02
  6.016131361711e-02
  2.002338142135e-02
  8.963532444658e-03
  5.672469409122e-02
  9.706937461102e-03
  2.200326337832e-02
  4.037933955215e-02
  8.355386158157e-02
  6.039837760942e-02
  3.791922013249e-02
  1.734796888748e-02
  4.319670402975e-02
  2.823094934513e-02
  1.187345526860e-02
  9.416922488747e-02
  1.474877775861e-02
  5.496059165178e-02
  1.891801136392e-01
  9.805263952898e-02
  1.342493276191e-02
  4.127682578506e-02
  1.319503891824e-01
  6.160089858349e-02
  1.579838941236e-02
  6.145684216405e-02
  3.182319362596e-02
  1.192368134707e-01
  6.941709953967e-02
  3.759339033821e-02
  1.169281227901e-01
  1.599994135415e-02
  2.583342450560e-02
  1.280165866865e-02
  1.641007153278e-01
  6.098082125428e-02
  1.771248131027e-02
  4.151285831238e-02
  8.699461293028e-02
  1.019526322710e-01
  3.820981372136e-02
  1.014403852173e-02
  7.129998346465e-02
  1.400832530418e-01
  1.433796359020e-02
  4.164644065894e-02
  7.600680112796e-02
  1.319958998035e-01
  6.257136653214e-02
  9.043776694740e-02
  2.231337993386e-02
  1.854503221174e-01
  9.751076590438e-02
  6.529808751010e-02
  3.004184493579e-02
  9.499767039547e-03
  8.141281858635e-02
  8.120530514667e-02
  4.005068586263e-02
  1.784396700211e-02
  2.522371655526e-02
  5.959455035141e-02
  1.049747093551e-01
  8.439681807123e-02
  2.118243618656e-02
  9.822032327751e-02
  5.109407203829e-02
  1.519260759781e-01
  3.367436061299e-02
  8.135098701540e-02
  1.246516863533e-02
  1.894173647572e-01
  2.666963753408e-01
  1.061841814800e-01
  4.299278218348e-02
  9.067300647689e-03
  2.072546541729e-02
  5.331574451290e-02
  1.775536326194e-02
  5.370485614741e-02
  3.903722502935e-02
  1.070178690216e-01
  2.036656527647e-01
  4.192294974133e-01
  3.092542376865e-02
  7.268929951672e-02
  4.104833955443e-01
  1.759706178566e-01
  1.628622585436e-01
  1.006794474019e-01
  7.129019024004e-02
  2.752225843254e-02
  8.125948896858e-02
  1.202467607656e-01
  4.217228961592e-02
  1.462389064186e-01
  1.370431005645e-01
  3.643230649386e-01
  6.714156620722e-02
  2.812037632782e-02
  5.442772227461e-02
  4.548581841976e-01
  1.238354349752e-01
  2.939015050363e-01
  4.384572561857e-01
  1.619273668054e-01
  1.205157663025e-02
  5.201699275726e-02
  9.401497374254e-03
  4.045049542458e-02
  2.136792613770e-01
  9.432892667175e-02
  3.858209646717e-02
  7.816144036301e-02
  1.836788642432e-01
  1.225664351950e-01
  1.205532316055e-01
  2.134502700558e-01
  7.240094783064e-02
  2.369923963930e-01
  1.153509369342e-02
  2.620155101350e-02
  1.848869969439e-01
  8.933537775821e-02
  5.786906491327e-02
  1.814001232297e-01
  3.954029972084e-01
  1.066156417470e+00
  9.102713110244e-02
  1.883439787270e-01
  4.570306293275e-02
  1.957019042081e-02
  5.221866760891e-02
  1.633066026315e-01
  1.379247807627e-01
  1.491363304887e-02
  4.124964352492e-02
  2.309898149392e-02
  1.004825651459e-01
  1.675585384018e-01
  1.706552130387e-01
  5.314229199268e-02
  1.118683963530e-01
  7.084820337346e-02
  4.307735420006e-01
  1.493398626312e-01
  7.322711592615e-02
  4.410111593507e-02
  3.469839009913e-02
  3.283944895734e-02
  3.672039781317e-02
  3.593675271919e-02
  5.090250309300e-02
  8.086201907598e-02
  1.026284683470e-01
  1.510806130183e-01
  2.190926794696e-01
  3.570439548453e-01
  1.205448502613e+00
  5.778176594836e-01
  9.244251227634e-02
  5.022397103188e-02
  2.436836188319e-02
  9.220753083780e-03
  1.074293917862e-02
  2.863718763422e-02
  7.336674092493e-02
  1.627048691871e-01
  2.048533894068e-02
  3.055397259473e-02
  3.705239006604e-02
  1.327085225104e-01
  2.184467243607e-01
  1.528966462973e-01
  1.236050583537e-01
  5.060198366201e-02
  3.804431785134e-02
  2.386600770380e-02
  2.229259716109e-02
  2.113963704262e-02
  3.251716504158e-02
  2.914293991603e-02
  2.204727855184e-02
  1.552813897994e-02
  1.357329191934e-02
  1.218795661538e-02
  1.099441092068e-02
  9.855061419970e-03
  7.723654766882e-03
  7.821197848160e-03
  5.875987915202e-03
  6.231639098256e-03
  1.180056803261e-02
  4.706632591269e-02
  1.227164305476e-01
  2.076203473069e-01
  9.524090335367e-02
  7.653394884031e-02
  6.106726484569e-02
  4.952320041097e-02
  1.067671763295e-01
  1.266894892877e-01
  8.564329838746e-02
  5.923632525521e-02
  4.336324201509e-02
  3.139255271546e-02
  2.559729839922e-02
  2.091546120173e-02
  2.255898815075e-02
  2.427980601223e-02
  2.546278896207e-02
  2.674863125217e-02
  2.802718461433e-02
  2.921492798814e-02
  3.012516428157e-02
  3.116180063906e-02
  3.472766985508e-02
  6.129856339699e-02
  4.978227710560e-02
  4.262275475838e-02
  3.747738021648e-02
  3.617449922681e-02
  3.523468053261e-02
  3.489036375340e-02
  3.664918407541e-02
  4.117633351388e-02
  6.006018769810e-02
  2.009911561137e-01
  1.896225278877e-01
  1.441698707322e-01
  1.384415633803e-01
  1.454736563978e-01
  1.597065682280e-01
  1.805387875154e-01
  2.095674410181e-01
  2.510558648835e-01
  3.119992048745e-01
  3.953944362766e-01
  4.706529318250e-01
  4.826861674477e-01
  4.555820058305e-01
  4.396527027766e-01
  4.446285229137e-01
  4.650704802051e-01
  4.959489198870e-01
  5.343213796702e-01
  5.785297228361e-01
  6.276819724856e-01
  6.813065785832e-01
  7.389433407846e-01
  8.006196269271e-01
  8.661774486823e-01
  9.355764545667e-01
  1.008839580951e+00
  1.085982913047e+00
  1.167133699196e+00
  1.252507783484e+00
  1.342331332693e+00
  1.436818983160e+00
  1.536486871510e+00
  1.641754605895e+00
  1.753091091471e+00
  1.871056164887e+00
  1.996021738476e+00
  2.128893180527e+00
  2.270179636112e+00
  2.420449710747e+00
  2.580274725726e+00
  2.750211075491e+00
  2.930729923582e+00
  3.122561606451e+00
  3.326610025276e+00
  3.543535621717e+00
  3.773847681407e+00
  4.018224827061e+00
  4.278077086013e+00
  4.554128322408e+00
  4.847328608054e+00
  5.158793900260e+00
  5.489496891489e+00
  5.840553539075e+00
  6.213740829222e+00
  6.610064128788e+00
  7.030664529129e+00
  7.477989452483e+00
  7.953264872525e+00
  8.458252795466e+00
  8.994922529134e+00
  9.564594202243e+00
  1.017000416136e+01
  1.081371515251e+01
  1.149816946129e+01
  1.222503257270e+01
  1.299670920522e+01
  1.381774897321e+01
  1.469033353947e+01
  1.561787901758e+01
  1.660369091007e+01
  1.765076973441e+01
  1.876371311554e+01
  1.994729788217e+01
  2.120442355596e+01
  2.254009081626e+01
  2.396095582109e+01
  2.547122180191e+01
  2.707674373548e+01
  2.878322967748e+01
  3.059500270503e+01
  3.252189028271e+01
  3.457084552525e+01
  3.674913423034e+01
  3.906511123184e+01
  4.152206636175e+01
  4.413722832933e+01
  4.691913797917e+01
  4.987376029597e+01
  5.301143105145e+01
  5.635040710235e+01
  5.989990728147e+01
  6.367292493066e+01
  6.767959428634e+01
  7.193920577737e+01
  7.646934052298e+01
  1.217792259860e-03
  1.124731036936e-03
  1.047854254938e-03
  1.022183623694e-03
  1.040529544879e-03
  1.049350414073e-03
  1.056673476959e-03
  1.064046501941e-03
  1.072001352856e-03
  1.058810624570e-03
  1.010388623230e-03
  9.393828401007e-04
  9.174968790810e-04
  8.712840504938e-04
  8.382633496598e-04
  8.855303579980e-04
  9.637979910232e-04
  1.039790618293e-03
  1.118875699690e-03
  1.185667377446e-03
  1.244149038408e-03
  1.273982300590e-03
  1.291991069657e-03
  1.311508519635e-03
  1.331051484071e-03
  1.350521233109e-03
  1.373673938492e-03
  1.390533447687e-03
  1.400052558649e-03
  1.407904355338e-03
  1.416825540557e-03
  1.423658977630e-03
  1.422882450690e-03
  1.412313919034e-03
  1.402732685917e-03
  1.393178076580e-03
  1.380542873940e-03
  1.366448618884e-03
  1.354201159906e-03
  1.343731059679e-03
  1.333537479604e-03
  1.324764943828e-03
  1.324794895582e-03
  1.329845648665e-03
  1.298161130858e-03
  1.254893049753e-03
  1.236695695572e-03
  1.237188235517e-03
  1.239819552520e-03
  1.237696306001e-03
  1.234291790030e-03
  1.236833251773e-03
  1.243555756426e-03
  1.249770190596e-03
  1.259540008827e-03
  1.269206659908e-03
  1.297069555845e-03
  1.325782194120e-03
  1.338756849966e-03
  1.348881651941e-03
  1.358310907643e-03
  1.368564391226e-03
  1.367821144012e-03
  1.366430051464e-03
  1.378750206032e-03
  1.405284131577e-03
  1.427905470668e-03
  1.441350479975e-03
  1.471206831500e-03
  1.486313608459e-03
  1.507533871085e-03
  1.518902225489e-03
  1.543444914095e-03
  1.564965631359e-03
  1.585073414032e-03
  1.604414332866e-03
  1.623968539141e-03
  1.642735960309e-03
  1.666481059034e-03
  1.700285698008e-03
  1.735516634094e-03
  1.751655082559e-03
  1.748903958543e-03
  1.769325507745e-03
  1.804049573860e-03
  1.842453268348e-03
  1.879225146937e-03
  1.914944276860e-03
  1.947996591406e-03
  1.974872188805e-03
  1.996917788636e-03
  2.015008647693e-03
  2.025014339599e-03
  2.030428796536e-03
  2.044457662147e-03
  2.068704217642e-03
  2.099575325042e-03
  2.134822634854e-03
  2.172151615236e-03
  2.208967937959e-03
  2.231268349487e-03
  2.239366096819e-03
  2.249854437670e-03
  2.264275792064e-03
  2.273753146916e-03
  2.279714708280e-03
  2.286220883812e-03
  2.292663132815e-03
  2.299253146389e-03
  2.305040369904e-03
  2.391961264570e-03
  2.387216346957e-03
  2.307314468630e-03
  2.568837428193e-03
  2.648901070823e-03
  2.497676160834e-03
  2.391518549100e-03
  2.560343161456e-03
  2.553874130564e-03
  2.525610289267e-03
  2.663032177558e-03
  2.693966382495e-03
  2.633142119084e-03
  2.645409478786e-03
  2.516974713888e-03
  2.587151495406e-03
  2.590210030937e-03
  2.606441278221e-03
  2.650661456457e-03
  2.849478454070e-03
  2.938614587828e-03
  2.910893362976e-03
  2.859265992732e-03
  3.045984228554e-03
  3.137388108319e-03
  3.222629031769e-03
  2.806056738162e-03
  2.862181723218e-03
  2.841210928097e-03
  2.873480272762e-03
  2.918086516076e-03
  3.094066959584e-03
  3.105152975991e-03
  3.089261841416e-03
  3.111942575498e-03
  3.055031093481e-03
  3.085808749619e-03
  3.025480300735e-03
  3.245938574647e-03
  3.378634140262e-03
  3.297148128158e-03
  3.193231496974e-03
  3.312054285994e-03
  3.101664792520e-03
  3.110560912564e-03
  3.064487768920e-03
  3.127564176580e-03
  3.274451564565e-03
  3.422133920529e-03
  3.359573299825e-03
  3.522956803127e-03
  3.509179544308e-03
  3.566362559496e-03
  3.451558471133e-03
  3.450492935578e-03
  3.494404215937e-03
  3.546883505579e-03
  3.585145658887e-03
  3.991394945116e-03
  4.146659279471e-03
  4.200664890120e-03
  4.273257079665e-03
  4.177436984089e-03
  4.013703289123e-03
  4.059918888941e-03
  4.083039932618e-03
  4.051693898256e-03
  4.375751757746e-03
  4.362523914392e-03
  4.609214957246e-03
  4.645730275342e-03
  4.795730766280e-03
  4.612406242396e-03
  4.510018488086e-03
  4.775983957534e-03
  4.886414506641e-03
  4.908006449222e-03
  5.053615760523e-03
  4.843643569583e-03
  5.100028950639e-03
  5.060746184167e-03
  5.097588376286e-03
  4.987917790453e-03
  5.042753511277e-03
  5.104295862436e-03
  5.158323573291e-03
  5.026163988591e-03
  5.348628298796e-03
  5.257431837625e-03
  5.102559375640e-03
  5.341075740773e-03
  5.797937876962e-03
  5.863568050840e-03
  5.838809540541e-03
  5.503750643015e-03
  5.472909714496e-03
  5.655897982860e-03
  5.704093049169e-03
  3.436135898203e-03
  7.879427384329e-03
  4.927967995766e-03
  9.698511048929e-03
  3.476368214178e-03
  6.025334564025e-03
  9.640619141803e-03
  1.228712132670e-02
  3.807564737420e-03
  6.502420859132e-03
  1.029376707454e-02
  1.324210949742e-02
  3.441375882899e-03
  9.499222171047e-03
  6.136225706656e-03
  1.318204941026e-02
  3.968302853358e-03
  8.597488164356e-03
  1.511918886610e-02
  1.375416697995e-02
  2.984783151112e-03
  1.050353486826e-02
  1.664433984466e-02
  6.093023051937e-03
  3.738307427493e-03
  9.351433086389e-03
  6.563333305272e-03
  1.716895785737e-02
  1.266628096318e-02
  6.859191206634e-03
  2.044591534963e-02
  3.288758975095e-03
  2.740157245640e-03
  6.146857443999e-03
  1.137137997958e-02
  9.662653250216e-03
  2.469159667727e-02
  2.725460471822e-03
  1.176602264015e-02
  5.960902100902e-03
  3.647410643956e-03
  1.334502497393e-02
  7.647900138053e-03
  2.995392971932e-02
  3.374953063922e-02
  1.735336429498e-02
  1.043350225669e-02
  5.010875265649e-03
  4.805331118510e-03
  1.077971966349e-02
  1.656805755398e-02
  2.413889182495e-02
  6.079738011014e-03
  1.342979698435e-02
  2.396774363713e-02
  3.590703816855e-02
  4.728304497395e-03
  1.284160891535e-02
  2.438783279992e-02
  3.172632331006e-02
  4.722981822934e-02
  2.363634944028e-02
  1.124185258943e-02
  5.026216566756e-03
  4.783225633811e-03
  4.224648981759e-02
  1.299715852566e-02
  2.258936464473e-02
  1.369131887822e-02
  2.520136305054e-02
  8.387724176212e-03
  3.754792270508e-03
  2.376177519696e-02
  4.066202021835e-03
  9.217089776710e-03
  1.691476356835e-02
  3.500041926267e-02
  2.530066832460e-02
  1.588422818082e-02
  7.267003259028e-03
  1.809494765637e-02
  1.182584556308e-02
  4.973748724848e-03
  3.944715768144e-02
  6.178211220787e-03
  2.302279887876e-02
  7.924688540057e-02
  4.107390644028e-02
  5.623657199629e-03
  1.729071740028e-02
  5.527355475663e-02
  2.580440013864e-02
  6.617889857404e-03
  2.574405541031e-02
  1.333062408011e-02
  4.994788252779e-02
  2.907857927685e-02
  1.574773922397e-02
  4.898078010740e-02
  6.702319258177e-03
  1.082153082540e-02
  5.362569870249e-03
  6.874121350057e-02
  2.554465192250e-02
  7.419696233146e-03
  1.738959059728e-02
  3.644173792232e-02
  4.270759970719e-02
  1.600595681494e-02
  4.249302121488e-03
  2.986731274230e-02
  5.868038287322e-02
  6.006122607991e-03
  1.744554777325e-02
  3.183898213604e-02
  5.529261899601e-02
  2.621092575506e-02
  3.788406305133e-02
  9.346996513018e-03
  7.768448882721e-02
  4.084691748143e-02
  2.735313959933e-02
  1.258442336803e-02
  3.979419059611e-03
  3.410354386907e-02
  3.401661721776e-02
  1.677709169170e-02
  7.474775127818e-03
  1.056612630566e-02
  2.496394790842e-02
  4.397353718738e-02
  3.535353077660e-02
  8.873248147970e-03
  4.114414857381e-02
  2.140312738785e-02
  6.364129982162e-02
  1.410607143162e-02
  3.407764284109e-02
  5.221615376691e-03
  7.934626906095e-02
  1.117181752713e-01
  4.448018081407e-02
  1.800952551093e-02
  3.798260406432e-03
  8.681824697125e-03
  2.233377818727e-02
  7.437659332146e-03
  2.249677568482e-02
  1.635255650685e-02
  4.482940959823e-02
  8.531482688217e-02
  1.756137645705e-01
  1.295455143891e-02
  3.044929235869e-02
  1.719500532048e-01
  7.371347399522e-02
  6.822242830183e-02
  4.217426703563e-02
  2.986321039490e-02
  1.152897742798e-02
  3.403931463053e-02
  5.037094590375e-02
  1.766582405510e-02
  6.125896446053e-02
  5.740687367432e-02
  1.526136527809e-01
  2.812536635318e-02
  1.177952691435e-02
  2.279958176755e-02
  1.905384963737e-01
  5.187422893047e-02
  1.231143085847e-01
  1.836682052125e-01
  6.783080543508e-02
  5.048363137866e-03
  2.178973563669e-02
  3.938254241840e-03
  1.694457051349e-02
  8.950949237254e-02
  3.951405619817e-02
  1.616190475009e-02
  3.274155294676e-02
  7.694243134323e-02
  5.134264937795e-02
  5.049932546257e-02
  8.941356871208e-02
  3.032850284978e-02
  9.927528277938e-02
  4.832010248979e-03
  1.097573772709e-02
  7.744851388988e-02
  3.742227609042e-02
  2.424114811648e-02
  7.598787473322e-02
  1.656329272884e-01
  4.466091800508e-01
  3.813094562665e-02
  7.889663142149e-02
  1.914485260113e-02
  8.197884057218e-03
  2.187421652398e-02
  6.840856248021e-02
  5.777620641377e-02
  6.247268523077e-03
  1.727933084695e-02
  9.676082248315e-03
  4.209179374983e-02
  7.018968344602e-02
  7.148686957915e-02
  2.226111953553e-02
  4.686127846737e-02
  2.967806364828e-02
  1.804495243175e-01
  6.255794413067e-02
  3.067458176435e-02
  1.847380262816e-02
  1.453503378804e-02
  1.375632987040e-02
  1.538204572027e-02
  1.505377954175e-02
  2.132287982926e-02
  3.387281588801e-02
  4.299070506661e-02
  6.328713835613e-02
  9.177715420526e-02
  1.495644591194e-01
  5.049581454692e-01
  2.420457888659e-01
  3.872384383105e-02
  2.103864513115e-02
  1.020782123665e-02
  3.862541093146e-03
  4.500179503946e-03
  1.199601735610e-02
  3.073307018612e-02
  6.815649845298e-02
  8.581236559146e-03
  1.279895184631e-02
  1.552111610939e-02
  5.559113414594e-02
  9.150656587806e-02
  6.404786832070e-02
  5.177772497255e-02
  2.119699329473e-02
  1.593663117604e-02
  9.997386834643e-03
  9.338290682473e-03
  8.855319736838e-03
  1.362132626961e-02
  1.220787521127e-02
  9.235527578363e-03
  6.504682900101e-03
  5.685804329793e-03
  5.105492234817e-03
  4.605520133790e-03
  4.128250628148e-03
  3.235411864442e-03
  3.276272318720e-03
  2.461430707348e-03
  2.610411739255e-03
  4.943216517598e-03
  1.971591867707e-02
  5.140548190451e-02
  8.697143454115e-02
  3.989608002832e-02
  3.205980246195e-02
  2.558086283944e-02
  2.074509477842e-02
  4.472439530967e-02
  5.306978226152e-02
  3.587567700473e-02
  2.481388867333e-02
  1.816470983373e-02
  1.315023011466e-02
  1.072261842847e-02
  8.761413264161e-03
  9.449880932756e-03
  1.017072549322e-02
  1.066627289751e-02
  1.120490771829e-02
  1.174048923276e-02
  1.223803076193e-02
  1.261932554945e-02
  1.305356888002e-02
  1.454729897501e-02
  2.567775299050e-02
  2.085362109620e-02
  1.785452232171e-02
  1.569914299129e-02
  1.515337071907e-02
  1.475968396773e-02
  1.461545087780e-02
  1.535221453555e-02
  1.724862154071e-02
  2.515900175812e-02
  8.419448962509e-02
  7.943221117599e-02
  6.039225267577e-02
  5.799268483788e-02
  6.093840391356e-02
  6.690052070814e-02
  7.562706422661e-02
  8.778706526063e-02
  1.051664203538e-01
  1.306953715067e-01
  1.656293411442e-01
  1.971548607002e-01
  2.021955408544e-01
  1.908417027145e-01
  1.841689735922e-01
  1.862533271778e-01
  1.948163913164e-01
  2.077512612863e-01
  2.238253499655e-01
  2.423440697042e-01
  2.629337745110e-01
  2.853969337317e-01
  3.095407710578e-01
  3.353767507802e-01
  3.628386921429e-01
  3.919096920511e-01
  4.225993584700e-01
  4.549144294381e-01
  4.889082088392e-01
  5.246711130029e-01
  5.622978824002e-01
  6.018784274387e-01
  6.436289559392e-01
  6.877252402827e-01
  7.343637031933e-01
  7.837788582772e-01
  8.361264983050e-01
  8.917858788743e-01
  9.509702790685e-01
  1.013917885742e+00
  1.080868023378e+00
  1.152053763656e+00
  1.227672475327e+00
  1.308030093769e+00
  1.393505260010e+00
  1.484374630743e+00
  1.580851543932e+00
  1.683220272249e+00
  1.792071471195e+00
  1.907708364917e+00
  2.030528935161e+00
  2.161000652526e+00
  2.299530974468e+00
  2.446587371597e+00
  2.602914217196e+00
  2.768932655911e+00
  2.945120686905e+00
  3.132503526760e+00
  3.331594731545e+00
  3.543132399475e+00
  3.767941466685e+00
  4.006574930459e+00
  4.260179036768e+00
  4.529827310917e+00
  4.816542817778e+00
  5.121023223165e+00
  5.444275855207e+00
  5.788206531382e+00
  6.153729142584e+00
  6.542274686793e+00
  6.955227827414e+00
  7.393845470687e+00
  7.860053545547e+00
  8.355853048773e+00
  8.882458579814e+00
  9.441964905685e+00
  1.003716026762e+01
  1.066980538450e+01
  1.134235288556e+01
  1.205719385527e+01
  1.281613921546e+01
  1.362330565653e+01
  1.448160581384e+01
  1.539408330453e+01
  1.636423793917e+01
  1.739344781683e+01
  1.848892998333e+01
  1.965426216849e+01
  2.089194308345e+01
  2.220630234670e+01
  2.360498769143e+01
  2.509186085432e+01
  2.667236470068e+01
  2.835074442654e+01
  3.013508072482e+01
  3.203273826466e+01
