3594
  0.000000000000e+00
  0.000000000000e+00
  0.000000000000e+00
  0.000000000000e+00
  0.000000000000e+00
  0.000000000000e+00
  0.000000000000e+00
  0.000000000000e+00
  0.000000000000e+00
  0.000000000000e+00
  0.000000000000e+00
  0.000000000000e+00
  0.000000000000e+00
  0.000000000000e+00
  0.000000000000e+00
  0.000000000000e+00
  0.000000000000e+00
  0.000000000000e+00
  0.000000000000e+00
  0.000000000000e+00
  0.000000000000e+00
  0.000000000000e+00
  0.000000000000e+00
  0.000000000000e+00
  0.000000000000e+00
  0.000000000000e+00
  0.000000000000e+00
  0.000000000000e+00
  0.000000000000e+00
  0.000000000000e+00
  0.000000000000e+00
  0.000000000000e+00
  0.000000000000e+00
  2.519643317076e-07
  1.683348580586e-04
  9.366516588196e-04
  1.301755184023e-03
  3.975473835237e-03
  6.624788036719e-03
  5.447859067913e-03
  1.337874535176e-02
  1.785262595589e-02
  1.290857534875e-02
  1.460860290276e-02
  1.923614750119e-02
  1.889727774538e-02
  2.258596773164e-02
  1.832821478995e-02
  2.110030536313e-02
  1.413414810979e-02
  1.324566548846e-02
  2.044226731578e-02
  2.991560371783e-02
  2.075153774250e-02
  3.072965668091e-02
  3.178959945753e-02
  2.688827677594e-02
  2.638946723679e-02
  2.948232575643e-02
  3.548494515087e-02
  1.930375291728e-02
  1.830321161223e-02
  1.855473735284e-02
  1.629800989071e-02
  2.623950244449e-02
  4.120619667085e-02
  3.503818438371e-02
  1.952315701577e-02
  1.767948330640e-02
  1.649411615789e-02
  1.922638960617e-02
  2.129304664192e-02
  1.636183040899e-02
  1.482446776474e-02
  1.697069906322e-02
  1.765555132618e-02
  1.591029352928e-02
  1.344788472266e-02
  9.229309043892e-03
  6.872568870895e-03
  4.856440934959e-03
  5.516184328717e-03
  5.852260401467e-03
  8.875656762700e-03
  8.694947174131e-03
  9.537491133961e-03
  8.951503258158e-03
  6.647417440795e-03
  6.253579542771e-03
  7.241309325822e-03
  8.198845622243e-03
  7.713107549021e-03
  6.009515049760e-03
  4.453105085844e-03
  4.189279141507e-03
  3.941078397914e-03
  2.235005576567e-03
  1.846566799554e-03
  1.737167256480e-03
  1.634250600625e-03
  4.277511536494e-04
  3.542464387341e-04
  9.657416692067e-04
  2.724357441648e-03
  1.118383312622e-03
  1.842281438283e-03
  1.583888321970e-03
  1.790100409114e-03
  1.262816726725e-03
  1.470876986607e-03
  1.418909339979e-03
  1.591495252424e-03
  2.235154972911e-03
  1.043689996970e-03
  1.133833693935e-03
  7.959371567549e-04
  3.971043562369e-03
  4.181865597907e-05
  3.249737534681e-05
  5.235806175039e-04
  1.685796078324e-03
  1.000681866157e-03
  1.071926220108e-03
  7.029093219586e-05
  2.478316629255e-03
  1.054152208622e-04
  2.605721605322e-05
  8.619854684589e-04
  2.058138904715e-03
  4.444344175756e-04
  6.010107779038e-05
  5.854400376972e-04
  1.816950682659e-03
  6.116667211927e-04
  4.162163819423e-04
  9.808529808075e-06
  1.870844688017e-03
  6.963421100729e-05
  9.702606172317e-05
  5.510148042299e-04
  7.570787136242e-04
  7.943638372958e-04
  7.876906385595e-04
  8.071381690323e-06
  9.281453566650e-04
  5.561750927614e-05
  1.405369089467e-05
  7.257868242287e-04
  9.365902720620e-05
  8.319226482131e-05
  1.469979465935e-05
  1.183228521289e-04
  7.178671952307e-05
  1.749304823580e-04
  1.388776883041e-05
  9.830661890862e-06
  7.482652405900e-05
  8.034824976376e-05
  7.288049468705e-05
  5.590045852375e-06
  8.347924891280e-05
  1.081149753255e-04
  5.670119921571e-06
  2.583359857792e-06
  1.333593621517e-04
  5.530254779139e-06
  3.480041853195e-06
  3.379933688632e-05
  4.194453511001e-05
  5.831037151197e-05
  4.498708676761e-06
  4.279989467667e-05
  5.394201585817e-05
  7.382886527499e-05
  2.424141147475e-06
  1.025250831828e-06
  6.486134061584e-05
  4.418580022197e-05
  9.235842491633e-07
  4.812738933829e-07
  4.788349509426e-05
  2.452341149855e-06
  4.585549371968e-05
  8.868529728723e-07
  4.872000806939e-05
  1.463825479194e-06
  3.138193225706e-05
  1.715258411250e-06
  5.409500599784e-05
  2.012269682528e-06
  2.926307391081e-06
  1.272742771182e-05
  5.741712534681e-05
  2.005921394844e-06
  2.589211966798e-06
  7.816986568702e-07
  2.900734450559e-05
  4.224891459181e-07
  7.702358153606e-07
  2.280078713344e-05
  3.942668740558e-05
  6.117787607377e-06
  5.293168152283e-07
  1.011896484071e-06
  3.387809749600e-05
  3.709281287141e-06
  1.117206252253e-06
  6.651535409605e-07
  8.803771212783e-06
  1.134964150072e-05
  1.316676765124e-05
  1.524265469588e-06
  1.091545850598e-05
  1.320413327641e-05
  3.293664201632e-06
  2.271519528311e-06
  9.774313446407e-06
  7.959824841197e-06
  6.187211888242e-06
  1.843661340609e-06
  7.717316012595e-06
  6.664876445949e-06
  6.118563639970e-06
  1.881633920553e-06
  1.033685692252e-05
  6.056736834456e-06
  7.016236164552e-07
  1.940155724740e-06
  3.228124397090e-06
  6.124583627047e-06
  1.155121701664e-06
  6.368512892087e-06
  2.529380959319e-06
  4.574224643521e-06
  3.990304064616e-06
  2.956842204080e-06
  2.315204475978e-06
  5.947582552759e-06
  1.309300356371e-06
  2.933427169481e-06
  2.815887553820e-06
  3.357393253935e-06
  9.598837900173e-07
  3.447723167872e-06
  6.779661198749e-07
  2.237616870399e-06
  3.464434420047e-06
  2.869602137883e-06
  2.300942638270e-06
  2.506210214879e-06
  2.805536044001e-06
  3.653415024383e-07
  2.535701852912e-07
  1.507590038258e-06
  3.051359671816e-06
  2.023281764133e-06
  1.980668985178e-06
  2.521799966127e-06
  6.769491392590e-07
  8.360250803750e-07
  2.219950110063e-06
  1.427966700401e-06
  1.028970943608e-06
  3.705855997477e-07
  1.824698774090e-06
  1.573651758784e-06
  8.350532900107e-07
  2.542715197129e-07
  3.094169951024e-07
  1.097007609525e-06
  1.475702088588e-06
  8.893467777632e-07
  1.319173169454e-06
  2.312051241911e-07
  9.218305988911e-07
  8.480356323035e-07
  7.422331989711e-07
  6.441168790110e-07
  4.090696236485e-07
  1.048280978027e-06
  2.032969160073e-07
  7.032267563385e-07
  8.343436430964e-07
  7.136639905218e-07
  4.096699398619e-07
  3.393490524137e-07
  4.137092684937e-07
  9.814308275823e-07
  1.844104759240e-07
  6.759174189656e-07
  7.615864812039e-07
  1.910666686146e-07
  7.663425980666e-07
  5.068682292891e-07
  1.219569198983e-07
  2.151065112863e-07
  4.064090433059e-07
  2.788575588442e-07
  1.175599826959e-07
  5.414872183877e-07
  4.221472482440e-07
  2.847485166122e-07
  1.590831966937e-07
  3.257313328994e-07
  3.209623045363e-07
  1.783810051791e-07
  8.840167275672e-08
  4.258682169814e-07
  2.451216649577e-07
  3.090049411340e-07
  8.846565895355e-08
  2.386594304262e-07
  2.975515832928e-07
  2.004620132697e-07
  2.129164123081e-07
  5.333692267522e-08
  2.374484059553e-07
  2.078325090130e-07
  1.552695336668e-07
  5.056983388019e-08
  2.850214291678e-07
  5.593447661390e-08
  1.109250425635e-07
  1.243782375692e-07
  9.175694895306e-08
  5.995034173589e-08
  2.620448142783e-07
  6.690413879844e-08
  7.591562340308e-08
  7.555924313894e-08
  1.711583632549e-07
  1.050557372675e-07
  7.134923704010e-08
  4.078897238919e-08
  8.663761615798e-08
  1.625169702423e-07
  1.164430807780e-07
  1.357389182599e-07
  4.555223056849e-08
  1.862546780908e-08
  9.202771911367e-08
  6.252896832903e-08
  6.404602106885e-08
  5.381413401641e-08
  4.117843980145e-08
  8.969893576694e-08
  8.827267201346e-08
  1.466806436139e-08
  2.935718132415e-08
  2.540889019646e-08
  6.239111235318e-08
  8.824527792295e-08
  8.889053872662e-09
  1.908779664645e-08
  7.446656456698e-08
  7.021810961951e-08
  5.700130647626e-08
  2.737452616743e-08
  4.532422261175e-08
  2.377544256547e-08
  4.474868962346e-08
  3.046351409347e-08
  1.060959700103e-08
  4.295870718890e-08
  3.484374061504e-08
  1.406799666576e-08
  2.326577536855e-08
  4.138021627402e-08
  3.598206933930e-08
  2.513135006770e-08
  3.073636951853e-08
  5.250781581672e-09
  2.659240631570e-09
  8.688782789633e-09
  2.822863049059e-08
  3.058677321817e-08
  1.897014488355e-08
  1.165453158666e-08
  5.806201765855e-09
  1.445981499944e-08
  4.050603342508e-09
  6.650313958812e-09
  2.390371203791e-08
  1.154192159329e-08
  1.899081756688e-08
  1.606304057853e-08
  3.549177224955e-09
  3.241369339877e-09
  1.460005046199e-08
  5.092735675499e-09
  1.141159542167e-08
  6.839330326863e-09
  6.367614942937e-09
  8.290805784502e-09
  1.620002817028e-08
  3.547863222699e-09
  1.763362462766e-08
  2.524052651604e-09
  6.331862655457e-09
  4.709258399614e-09
  1.880491481287e-08
  3.361954755637e-09
  1.684228105140e-09
  4.439270927305e-09
  3.201912137340e-09
  3.505300975699e-09
  7.238332825059e-09
  1.170744588622e-08
  6.460860542185e-09
  2.323073149968e-09
  7.604816623937e-09
  6.872865949666e-09
  2.105691472340e-09
  7.605416494532e-09
  4.576249949477e-09
  6.805620455934e-09
  2.261009395568e-09
  9.050533323861e-09
  2.379229607267e-09
  5.435884508220e-09
  5.150063308722e-09
  3.684702275065e-09
  3.245059972301e-09
  5.263721647371e-09
  9.373577922060e-10
  1.191714350717e-08
  1.535711571852e-09
  1.336505973261e-09
  5.977133463720e-09
  5.231997062459e-09
  2.582440056213e-09
  4.691359403661e-10
  6.554514624744e-09
  1.767518709033e-09
  3.433373634797e-09
  1.175783501622e-09
  1.318269907164e-09
  1.470911264927e-09
  2.926997156570e-09
  6.009532188919e-09
  6.365855322524e-09
  1.371721233732e-09
  4.929736552124e-10
  2.402030402942e-09
  2.360816436518e-09
  2.958578915149e-09
  1.411341258287e-09
  2.910640685005e-09
  6.389193145207e-10
  4.188639279538e-10
  2.097490384344e-09
  5.587280420365e-09
  7.075416540957e-09
  3.231617157913e-10
  3.358989680981e-10
  1.930723502326e-10
  2.076003590926e-09
  1.419111867718e-09
  8.986101508874e-10
  2.794782820840e-09
  5.300799363213e-10
  6.318122762298e-10
  1.824972029429e-09
  3.531495325027e-09
  1.955029687542e-09
  3.177628804337e-09
  5.458936678239e-10
  2.321447786307e-10
  2.443824244274e-09
  5.294457874063e-10
  1.102293640645e-09
  1.284120131132e-09
  8.326860863806e-10
  5.792019111066e-10
  1.385746779555e-09
  2.062392241466e-09
  4.217590177078e-10
  1.343910090323e-09
  6.246138290863e-10
  2.016670675998e-09
  1.450709908499e-09
  4.703928120896e-10
  4.214490845669e-10
  1.653563291614e-09
  1.118918625715e-09
  5.896956473869e-10
  8.673100458356e-10
  1.047659712047e-09
  1.167313900122e-09
  9.364122818868e-10
  4.771770628697e-10
  7.048879408432e-10
  1.019580055134e-09
  1.032437281560e-09
  2.738774902927e-10
  6.535650122785e-10
  1.995152460787e-10
  2.343465893681e-10
  4.288960495285e-10
  1.838951870826e-09
  3.020662665235e-09
  2.673468990786e-09
  2.366166710923e-09
  2.094179669964e-09
  1.853460169652e-09
  1.640414699470e-09
  1.451855375683e-09
  1.284971376072e-09
  1.137266096351e-09
  1.006542867530e-09
  8.908449688576e-10
  7.884442017143e-10
  6.978151808720e-10
  6.176039127013e-10
  5.466135125383e-10
  4.837842089978e-10
  4.281733482875e-10
  3.789553942069e-10
  3.353962194087e-10
  2.968445358178e-10
  2.627230393995e-10
  2.325246966744e-10
  2.057973194748e-10
  1.821404227650e-10
  1.612046533366e-10
  1.426749363007e-10
  1.262747598780e-10
  1.117601766932e-10
  9.891380506865e-11
  8.754397206651e-11
  7.748128565679e-11
  6.857492123267e-11
  6.069262161051e-11
  5.371612658724e-11
  4.754174424568e-11
  4.207692312256e-11
  3.724025220850e-11
  3.295974703208e-11
  2.917113574381e-11
  2.581803050771e-11
  2.285035641173e-11
  2.022375159707e-11
  1.789911021397e-11
  1.584169689845e-11
  1.402074685853e-11
  1.240912309111e-11
  1.098274507657e-11
  9.720331691407e-12
  8.603001294506e-12
  7.614128900797e-12
  6.738917702264e-12
  5.964313372141e-12
  5.278718412253e-12
  4.671963587747e-12
  4.134936578626e-12
  3.659639110289e-12
  3.238986996655e-12
  2.866667313843e-12
  2.537158395848e-12
  2.245518451576e-12
  1.987394134421e-12
  1.758969124787e-12
  1.556775599326e-12
  1.377828487697e-12
  1.219454080960e-12
  1.079281461999e-12
  9.552225098392e-13
  8.454233386873e-13
  7.482443022497e-13
  6.622371415178e-13
  5.861164195017e-13
  5.187452385969e-13
  4.591181014247e-13
  4.063437716721e-13
  3.596338479852e-13
  3.182970509162e-13
  2.817095150459e-13
  2.493285003119e-13
  2.206683971848e-13
  1.953035831944e-13
  1.728544259499e-13
  1.529855692231e-13
  1.354002198957e-13
  1.198367201272e-13
  1.060619773432e-13
  9.387060727821e-14
  8.308036353220e-14
  7.353070930779e-14
  6.507853262010e-14
  5.759814629679e-14
  5.097757449339e-14
  4.511769573537e-14
  3.993167161272e-14
  3.534180460073e-14
  3.127925240727e-14
  2.768388514648e-14
  2.450162876897e-14
  2.168526488934e-14
  1.669708380207e-13
  0.000000000000e+00
  0.000000000000e+00
  0.000000000000e+00
  0.000000000000e+00
  0.000000000000e+00
  0.000000000000e+00
  0.000000000000e+00
  0.000000000000e+00
  0.000000000000e+00
  0.000000000000e+00
  0.000000000000e+00
  0.000000000000e+00
  0.000000000000e+00
  0.000000000000e+00
  0.000000000000e+00
  0.000000000000e+00
  0.000000000000e+00
  0.000000000000e+00
  0.000000000000e+00
  0.000000000000e+00
  0.000000000000e+00
  0.000000000000e+00
  0.000000000000e+00
  0.000000000000e+00
  0.000000000000e+00
  0.000000000000e+00
  0.000000000000e+00
  0.000000000000e+00
  0.000000000000e+00
  0.000000000000e+00
  5.307169511609e-11
  1.184653167846e-07
  9.203472760524e-07
  1.704671064145e-04
  5.043252112885e-04
  1.312838171708e-03
  1.817038533942e-03
  4.960252948236e-03
  7.839015370780e-03
  7.036705239022e-03
  1.657274356252e-02
  2.220261688995e-02
  1.641685933485e-02
  1.833889282481e-02
  2.345639249351e-02
  2.320674972475e-02
  2.769538868883e-02
  2.373918999132e-02
  2.785679040355e-02
  1.884559404200e-02
  1.712487965295e-02
  2.394499723866e-02
  3.851500922090e-02
  3.219984961425e-02
  4.131225340110e-02
  4.202716366039e-02
  3.091548156500e-02
  2.999451502435e-02
  3.809166245689e-02
  4.703051720298e-02
  2.611333090743e-02
  2.244452300186e-02
  1.934657854493e-02
  1.511741642631e-02
  2.070514766365e-02
  2.397810216091e-02
  1.793373107827e-02
  1.494755862313e-02
  1.360265870501e-02
  1.115229124274e-02
  1.062632032657e-02
  9.831420340402e-03
  9.717290816568e-03
  1.072814203578e-02
  1.082125308842e-02
  1.025544779740e-02
  1.022190014800e-02
  1.015248606579e-02
  9.444714781710e-03
  9.174546075702e-03
  9.059232256756e-03
  9.649636574758e-03
  9.211856905828e-03
  8.287215729880e-03
  7.594535907347e-03
  6.351153323520e-03
  5.960203118328e-03
  4.363502690024e-03
  4.104979921559e-03
  3.870326787104e-03
  3.649740200856e-03
  3.433511709940e-03
  3.234462692468e-03
  3.047061826175e-03
  2.866537065849e-03
  2.696703612661e-03
  2.555889263585e-03
  2.407752760944e-03
  2.265105521490e-03
  2.130911603455e-03
  5.577482103940e-04
  4.619045904805e-04
  9.064146528063e-04
  1.241704094539e-03
  5.097352263158e-04
  8.396724289140e-04
  7.219025811329e-04
  8.158896801057e-04
  5.755652109264e-04
  6.703945982921e-04
  6.467086960468e-04
  7.253696880854e-04
  1.018736189662e-03
  4.756917225185e-04
  5.167772442806e-04
  3.627712311768e-04
  1.846603459749e-03
  2.124639764700e-05
  1.651062341002e-05
  2.660105030897e-04
  8.564859883728e-04
  5.084067139430e-04
  5.446030681340e-04
  3.571203283100e-05
  1.259134339706e-03
  5.355727935530e-05
  1.323863737840e-05
  4.379405947132e-04
  1.045658582290e-03
  2.257994930624e-04
  3.053497363292e-05
  2.974388038077e-04
  9.231204807020e-04
  3.107635676646e-04
  2.114630030468e-04
  4.983324566568e-06
  9.505017871327e-04
  3.537837428539e-05
  4.929508624986e-05
  2.799487535084e-04
  3.846416366855e-04
  4.035846710982e-04
  4.001943623633e-04
  4.100748556872e-06
  4.715538208531e-04
  3.262674815678e-05
  1.126192819287e-05
  6.652615262495e-04
  4.165569677002e-04
  3.700051348338e-04
  6.537867630693e-05
  5.262516937242e-04
  3.192780097811e-04
  7.780189943883e-04
  6.176708977800e-05
  4.372274332261e-05
  3.327975519987e-04
  3.573559283271e-04
  3.241425213793e-04
  2.486222107470e-05
  3.712813876945e-04
  4.808510698637e-04
  2.521836794563e-05
  1.148972403727e-05
  5.931277274688e-04
  2.459630315803e-05
  1.547779853579e-05
  1.503255797368e-04
  1.865520703646e-04
  2.593405402890e-04
  2.000840803320e-05
  1.903563068435e-04
  2.399119138894e-04
  3.283604818925e-04
  1.078158639647e-05
  4.559895344627e-06
  2.884767556933e-04
  1.965203697631e-04
  4.107724829856e-06
  2.140509927954e-06
  2.129662836203e-04
  1.090700961306e-05
  2.039464817498e-04
  3.944357960026e-06
  2.166866083632e-04
  6.510496633717e-06
  1.395739685137e-04
  7.628767570181e-06
  2.405923976859e-04
  8.949748047490e-06
  1.301501285382e-05
  5.660637014463e-05
  2.553677896838e-04
  8.921514341332e-06
  1.151575218747e-05
  3.476673732693e-06
  1.290127929408e-04
  1.879058519426e-06
  3.425693757313e-06
  1.014085721752e-04
  1.753537958203e-04
  2.720941318951e-05
  2.354184990062e-06
  4.500502668042e-06
  1.506758864833e-04
  1.649736079897e-05
  4.968875225404e-06
  2.958329898411e-06
  3.915556345623e-05
  5.047855899645e-05
  5.856039039410e-05
  6.779308879095e-06
  4.854750477489e-05
  5.872659846538e-05
  1.464887496855e-05
  1.010279254481e-05
  4.347215616151e-05
  3.540205000491e-05
  2.751819201913e-05
  8.199853157174e-06
  3.432346795209e-05
  2.964264860548e-05
  2.721287027976e-05
  8.368739118932e-06
  4.597411926659e-05
  2.693788791219e-05
  3.120534775509e-06
  8.629019458821e-06
  1.435737755029e-05
  2.723964697089e-05
  5.137508389962e-06
  2.832454319825e-05
  1.124965242063e-05
  2.034428024221e-05
  1.774723893711e-05
  1.315082621241e-05
  1.029708169207e-05
  2.645241612568e-05
  5.823232803028e-06
  1.304668544308e-05
  1.252391904132e-05
  1.493231458674e-05
  4.269171370696e-06
  1.533406478858e-05
  3.015316297623e-06
  9.952005379414e-06
  1.540838744199e-05
  1.276281715432e-05
  1.023365029245e-05
  1.114659638814e-05
  1.247787630372e-05
  1.624889695725e-06
  1.127777063034e-06
  6.705145552120e-06
  1.357120305205e-05
  8.998731434128e-06
  8.809209683448e-06
  1.121593891457e-05
  3.010794005862e-06
  3.718298934224e-06
  9.873434316327e-06
  6.351014085833e-06
  4.576444263935e-06
  1.648214000575e-06
  8.115517177912e-06
  6.998962417885e-06
  3.713977087177e-06
  1.130896374610e-06
  1.376160992498e-06
  4.879044227502e-06
  6.563322227882e-06
  3.955452176535e-06
  5.867145414314e-06
  1.028306345646e-06
  4.099927021314e-06
  3.771717340035e-06
  3.301151396183e-06
  2.864769754428e-06
  1.819374982175e-06
  4.662327297864e-06
  9.041818691335e-07
  3.127665560266e-06
  3.710819999908e-06
  3.174086386850e-06
  1.822044892495e-06
  1.509285813023e-06
  1.840009946518e-06
  4.365003535044e-06
  8.201825285241e-07
  3.006203650336e-06
  3.387225267647e-06
  8.497865305363e-07
  3.408377259818e-06
  2.254342337600e-06
  5.424144664165e-07
  9.567055455216e-07
  1.807540985209e-06
  1.240244389939e-06
  5.228587103639e-07
  2.408313513612e-06
  1.877538139070e-06
  1.266444860616e-06
  7.075368821939e-07
  1.448719710277e-06
  1.427508497817e-06
  7.933651729110e-07
  3.931742726740e-07
  1.894086726333e-06
  1.090200292247e-06
  1.374326939960e-06
  3.934588632168e-07
  1.061458971746e-06
  1.323387103330e-06
  8.915724521755e-07
  9.469645909391e-07
  2.372206198490e-07
  1.056072946996e-06
  9.243536966103e-07
  6.905750700165e-07
  2.249137460195e-07
  1.267658419993e-06
  2.487737009078e-07
  4.933491143812e-07
  5.531833891564e-07
  4.080972378042e-07
  2.666344982230e-07
  1.165467476346e-06
  2.975620607050e-07
  3.376414850306e-07
  3.360564665114e-07
  7.612417933429e-07
  4.672445328690e-07
  3.173319860139e-07
  1.814125389329e-07
  3.853282622143e-07
  7.228083510643e-07
  5.178907583906e-07
  6.037106372920e-07
  2.025974755374e-07
  8.283841042219e-08
  4.093011125245e-07
  2.781029685903e-07
  2.848502520266e-07
  2.393428766902e-07
  1.831446701482e-07
  3.989440145747e-07
  3.926004706239e-07
  6.523750500909e-08
  1.305686578775e-07
  1.130082896686e-07
  2.774900848015e-07
  3.924788092046e-07
  3.953484780115e-08
  8.489479499832e-08
  3.311968166659e-07
  3.123014545587e-07
  2.535183579115e-07
  1.217507063805e-07
  2.015835528987e-07
  1.057433973251e-07
  1.990237598885e-07
  1.354891550349e-07
  4.718708765773e-08
  1.910625186212e-07
  1.549705273932e-07
  6.256865723497e-08
  1.034765125939e-07
  1.840421721502e-07
  1.600332395777e-07
  1.117737284231e-07
  1.367026147979e-07
  2.335330347784e-08
  1.182719557041e-08
  3.864410845632e-08
  1.255491835327e-07
  1.360372955129e-07
  8.437131995643e-08
  5.183451071229e-08
  2.582359919571e-08
  6.431120914044e-08
  1.801539210012e-08
  2.957784790614e-08
  1.063138291147e-07
  5.133369223203e-08
  8.446335186165e-08
  7.144178360234e-08
  1.578532566510e-08
  1.441625837896e-08
  6.493494527836e-08
  2.265036898782e-08
  5.075399084276e-08
  3.041848160636e-08
  2.832051941725e-08
  3.687405212698e-08
  7.205106469897e-08
  1.577940972362e-08
  7.842712142439e-08
  1.122593890328e-08
  2.816145862231e-08
  2.094478479894e-08
  8.363653678243e-08
  1.495258357622e-08
  7.490749596433e-09
  1.974398149826e-08
  1.424077240695e-08
  1.559012173288e-08
  3.219307588894e-08
  5.206981465565e-08
  2.873524407012e-08
  1.033206726389e-08
  3.382306995194e-08
  3.056767512006e-08
  9.365245259224e-09
  3.382569311027e-08
  2.035326259490e-08
  3.026862400195e-08
  1.005602135503e-08
  4.025300657087e-08
  1.058183178261e-08
  2.417651586492e-08
  2.290538535730e-08
  1.638803226363e-08
  1.443268909012e-08
  2.341081373395e-08
  4.168978897380e-09
  5.300246365883e-08
  6.830206230521e-09
  5.944226202491e-09
  2.658378383965e-08
  2.326969999064e-08
  1.148562051004e-08
  2.086528760601e-09
  2.915174516565e-08
  7.861179398465e-09
  1.527023476851e-08
  5.229393420451e-09
  5.863118589568e-09
  6.542001927453e-09
  1.301807624896e-08
  2.672785278664e-08
  2.831262780589e-08
  6.100851998133e-09
  2.192539775417e-09
  1.068323843512e-08
  1.049993279492e-08
  1.315853143564e-08
  6.277062935842e-09
  1.294531957681e-08
  2.841649712815e-09
  1.862929416133e-09
  9.328764542494e-09
  2.484987618168e-08
  3.146850864380e-08
  1.437286005059e-09
  1.493944011411e-09
  8.587080359124e-10
  9.233201888295e-09
  6.311634391759e-09
  3.996641822188e-09
  1.243002945300e-08
  2.357577386809e-09
  2.810033460589e-09
  8.116721506428e-09
  1.570665305147e-08
  8.695172191520e-09
  1.413271931318e-08
  2.427904593757e-09
  1.032483974325e-09
  1.086911189277e-08
  2.354755001261e-09
  4.902539037644e-09
  5.711229974375e-09
  3.703440236473e-09
  2.576046630487e-09
  6.163226718742e-09
  9.172670019426e-09
  1.875807241957e-09
  5.977154033883e-09
  2.778024288022e-09
  8.969314373653e-09
  6.452155987510e-09
  2.092112656714e-09
  1.874429253719e-09
  7.354367499486e-09
  4.976480004910e-09
  2.622715605635e-09
  3.857437339693e-09
  4.659553778324e-09
  5.191733942699e-09
  4.164772989505e-09
  2.122278977541e-09
  3.135044991656e-09
  4.534677053052e-09
  4.591855263799e-09
  1.218094562727e-09
  2.906780409900e-09
  8.873635503578e-10
  1.042279312403e-09
  1.907556312326e-09
  8.178896999822e-09
  1.343471016264e-08
  1.189048894985e-08
  1.052372384486e-08
  9.314043864931e-09
  8.243424481173e-09
  7.295877709572e-09
  6.457247349675e-09
  5.715015291463e-09
  5.058091219960e-09
  4.476685331176e-09
  3.962114638985e-09
  3.506681225157e-09
  3.103594762109e-09
  2.746850762940e-09
  2.431114365556e-09
  2.151664991775e-09
  1.904341006437e-09
  1.685440103794e-09
  1.491708239330e-09
  1.320245550249e-09
  1.168484219110e-09
  1.034171871565e-09
  9.152996331930e-10
  8.100855272377e-10
  7.169744746026e-10
  6.345608166031e-10
  5.616159854125e-10
  4.970624938421e-10
  4.399274489912e-10
  3.893591545153e-10
  3.446038674502e-10
  3.049930698073e-10
  2.699351674395e-10
  2.389066354981e-10
  2.114459309347e-10
  1.871413175045e-10
  1.656292055400e-10
  1.465919383147e-10
  1.297411897757e-10
  1.148279259040e-10
  1.016291229005e-10
  8.994666036781e-11
  7.960787471949e-11
  7.045725804597e-11
  6.235867175021e-11
  5.519064257187e-11
  4.884669463263e-11
  4.323202898262e-11
  3.826258280522e-11
  3.386447600815e-11
  2.997196361041e-11
  2.652671631068e-11
  2.347759912374e-11
  2.077890047188e-11
  1.839049820762e-11
  1.627658677311e-11
  1.440562185930e-11
  1.274976699696e-11
  1.128422946597e-11
  9.987149613575e-12
  8.839102786286e-12
  7.823154670818e-12
  6.923920498891e-12
  6.128007774375e-12
  5.423634421131e-12
  4.800197124040e-12
  4.248437351688e-12
  3.760098242825e-12
  3.327885867740e-12
  2.945358546478e-12
  2.606805098870e-12
  2.307161833198e-12
  2.041962739390e-12
  1.807245409499e-12
  1.599506764993e-12
  1.415658784037e-12
  1.252928887886e-12
  1.108909747692e-12
  9.814430686221e-13
  8.686306580446e-13
  7.687846187197e-13
  6.804162806230e-13
  6.022029964095e-13
  5.329842675511e-13
  4.717196852574e-13
  4.174972316102e-13
  3.695072693436e-13
  3.270336873009e-13
  2.894422788472e-13
  2.561724407353e-13
  2.267266583365e-13
  2.006649715505e-13
  1.775994407168e-13
  1.571852920713e-13
  1.391170438842e-13
  1.231262928239e-13
  1.089728594144e-13
  9.644700167094e-14
  7.426194444636e-13
  0.000000000000e+00
  0.000000000000e+00
  0.000000000000e+00
  0.000000000000e+00
  0.000000000000e+00
  0.000000000000e+00
  0.000000000000e+00
  0.000000000000e+00
  0.000000000000e+00
  0.000000000000e+00
  0.000000000000e+00
  0.000000000000e+00
  0.000000000000e+00
  0.000000000000e+00
  0.000000000000e+00
  0.000000000000e+00
  0.000000000000e+00
  0.000000000000e+00
  0.000000000000e+00
  0.000000000000e+00
  0.000000000000e+00
  0.000000000000e+00
  0.000000000000e+00
  0.000000000000e+00
  0.000000000000e+00
  4.369806671528e-06
  2.172523197866e-05
  5.243646621704e-05
  1.030254474177e-04
  1.737826569640e-04
  2.041689191039e-04
  5.349549928025e-04
  8.522145615711e-04
  1.073969571770e-03
  2.558843554701e-03
  2.623561468996e-03
  3.109762299696e-03
  3.144759071963e-03
  4.426219569405e-03
  5.264072081224e-03
  7.300014945204e-03
  7.829763347166e-03
  8.598204888716e-03
  1.220889584435e-02
  1.364582541442e-02
  1.786206319087e-02
  2.142262377588e-02
  3.339789864464e-02
  3.397375446658e-02
  3.380146899650e-02
  3.631540737901e-02
  4.048983313380e-02
  3.042781910418e-02
  2.830391564157e-02
  2.841203678784e-02
  2.774801226364e-02
  2.747003448925e-02
  2.646221579057e-02
  3.186036052779e-02
  3.218466020223e-02
  2.759195771836e-02
  2.594479129794e-02
  2.481469576786e-02
  2.530310748239e-02
  2.442520574328e-02
  2.008973443383e-02
  2.075644285739e-02
  1.975297752460e-02
  1.813090527329e-02
  1.575804840792e-02
  1.568793660951e-02
  1.544191056996e-02
  1.463641614577e-02
  1.325314137571e-02
  1.289823481449e-02
  1.302734022783e-02
  1.277858971162e-02
  1.242413529759e-02
  1.154433222157e-02
  1.053966116295e-02
  9.509693048661e-03
  8.356474247485e-03
  7.632412691769e-03
  6.313331229324e-03
  5.813360777627e-03
  4.973524035251e-03
  4.680849158452e-03
  4.571401134087e-03
  4.300560908887e-03
  4.161723896777e-03
  4.033516981065e-03
  3.794551393810e-03
  3.458293005845e-03
  3.146107398074e-03
  2.959714355950e-03
  2.784360661400e-03
  2.651156939550e-03
  2.499601838501e-03
  2.351513199250e-03
  2.212200273237e-03
  5.790246781348e-04
  4.795249353911e-04
  9.388998732432e-04
  1.275373320962e-03
  5.235568258556e-04
  8.624406238765e-04
  7.414773380360e-04
  8.380125023635e-04
  5.911714385209e-04
  6.885720589462e-04
  6.642442213615e-04
  7.450382870039e-04
  1.046359029643e-03
  4.885901387671e-04
  5.307897317235e-04
  3.726078339125e-04
  1.890711035602e-03
  2.146709187245e-05
  1.668212828746e-05
  2.687736319734e-04
  8.653823978434e-04
  5.136877412934e-04
  5.502600598657e-04
  3.608298807154e-05
  1.272213397569e-03
  5.411360304011e-05
  1.337615207678e-05
  4.424896215731e-04
  1.056520220420e-03
  2.281449548714e-04
  3.085214706983e-05
  3.005284526517e-04
  9.327092692534e-04
  3.139915456772e-04
  2.136595692200e-04
  5.035087933050e-06
  9.603750962293e-04
  3.574586306812e-05
  4.980713575565e-05
  2.828566590854e-04
  3.886370315129e-04
  4.077769368643e-04
  4.043512998995e-04
  4.143344693135e-06
  4.764520474338e-04
  3.143515957026e-05
  9.935241811730e-06
  5.683159718900e-04
  2.916507981915e-04
  2.590576792307e-04
  4.577462572957e-05
  3.684530649670e-04
  2.235412408644e-04
  5.447270334768e-04
  4.324599801230e-05
  3.061231428745e-05
  2.330069539036e-04
  2.502014455335e-04
  2.269471712258e-04
  1.740719268246e-05
  2.599512571448e-04
  3.366660421339e-04
  1.765654432257e-05
  8.044486888867e-06
  4.152762038018e-04
  1.722100826569e-05
  1.083672128783e-05
  1.052498921847e-04
  1.306137253536e-04
  1.815763389653e-04
  1.400881381684e-05
  1.332773043416e-04
  1.679734768088e-04
  2.299003786619e-04
  7.548687437041e-06
  3.192593926078e-06
  2.019758591487e-04
  1.375929811687e-04
  2.876007361013e-06
  1.498669689342e-06
  1.491074793274e-04
  7.636500392214e-06
  1.427923145832e-04
  2.761626932502e-06
  1.517122801660e-04
  4.558298372230e-06
  9.772216832030e-05
  5.341252447392e-06
  1.684498063389e-04
  6.266129960953e-06
  9.112410557081e-06
  3.963271897774e-05
  1.787947242286e-04
  6.246362549499e-06
  8.062707261317e-06
  2.434179386134e-06
  9.032779205331e-05
  1.315615580322e-06
  2.398486133290e-06
  7.100084013316e-05
  1.227732519147e-04
  1.905056396485e-05
  1.648273021684e-06
  3.151008267852e-06
  1.054951252276e-04
  1.155056078100e-05
  3.478937814720e-06
  2.071262747586e-06
  2.741460982283e-05
  3.534236187160e-05
  4.100082391970e-05
  4.746505683942e-06
  3.399034392093e-05
  4.111719269447e-05
  1.025635176164e-05
  7.073430307393e-06
  3.043685584547e-05
  2.478660479036e-05
  1.926675176784e-05
  5.741094729717e-06
  2.403143910188e-05
  2.075418009256e-05
  1.905298179297e-05
  5.859338871912e-06
  3.218859127425e-05
  1.886045433079e-05
  2.184829832862e-06
  6.041573029391e-06
  1.005225883804e-05
  1.907172648226e-05
  3.597005619510e-06
  1.983131301091e-05
  7.876399025775e-06
  1.424396545559e-05
  1.242565748589e-05
  9.207497691045e-06
  7.209459775284e-06
  1.852055140459e-05
  4.077113245101e-06
  9.134582695981e-06
  8.768571399749e-06
  1.045479881600e-05
  2.989042999436e-06
  1.073608283557e-05
  2.111161317113e-06
  6.967855735267e-06
  1.078811958048e-05
  8.935833746412e-06
  7.165047443536e-06
  7.804242826446e-06
  8.736331780476e-06
  1.137659720719e-06
  7.896080587231e-07
  4.694578491974e-06
  9.501819195166e-06
  6.300423180597e-06
  6.167728704013e-06
  7.852790507998e-06
  2.107994385439e-06
  2.603351069230e-06
  6.912839566438e-06
  4.446633725245e-06
  3.204176174899e-06
  1.153989422299e-06
  5.682041987856e-06
  4.900291296646e-06
  2.600323787273e-06
  7.917919122658e-07
  9.635129113638e-07
  3.416040418919e-06
  4.595280928586e-06
  2.769392369216e-06
  4.107855602138e-06
  7.199640587484e-07
  2.870545515693e-06
  2.640750916866e-06
  2.311286295504e-06
  2.005755778475e-06
  1.273827163065e-06
  3.264307426933e-06
  6.330587600775e-07
  2.189821027737e-06
  2.598113164298e-06
  2.222321646077e-06
  1.275695800455e-06
  1.056719246338e-06
  1.288274193302e-06
  3.056136297984e-06
  5.742470068725e-07
  2.104780111634e-06
  2.371550612138e-06
  5.949741703008e-07
  2.386360415138e-06
  1.578367755990e-06
  3.797690338733e-07
  6.698332243842e-07
  1.265541206389e-06
  8.683510803650e-07
  3.660770256810e-07
  1.686168950146e-06
  1.314549608538e-06
  8.866953237546e-07
  4.953785781493e-07
  1.014314314793e-06
  9.994639228873e-07
  5.554711947857e-07
  2.752792903869e-07
  1.326136709247e-06
  7.632989237405e-07
  9.622289872439e-07
  2.754784438343e-07
  7.431758115691e-07
  9.265635008747e-07
  6.242304992199e-07
  6.630129897796e-07
  1.660889319537e-07
  7.394046895153e-07
  6.471818616327e-07
  4.835029263784e-07
  1.574723049654e-07
  8.875451112133e-07
  1.741777466576e-07
  3.454161018161e-07
  3.873087447974e-07
  2.857273337761e-07
  1.866828510830e-07
  8.159965281474e-07
  2.083367307568e-07
  2.363980868206e-07
  2.352883668979e-07
  5.329798283755e-07
  3.271391472034e-07
  2.221786083526e-07
  1.270152180257e-07
  2.697858991049e-07
  5.060711462175e-07
  3.625989819584e-07
  4.226854656239e-07
  1.418477906945e-07
  5.799897225499e-08
  2.865705419134e-07
  1.947127011557e-07
  1.994367813824e-07
  1.675749600714e-07
  1.282279985242e-07
  2.793188951241e-07
  2.748775518109e-07
  4.567575852915e-08
  9.141704941722e-08
  7.912225140332e-08
  1.942834685524e-07
  2.747923278621e-07
  2.768014960766e-08
  5.943870745635e-08
  2.318858897238e-07
  2.186564107178e-07
  1.774997184447e-07
  8.524319979959e-08
  1.411378210596e-07
  7.403578099974e-08
  1.393456197325e-07
  9.486217334629e-08
  3.303784456156e-08
  1.337716535023e-07
  1.085019817250e-07
  4.380719070083e-08
  7.244864581408e-08
  1.288563671846e-07
  1.120466244102e-07
  7.825793147023e-08
  9.571179269892e-08
  1.635072062731e-08
  8.280768576770e-09
  2.705651689920e-08
  8.790275276468e-08
  9.524595356339e-08
  5.907224795472e-08
  3.629172182231e-08
  1.808029377168e-08
  4.502722294463e-08
  1.261340527113e-08
  2.070881088983e-08
  7.443519507548e-08
  3.594107587885e-08
  5.913666733593e-08
  5.001967571626e-08
  1.105203088185e-08
  1.009348463348e-08
  4.546393916364e-08
  1.585855840980e-08
  3.553519841697e-08
  2.129737320719e-08
  1.982849769904e-08
  2.581721622895e-08
  5.044626499755e-08
  1.104788619926e-08
  5.491041855693e-08
  7.859796354821e-09
  1.971713036781e-08
  1.466440869431e-08
  5.855776821560e-08
  1.046898707893e-08
  5.244623375572e-09
  1.382366417950e-08
  9.970616532675e-09
  1.091536069820e-08
  2.253985050129e-08
  3.645647150587e-08
  2.011886894386e-08
  7.233955081233e-09
  2.368108160515e-08
  2.140183659861e-08
  6.557038565327e-09
  2.368292497447e-08
  1.425024766402e-08
  2.119245766858e-08
  7.040685344073e-09
  2.818297786147e-08
  7.408825905770e-09
  1.692708656403e-08
  1.603711017621e-08
  1.147400594308e-08
  1.010499699657e-08
  1.639098491435e-08
  2.918894159732e-09
  3.710945900120e-08
  4.782140563424e-09
  4.161823601030e-09
  1.861252898320e-08
  1.629218495634e-08
  8.041611696473e-09
  1.460870184166e-09
  2.041048069509e-08
  5.503970366979e-09
  1.069139132612e-08
  3.661337237794e-09
  4.105038551235e-09
  4.580355387499e-09
  9.114556980952e-09
  1.871339838413e-08
  1.982297338784e-08
  4.271486685148e-09
  1.535097681372e-09
  7.479830405049e-09
  7.351484367124e-09
  9.212893198257e-09
  4.394859103971e-09
  9.063615064088e-09
  1.989569372774e-09
  1.304322914386e-09
  6.531498045789e-09
  1.739853696213e-08
  2.203254714964e-08
  1.006311541381e-09
  1.045978762262e-09
  6.012166419499e-10
  6.464591855023e-09
  4.419060572212e-09
  2.798240420815e-09
  8.702836386144e-09
  1.650650272492e-09
  1.967431550687e-09
  5.682887329201e-09
  1.099695007916e-08
  6.087889480490e-09
  9.894963032790e-09
  1.699887942251e-09
  7.228906104265e-10
  7.609967641462e-09
  1.648667780962e-09
  3.432492791509e-09
  3.998691213184e-09
  2.592948205779e-09
  1.803609348538e-09
  4.315153669642e-09
  6.422205954237e-09
  1.313342671173e-09
  4.184883107776e-09
  1.945021280933e-09
  6.279825963112e-09
  4.517448960347e-09
  1.464782996397e-09
  1.312374612443e-09
  5.149133366867e-09
  3.484263644890e-09
  1.836285678233e-09
  2.700767920580e-09
  3.262369512479e-09
  3.634973578498e-09
  2.915949406231e-09
  1.485906385684e-09
  2.194989116505e-09
  3.174931201831e-09
  3.214969415278e-09
  8.528429302315e-10
  2.035172474728e-09
  6.212850211240e-10
  7.297481761582e-10
  1.335567444643e-09
  5.726420988241e-09
  9.406261480318e-09
  8.325079001498e-09
  7.368144252089e-09
  6.521191408535e-09
  5.771600926798e-09
  5.108179265519e-09
  4.521013967046e-09
  4.001346128742e-09
  3.541402296976e-09
  3.134330702773e-09
  2.774056342850e-09
  2.455188231465e-09
  2.172973026354e-09
  1.923196483825e-09
  1.702131287930e-09
  1.506479082879e-09
  1.333318302205e-09
  1.180057794699e-09
  1.044413637369e-09
  9.243627613734e-10
  8.181081714650e-10
  7.240731492340e-10
  6.408432855185e-10
  5.671774942466e-10
  5.019848254006e-10
  4.442838877057e-10
  3.932150218228e-10
  3.480165336376e-10
  3.080131007430e-10
  2.726082366523e-10
  2.412732769573e-10
  2.135398435422e-10
  1.889940478243e-10
  1.672695346438e-10
  1.480428448561e-10
  1.310264592218e-10
  1.159647406752e-10
  1.026356733520e-10
  9.083753004369e-11
  8.039640798460e-11
  7.115521500959e-11
  6.297598825777e-11
  5.573711172827e-11
  4.933041790074e-11
  4.366002838364e-11
  3.864154236797e-11
  3.419983385889e-11
  3.026870387022e-11
  2.678937326712e-11
  2.371007699297e-11
  2.098473081482e-11
  1.857258351789e-11
  1.643775316484e-11
  1.454824164675e-11
  1.287605061833e-11
  1.139596417855e-11
  1.008601261131e-11
  8.926718806844e-12
  7.900634520991e-12
  6.992456310356e-12
  6.188677726793e-12
  5.477357447052e-12
  4.847742483446e-12
  4.290505850968e-12
  3.797334997415e-12
  3.360839055238e-12
  2.974525654514e-12
  2.632615426660e-12
  2.330007223878e-12
  2.062179574258e-12
  1.825144307703e-12
  1.615348011033e-12
  1.429672027980e-12
  1.265333914292e-12
  1.119887437730e-12
  9.911646104790e-13
  8.772351118396e-13
  7.764004914655e-13
  6.871535920531e-13
  6.081669558233e-13
  5.382621016999e-13
  4.763909756809e-13
  4.216313134316e-13
  3.731669313046e-13
  3.302726547664e-13
  2.923091013147e-13
  2.587093479330e-13
  2.289713953041e-13
  2.026517913750e-13
  1.793580955709e-13
  1.587419226844e-13
  1.404948851441e-13
  1.243451149595e-13
  1.100526263136e-13
  9.740235945292e-14
  8.620649939023e-14
  7.629694011863e-14
  6.752702363896e-14
  5.199408656462e-13
  0.000000000000e+00
  0.000000000000e+00
  0.000000000000e+00
  0.000000000000e+00
  0.000000000000e+00
  0.000000000000e+00
  0.000000000000e+00
  0.000000000000e+00
  0.000000000000e+00
  0.000000000000e+00
  0.000000000000e+00
  0.000000000000e+00
  0.000000000000e+00
  0.000000000000e+00
  0.000000000000e+00
  0.000000000000e+00
  0.000000000000e+00
  0.000000000000e+00
  0.000000000000e+00
  0.000000000000e+00
  0.000000000000e+00
  0.000000000000e+00
  0.000000000000e+00
  0.000000000000e+00
  0.000000000000e+00
  1.996097038612e-04
  4.928658825886e-04
  4.813436326567e-04
  9.304280163174e-04
  1.779226866808e-03
  1.992598686419e-03
  2.777801780694e-03
  4.634588855616e-03
  4.134397659844e-03
  5.489636185583e-03
  6.832674043227e-03
  9.669431499817e-03
  1.435106493196e-02
  1.279817248058e-02
  1.362032014928e-02
  1.720049877670e-02
  1.815843608070e-02
  1.956928990023e-02
  2.453178690031e-02
  2.551943860957e-02
  2.292583873585e-02
  2.157162145697e-02
  2.514829940530e-02
  2.488893372997e-02
  2.766058734607e-02
  2.944151258518e-02
  3.228970542108e-02
  2.829727658635e-02
  3.132037410472e-02
  3.403846784792e-02
  3.303412974072e-02
  2.563144741309e-02
  2.524802222138e-02
  2.601304470222e-02
  2.501903540812e-02
  2.434131014241e-02
  2.475135238817e-02
  2.293972769305e-02
  2.242190900097e-02
  2.024031371823e-02
  1.773130152370e-02
  1.769109025206e-02
  1.668434251937e-02
  1.564245355322e-02
  1.459602197765e-02
  1.374228804870e-02
  1.426921522852e-02
  1.420117950466e-02
  1.309350414316e-02
  1.154167172015e-02
  1.047795134027e-02
  9.738607400544e-03
  8.953175495265e-03
  7.943811302290e-03
  7.138536182851e-03
  6.378211437535e-03
  6.117426358353e-03
  5.752967918309e-03
  5.265882292905e-03
  4.917810340333e-03
  4.484475910031e-03
  4.217271195571e-03
  3.838541153941e-03
  3.611118528900e-03
  3.155929415952e-03
  2.722662206961e-03
  2.561357688589e-03
  2.488660683841e-03
  2.417353350443e-03
  2.274136018732e-03
  2.139400465311e-03
  2.016026347760e-03
  1.897167175472e-03
  1.784769522510e-03
  1.679032725919e-03
  4.394727702454e-04
  3.639535045751e-04
  7.266652246863e-04
  1.060013900167e-03
  4.351491471782e-04
  7.168090291133e-04
  6.162715424470e-04
  6.965061245975e-04
  4.913464223981e-04
  5.723002725850e-04
  5.520801019914e-04
  6.192310899713e-04
  8.696713263520e-04
  4.060870471895e-04
  4.411608008024e-04
  3.096893591569e-04
  1.575767126948e-03
  1.809968258583e-05
  1.406530713544e-05
  2.266128375623e-04
  7.296356232816e-04
  4.331087975744e-04
  4.639442637657e-04
  3.042287160402e-05
  1.072649332437e-03
  4.562514294361e-05
  1.127791856151e-05
  3.730790797248e-04
  8.907905949183e-04
  1.923572947761e-04
  2.601256587964e-05
  2.533863929026e-04
  7.864010974984e-04
  2.647377039509e-04
  1.801441302401e-04
  4.245266286506e-06
  8.097271584806e-04
  3.013863119934e-05
  4.199420550364e-05
  2.384867301912e-04
  3.276740100485e-04
  3.438115090061e-04
  3.409232685566e-04
  3.493403670173e-06
  4.017139660422e-04
  2.579251717396e-05
  7.705528298694e-06
  4.308799607050e-04
  1.858142773655e-04
  1.650488152468e-04
  2.916357469557e-05
  2.347459732941e-04
  1.424208393145e-04
  3.470523534173e-04
  2.755256011255e-05
  1.950348540683e-05
  1.484516432562e-04
  1.594064731828e-04
  1.445908927755e-04
  1.109034007633e-05
  1.656182133685e-04
  2.144941572338e-04
  1.124920601234e-05
  5.125243674133e-06
  2.645776660372e-04
  1.097172093583e-05
  6.904210963260e-06
  6.705603089634e-05
  8.321565574869e-05
  1.156845703431e-04
  8.925190746070e-06
  8.491266035087e-05
  1.070179882570e-04
  1.464724123033e-04
  4.809362766780e-06
  2.034041400783e-06
  1.286813091493e-04
  8.766220436042e-05
  1.832339976533e-06
  9.548210791136e-07
  9.499825614815e-05
  4.865309694322e-06
  9.097479485336e-05
  1.759467420744e-06
  9.665782416760e-05
  2.904149355410e-06
  6.226002521105e-05
  3.402978854239e-06
  1.073214999776e-04
  3.992230790402e-06
  5.805631395021e-06
  2.525050656594e-05
  1.139123714644e-04
  3.979636050295e-06
  5.136852381014e-06
  1.550846338073e-06
  5.754898204132e-05
  8.381954641822e-07
  1.528105962936e-06
  4.523551805958e-05
  7.822040413026e-05
  1.213735453824e-05
  1.050135986939e-06
  2.007547827119e-06
  6.721227261576e-05
  7.359008098396e-06
  2.216475077010e-06
  1.319627777262e-06
  1.746619426929e-05
  2.251706575773e-05
  2.612214447762e-05
  3.024059584617e-06
  2.165568209520e-05
  2.619629113581e-05
  6.534453337933e-06
  4.506572615252e-06
  1.939170970613e-05
  1.579186209702e-05
  1.227509485844e-05
  3.657724382952e-06
  1.531073540822e-05
  1.322275384289e-05
  1.213889734490e-05
  3.733059151976e-06
  2.050776487636e-05
  1.201623877236e-05
  1.391983246037e-06
  3.849163698323e-06
  6.404424258805e-06
  1.215084368375e-05
  2.291698749889e-06
  1.263478508400e-05
  5.018154695000e-06
  9.075013137877e-06
  7.916546123627e-06
  5.866214602293e-06
  4.593239837419e-06
  1.179968167089e-05
  2.597580719799e-06
  5.819760875240e-06
  5.586569937723e-06
  6.660887653996e-06
  1.904357994323e-06
  6.840097344400e-06
  1.345048317809e-06
  4.439311642864e-06
  6.873250972949e-06
  5.693136452137e-06
  4.564945715064e-06
  4.972185426770e-06
  5.566032146431e-06
  7.248178020572e-07
  5.030696640523e-07
  2.990978270686e-06
  6.053734346390e-06
  4.014082965175e-06
  3.929542263353e-06
  5.003117701217e-06
  1.343031231174e-06
  1.658629403105e-06
  4.404263071389e-06
  2.833009997728e-06
  2.041423903790e-06
  7.352221874280e-07
  3.620105397785e-06
  3.122041704823e-06
  1.656701340756e-06
  5.044613442854e-07
  6.138670619778e-07
  2.176405461358e-06
  2.927715570216e-06
  1.764417450776e-06
  2.617170225216e-06
  4.586987634916e-07
  1.828863393703e-06
  1.682457884445e-06
  1.472551509609e-06
  1.277893813637e-06
  8.115723447083e-07
  2.079733949897e-06
  4.033303270464e-07
  1.395164649745e-06
  1.655293579117e-06
  1.415871683616e-06
  8.127633667402e-07
  6.732504877641e-07
  8.207773312376e-07
  1.947106818775e-06
  3.658605602641e-07
  1.340983566599e-06
  1.510946381255e-06
  3.790660447710e-07
  1.520381872248e-06
  1.005599000615e-06
  2.419559243644e-07
  4.267596456514e-07
  8.062937808564e-07
  5.532384673929e-07
  2.332327181478e-07
  1.074281641697e-06
  8.375176923787e-07
  5.649258413064e-07
  3.156125391930e-07
  6.462335548204e-07
  6.367721629389e-07
  3.538983287483e-07
  1.753842056973e-07
  8.448998592790e-07
  4.863082471281e-07
  6.130493147195e-07
  1.755111221195e-07
  4.734874753596e-07
  5.903263162921e-07
  3.977058293967e-07
  4.224146617197e-07
  1.058175397288e-07
  4.710848098658e-07
  4.123284761847e-07
  3.080463306827e-07
  1.003278078822e-07
  5.654671228217e-07
  1.109710150612e-07
  2.200693271092e-07
  2.467597377017e-07
  1.820408452229e-07
  1.189382400635e-07
  5.198827224567e-07
  1.327341939879e-07
  1.506124930080e-07
  1.499054773484e-07
  3.395688858099e-07
  2.084248197092e-07
  1.415530147644e-07
  8.092310936391e-08
  1.718842867308e-07
  3.224248425934e-07
  2.310167934582e-07
  2.692986453959e-07
  9.037315377089e-08
  3.695192740672e-08
  1.825779202354e-07
  1.240540688758e-07
  1.270638514036e-07
  1.067642536592e-07
  8.169577956169e-08
  1.779578589395e-07
  1.751281933313e-07
  2.910064882558e-08
  5.824304725666e-08
  5.040985896470e-08
  1.237806487755e-07
  1.750739172929e-07
  1.763539739522e-08
  3.786920615882e-08
  1.477376805326e-07
  1.393089631267e-07
  1.130874547948e-07
  5.430960512305e-08
  8.992082156369e-08
  4.716919708521e-08
  8.877902363014e-08
  6.043797821349e-08
  2.104886199847e-08
  8.522771397071e-08
  6.912807276323e-08
  2.791015680792e-08
  4.615802825856e-08
  8.209615745116e-08
  7.138642702775e-08
  4.985918714920e-08
  6.097928041231e-08
  1.041726600831e-08
  5.275789680093e-09
  1.723807549000e-08
  5.600403980277e-08
  6.068248280804e-08
  3.763572327397e-08
  2.312194915676e-08
  1.151919394765e-08
  2.868745751990e-08
  8.036170799287e-09
  1.319386039083e-08
  4.742366077565e-08
  2.289854429782e-08
  3.767676964114e-08
  3.186821228340e-08
  7.041398801845e-09
  6.430695769451e-09
  2.896568911494e-08
  1.010370444305e-08
  2.263995425301e-08
  1.356884413704e-08
  1.263299937571e-08
  1.644849654687e-08
  3.213999321793e-08
  7.038759072638e-09
  3.498416828774e-08
  5.007581816826e-09
  1.256204986652e-08
  9.342893635941e-09
  3.730793664496e-08
  6.669933832761e-09
  3.341418869597e-09
  8.807243198188e-09
  6.352413966409e-09
  6.954321348695e-09
  1.436044230496e-08
  2.322690747886e-08
  1.281800018213e-08
  4.608850849497e-09
  1.508753645333e-08
  1.363539840661e-08
  4.177579596379e-09
  1.508871024085e-08
  9.079026718156e-09
  1.350199771331e-08
  4.485714333429e-09
  1.795575606928e-08
  4.720262417523e-09
  1.078447793670e-08
  1.021746100068e-08
  7.310250438444e-09
  6.438022892439e-09
  1.044291869507e-08
  1.859664664155e-09
  2.364293500680e-08
  3.046767176437e-09
  2.651557571673e-09
  1.185829185510e-08
  1.037997110743e-08
  5.123417064256e-09
  9.307411125044e-10
  1.300379213167e-08
  3.506654024906e-09
  6.811628601760e-09
  2.332690693648e-09
  2.615376993306e-09
  2.918206417593e-09
  5.807006096702e-09
  1.192255801463e-08
  1.262948318401e-08
  2.721421198128e-09
  9.780313053654e-10
  4.765499774938e-09
  4.683730219987e-09
  5.869658944747e-09
  2.800023595119e-09
  5.774548544836e-09
  1.267581935133e-09
  8.310001983831e-10
  4.161306868050e-09
  1.108484344137e-08
  1.403723448145e-08
  6.411336031648e-10
  6.664062309718e-10
  3.830451327608e-10
  4.118675629185e-09
  2.815445715310e-09
  1.782791923225e-09
  5.544693025394e-09
  1.051651568977e-09
  1.253478386828e-09
  3.620645857132e-09
  7.006304106208e-09
  3.878677447964e-09
  6.304216285838e-09
  1.083020652678e-09
  4.605616470224e-10
  4.848412092191e-09
  1.050389876663e-09
  2.186887668324e-09
  2.547620496433e-09
  1.652002519351e-09
  1.149104373062e-09
  2.749245650348e-09
  4.091673345316e-09
  8.367476205431e-10
  2.666242842869e-09
  1.239201614373e-09
  4.000963355894e-09
  2.878127003141e-09
  9.332334719116e-10
  8.361322869965e-10
  3.280580996971e-09
  2.219872648944e-09
  1.169922296243e-09
  1.720697529155e-09
  2.078498473895e-09
  2.315887951130e-09
  1.857790223729e-09
  9.466906614497e-10
  1.398459243800e-09
  2.022792689881e-09
  2.048300592280e-09
  5.433571026095e-10
  1.296634469012e-09
  3.958275237457e-10
  4.649310322903e-10
  8.509080484202e-10
  3.648379819125e-09
  5.992854925821e-09
  5.304020045619e-09
  4.694343430948e-09
  4.154737277538e-09
  3.677166053192e-09
  3.254491371682e-09
  2.880399600567e-09
  2.549311370969e-09
  2.256275574727e-09
  1.996925412008e-09
  1.767387901080e-09
  1.564232169603e-09
  1.384428087676e-09
  1.225294559132e-09
  1.084452983707e-09
  9.597988172535e-10
  8.494731319565e-10
  7.518290056768e-10
  6.654108384699e-10
  5.889233273660e-10
  5.212288809344e-10
  4.613165940628e-10
  4.082919062170e-10
  3.613559179605e-10
  3.198209035648e-10
  2.830586023078e-10
  2.505224532159e-10
  2.217258774089e-10
  1.962394341217e-10
  1.736825473120e-10
  1.537183347903e-10
  1.360489544365e-10
  1.204106918736e-10
  1.065698237711e-10
  9.432029095406e-11
  8.347852753252e-11
  7.388268527109e-11
  6.539056524095e-11
  5.787392986262e-11
  5.122160542812e-11
  4.533379414375e-11
  4.012284976064e-11
  3.551095068320e-11
  3.142906579506e-11
  2.781643737208e-11
  2.461902982130e-11
  2.178916772004e-11
  1.928460505926e-11
  1.706787888480e-11
  1.510599904516e-11
  1.336964670666e-11
  1.183283824684e-11
  1.047271841969e-11
  9.268888142504e-12
  8.203482058956e-12
  7.260522180312e-12
  6.425943739793e-12
  5.687336649063e-12
  5.033583537322e-12
  4.454989023060e-12
  3.942891898792e-12
  3.489690985413e-12
  3.088560734339e-12
  2.733528790559e-12
  2.419333793706e-12
  2.141236641297e-12
  1.895110978961e-12
  1.677275147158e-12
  1.484479254006e-12
  1.313843124837e-12
  1.162822691542e-12
  1.029160869305e-12
  9.108642876880e-13
  8.061619236678e-13
  7.134947598974e-13
  6.314847594845e-13
  5.588960844658e-13
  4.946531938523e-13
  4.377943057981e-13
  3.874713976002e-13
  3.429346930885e-13
  3.035145645798e-13
  2.686267037484e-13
  2.377496283407e-13
  2.104210625663e-13
  1.862340589452e-13
  1.648271736546e-13
  1.458805883763e-13
  1.291122321444e-13
  1.142713177569e-13
  1.011365319720e-13
  8.951112318080e-14
  7.922212577717e-14
  7.011622346146e-14
  6.205612963147e-14
  5.492343136101e-14
  4.860979892065e-14
  4.302241519138e-14
  3.312614537485e-13
  0.000000000000e+00
  0.000000000000e+00
  0.000000000000e+00
  0.000000000000e+00
  0.000000000000e+00
  0.000000000000e+00
  0.000000000000e+00
  0.000000000000e+00
  0.000000000000e+00
  0.000000000000e+00
  0.000000000000e+00
  0.000000000000e+00
  0.000000000000e+00
  0.000000000000e+00
  0.000000000000e+00
  0.000000000000e+00
  0.000000000000e+00
  0.000000000000e+00
  0.000000000000e+00
  0.000000000000e+00
  0.000000000000e+00
  0.000000000000e+00
  0.000000000000e+00
  0.000000000000e+00
  0.000000000000e+00
  5.525629123968e-04
  1.258436294724e-03
  1.495903424326e-03
  1.894350318436e-03
  2.591055685171e-03
  3.011498451113e-03
  3.861764389921e-03
  4.517432447037e-03
  4.714550268632e-03
  5.738603774612e-03
  7.092729048576e-03
  7.904116905552e-03
  9.973141436681e-03
  1.052904169291e-02
  1.139794169183e-02
  1.306169480692e-02
  1.296761326682e-02
  1.505476799621e-02
  1.758805172581e-02
  1.828472430053e-02
  1.750143667431e-02
  1.860021497481e-02
  2.122618658405e-02
  2.328022768873e-02
  2.489714498383e-02
  2.519000286453e-02
  2.752869754106e-02
  2.923094973801e-02
  3.011818173218e-02
  3.084583645091e-02
  2.978914543499e-02
  2.736574647221e-02
  2.682071172262e-02
  2.561276755708e-02
  2.584541426110e-02
  2.624157328185e-02
  2.469746686294e-02
  2.389491393040e-02
  2.242799485989e-02
  2.223863361007e-02
  2.183642698580e-02
  2.043627118797e-02
  1.985009507719e-02
  1.912245927692e-02
  1.781692104244e-02
  1.684142809008e-02
  1.679235358475e-02
  1.541936470660e-02
  1.379732050673e-02
  1.262760425835e-02
  1.189494875797e-02
  1.118899352174e-02
  1.060248318470e-02
  9.978066544451e-03
  9.193757320975e-03
  8.381360479053e-03
  7.700289334063e-03
  7.215579271959e-03
  6.805899852932e-03
  6.414792063076e-03
  6.082365576473e-03
  5.714266427089e-03
  4.719219977088e-03
  4.439622050432e-03
  3.974199366194e-03
  3.532111981304e-03
  3.322852287110e-03
  3.013903618979e-03
  2.727431351760e-03
  2.565843043206e-03
  2.413824956870e-03
  2.017220721518e-03
  1.853614443071e-03
  1.743797152119e-03
  1.640487814070e-03
  4.293838229833e-04
  3.555983934521e-04
  7.213510852819e-04
  1.110125597449e-03
  4.557205372394e-04
  7.506955206017e-04
  6.454054189804e-04
  7.294330547027e-04
  5.145746291641e-04
  5.993553460258e-04
  5.781794636475e-04
  6.485048946127e-04
  9.107842252787e-04
  4.252844432691e-04
  4.620163510588e-04
  3.243297607779e-04
  1.840692845824e-03
  3.030434702218e-05
  2.354958378756e-05
  3.794184627710e-04
  1.221630756257e-03
  7.251552435681e-04
  7.767831196277e-04
  5.093710415492e-05
  1.795939797794e-03
  7.639030894073e-05
  1.888264877978e-05
  6.246473326744e-04
  1.491452987218e-03
  3.220643556148e-04
  4.355291530041e-05
  4.242456011969e-04
  1.316673469289e-03
  4.432510705611e-04
  3.016157691349e-04
  7.107857516616e-06
  1.355728313302e-03
  5.046119874770e-05
  7.031101509280e-05
  3.992989743300e-04
  5.486254558481e-04
  5.756445447316e-04
  5.708087882545e-04
  5.849016366683e-06
  6.725908592121e-04
  4.097077506929e-05
  1.081326329308e-05
  5.712061927410e-04
  1.241863086363e-04
  1.103080145652e-04
  1.949105591895e-05
  1.568890872888e-04
  9.518492504516e-05
  2.319474105447e-04
  1.841435483969e-05
  1.303487157274e-05
  9.921546991446e-05
  1.065369932364e-04
  9.663521465640e-05
  7.412067171639e-06
  1.106885494540e-04
  1.433540598601e-04
  7.518243288167e-06
  3.425382184288e-06
  1.768266273076e-04
  7.332790846030e-06
  4.614329055136e-06
  4.481592299062e-05
  5.561597463481e-05
  7.731611316816e-05
  5.965022519051e-06
  5.675013728064e-05
  7.152393040105e-05
  9.789272842358e-05
  3.214268606378e-06
  1.359422697179e-06
  8.600234412432e-05
  5.858779298718e-05
  1.224618587705e-06
  6.381413579818e-07
  6.349073089822e-05
  3.251660390322e-06
  6.080168511752e-05
  1.175914316788e-06
  6.459984309642e-05
  1.940946126124e-06
  4.161058169386e-05
  2.274331337611e-06
  7.172675277129e-05
  2.668149071849e-06
  3.880108997478e-06
  1.687580704498e-05
  7.613166384771e-05
  2.659731741056e-06
  3.433140206479e-06
  1.036485461751e-06
  3.846201995292e-05
  5.601954420856e-07
  1.021286995379e-06
  3.023249600597e-05
  5.227745173944e-05
  8.111824907021e-06
  7.018428027737e-07
  1.341714822185e-06
  4.492036422059e-05
  4.918287725153e-06
  1.481349447090e-06
  8.819543092200e-07
  1.167328138671e-05
  1.504895617986e-05
  1.745835853499e-05
  2.021086395094e-06
  1.447325888224e-05
  1.750790830376e-05
  4.367206072025e-06
  3.011902108153e-06
  1.296016610028e-05
  1.055426006717e-05
  8.203879207177e-06
  2.444586700731e-06
  1.023270565192e-05
  8.837233095548e-06
  8.112853813114e-06
  2.494935427927e-06
  1.370606153896e-05
  8.030874486201e-06
  9.303114262546e-07
  2.572531610722e-06
  4.280301851752e-06
  8.120836643458e-06
  1.531622948151e-06
  8.444271276934e-06
  3.353808008328e-06
  6.065148093387e-06
  5.290904074918e-06
  3.920596063461e-06
  3.069822378203e-06
  7.886138628898e-06
  1.736054075517e-06
  3.889549533598e-06
  3.733700653034e-06
  4.451704664084e-06
  1.272748998435e-06
  4.571476745559e-06
  8.989429166829e-07
  2.966947527991e-06
  4.593634572088e-06
  3.804922327490e-06
  3.050913439060e-06
  3.323085854513e-06
  3.719973980392e-06
  4.844211140403e-07
  3.362190087709e-07
  1.998974748545e-06
  4.045921106202e-06
  2.682751190279e-06
  2.626248935060e-06
  3.343756298495e-06
  8.975941938928e-07
  1.108519406926e-06
  2.943521892960e-06
  1.893399047429e-06
  1.364354432719e-06
  4.913745968601e-07
  2.419442285068e-06
  2.086568849664e-06
  1.107231015129e-06
  3.371489271344e-07
  4.102685022748e-07
  1.454566824549e-06
  1.956693158692e-06
  1.179220905499e-06
  1.749145276827e-06
  3.065642601308e-07
  1.222292625158e-06
  1.124445181177e-06
  9.841576610316e-07
  8.540610780301e-07
  5.424021880463e-07
  1.389958951824e-06
  2.695597246085e-07
  9.324372188012e-07
  1.106290496117e-06
  9.462764184894e-07
  5.431981825767e-07
  4.499567107330e-07
  5.485540764693e-07
  1.301319327892e-06
  2.445174182216e-07
  8.962263571440e-07
  1.009818582395e-06
  2.533431104465e-07
  1.016124612187e-06
  6.720770720956e-07
  1.617076399420e-07
  2.852184709936e-07
  5.388741902011e-07
  3.697485623007e-07
  1.558775420431e-07
  7.179798710850e-07
  5.597421114553e-07
  3.775596318758e-07
  2.109348425328e-07
  4.319003638689e-07
  4.255769227804e-07
  2.365224989771e-07
  1.172153388461e-07
  5.646759154140e-07
  3.250167092602e-07
  4.097221243140e-07
  1.173001692555e-07
  3.164481820735e-07
  3.945356774762e-07
  2.658006502921e-07
  2.823144357455e-07
  7.072155845519e-08
  3.148423825313e-07
  2.755734766861e-07
  2.058780937584e-07
  6.705254865758e-08
  3.779213655914e-07
  7.416580424366e-08
  1.470799815798e-07
  1.649181102245e-07
  1.216642309458e-07
  7.949056464450e-08
  3.474557083621e-07
  8.871088980034e-08
  1.006595859252e-07
  1.001870467440e-07
  2.269456931335e-07
  1.392975797895e-07
  9.460479969099e-08
  5.408372460882e-08
  1.148762405756e-07
  2.154877420620e-07
  1.543965161018e-07
  1.799816311652e-07
  6.039950371788e-08
  2.469625608100e-08
  1.220231710343e-07
  8.290964887087e-08
  8.492118017852e-08
  7.135425507815e-08
  5.460013571671e-08
  1.189354059336e-07
  1.170442528362e-07
  1.944897311174e-08
  3.892585096340e-08
  3.369066320119e-08
  8.272689647245e-08
  1.170079798273e-07
  1.178635044696e-08
  2.530930272213e-08
  9.873822634096e-08
  9.310503816047e-08
  7.558028762774e-08
  3.629699113475e-08
  6.009721182793e-08
  3.152481395214e-08
  5.933410390064e-08
  4.039280156469e-08
  1.406768432928e-08
  5.696065599886e-08
  4.620070179481e-08
  1.865332541993e-08
  3.084901475349e-08
  5.486771221835e-08
  4.771002976385e-08
  3.332262963582e-08
  4.075456681107e-08
  6.962223151913e-09
  3.525992487604e-09
  1.152080452753e-08
  3.742943800168e-08
  4.055621298292e-08
  2.515326320017e-08
  1.545320353924e-08
  7.698674958149e-09
  1.917283285037e-08
  5.370852094419e-09
  8.817916734589e-09
  3.169488467101e-08
  1.530389268564e-08
  2.518069497840e-08
  2.129863170321e-08
  4.706012994755e-09
  4.297859665460e-09
  1.935877616369e-08
  6.752656978541e-09
  1.513106617663e-08
  9.068529676812e-09
  8.443078826994e-09
  1.099309909439e-08
  2.148027421818e-08
  4.704247271098e-09
  2.338113248953e-08
  3.346740005717e-09
  8.395656534512e-09
  6.244179014793e-09
  2.493419364983e-08
  4.457752248688e-09
  2.233186381912e-09
  5.886184849647e-09
  4.245537489832e-09
  4.647813481814e-09
  9.597584627312e-09
  1.552334691148e-08
  8.566717319866e-09
  3.080254469055e-09
  1.008353069598e-08
  9.113013300637e-09
  2.792019000643e-09
  1.008430635315e-08
  6.067833670782e-09
  9.023850562153e-09
  2.997958503747e-09
  1.200045705259e-08
  3.154711251945e-09
  7.207639821662e-09
  6.828683994254e-09
  4.885694295244e-09
  4.302760809837e-09
  6.979369589846e-09
  1.242880269312e-09
  1.580139793809e-08
  2.036257744994e-09
  1.772130710645e-09
  7.925311895582e-09
  6.937301223736e-09
  3.424160681887e-09
  6.220467868552e-10
  8.690885529835e-09
  2.343619784298e-09
  4.552451792065e-09
  1.559014171493e-09
  1.747946602711e-09
  1.950336370651e-09
  3.881022759470e-09
  7.968256817365e-09
  8.440720324682e-09
  1.818821489041e-09
  6.536519790706e-10
  3.184949269558e-09
  3.130300122398e-09
  3.922901940902e-09
  1.871359335201e-09
  3.859335889278e-09
  8.471689856381e-10
  5.553863045231e-10
  2.781147187845e-09
  7.408383682908e-09
  9.381573562595e-09
  4.284925739678e-10
  4.453829819709e-10
  2.560021830681e-10
  2.752655975420e-09
  1.881659810273e-09
  1.191502125225e-09
  3.705711625029e-09
  7.028526075204e-10
  8.377412825450e-10
  2.419804453908e-09
  4.682554094750e-09
  2.592258899719e-09
  4.213325645418e-09
  7.238205759382e-10
  3.078097763732e-10
  3.240361461584e-09
  7.020138887837e-10
  1.461571450293e-09
  1.702662097084e-09
  1.104094389932e-09
  7.679863695054e-10
  1.837412036679e-09
  2.734607757191e-09
  5.592273840910e-10
  1.781943089249e-09
  8.282000686454e-10
  2.673980374223e-09
  1.923554126479e-09
  6.237122426324e-10
  5.588155921098e-10
  2.192524288571e-09
  1.483617771372e-09
  7.819002719165e-10
  1.150003204994e-09
  1.389132637296e-09
  1.547789213965e-09
  1.241625344285e-09
  6.327092352765e-10
  9.346353681809e-10
  1.351901092773e-09
  1.368952938367e-09
  3.631444026817e-10
  8.665862703164e-10
  2.645451324863e-10
  3.107295265619e-10
  5.686910322729e-10
  2.438338246143e-09
  4.005235112530e-09
  3.544860506102e-09
  3.137394547802e-09
  2.776758103328e-09
  2.457578327840e-09
  2.175087767466e-09
  1.925073910055e-09
  1.703790898993e-09
  1.507946920893e-09
  1.334615919410e-09
  1.181206064462e-09
  1.045434527610e-09
  9.252644204910e-10
  8.189047948265e-10
  7.247791116373e-10
  6.414684858426e-10
  5.677331271894e-10
  5.024732420861e-10
  4.447170519062e-10
  3.935987214426e-10
  3.483552058295e-10
  3.083136382309e-10
  2.728749338346e-10
  2.415068530816e-10
  2.137477853588e-10
  1.891783712979e-10
  1.674328538557e-10
  1.481870966184e-10
  1.311535388760e-10
  1.160780425453e-10
  1.027354778601e-10
  9.092657029343e-11
  8.047474747970e-11
  7.122424736780e-11
  6.303746963567e-11
  5.579163342763e-11
  4.937833592350e-11
  4.370279559989e-11
  3.867912261322e-11
  3.423315656994e-11
  3.029817834046e-11
  2.681547761321e-11
  2.373315472502e-11
  2.100517473769e-11
  1.859067376091e-11
  1.645376976751e-11
  1.456242748545e-11
  1.288858452089e-11
  1.140707931175e-11
  1.009590337388e-11
  8.935381500820e-12
  7.908297886923e-12
  6.999265511758e-12
  6.194719833950e-12
  5.482679157261e-12
  4.852460853572e-12
  4.294681362879e-12
  3.801041783998e-12
  3.364119771419e-12
  2.977426290703e-12
  2.635165984566e-12
  2.332287622118e-12
  2.064194015698e-12
  1.826918593236e-12
  1.616923601262e-12
  1.431062267976e-12
  1.266566190929e-12
  1.120982275473e-12
  9.921285916591e-13
  8.780880680900e-13
  7.771580426684e-13
  6.878250379747e-13
  6.087616081888e-13
  5.387859796922e-13
  4.768538530653e-13
  4.220438989290e-13
  3.735300108583e-13
  3.305945483102e-13
  2.925930221500e-13
  2.589610314235e-13
  2.291947142729e-13
  2.028494867063e-13
  1.795324752101e-13
  1.588962105934e-13
  1.406316912165e-13
  1.244664911436e-13
  1.101597152190e-13
  9.749695414140e-14
  8.629028446463e-14
  7.637133182573e-14
  6.759316279187e-14
  5.982334808885e-14
  5.294686343276e-14
  4.686104460530e-14
  4.147432622260e-14
  3.670718765856e-14
  3.248767567419e-14
  2.875335932593e-14
  2.213933687903e-13
  0.000000000000e+00
  0.000000000000e+00
  0.000000000000e+00
  0.000000000000e+00
  0.000000000000e+00
  0.000000000000e+00
  0.000000000000e+00
  0.000000000000e+00
  0.000000000000e+00
  0.000000000000e+00
  0.000000000000e+00
  0.000000000000e+00
  0.000000000000e+00
  0.000000000000e+00
  0.000000000000e+00
  0.000000000000e+00
  0.000000000000e+00
  0.000000000000e+00
  0.000000000000e+00
  0.000000000000e+00
  0.000000000000e+00
  0.000000000000e+00
  0.000000000000e+00
  0.000000000000e+00
  0.000000000000e+00
  1.076670660170e-03
  2.468211573714e-03
  3.042010333238e-03
  3.577863449828e-03
  3.830859994880e-03
  4.296700494794e-03
  5.023800795892e-03
  5.724318372126e-03
  6.417439814751e-03
  6.743145185577e-03
  8.066676746233e-03
  8.938831892405e-03
  9.673353919269e-03
  1.028473551525e-02
  1.175355676667e-02
  1.229594792687e-02
  1.270485641359e-02
  1.479799684948e-02
  1.656065521355e-02
  1.772166603414e-02
  1.694158695552e-02
  2.124350825051e-02
  2.293107019103e-02
  2.452287229869e-02
  2.558190589749e-02
  2.544199206530e-02
  2.666770588252e-02
  3.007111662505e-02
  2.925159551498e-02
  2.684224439882e-02
  2.543696395900e-02
  2.665924541623e-02
  2.527922594159e-02
  2.162621638932e-02
  2.391255955165e-02
  2.539186154440e-02
  2.458704839797e-02
  2.423009801329e-02
  2.098415431237e-02
  2.055492866319e-02
  2.183706566129e-02
  1.963996385868e-02
  1.852012630375e-02
  1.812286074341e-02
  1.676810223396e-02
  1.574376859031e-02
  1.514650784376e-02
  1.387998055650e-02
  1.325990515397e-02
  1.217918295413e-02
  1.088693705369e-02
  1.012731363627e-02
  9.556554321844e-03
  8.809319014230e-03
  8.468943315293e-03
  8.265797282822e-03
  8.329731009307e-03
  7.942937157778e-03
  7.560533114024e-03
  7.098913814729e-03
  6.624474349789e-03
  6.213964095071e-03
  4.317290138467e-03
  4.061505553634e-03
  3.653717100170e-03
  3.266586034327e-03
  3.073056631510e-03
  3.162882094598e-03
  3.237320649155e-03
  3.045523985964e-03
  2.865087230001e-03
  2.045674510244e-03
  1.811522825870e-03
  1.704199853942e-03
  1.603235780520e-03
  4.196334073529e-04
  3.475235886149e-04
  7.469997092202e-04
  1.360161616137e-03
  5.583635269776e-04
  9.197767323491e-04
  7.907714821519e-04
  8.937248189462e-04
  6.304734962577e-04
  7.343495056123e-04
  7.084041760196e-04
  7.945693583716e-04
  1.115922707489e-03
  5.210722905730e-04
  5.660774549693e-04
  3.973793701697e-04
  2.576149555303e-03
  5.625267989941e-05
  4.371409121887e-05
  7.042985059287e-04
  2.267661429081e-03
  1.346074862989e-03
  1.441909596567e-03
  9.455237678813e-05
  3.333726714107e-03
  1.418000675618e-04
  3.505106450582e-05
  1.159506287736e-03
  2.768521304388e-03
  5.978343691814e-04
  8.084542330520e-05
  7.875091173182e-04
  2.444084920708e-03
  8.227881778417e-04
  5.598766316946e-04
  1.319401889638e-05
  2.516580973281e-03
  9.366898367384e-05
  1.305153460291e-04
  7.412018341691e-04
  1.018390105859e-03
  1.068544588541e-03
  1.059567988646e-03
  1.085728025905e-05
  1.248501928117e-03
  7.443792393617e-05
  1.854939936657e-05
  9.507570886624e-04
  9.420464710738e-05
  8.367690456952e-05
  1.478542989565e-05
  1.190121644178e-04
  7.220492070186e-05
  1.759495414237e-04
  1.396867136869e-05
  9.887929710504e-06
  7.526240826889e-05
  8.081631644086e-05
  7.330505568246e-05
  5.622609566912e-06
  8.396556649624e-05
  1.087448287096e-04
  5.703152754361e-06
  2.598409870092e-06
  1.341362889087e-04
  5.562472557473e-06
  3.500315749181e-06
  3.399624548379e-05
  4.218889556223e-05
  5.865006833775e-05
  4.524917056687e-06
  4.304923255100e-05
  5.425626728211e-05
  7.425898959041e-05
  2.438264022049e-06
  1.031223955780e-06
  6.523923363903e-05
  4.444323683017e-05
  9.289650697152e-07
  4.840779231990e-07
  4.816249555188e-05
  2.466628683699e-06
  4.612266252693e-05
  8.920199296095e-07
  4.900385625673e-05
  1.472354128366e-06
  3.156476967622e-05
  1.725252113502e-06
  5.441015774440e-05
  2.023992382517e-06
  2.943355244512e-06
  1.280157056296e-05
  5.775160821690e-05
  2.017606928383e-06
  2.604295614763e-06
  7.862523587081e-07
  2.917634553848e-05
  4.249507050363e-07
  7.747234679678e-07
  2.293363825869e-05
  3.965640145597e-05
  6.153430181373e-06
  5.324008850429e-07
  1.017792242944e-06
  3.407546781481e-05
  3.730890477874e-06
  1.123714917375e-06
  6.690285336320e-07
  8.855060389736e-06
  1.141576561975e-05
  1.324347819519e-05
  1.533146176612e-06
  1.097905852474e-05
  1.328106840822e-05
  3.312854954530e-06
  2.284754777533e-06
  9.831265165471e-06
  8.006203892413e-06
  6.223262870125e-06
  1.854403871276e-06
  7.762282702877e-06
  6.703711223178e-06
  6.154214882094e-06
  1.892597682870e-06
  1.039708502785e-05
  6.092026043983e-06
  7.057116250959e-07
  1.951459721115e-06
  3.246932672221e-06
  6.160268676916e-06
  1.161851929433e-06
  6.405618676623e-06
  2.544118862208e-06
  4.600876372532e-06
  4.013553376994e-06
  2.974070500695e-06
  2.328693893068e-06
  5.982236364397e-06
  1.316929235567e-06
  2.950518353996e-06
  2.832293544357e-06
  3.376953840758e-06
  9.654761668243e-07
  3.467809960258e-06
  6.819160969765e-07
  2.250653874576e-06
  3.484618814239e-06
  2.886321148720e-06
  2.314348796119e-06
  2.520812249683e-06
  2.821882097552e-06
  3.674701314700e-07
  2.550476360673e-07
  1.516373904362e-06
  3.069138050630e-06
  2.035070264166e-06
  1.992209286022e-06
  2.536492865860e-06
  6.808932988624e-07
  8.408960415807e-07
  2.232884561965e-06
  1.436286708948e-06
  1.034966327126e-06
  3.727448407919e-07
  1.835330532846e-06
  1.582820720527e-06
  8.399187071821e-07
  2.557530763704e-07
  3.112198482009e-07
  1.103399425930e-06
  1.484300382038e-06
  8.945286084064e-07
  1.326859534751e-06
  2.325522648360e-07
  9.272017098249e-07
  8.529768648398e-07
  7.465579584679e-07
  6.478699160744e-07
  4.114530547579e-07
  1.054388953348e-06
  2.044814312657e-07
  7.073240966346e-07
  8.392049419007e-07
  7.178221503123e-07
  4.120568640860e-07
  3.413261766242e-07
  4.161197245186e-07
  9.871490663203e-07
  1.854849295256e-07
  6.798554164293e-07
  7.660236848945e-07
  1.921799132810e-07
  7.708074011416e-07
  5.098213908834e-07
  1.226674576938e-07
  2.163597753939e-07
  4.087768527068e-07
  2.804822515695e-07
  1.182448919561e-07
  5.446419453183e-07
  4.246067464352e-07
  2.864075135431e-07
  1.600100440104e-07
  3.276291333280e-07
  3.228323048636e-07
  1.794201902919e-07
  8.891670061815e-08
  4.283493285399e-07
  2.465497299565e-07
  3.108052251358e-07
  8.898104231374e-08
  2.400498788773e-07
  2.992851411087e-07
  2.016299229336e-07
  2.141568325576e-07
  5.364765114459e-08
  2.388317523822e-07
  2.090433387757e-07
  1.561741107466e-07
  5.086442871118e-08
  2.866819668543e-07
  5.626036959012e-08
  1.115713002337e-07
  1.251028676483e-07
  9.229153846919e-08
  6.029960996645e-08
  2.635714805828e-07
  6.729393164304e-08
  7.635790617631e-08
  7.599946542480e-08
  1.721555100493e-07
  1.056677765401e-07
  7.176492677592e-08
  4.102660754242e-08
  8.714232104580e-08
  1.634637508701e-07
  1.171214413906e-07
  1.365297058958e-07
  4.581761002746e-08
  1.873398641782e-08
  9.256382397413e-08
  6.289326978151e-08
  6.441916455570e-08
  5.412762453731e-08
  4.141834820752e-08
  9.022153936566e-08
  8.878694837803e-08
  1.475351767920e-08
  2.952820157833e-08
  2.555691590809e-08
  6.275463555721e-08
  8.875942928127e-08
  8.940846145767e-09
  1.919902603374e-08
  7.490044784297e-08
  7.062723492737e-08
  5.733340360466e-08
  2.753406064139e-08
  4.558830429344e-08
  2.391397464744e-08
  4.500940968367e-08
  3.064100881696e-08
  1.067140291142e-08
  4.320897578924e-08
  3.504672889320e-08
  1.414996276724e-08
  2.340130350956e-08
  4.162132412741e-08
  3.619171149589e-08
  2.527773557476e-08
  3.091546212821e-08
  5.281378337193e-09
  2.674732760175e-09
  8.739405755343e-09
  2.839309152687e-08
  3.076498024025e-08
  1.908066832553e-08
  1.172244272445e-08
  5.840032560975e-09
  1.454404887832e-08
  4.074206791015e-09
  6.689067450693e-09
  2.404298923124e-08
  1.160916581228e-08
  1.910148980404e-08
  1.615662880729e-08
  3.569865147801e-09
  3.260245200873e-09
  1.468511134678e-08
  5.122398347427e-09
  1.147806772574e-08
  6.879172020625e-09
  6.404720512317e-09
  8.339100749909e-09
  1.629442150123e-08
  3.568525323068e-09
  1.773637399778e-08
  2.538757109441e-09
  6.368743960114e-09
  4.736692915315e-09
  1.891448640147e-08
  3.381538480126e-09
  1.694041272710e-09
  4.465123990795e-09
  3.220562302049e-09
  3.525726202675e-09
  7.280491679846e-09
  1.177564430428e-08
  6.498512759867e-09
  2.336609171125e-09
  7.649125637274e-09
  6.912908506310e-09
  2.117958807282e-09
  7.649721784009e-09
  4.602916684733e-09
  6.845284992837e-09
  2.274186887373e-09
  9.103266022628e-09
  2.393094074265e-09
  5.467538703981e-09
  5.180078554878e-09
  3.706170485743e-09
  3.263969612545e-09
  5.294376142521e-09
  9.428181047403e-10
  1.198656884731e-08
  1.544658342124e-09
  1.344292822329e-09
  6.011957666333e-09
  5.262464227147e-09
  2.597485089942e-09
  4.718697112108e-10
  6.592700933152e-09
  1.777814943186e-09
  3.453375667112e-09
  1.182633183097e-09
  1.325950772281e-09
  1.479479632433e-09
  2.944046563965e-09
  6.044536483232e-09
  6.402932072112e-09
  1.379713874166e-09
  4.958450468202e-10
  2.416020131403e-09
  2.374575889954e-09
  2.975815464340e-09
  1.419563874725e-09
  2.927595322753e-09
  6.426416640460e-10
  4.213026182108e-10
  2.109712110781e-09
  5.619827097189e-09
  7.116637136726e-09
  3.250444909851e-10
  3.378571295240e-10
  1.941978097620e-10
  2.088098780796e-09
  1.427383031648e-09
  9.038442592304e-10
  2.811071217380e-09
  5.331689508615e-10
  6.354924194894e-10
  1.835605046374e-09
  3.552071071014e-09
  1.966421619176e-09
  3.196129318441e-09
  5.490737242329e-10
  2.334968262183e-10
  2.458066541272e-09
  5.325291469162e-10
  1.108713998801e-09
  1.291600074809e-09
  8.375379891743e-10
  5.825768696546e-10
  1.393819669385e-09
  2.074409987207e-09
  4.242171133596e-10
  1.351740140253e-09
  6.282528496699e-10
  2.028419374193e-09
  1.459160964549e-09
  4.731342648911e-10
  4.239039857816e-10
  1.663204227965e-09
  1.125436215802e-09
  5.931298712006e-10
  8.723628942761e-10
  1.053763119710e-09
  1.174115510808e-09
  9.418666786380e-10
  4.799553276593e-10
  7.089946021546e-10
  1.025521420851e-09
  1.038452987652e-09
  2.754729329241e-10
  6.573722090000e-10
  2.006771419523e-10
  2.357128060008e-10
  4.313949609162e-10
  1.849665678961e-09
  3.038270867355e-09
  2.689043292656e-09
  2.379950243095e-09
  2.106385130265e-09
  1.864253208916e-09
  1.649971576953e-09
  1.460312611651e-09
  1.292456659385e-09
  1.143892677849e-09
  1.012407698102e-09
  8.960356402548e-10
  7.930392484185e-10
  7.018814877032e-10
  6.212029629024e-10
  5.497993371780e-10
  4.866017615859e-10
  4.306693479710e-10
  3.811650822309e-10
  3.373513080519e-10
  2.985746726993e-10
  2.642540836486e-10
  2.338792031645e-10
  2.069968995116e-10
  1.832022144280e-10
  1.621443848095e-10
  1.435060678993e-10
  1.270105673087e-10
  1.124112950701e-10
  9.948996513145e-11
  8.805403414085e-11
  7.793263680929e-11
  6.897447832147e-11
  6.104617837254e-11
  5.402895924182e-11
  4.781879633490e-11
  4.232220300469e-11
  3.745728434620e-11
  3.315193069122e-11
  2.934110785049e-11
  2.596851307681e-11
  2.298356422297e-11
  2.034155028385e-11
  1.800348085431e-11
  1.593397853972e-11
  1.410243813018e-11
  1.248143085419e-11
  1.104673448709e-11
  9.776972049998e-12
  8.653115020876e-12
  7.658483334508e-12
  6.778188376730e-12
  5.999042659163e-12
  5.309484548158e-12
  4.699171801117e-12
  4.159026729119e-12
  3.680965221138e-12
  3.257851581406e-12
  2.883378095734e-12
  2.551944597821e-12
  2.258598252421e-12
  1.998973338495e-12
  1.769215978160e-12
  1.565848648795e-12
  1.385857497462e-12
  1.226559863854e-12
  1.085569655610e-12
  9.607883157895e-13
  8.503506277133e-13
  7.526051444921e-13
  6.660961239728e-13
  5.895319148961e-13
  5.217668918445e-13
  4.617924227160e-13
  4.087097711449e-13
  3.617300965021e-13
  3.201518725793e-13
  2.833503496416e-13
  2.507805652696e-13
  2.219547630438e-13
  1.964423925445e-13
  1.738610768255e-13
  1.538766124143e-13
  1.361891194379e-13
  1.205349986710e-13
  1.066798560564e-13
  9.441744891045e-14
  8.356456749171e-14
  7.395907795328e-14
  6.545781475351e-14
  5.793356981384e-14
  5.127449035042e-14
  4.538061640567e-14
  4.016418193248e-14
  3.554765774690e-14
  3.146149339650e-14
  2.784517095516e-14
  2.464434472305e-14
  2.181159393716e-14
  1.679432666861e-13
