599
  1.440169733577e+00
  1.225924710486e+00
  9.997565754145e-01
  8.805490381408e-01
  9.022128085850e-01
  9.579352724568e-01
  1.030552394587e+00
  1.113346817938e+00
  1.197277632602e+00
  1.241307398464e+00
  1.216396247622e+00
  1.134287372199e+00
  1.044979390962e+00
  9.800902458866e-01
  9.666105642694e-01
  1.028596556422e+00
  1.067379274259e+00
  1.089517261271e+00
  1.116244745598e+00
  1.132452650089e+00
  1.144403764148e+00
  1.161505129040e+00
  1.180500666522e+00
  1.201678765793e+00
  1.223339035168e+00
  1.244928941295e+00
  1.269919367030e+00
  1.289781210822e+00
  1.303374409379e+00
  1.315038562643e+00
  1.327874609552e+00
  1.339441228424e+00
  1.344271295052e+00
  1.340319172066e+00
  1.337132027333e+00
  1.333161328473e+00
  1.326566160894e+00
  1.318036686225e+00
  1.310943766171e+00
  1.305548550006e+00
  1.299974728794e+00
  1.295490505438e+00
  1.299068083156e+00
  1.307098072495e+00
  1.281773905433e+00
  1.245545174330e+00
  1.231870571961e+00
  1.236733401717e+00
  1.244044002528e+00
  1.247236551108e+00
  1.249456876360e+00
  1.256921130291e+00
  1.268609895202e+00
  1.280741793026e+00
  1.296544130114e+00
  1.312207295704e+00
  1.345156082711e+00
  1.379994296900e+00
  1.399515419612e+00
  1.415986138250e+00
  1.431759211533e+00
  1.448100817575e+00
  1.454025934503e+00
  1.459203116941e+00
  1.477988472477e+00
  1.513581460857e+00
  1.546622757806e+00
  1.568150068120e+00
  1.605409773030e+00
  1.629659950271e+00
  1.659169380245e+00
  1.679791066390e+00
  1.712462280694e+00
  1.741666380167e+00
  1.769824210235e+00
  1.798284480825e+00
  1.828144599836e+00
  1.857036671240e+00
  1.891173321551e+00
  1.936438173591e+00
  1.983785297895e+00
  2.021183627476e+00
  2.009570961803e+00
  2.034157630616e+00
  2.090412750464e+00
  2.155220608430e+00
  2.199302223984e+00
  2.240501416441e+00
  2.279313561886e+00
  2.315397780343e+00
  2.359266917458e+00
  2.377470204528e+00
  2.368550876488e+00
  2.401370250518e+00
  2.445143179840e+00
  2.498630173660e+00
  2.520877515830e+00
  2.568219023590e+00
  2.624865146100e+00
  2.714091632395e+00
  2.743825255802e+00
  2.740041701898e+00
  2.745533879250e+00
  2.794276589383e+00
  2.806999411811e+00
  2.801667963174e+00
  2.805053109955e+00
  2.817033078426e+00
  2.831581230364e+00
  2.846930759270e+00
  2.951372608620e+00
  2.946964948696e+00
  2.852535813314e+00
  3.180877823202e+00
  3.282878264075e+00
  3.097544033793e+00
  2.971894443654e+00
  3.185809084287e+00
  3.178484484990e+00
  3.144134572191e+00
  3.317615858074e+00
  3.359051304422e+00
  3.285265856612e+00
  3.300563005542e+00
  3.144968077582e+00
  3.235592830491e+00
  3.239876910398e+00
  3.260492841215e+00
  3.320277558394e+00
  3.571679508180e+00
  3.683967592955e+00
  3.651043067680e+00
  3.590879060404e+00
  3.828950005624e+00
  3.945479598842e+00
  4.050140727457e+00
  3.534871027620e+00
  3.607390406557e+00
  3.581225930307e+00
  3.623813875964e+00
  3.683935040296e+00
  3.909155741149e+00
  3.927497571570e+00
  3.909302941049e+00
  3.941151768780e+00
  3.874691613375e+00
  3.915834893200e+00
  3.840956944274e+00
  4.148025261368e+00
  4.347499837766e+00
  4.284952070989e+00
  4.169164210887e+00
  4.440335424093e+00
  4.175982226477e+00
  4.187113095758e+00
  4.122202972758e+00
  4.117898305022e+00
  4.220961065697e+00
  4.390690147673e+00
  4.322811927040e+00
  4.536233895813e+00
  4.555906642294e+00
  4.626758445851e+00
  4.487515040977e+00
  4.493458640637e+00
  4.546976899986e+00
  4.603601405390e+00
  4.635596009668e+00
  5.096713885597e+00
  5.197253847480e+00
  5.214487144815e+00
  5.304093269197e+00
  5.178679409418e+00
  4.991282742176e+00
  5.049964994239e+00
  5.085710420272e+00
  5.059805541658e+00
  5.483738310384e+00
  5.464599451193e+00
  5.780370686828e+00
  5.836442742025e+00
  6.029816789979e+00
  5.803471194483e+00
  5.674504890137e+00
  6.021779157771e+00
  6.164217731882e+00
  6.197887117556e+00
  6.375365775218e+00
  6.126821939494e+00
  6.449923766794e+00
  6.404165620985e+00
  6.460348976122e+00
  6.327949268610e+00
  6.396521468829e+00
  6.473973597155e+00
  6.545097422183e+00
  6.393566657923e+00
  6.806884683020e+00
  6.691439649868e+00
  6.499882004794e+00
  6.820914622546e+00
  7.414563069526e+00
  7.487573272324e+00
  7.455140422972e+00
  7.033887564837e+00
  6.992620720783e+00
  7.231072956143e+00
  7.294524640811e+00
  5.639606832684e+00
  1.260167105473e+01
  8.080445864214e+00
  1.634675408712e+01
  5.452829509278e+00
  9.361175587687e+00
  1.386835501374e+01
  1.772886641920e+01
  5.479173065445e+00
  9.138560106598e+00
  1.381901999061e+01
  1.847195080218e+01
  5.144698705592e+00
  1.361372776197e+01
  8.792290952997e+00
  1.885680979152e+01
  5.877656385794e+00
  1.186336368314e+01
  2.521671693210e+01
  1.804873231873e+01
  4.210307085385e+00
  1.392914198504e+01
  2.324985512611e+01
  8.164557908550e+00
  5.195724154610e+00
  1.321357841180e+01
  8.981371149581e+00
  2.247059074206e+01
  1.802915655226e+01
  1.017208559561e+01
  2.958359141086e+01
  5.139788413796e+00
  4.804358537512e+00
  9.824600916211e+00
  1.977300019851e+01
  1.627411691731e+01
  3.708202843684e+01
  4.346813718622e+00
  1.842250385570e+01
  9.143427562662e+00
  5.630829136412e+00
  1.853644032673e+01
  1.039457368028e+01
  3.855240752069e+01
  5.184569185062e+01
  2.416081807974e+01
  1.425156868833e+01
  6.673477345931e+00
  6.430471720337e+00
  1.452824198666e+01
  2.472488254949e+01
  3.637666819061e+01
  7.862916621802e+00
  1.704628760494e+01
  3.040546288714e+01
  4.691992190921e+01
  6.414332628076e+00
  1.692139517197e+01
  3.129905996157e+01
  5.249728925105e+01
  5.469970891666e+01
  2.931449377802e+01
  1.447093782664e+01
  6.715049774487e+00
  5.994443775039e+00
  5.679625134414e+01
  1.632266993911e+01
  2.952954639354e+01
  1.814571725918e+01
  3.416511769881e+01
  1.088088607727e+01
  4.749835218538e+00
  4.503833681651e+01
  5.134053998932e+00
  1.239756443154e+01
  2.430119313926e+01
  5.447828640905e+01
  3.711947659114e+01
  2.185193152917e+01
  8.906767420693e+00
  3.040862914311e+01
  1.512115985958e+01
  6.550989073731e+00
  5.585532492739e+01
  7.914769088173e+00
  2.732723187988e+01
  1.158883541422e+02
  4.820994424724e+01
  6.983293771627e+00
  1.917620376683e+01
  7.846072329045e+01
  2.969139989809e+01
  8.076119953414e+00
  3.500652115421e+01
  1.918345265965e+01
  7.697817779362e+01
  4.004456334819e+01
  2.219266182752e+01
  9.015378796248e+01
  9.295870543029e+00
  1.584518112857e+01
  7.402891484396e+00
  1.050026220101e+02
  4.446273244750e+01
  9.305907424215e+00
  2.233823319592e+01
  4.509094953534e+01
  8.999789601678e+01
  2.442665851502e+01
  7.273514768833e+00
  4.826607093273e+01
  9.691532789826e+01
  8.219072233861e+00
  2.522096878523e+01
  4.672075513012e+01
  8.906618529818e+01
  3.562475385714e+01
  5.534882939898e+01
  1.243291828370e+01
  1.038818458052e+02
  6.218747382633e+01
  4.061856813823e+01
  1.845899828541e+01
  6.492295872123e+00
  5.338205298159e+01
  7.904192750526e+01
  2.536674770489e+01
  1.034571526551e+01
  1.313926130837e+01
  3.490663687238e+01
  8.608714827279e+01
  1.839259791234e+02
  1.129885453153e+01
  5.061057772621e+01
  2.592944097200e+01
  8.448670931204e+01
  1.893787589010e+01
  4.371596439665e+01
  6.881274486771e+00
  1.241662527000e+02
  1.357727796934e+02
  5.415778621559e+01
  2.239290895827e+01
  5.656537847809e+00
  1.515088011168e+01
  6.115895431008e+01
  8.822496316500e+00
  2.993574485748e+01
  2.083127686101e+01
  5.735416714607e+01
  1.141229260014e+02
  2.483766275706e+02
  1.726205368442e+01
  4.318094201569e+01
  2.233666233300e+02
  9.364667511815e+01
  1.047415521420e+02
  6.302958777802e+01
  3.892606775950e+01
  1.531760611179e+01
  4.913862174652e+01
  8.323485327964e+01
  2.445584922623e+01
  1.903252857942e+02
  9.308349700201e+01
  2.471921290785e+02
  3.542520762486e+01
  1.413057586586e+01
  2.794100079383e+01
  2.992829960394e+02
  7.239425946978e+01
  1.765392255173e+02
  3.248175706673e+02
  1.376726563926e+02
  1.027468226721e+01
  4.091727446042e+01
  6.133949687120e+00
  2.645367893659e+01
  1.207553632000e+02
  5.274659871482e+01
  2.093077816541e+01
  3.688873610217e+01
  8.156481493464e+01
  5.435371661310e+01
  8.191491941223e+01
  1.474766419708e+02
  3.891014473324e+01
  2.593166598742e+02
  7.847610113157e+00
  2.507852784647e+01
  1.791921820424e+02
  7.924019054550e+01
  3.396845533330e+01
  1.221238030165e+02
  2.527710880097e+02
  6.831489680000e+02
  4.724592290420e+01
  9.749594810000e+01
  2.397588488061e+01
  1.052186560000e+01
  3.570537394027e+01
  1.802828810000e+02
  9.196170589165e+01
  1.377354235383e+01
  3.276302868334e+01
  1.401998925000e+01
  5.549367383875e+01
  8.481540478587e+01
  8.079877332130e+01
  2.858792200000e+01
  5.910836993412e+01
  4.295509872248e+01
  5.479529982522e+02
  1.829508218148e+02
  7.546803623659e+01
  3.753174806035e+01
  2.534114200000e+01
  1.632843926200e+01
  2.102984767472e+01
  1.880506914329e+01
  2.652649872167e+01
  4.127040293551e+01
  5.916386103731e+01
  7.949123200000e+01
  1.211909078430e+02
  1.921037149176e+02
  6.563242987000e+02
  3.130423462624e+02
  5.550511660000e+01
  3.147844300000e+01
  1.641421300000e+01
  7.466179000000e+00
  8.386286706498e+00
  2.472418983527e+01
  6.521751327281e+01
  1.473850889120e+02
  1.841807392463e+01
  3.805625375928e+01
  6.582150832134e+01
  2.254405796621e+02
  2.877543467240e+02
  1.543817627388e+02
  8.019229903698e+01
  2.674007161469e+01
  1.834183080880e+01
  1.244370142036e+01
  1.184520994602e+01
  1.142537334627e+01
  8.665146399875e+01
  7.553691946513e+01
  4.981589901029e+01
  2.000550175089e+01
  1.651484999683e+01
  1.161391787434e+01
  8.149208359850e+00
  6.093233000000e+00
  5.290015569633e+00
  5.147348870000e+00
  5.494323000000e+00
  6.010527000000e+00
  1.112658070000e+01
  3.967868600000e+01
  8.294658931610e+01
  1.380932455000e+02
  5.270545652240e+01
  4.154239067438e+01
  3.235074126778e+01
  2.561964440000e+01
  5.617965483319e+01
  6.717383200000e+01
  4.220993700000e+01
  2.795867300000e+01
  2.089526860000e+01
  1.625623000000e+01
  1.380347200000e+01
  1.123291600000e+01
  1.124091025000e+01
  1.176384900000e+01
  1.218540500000e+01
  1.271304800000e+01
  1.336364400000e+01
  1.417730947000e+01
  1.502451200000e+01
  1.631831400000e+01
  2.238030610000e+01
  7.448689400000e+01
  5.115074561251e+01
  3.648018043208e+01
  2.504280400000e+01
  2.209845170000e+01
  1.973225100000e+01
  1.747026900000e+01
  1.753852640000e+01
  2.027004830000e+01
  3.296234100000e+01
  1.053043221000e+02
  8.843594800000e+01
  6.467634300000e+01
  6.153489980000e+01
  6.459513140000e+01
  7.107951500000e+01
  8.072750980000e+01
  9.440734100000e+01
  1.144294696000e+02
  1.447897336000e+02
  1.880497760000e+02
  2.293884366000e+02
  2.381512508000e+02
  2.238800840528e+02
  2.133849073349e+02
  2.130179836339e+02
  2.204730313997e+02
  2.332600029258e+02
  2.498600562878e+02
  2.694002269401e+02
  2.914050008750e+02
  3.156209079296e+02
  3.418171744336e+02
  3.700033614315e+02
  4.001120830927e+02
  4.321377523610e+02
  4.661105770920e+02
  5.020606505248e+02
  5.400722780222e+02
  5.802703463849e+02
  6.227785023832e+02
  6.677049116268e+02
  7.152911831118e+02
  7.657176319962e+02
  8.191755929784e+02
  8.758904266363e+02
  9.359923536670e+02
  9.998717215950e+02
  1.067725038858e+03
  1.139793045736e+03
  1.216323530308e+03
  1.297563257154e+03
  1.383729001444e+03
  1.475165472481e+03
  1.572302378536e+03
  1.675458805695e+03
  1.784883764370e+03
  1.900903457552e+03
  2.024194155038e+03
  2.155105886182e+03
  2.294095616214e+03
  2.441697756603e+03
  2.598377315269e+03
  2.764666431237e+03
  2.941412113418e+03
  3.129093485145e+03
  3.328252647370e+03
  3.540051636139e+03
  3.765071047777e+03
  4.004149617437e+03
  4.258218787976e+03
  4.527905286890e+03
  4.814504952939e+03
  5.119233365499e+03
  5.443247122678e+03
  5.787332267109e+03
  6.152631493113e+03
  6.541296630950e+03
  6.954362441702e+03
  7.393443428512e+03
  7.860107113504e+03
  8.355773408997e+03
  8.882618954053e+03
  9.442904067042e+03
  1.003800926350e+04
  1.067028754880e+04
  1.134289747905e+04
  1.205782549551e+04
  1.281784654550e+04
  1.362567613344e+04
  1.448333841562e+04
  1.539548351113e+04
  1.636542916158e+04
  1.739659256312e+04
  1.849294266646e+04
  1.965602243819e+04
  2.089400462647e+04
  2.221091837690e+04
  2.360958957678e+04
  2.509491960560e+04
  2.667553956853e+04
  2.835582078197e+04
  3.014190327798e+04
  3.203860275859e+04
  3.405504078024e+04
  3.619952994679e+04
