599
  5.815513000000e+00
  5.766315000000e+00
  5.731601000000e+00
  5.721410000000e+00
  5.748879000000e+00
  5.806256000000e+00
  5.883910000000e+00
  5.980420000000e+00
  6.100739000000e+00
  6.247915000000e+00
  6.420055000000e+00
  6.607368000000e+00
  6.802746000000e+00
  6.998407000000e+00
  7.188599000000e+00
  7.374499000000e+00
  7.547161000000e+00
  7.692581000000e+00
  7.796836000000e+00
  7.862672000000e+00
  7.907991000000e+00
  7.937056000000e+00
  7.945303000000e+00
  7.917361000000e+00
  7.869938000000e+00
  7.808171000000e+00
  7.728746000000e+00
  7.639509000000e+00
  7.541309000000e+00
  7.432559000000e+00
  7.320621000000e+00
  7.210943000000e+00
  7.107617000000e+00
  7.011451000000e+00
  6.922426000000e+00
  6.840865000000e+00
  6.766760000000e+00
  6.706234000000e+00
  6.671358000000e+00
  6.654888000000e+00
  6.662880000000e+00
  6.692562000000e+00
  6.739603000000e+00
  6.804782000000e+00
  6.882921000000e+00
  6.971674000000e+00
  7.071568000000e+00
  7.183896000000e+00
  7.312606000000e+00
  7.446555000000e+00
  7.582962000000e+00
  7.722256000000e+00
  7.862546000000e+00
  8.006619000000e+00
  8.153724000000e+00
  8.303573000000e+00
  8.456773000000e+00
  8.612643000000e+00
  8.771927000000e+00
  8.933281000000e+00
  9.097468000000e+00
  9.264721000000e+00
  9.436233000000e+00
  9.605780000000e+00
  9.774041000000e+00
  9.937316000000e+00
  1.009523000000e+01
  1.024817000000e+01
  1.039626000000e+01
  1.053946000000e+01
  1.067799000000e+01
  1.081199000000e+01
  1.094209000000e+01
  1.106829000000e+01
  1.119076000000e+01
  1.130986000000e+01
  1.142652000000e+01
  1.154087000000e+01
  1.165235000000e+01
  1.176468000000e+01
  1.187754000000e+01
  1.199072000000e+01
  1.210436000000e+01
  1.221768000000e+01
  1.233034000000e+01
  1.244196000000e+01
  1.255220000000e+01
  1.266059000000e+01
  1.276682000000e+01
  1.287043000000e+01
  1.297101000000e+01
  1.306817000000e+01
  1.316110000000e+01
  1.324189000000e+01
  1.334807000000e+01
  1.344457000000e+01
  1.353892000000e+01
  1.363094000000e+01
  1.372128000000e+01
  1.381537000000e+01
  1.387390000000e+01
  1.389547000000e+01
  1.392123000000e+01
  1.396911000000e+01
  1.400884000000e+01
  1.403866000000e+01
  1.406808000000e+01
  1.410275000000e+01
  1.413431000000e+01
  1.416723000000e+01
  1.430505000000e+01
  1.449872000000e+01
  1.445820000000e+01
  1.464475000000e+01
  1.470538000000e+01
  1.460356000000e+01
  1.460989262010e+01
  1.461176998390e+01
  1.458318330680e+01
  1.454573812660e+01
  1.465931825340e+01
  1.480134498900e+01
  1.487733819340e+01
  1.489477813480e+01
  1.486634538150e+01
  1.493583269590e+01
  1.494473988040e+01
  1.494676870580e+01
  1.492701024190e+01
  1.510113619080e+01
  1.521407494300e+01
  1.521956749580e+01
  1.529295883960e+01
  1.552258640970e+01
  1.564862905390e+01
  1.573976672350e+01
  1.539256915830e+01
  1.547712747180e+01
  1.545967707870e+01
  1.552255064650e+01
  1.555416659950e+01
  1.580922962020e+01
  1.587191213250e+01
  1.587419436710e+01
  1.583396487850e+01
  1.572309602110e+01
  1.578381967580e+01
  1.566939842080e+01
  1.605340499290e+01
  1.629721093660e+01
  1.618092985060e+01
  1.602391404590e+01
  1.630533207580e+01
  1.635120315460e+01
  1.635383882450e+01
  1.629608709720e+01
  1.611957284290e+01
  1.631942380330e+01
  1.655135871190e+01
  1.640659858500e+01
  1.625382709160e+01
  1.644625723240e+01
  1.647453036050e+01
  1.643969542640e+01
  1.664174792060e+01
  1.675831839780e+01
  1.688270970330e+01
  1.703880574160e+01
  1.764635681830e+01
  1.748057280640e+01
  1.721949718000e+01
  1.723721003920e+01
  1.698863315150e+01
  1.689072798690e+01
  1.694435192830e+01
  1.696343313080e+01
  1.712430161350e+01
  1.750501002710e+01
  1.752688669030e+01
  1.780300194380e+01
  1.777555454930e+01
  1.792637684660e+01
  1.768503027200e+01
  1.757822593950e+01
  1.793357266840e+01
  1.804948469130e+01
  1.800026948000e+01
  1.821790682020e+01
  1.789437788910e+01
  1.824985098580e+01
  1.818859134010e+01
  1.822719519510e+01
  1.814849619220e+01
  1.824319061360e+01
  1.832547465050e+01
  1.834987940780e+01
  1.790657073960e+01
  1.834479934400e+01
  1.820933020710e+01
  1.798114446960e+01
  1.837465396420e+01
  1.915626428610e+01
  1.917535452400e+01
  1.913480740980e+01
  1.890672600640e+01
  1.882099072130e+01
  1.897399405180e+01
  1.898095489760e+01
  1.543834125570e+01
  2.406948507840e+01
  1.852716824810e+01
  3.055012610830e+01
  1.649052967410e+01
  2.122954865270e+01
  2.689878807610e+01
  3.219339118410e+01
  1.668128790150e+01
  2.075900051020e+01
  2.606750224230e+01
  3.177533224080e+01
  1.615206020370e+01
  2.603163410240e+01
  2.028369835060e+01
  3.220489842330e+01
  1.740279593840e+01
  2.405364037720e+01
  4.174359440710e+01
  3.114033812110e+01
  1.551851778880e+01
  2.588907413610e+01
  3.734025460920e+01
  1.943751258140e+01
  1.659987200210e+01
  2.563943965130e+01
  2.042462978910e+01
  3.577331655420e+01
  3.012008034340e+01
  2.150733396620e+01
  4.419982562590e+01
  1.597645853420e+01
  1.596139823520e+01
  2.152804354680e+01
  3.345748603200e+01
  2.868976697030e+01
  5.190301533640e+01
  1.540057655820e+01
  3.090974788130e+01
  2.053530584220e+01
  1.703190519250e+01
  3.081543756510e+01
  2.197375763110e+01
  5.277140632510e+01
  7.137556000560e+01
  3.647059364530e+01
  2.579411349640e+01
  1.790884931750e+01
  1.771392062620e+01
  2.612605114750e+01
  3.726236579700e+01
  5.150368191680e+01
  1.917842867610e+01
  2.900812890360e+01
  4.303845101120e+01
  6.286031979140e+01
  1.743076011790e+01
  2.828679432880e+01
  4.389489702420e+01
  7.004067661300e+01
  6.832218589880e+01
  4.071793623200e+01
  2.546926637490e+01
  1.763805916080e+01
  1.691238446580e+01
  7.181999350010e+01
  2.746844108620e+01
  4.147320562990e+01
  2.921418221630e+01
  4.652674868070e+01
  2.195669185130e+01
  1.550535710380e+01
  5.853420040840e+01
  1.605508957680e+01
  2.392873586440e+01
  3.616843899600e+01
  6.884951466100e+01
  5.024739928460e+01
  3.352009532980e+01
  2.001892015490e+01
  4.350852387610e+01
  2.636984049180e+01
  1.769868277800e+01
  7.021285804160e+01
  1.988262814650e+01
  3.939855025910e+01
  1.402425852520e+02
  6.193109551600e+01
  1.770503296670e+01
  3.032765197270e+01
  9.298673450900e+01
  4.072256870100e+01
  1.906410908210e+01
  4.750988337690e+01
  3.079640519040e+01
  9.194634037350e+01
  5.163925383510e+01
  3.328139155510e+01
  1.085971990850e+02
  2.033005254310e+01
  2.738590387410e+01
  1.837066047990e+01
  1.237296359410e+02
  5.785872566150e+01
  2.003523176990e+01
  3.341585596430e+01
  5.639061544600e+01
  1.079409492400e+02
  3.569938478860e+01
  1.801152465070e+01
  6.028927774800e+01
  1.113826945540e+02
  1.948830672560e+01
  3.672558658450e+01
  5.860553233700e+01
  1.029008608370e+02
  4.646048763470e+01
  6.624975236460e+01
  2.306423343560e+01
  1.169357186690e+02
  7.362791431680e+01
  5.195770011460e+01
  2.933358042790e+01
  1.750134671870e+01
  6.575537102540e+01
  9.419077882470e+01
  3.688201576940e+01
  2.129098381280e+01
  2.454746919070e+01
  4.665651396060e+01
  1.009691976000e+02
  2.091017357600e+02
  2.193541192930e+01
  6.183434845480e+01
  3.665611378840e+01
  9.537955688590e+01
  3.013884741780e+01
  5.522281222150e+01
  1.800363618940e+01
  1.365599000000e+02
  1.482605995770e+02
  6.535858167150e+01
  3.355735754460e+01
  1.647292483790e+01
  2.675201582720e+01
  7.402360264950e+01
  2.075009625190e+01
  4.195802505900e+01
  3.396970666830e+01
  7.040513804670e+01
  1.275864598420e+02
  2.651264203420e+02
  2.794099564540e+01
  5.438064656990e+01
  2.363156000000e+02
  1.057040852780e+02
  1.158517353140e+02
  7.372656966660e+01
  4.983463144570e+01
  2.580196734960e+01
  6.044395895170e+01
  9.507707225650e+01
  3.561840602200e+01
  2.063727335590e+02
  1.064500318720e+02
  2.633481596290e+02
  4.701398752180e+01
  2.522315918230e+01
  4.149296783400e+01
  3.175964353950e+02
  8.727276457450e+01
  1.905274122010e+02
  3.374713190340e+02
  1.484960420780e+02
  1.946016641900e+01
  5.059975574330e+01
  1.641725378650e+01
  3.744198117070e+01
  1.320943000000e+02
  6.400128215830e+01
  3.196730204120e+01
  4.851197838360e+01
  9.289923118310e+01
  6.571505621830e+01
  9.342613898370e+01
  1.595860809510e+02
  5.003700107220e+01
  2.726877425160e+02
  1.924374254340e+01
  3.972574847100e+01
  1.912492034030e+02
  9.251900178170e+01
  4.548290267990e+01
  1.347032441300e+02
  2.696938529950e+02
  7.080797000000e+02
  5.689272668710e+01
  1.071184000000e+02
  3.342956169340e+01
  2.071627000000e+01
  4.670664353620e+01
  1.917677000000e+02
  1.028624900690e+02
  2.451522087330e+01
  4.383940125470e+01
  2.512766000000e+01
  6.689252351650e+01
  9.636364692400e+01
  9.264989307900e+01
  4.042549000000e+01
  7.152833099690e+01
  5.591673475910e+01
  5.669642031970e+02
  1.960396098810e+02
  8.627165232450e+01
  4.759437166200e+01
  3.415768000000e+01
  2.666572000000e+01
  3.099708456110e+01
  2.922956874900e+01
  3.792659147630e+01
  5.315633644230e+01
  7.099336316190e+01
  9.263504000000e+01
  1.333606469640e+02
  2.043118982210e+02
  6.709971000000e+02
  3.259865840680e+02
  6.361595000000e+01
  4.017440000000e+01
  2.574079000000e+01
  1.754944000000e+01
  1.920872849570e+01
  3.634080431730e+01
  7.734765655020e+01
  1.585406247080e+02
  2.920771488970e+01
  4.967771247450e+01
  7.844475264480e+01
  2.381970440130e+02
  2.969017050550e+02
  1.632955505810e+02
  8.972320094680e+01
  3.702771021750e+01
  2.917511825480e+01
  2.348470264300e+01
  2.291252337290e+01
  2.251476813090e+01
  9.787527894920e+01
  8.681664999890e+01
  6.121929665290e+01
  3.137681030030e+01
  2.725811664720e+01
  2.249549645290e+01
  1.920564415950e+01
  1.736934000000e+01
  1.682984030560e+01
  1.669642000000e+01
  1.724057000000e+01
  1.779492000000e+01
  2.307574000000e+01
  5.199629000000e+01
  9.488217159800e+01
  1.499174000000e+02
  6.432598923210e+01
  5.322283627950e+01
  4.402516608570e+01
  3.733152000000e+01
  6.794536801380e+01
  7.892080000000e+01
  5.382987000000e+01
  3.967660000000e+01
  3.270907000000e+01
  2.811480000000e+01
  2.569092000000e+01
  2.319871000000e+01
  2.329807000000e+01
  2.387010000000e+01
  2.433156000000e+01
  2.491149000000e+01
  2.562476000000e+01
  2.650353000000e+01
  2.740083000000e+01
  2.874517000000e+01
  3.491142000000e+01
  8.690364000000e+01
  6.357355768000e+01
  4.889118845900e+01
  3.734881000000e+01
  3.444068000000e+01
  3.212024000000e+01
  2.996839000000e+01
  3.021695000000e+01
  3.316710000000e+01
  4.611652000000e+01
  1.186034000000e+02
  1.015068000000e+02
  7.790897000000e+01
  7.493351000000e+01
  7.814625000000e+01
  8.477470000000e+01
  9.456132000000e+01
  1.083756000000e+02
  1.285269000000e+02
  1.590025000000e+02
  2.023364000000e+02
  2.436716000000e+02
  2.524002000000e+02
  2.381520145020e+02
  2.277277058690e+02
  2.274448056660e+02
  2.349814367860e+02
  2.478432881530e+02
  2.645109463100e+02
  2.841118949450e+02
  3.061712455480e+02
  3.304361891810e+02
  3.566765207300e+02
  3.849023518070e+02
  4.150468015260e+02
  4.471047231110e+02
  4.811067421410e+02
  5.170833583500e+02
  5.551192132580e+02
  5.953395420010e+02
  6.378682862760e+02
  6.828138971540e+02
  7.304182422530e+02
  7.808618688800e+02
  8.343363161580e+02
  8.910671652710e+02
  9.511847904490e+02
  1.015079790100e+03
  1.082948840050e+03
  1.155032891920e+03
  1.231579945760e+03
  1.312837001620e+03
  1.399021059510e+03
  1.490477119550e+03
  1.587635181860e+03
  1.690814662000e+03
  1.800264875640e+03
  1.916312382780e+03
  2.039633939590e+03
  2.170580019470e+03
  2.309608070930e+03
  2.457253124230e+03
  2.613980769090e+03
  2.780323854710e+03
  2.957130295600e+03
  3.144880035180e+03
  3.344116130050e+03
  3.556001971110e+03
  3.781119330010e+03
  4.020308435190e+03
  4.274502392000e+03
  4.544329541890e+03
  4.831088000000e+03
  5.135995786000e+03
  5.460212057640e+03
  5.804525321430e+03
  6.170081153420e+03
  6.559035374240e+03
  6.972425843160e+03
  7.411870775960e+03
  7.878941414390e+03
  8.375061230670e+03
  8.902411233700e+03
  9.463256216430e+03
  1.005898000000e+04
  1.069194000000e+04
  1.136530016820e+04
  1.208105069600e+04
  1.284197124100e+04
  1.365078180360e+04
  1.450951000000e+04
  1.542281298280e+04
  1.639401360130e+04
  1.742653423990e+04
  1.852434979620e+04
  1.968900557700e+04
  2.092868627800e+04
  2.224742700130e+04
  2.364805774730e+04
  2.513548703400e+04
  2.671835862060e+04
  2.840105022830e+04
  3.018971086340e+04
  3.208916327080e+04
  3.410854243170e+04
  3.625617325330e+04
