2002
 -1.907216938752e-02
 -1.492041093071e-02
 -8.905491801807e-03
 -2.939444702776e-03
  2.757292991668e-03
  7.391879901394e-03
  1.058448575742e-02
  1.162171850516e-02
  1.125848484764e-02
  1.088743323276e-02
  1.048125034355e-02
  1.001500361324e-02
  9.616420929475e-03
  9.286207349295e-03
  9.056130901899e-03
  8.711711430051e-03
  8.287732120840e-03
  7.885806114463e-03
  7.497938943850e-03
  7.077463216374e-03
  6.646072916127e-03
  6.188566765423e-03
  5.737554048759e-03
  5.482991543303e-03
  5.097211075863e-03
  4.604269313628e-03
  4.225991144296e-03
  3.834118260616e-03
  3.427534935557e-03
  3.055915492851e-03
  2.737640574841e-03
  2.492607332388e-03
  2.337647563094e-03
  2.200786787719e-03
  2.046234115712e-03
  1.898224686330e-03
  1.758257140449e-03
  1.662217742728e-03
  1.586862590853e-03
  1.567717395881e-03
  1.533241592885e-03
  1.417514975137e-03
  1.322446044395e-03
  1.219799608436e-03
  1.145522677634e-03
  1.091347545869e-03
  1.078437462813e-03
  1.131598452924e-03
  1.023582652618e-03
  9.782946263476e-04
  8.403429827322e-04
  6.111876463343e-04
  6.468433425277e-04
  5.939760016929e-04
  4.789444122748e-04
  3.209491637090e-04
 -6.321063287912e-05
  1.812714404270e-04
  2.869608684399e-04
  3.199520822048e-04
  1.527990493806e-04
 -7.623094197577e-04
  1.609340411079e-04
 -1.010125354815e-03
 -1.725671298249e-03
 -2.663171821315e-04
 -3.359726303533e-04
 -6.317233369027e-04
 -8.839002105618e-04
 -1.021352979350e-03
  1.559660972067e-04
 -1.378835063621e-03
 -3.940086488184e-04
 -1.020227673920e-03
  3.897146914647e-04
 -9.453129747616e-04
 -1.527776293834e-04
 -1.526925381147e-03
 -8.254121966787e-04
  1.524274484443e-05
 -7.939726849541e-04
 -9.856878394718e-04
 -4.110051005412e-04
 -6.915078976243e-04
 -4.671188009411e-05
 -4.721189922426e-04
 -7.397130114953e-04
 -1.571410770324e-04
 -3.654843406581e-04
  5.488009898567e-04
  5.988211082465e-04
  7.058067553768e-04
  5.965906832260e-04
  5.999085675549e-04
  3.440221072759e-04
  4.752487155530e-04
  6.012530312687e-04
  5.521703282020e-04
  4.099455031550e-04
  4.105329912826e-04
  3.088746035758e-04
  3.333026084903e-04
  4.045348119160e-04
  3.862565983820e-04
  2.586864401919e-04
  4.667416416581e-04
  3.669842149860e-04
  3.107828128338e-04
  4.048576967907e-04
  3.321435726180e-04
  4.007557319890e-04
  2.914051640299e-04
  3.385045175155e-04
  1.053370198896e-04
  3.097547041871e-04
  2.886529666790e-04
  3.374968821500e-04
  4.608967778222e-04
  7.073678835239e-04
  2.067913160679e-04
  4.205250574003e-04
  2.348382200406e-04
  3.096822285497e-04
  5.782203612384e-04
  3.223389819398e-04
  2.800904770293e-04
  3.726651384547e-04
  2.865356530181e-04
  6.764813682378e-04
  3.768547263992e-04
  6.195464529296e-04
  5.586925505340e-04
  1.413474096144e-04
  6.510547269163e-04
  3.259633994444e-04
  3.577732818482e-04
  5.843114915811e-04
  5.211753657952e-04
  2.605524935679e-04
  3.607637072195e-04
  4.993692373129e-04
  3.555954329771e-04
  7.350566160008e-05
  4.193281908438e-04
  1.254297061809e-04
  9.533492749778e-04
  2.592692895992e-04
  1.267338760470e-04
  5.145615168687e-04
  7.607958298086e-04
  3.940599306670e-04
  4.867073898679e-05
  4.629964332902e-04
  6.191573571501e-05
  7.845993977449e-04
  9.510226840664e-04
  1.003539082751e-04
  1.849610536083e-03
  1.462563486781e-03
  5.105501646734e-04
  6.287842969988e-05
  1.278044238378e-04
  4.115684819676e-04
  1.110943738416e-03
  4.093479555041e-04
  3.359251646008e-04
  2.112160589263e-03
  1.240504547654e-04
  2.963764862268e-05
  2.712743175881e-05
  1.239088577348e-03
  2.083213859327e-05
  3.428399819677e-05
  1.092737340535e-03
  4.304257860749e-05
  1.993153093164e-04
  1.670429855655e-03
  1.180492666669e-03
  4.260553148216e-05
  2.554770473739e-05
  5.092481989805e-05
  9.624205954778e-04
  1.571856204602e-05
 -1.009399350799e-05
  5.053501255181e-05
  8.429961170503e-05
  2.402451396323e-03
  8.249365272961e-05
  1.836284594475e-03
  1.213825086852e-04
  4.674854118780e-03
  8.918070398656e-05
  1.388041942940e-04
  7.697670643831e-04
  4.714824713001e-04
  1.075831648578e-03
  3.455465981054e-03
  2.893736378097e-03
  1.041368571139e-03
  5.073930574236e-04
  3.184375411947e-04
  1.931648426208e-04
  1.505614157717e-04
  3.105617166557e-03
  9.109216645631e-05
  3.617884164161e-04
  6.976531351871e-05
  2.746318451761e-04
  5.526377278911e-05
  5.404556502880e-05
  3.669991550363e-04
  5.191591988010e-04
  4.693941160711e-05
  4.674915894093e-05
  4.681848181287e-05
  4.756891192803e-05
  4.977071263179e-05
  1.325845114624e-03
  1.547959909460e-03
  6.624327429000e-05
  5.929110107999e-05
  4.822272123600e-04
  2.563238688800e-04
  7.451389254004e-05
  8.783288013003e-05
  2.202170039030e-03
  1.170508399900e-04
  1.252566226900e-04
  1.494458470999e-04
  1.857476913001e-04
  2.652799562400e-03
  3.210450012000e-04
  4.253685066000e-04
  6.109479286001e-04
  9.204873399000e-04
  1.370621510000e-03
  2.796443037900e-03
  2.078753184500e-03
  1.529091450400e-03
  3.012035798100e-03
  1.001066997700e-03
  8.968825976999e-04
  1.070603625900e-03
  1.809970353500e-03
  1.790766928800e-03
  9.917335688200e-04
  5.988513253700e-04
  4.373746262500e-04
  3.567374583401e-04
  3.107198322800e-04
  2.828032904600e-04
  2.665592207300e-04
  8.100361182400e-04
  2.604546552400e-04
  2.753453380600e-04
  3.201732453401e-04
  4.564766577799e-04
  9.753554799000e-04
  1.738716498800e-03
  8.760849989901e-04
  4.581664175101e-04
  3.349627608100e-04
  2.869896922200e-04
  2.647375440901e-04
  2.542509817901e-04
  2.490043263400e-04
  2.475875539399e-04
  2.484076179800e-04
  2.506936955700e-04
  2.540755177600e-04
  2.585144953099e-04
  2.635511132401e-04
  2.695774245299e-04
  2.767679994299e-04
  1.059787164980e-03
  2.934657091054e-04
  2.985069003461e-04
  2.988847565599e-04
  2.980158979898e-04
  2.991343267110e-04
  3.057559304592e-04
  3.066388642960e-04
  3.069068874632e-04
  3.081104942338e-04
  3.145627908141e-04
  3.153574023539e-04
  3.159425135609e-04
  3.171426525300e-04
  3.179634517801e-04
  3.203884662698e-04
  3.241843690432e-04
  3.252183505610e-04
  3.253292792560e-04
  3.269762875041e-04
  3.341055470445e-04
  3.338278352001e-04
  3.351769449196e-04
  3.354534725281e-04
  3.363186033450e-04
  3.442297189000e-04
  3.447794017821e-04
  3.448958322689e-04
  3.442691584038e-04
  3.469159361501e-04
  3.559164626892e-04
  3.562569215209e-04
  3.569305589279e-04
  3.572434215499e-04
  3.577555164500e-04
  3.680334520462e-04
  3.686180632874e-04
  3.691797671747e-04
  3.694408151022e-04
  3.826352958800e-04
  3.824338740399e-04
  3.821457655930e-04
  3.833216468592e-04
  4.187367248291e-04
  4.265624848400e-04
  4.196755070301e-04
  4.235046803600e-04
  4.217476017949e-04
  1.733046350100e-03
  3.430238760232e-03
  7.035542799489e-04
  1.486419734376e-02
  7.752341727980e-03
  4.272246737461e-04
  4.269179970861e-04
  4.269387050401e-04
  4.267506027208e-04
  4.272078583779e-04
  4.268323374692e-04
  4.365402059080e-04
  4.367690001283e-04
  4.387562704846e-04
  4.384441948259e-04
  4.487215944001e-04
  4.526826590915e-04
  4.563054967099e-04
  4.581473878300e-04
  4.571372320699e-04
  4.715107557201e-04
  4.716978769700e-04
  4.721166782260e-04
  4.734505480999e-04
  4.754728169880e-04
  4.766413574899e-04
  4.968973754320e-04
  4.960692120388e-04
  4.953430483648e-04
  4.999778932899e-04
  4.994622013910e-04
  5.200256592999e-04
  5.220574557099e-04
  5.282559640046e-04
  5.294752486065e-04
  5.333486615420e-04
  5.696996742427e-04
  5.747858603408e-04
  5.772661964214e-04
  5.830120339182e-04
  5.837845468175e-04
  6.126551844300e-04
  6.531793940111e-04
  6.671145218592e-04
  6.908198080453e-04
  7.136447226636e-04
  9.853627937700e-04
  9.351725219882e-04
  9.684992918901e-04
  9.095234006339e-04
  9.784623528433e-04
  1.163417660070e-03
  2.748402201013e-03
  6.594489496250e-03
  2.875012324236e-03
  3.053865529467e-03
  6.374989994491e-03
  9.357506150504e-03
  1.539511048763e+00
  2.586670905658e-01
  1.143592945740e-01
  4.887258488676e-02
  5.323474555475e-02
  5.482792094523e-02
  1.691292330441e-03
  1.449467317665e-03
  1.407715502257e-03
  1.391191889661e-03
  1.228755928785e-03
  8.846394961000e-04
  8.533272342656e-04
  8.626463336699e-04
  8.533894179003e-04
  8.354339760511e-04
  8.253869054532e-04
  8.413449063305e-04
  8.303093909694e-04
  7.306251238778e-04
  7.269024211191e-04
  7.287726313034e-04
  7.289142993943e-04
  7.244847472559e-04
  6.986165708900e-04
  6.980290356099e-04
  6.969285313181e-04
  6.977112757129e-04
  6.969491445701e-04
  6.951195575100e-04
  6.943351125881e-04
  6.906745168658e-04
  6.909259693477e-04
  6.908582399604e-04
  6.915117447200e-04
  6.965406798981e-04
  6.955036570400e-04
  6.957605487040e-04
  6.961124887160e-04
  6.968200656130e-04
  6.965588907991e-04
  6.986731814771e-04
  7.032972091802e-04
  7.052262361099e-04
  7.056115649700e-04
  7.069036552567e-04
  7.076362759879e-04
  7.080292768810e-04
  7.098400311600e-04
  7.141780760800e-04
  7.187555940399e-04
  7.224625590699e-04
  7.206317778650e-04
  7.218607018802e-04
  7.224339355502e-04
  7.226450767441e-04
  7.318367235799e-04
  7.357167778050e-04
  7.356710326393e-04
  7.375962556719e-04
  7.380694374890e-04
  7.385275087620e-04
  7.408111759000e-04
  7.538254460692e-04
  7.529788805070e-04
  7.553430995263e-04
  7.559786460832e-04
  7.557110437307e-04
  7.690282791999e-04
  7.740487567899e-04
  7.738044820860e-04
  7.750550166594e-04
  7.761203386513e-04
  7.754928159273e-04
  7.906815408819e-04
  7.926785032504e-04
  7.926986440399e-04
  7.931343450900e-04
  7.942508138300e-04
  7.936963726910e-04
  7.943819829920e-04
  8.097912938200e-04
  8.127839907466e-04
  8.114397309151e-04
  8.129174883015e-04
  8.143863354039e-04
  8.174515234509e-04
  8.327385757249e-04
  8.326256838499e-04
  8.325439180999e-04
  8.330195397700e-04
  8.332785123601e-04
  8.346847844317e-04
  8.344909765873e-04
  8.373785672461e-04
  8.367800762591e-04
  8.552180479000e-04
  8.558909179214e-04
  8.570770819750e-04
  8.568573065499e-04
  8.592665990599e-04
  8.731507500499e-04
  8.783762989309e-04
  8.795634107652e-04
  8.805546503931e-04
  8.809742358100e-04
  8.795455681354e-04
  8.838987275439e-04
  8.950095952668e-04
  8.997915587441e-04
  9.005486060304e-04
  9.002069113455e-04
  9.014558914536e-04
  9.043763041301e-04
  9.044360946499e-04
  9.170404035200e-04
  9.240899239978e-04
  9.242660649287e-04
  9.242075264900e-04
  9.291005376491e-04
  9.288552889158e-04
  9.293828075100e-04
  9.297776584399e-04
  9.312479100099e-04
  9.436056189160e-04
  9.465846455969e-04
  9.456991209713e-04
  9.501582421578e-04
  9.512581809487e-04
  9.533423887319e-04
  9.544988061272e-04
  9.548713662573e-04
  9.708191759479e-04
  9.718431681880e-04
  9.737231771453e-04
  9.748808969849e-04
  9.745836305861e-04
  9.788094217300e-04
  9.819465319391e-04
  9.984609574299e-04
  9.942897079812e-04
  9.963326858369e-04
  1.000486418036e-03
  9.973690465203e-04
  1.002572421940e-03
  1.004432406102e-03
  1.015968342934e-03
  1.016731833109e-03
  1.020052033918e-03
  1.025586771300e-03
  1.025549208857e-03
  1.022593632772e-03
  1.026075013913e-03
  1.029048072279e-03
  1.047060967178e-03
  1.050265907346e-03
  1.048159669184e-03
  1.052313929043e-03
  1.053075369110e-03
  1.051713806914e-03
  1.055466394224e-03
  1.056521540449e-03
  1.061037583357e-03
  1.071346830677e-03
  1.074523023568e-03
  1.074389667565e-03
  1.075975659733e-03
  1.076888253736e-03
  1.081148585525e-03
  1.081639110197e-03
  1.085985323630e-03
  1.098487055500e-03
  1.098821576322e-03
  1.104643528782e-03
  1.104590589493e-03
  1.104489918749e-03
  1.105699501281e-03
  1.106598424825e-03
  1.108467195985e-03
  1.109467125773e-03
  1.126914219901e-03
  1.128646689263e-03
  1.128831681439e-03
  1.129552547191e-03
  1.131967430010e-03
  1.139100220880e-03
  1.155865052229e-03
  1.157826099109e-03
  1.158568270114e-03
  1.158807786420e-03
  1.157952739111e-03
  1.157470943097e-03
  1.164572443939e-03
  1.163052930272e-03
  1.183012861497e-03
  1.182369339017e-03
  1.185835719105e-03
  1.188627445027e-03
  1.187219946208e-03
  1.187666838860e-03
  1.191294362280e-03
  1.193425395370e-03
  1.197340481310e-03
  1.197297055760e-03
  1.215117312655e-03
  1.215988075690e-03
  1.216127054656e-03
  1.211925778459e-03
  1.216005446210e-03
  1.215401650390e-03
  1.222481607416e-03
  1.231132686000e-03
  1.243064666155e-03
  1.240366724287e-03
  1.246049565042e-03
  1.245873644425e-03
  1.245897098071e-03
  1.247291227347e-03
  1.248858530843e-03
  1.251690103770e-03
  1.276731780236e-03
  1.275710506618e-03
  1.275136611457e-03
  1.271740448841e-03
  1.276146977890e-03
  1.281937064750e-03
  1.292001706220e-03
  1.292202664320e-03
  1.291991229260e-03
  1.297741958506e-03
  1.303650093191e-03
  1.305803748169e-03
  1.307500084276e-03
  1.307406687410e-03
  1.309115117570e-03
  1.311238838790e-03
  1.332317844263e-03
  1.329724575663e-03
  1.337159102373e-03
  1.334383765631e-03
  1.338361011495e-03
  1.339687944718e-03
  1.343424630041e-03
  1.361949911400e-03
  1.365854719783e-03
  1.363696651679e-03
  1.366341184327e-03
  1.371199717012e-03
  1.369217744301e-03
  1.368471569909e-03
  1.369523459876e-03
  1.371887059184e-03
  1.391989288663e-03
  1.395818396594e-03
  1.398887823741e-03
  1.398744581222e-03
  1.399986546276e-03
  1.398260937728e-03
  1.401699341205e-03
  1.402267279668e-03
  1.427826427991e-03
  1.428205305528e-03
  1.428288069106e-03
  1.433248120476e-03
  1.430463143744e-03
  1.436217528379e-03
  1.456372604980e-03
  1.461089926029e-03
  1.457774086909e-03
  1.464887070857e-03
  1.464195301288e-03
  1.466760328015e-03
  1.467944008769e-03
  1.492255893710e-03
  1.492599881450e-03
  1.491295813610e-03
  1.495343038770e-03
  1.502763940700e-03
  1.496958674186e-03
  1.498379988420e-03
  1.499574631120e-03
  1.501389865860e-03
  1.502290807335e-03
  1.521635330530e-03
  1.521450671690e-03
  1.526066944500e-03
  1.529064297510e-03
  1.527037702094e-03
  1.531800885080e-03
  1.532942951161e-03
  1.535111714510e-03
  1.533447453220e-03
  1.551038875000e-03
  1.561884703380e-03
  1.566444434850e-03
  1.562706646240e-03
  1.563606885054e-03
  1.566132712040e-03
  1.568722676467e-03
  1.567494800550e-03
  1.568028848036e-03
  1.568970143900e-03
  1.591139959190e-03
  1.592642307430e-03
  1.592745041540e-03
  1.601553793740e-03
  1.599410064862e-03
  1.598843091747e-03
  1.600242101230e-03
  1.600703541662e-03
  1.630653692996e-03
  1.635403273417e-03
  1.634195401341e-03
  1.633296265277e-03
  1.636435302771e-03
  1.640238766305e-03
  1.639940030764e-03
  1.640553741727e-03
  1.640121430852e-03
  1.640226622674e-03
  1.656764130790e-03
  1.671170480682e-03
  1.668011219242e-03
  1.665483241125e-03
  1.673588022947e-03
  1.675292636318e-03
  1.678442021677e-03
  1.679920488557e-03
  1.679629401571e-03
  1.691402059641e-03
  1.699338098589e-03
  1.706233109792e-03
  1.713103855140e-03
  1.713936966905e-03
  1.715310673492e-03
  1.716550156983e-03
  1.715950608160e-03
  1.733978528850e-03
  1.734098074460e-03
  1.735515192250e-03
  1.737358958509e-03
  1.733886063610e-03
  1.737762855472e-03
  1.737209316081e-03
  1.741867220564e-03
  1.748202767570e-03
  1.744380023090e-03
  1.750577010010e-03
  1.751148643197e-03
  1.756189490093e-03
  1.773507536078e-03
  1.774439872166e-03
  1.774578113483e-03
  1.778995081998e-03
  1.780269001524e-03
  1.780691859540e-03
  1.782918581140e-03
  1.784080714706e-03
  1.785466324874e-03
  1.793618809559e-03
  1.793181707517e-03
  1.793191556307e-03
  1.794254112040e-03
  1.809007547320e-03
  1.814668977930e-03
  1.815326024925e-03
  1.818223882708e-03
  1.818995382717e-03
  1.822225831965e-03
  1.821033405780e-03
  1.827532392534e-03
  1.827756129640e-03
  1.850196791593e-03
  1.850450456294e-03
  1.855220272790e-03
  1.855498768751e-03
  1.851825197320e-03
  1.854600116057e-03
  1.858821701066e-03
  1.859258537534e-03
  1.864193071370e-03
  1.865642564772e-03
  1.891223730310e-03
  1.891832090480e-03
  1.891429278280e-03
  1.891628650630e-03
  1.891508710070e-03
  1.892566019995e-03
  1.899091215283e-03
  1.891542478660e-03
  1.898471875747e-03
  1.896708876391e-03
  1.926732380879e-03
  1.929074878221e-03
  1.933284610370e-03
  1.932635627444e-03
  1.935934604898e-03
  1.937395029329e-03
  1.937956802484e-03
  1.938257583147e-03
  1.940101189309e-03
  1.943975122790e-03
  1.946078993760e-03
  1.952653459000e-03
  1.969078915769e-03
  1.973909724043e-03
  1.975133366230e-03
  1.976081729306e-03
  1.974525815269e-03
  1.979387132277e-03
  1.980436364405e-03
  1.979055187433e-03
  1.979842324668e-03
  1.980475406931e-03
  1.980723132560e-03
  1.999491144020e-03
  2.003438181100e-03
  2.003677841370e-03
  2.003160107290e-03
  2.015843565740e-03
  2.017184872840e-03
  2.019574152996e-03
  2.020016208851e-03
  2.020328431804e-03
  2.019834756848e-03
  2.032021869577e-03
  2.056581488247e-03
  2.052297542951e-03
  2.057434587131e-03
  2.056508956047e-03
  2.056839316532e-03
  2.057975776418e-03
  2.058317105302e-03
  2.054552205785e-03
  2.061941047408e-03
  2.071884401645e-03
  2.077787525900e-03
  2.088156625384e-03
  2.095403660632e-03
  2.101694174308e-03
  2.101625314940e-03
  2.102157824213e-03
  2.102856501114e-03
  2.101548151950e-03
  2.106447638464e-03
  2.104285478705e-03
  2.130639422170e-03
  2.130755906870e-03
  2.130428518330e-03
  2.130534610170e-03
  2.136332649010e-03
  2.135278935390e-03
  2.136353963445e-03
  2.136035029080e-03
  2.141070546172e-03
  2.145310054342e-03
  2.150668538345e-03
  2.162411092700e-03
  2.177237713837e-03
  2.185242898705e-03
  2.182416373381e-03
  2.180932904685e-03
  2.186840937382e-03
  2.181601787871e-03
  2.180016156926e-03
  2.181548692817e-03
  2.178335427860e-03
  2.185862539560e-03
  2.193618597928e-03
  2.196661235292e-03
  2.193124259040e-03
  2.206621955284e-03
  2.206875766658e-03
  2.207796534439e-03
  2.207880379157e-03
  2.222938569052e-03
  2.228511261070e-03
  2.228199542942e-03
  2.229281522109e-03
  2.240228747640e-03
  2.230217382840e-03
  2.253422182080e-03
  2.260234006780e-03
  2.266036784678e-03
  2.265903263823e-03
  2.283338311353e-03
  2.283472830817e-03
  2.282834428073e-03
  2.283536419641e-03
  2.283472935688e-03
  2.296750567960e-03
  2.296755602340e-03
  2.296874123230e-03
  2.298908792710e-03
  2.310453518964e-03
  2.309232291370e-03
  2.318579254630e-03
  2.309994982742e-03
  2.320061802729e-03
  2.314130686197e-03
  2.314147327034e-03
  2.313302945704e-03
  2.330001490245e-03
  2.335522508080e-03
  2.351757486900e-03
  2.366748844695e-03
  2.362169747570e-03
  2.361657443990e-03
  2.367214993576e-03
  2.370385445753e-03
  2.376836589360e-03
  2.396334671422e-03
  2.401899669583e-03
  2.402062990402e-03
  2.405762708264e-03
  2.405412960806e-03
  2.402432845450e-03
  2.405339182607e-03
  2.407613462140e-03
  2.417961289860e-03
  2.418075774140e-03
  2.422434925850e-03
  2.439280158352e-03
  2.439806480268e-03
  2.453216713888e-03
  2.452579688225e-03
  2.455932618197e-03
  2.456587143368e-03
  2.458211375737e-03
  2.457437607895e-03
  2.459411957006e-03
  2.467686674260e-03
  2.461895610793e-03
  2.468966186296e-03
  2.488395625532e-03
  2.495577823450e-03
  2.498369227171e-03
  2.504628237431e-03
  2.508604117419e-03
  2.511109786790e-03
  2.511274444217e-03
  2.512596358860e-03
  2.513480844430e-03
  2.517172317540e-03
  2.511012784518e-03
  2.520666757362e-03
  2.545428469013e-03
  2.549048655562e-03
  2.546591921950e-03
  2.547212383741e-03
  2.549048180435e-03
  2.547906371610e-03
  2.550848329194e-03
  2.560753142440e-03
  2.561721056040e-03
  2.562074122870e-03
  2.591581480190e-03
  2.591869640450e-03
  2.606141855000e-03
  2.599263364408e-03
  2.594215125554e-03
  2.604125891050e-03
  2.599603748960e-03
  2.602668545530e-03
  2.604180169660e-03
  2.602227821310e-03
  2.604346048700e-03
  2.607442947981e-03
  2.630702277600e-03
  2.630310536890e-03
  2.631214889710e-03
  2.632111621910e-03
  2.634753883590e-03
  2.648467086450e-03
  2.647956885930e-03
  2.653952990577e-03
  2.651108785698e-03
  2.654046670228e-03
  2.655545299635e-03
  2.669758023807e-03
  2.683802995840e-03
  2.684099232470e-03
  2.686230365200e-03
  2.687011250320e-03
  2.694763966889e-03
  2.699820051877e-03
  2.698967512590e-03
  2.700479922118e-03
  2.718590529836e-03
  2.719622161456e-03
  2.714442433755e-03
  2.729440374750e-03
  2.729857238680e-03
  2.731614790940e-03
  2.748115983846e-03
  2.754552450491e-03
  2.755046474027e-03
  2.765877390279e-03
  2.766788324377e-03
  2.768359508910e-03
  2.772437766130e-03
  2.786783927900e-03
  2.798066120130e-03
  2.796715043860e-03
  2.801363784440e-03
  2.802171096130e-03
  2.801492754810e-03
  2.800533056952e-03
  2.800436007175e-03
  2.814786986278e-03
  2.822506983153e-03
  2.820431307630e-03
  2.826063725190e-03
  2.847235569210e-03
  2.846609419250e-03
  2.844389374257e-03
  2.847475202982e-03
  2.860416601162e-03
  2.858243117537e-03
  2.849014714450e-03
  2.862549949119e-03
  2.865222150960e-03
  2.877661307130e-03
  2.877667032840e-03
  2.877668999240e-03
  2.898668153190e-03
  2.898774240630e-03
  2.904710180800e-03
  2.921880176940e-03
  2.923360126089e-03
  2.924784563380e-03
  2.926917279210e-03
  2.926810212990e-03
  2.927435042010e-03
  2.926636237800e-03
  2.950196329336e-03
  2.958439992652e-03
  2.962624645080e-03
  2.963146223400e-03
  2.962534183480e-03
  2.961968456750e-03
  2.968224652388e-03
  2.986104333140e-03
  2.987079877360e-03
  3.010717754272e-03
  3.011215279517e-03
  3.009376777511e-03
  3.011694322181e-03
  3.012906345157e-03
  3.020587488008e-03
  3.030082530809e-03
  3.033047554931e-03
  3.058522337230e-03
  3.068912675743e-03
  3.069112722490e-03
  3.073183061070e-03
  3.079116185043e-03
  3.071344105970e-03
  3.074583445583e-03
  3.065713666607e-03
  3.085676438240e-03
  3.092371299460e-03
  3.092813710087e-03
  3.092192954990e-03
  3.124137558266e-03
  3.135166067844e-03
  3.126376490356e-03
  3.135641539504e-03
  3.131525065662e-03
  3.138178324590e-03
  3.140370071940e-03
  3.140545771057e-03
  3.141575442030e-03
  3.166160122980e-03
  3.169625164500e-03
  3.169634134880e-03
  3.173238201430e-03
  3.190955480246e-03
  3.192119130917e-03
  3.203020011171e-03
  3.199436303249e-03
  3.197517402298e-03
  3.203008800354e-03
  3.207996414781e-03
  3.237971061435e-03
  3.232442438367e-03
  3.244584897111e-03
  3.245017824160e-03
  3.243969211637e-03
  3.255371355083e-03
  3.260680571037e-03
  3.261520286022e-03
  3.261428194437e-03
  3.261122795342e-03
  3.280141073640e-03
  3.285421913840e-03
  3.304248936804e-03
  3.307615339390e-03
  3.315923658070e-03
  3.327176287520e-03
  3.332899285030e-03
  3.333613030530e-03
  3.334261678450e-03
  3.335035831850e-03
  3.335575871330e-03
  3.338360760450e-03
  3.348986267810e-03
  3.350962675012e-03
  3.357342276830e-03
  3.362172893130e-03
  3.374540623446e-03
  3.370841126126e-03
  3.370830017810e-03
  3.378182799271e-03
  3.380995203670e-03
  3.376284857770e-03
  3.381581175870e-03
  3.416079123730e-03
  3.415967645720e-03
  3.416296644510e-03
  3.416429696410e-03
  3.416172605150e-03
  3.427545620501e-03
  3.423491876467e-03
  3.433680288045e-03
  3.435652115516e-03
  3.433587347880e-03
  3.436307165146e-03
  3.435687192551e-03
  3.459236041690e-03
  3.482956207970e-03
  3.485850644710e-03
  3.486919884930e-03
  3.504891867170e-03
  3.522918809722e-03
  3.528498772030e-03
  3.537847402800e-03
  3.554336956250e-03
  3.553881835825e-03
  3.562321227298e-03
  3.577131146400e-03
  3.578423470057e-03
  3.589979528713e-03
  3.589101868217e-03
  3.607232253153e-03
  3.606502547400e-03
  3.619084679840e-03
  3.622576849985e-03
  3.623321934963e-03
  3.624359195082e-03
  3.624614549132e-03
  3.629656005155e-03
  3.671838685030e-03
  3.670265432761e-03
  3.670698259284e-03
  3.674982119792e-03
  3.684560041261e-03
  3.682641266115e-03
  3.705455836819e-03
  3.727798186910e-03
  3.725412113586e-03
  3.730792149800e-03
  3.734553268892e-03
  3.742595024206e-03
  3.745317871093e-03
  3.752466477965e-03
  3.766147111042e-03
  3.774858257160e-03
  3.785704772500e-03
  3.800907228141e-03
  3.800206550969e-03
  3.801831997246e-03
  3.803235155450e-03
  3.803582827887e-03
  3.803422869360e-03
  3.810967297849e-03
  3.811822010426e-03
  3.812954414275e-03
  3.814053800285e-03
  3.814978354352e-03
  3.830950654460e-03
  3.829382328343e-03
  3.845286734013e-03
  3.853958935650e-03
  3.868876326310e-03
  3.877780333220e-03
  3.875803834180e-03
  3.883381423850e-03
  3.881954754420e-03
  3.885485170920e-03
  3.883979798128e-03
  3.884875062790e-03
  3.878444026170e-03
  3.893325418327e-03
  3.920223361130e-03
  3.925255405920e-03
  3.930668022270e-03
  3.931874305760e-03
  3.932666013600e-03
  3.933983426160e-03
  3.934870942260e-03
  3.950882067474e-03
  3.955723466819e-03
  3.953717401934e-03
  3.950023484625e-03
  3.948095383335e-03
  3.967689892522e-03
  3.973659198897e-03
  3.975868404289e-03
  3.986481563586e-03
  3.998066898412e-03
  4.023038562010e-03
  4.029420991520e-03
  4.047397547500e-03
  4.049475379950e-03
  4.051403672370e-03
  4.079242021958e-03
  4.077411445182e-03
  4.082593128110e-03
  4.079808968708e-03
  4.073367536925e-03
  4.098315248285e-03
  4.119816471560e-03
  4.120410189785e-03
  4.122585549632e-03
  4.123717982030e-03
  4.126807694129e-03
  4.130212270816e-03
  4.132004427546e-03
  4.133666303797e-03
  4.139527028900e-03
  4.149758879100e-03
  4.158701371372e-03
  4.177565693670e-03
  4.178497850732e-03
  4.209214377220e-03
  4.228351011880e-03
  4.232780005880e-03
  4.252089272650e-03
  4.252371303040e-03
  4.249001379826e-03
  4.288955645322e-03
  4.287509184676e-03
  4.290949953370e-03
  4.303356547833e-03
  4.295270557739e-03
  4.300921148177e-03
  4.309862165576e-03
  4.335046380840e-03
  4.334836049913e-03
  4.365968367676e-03
  4.375702937816e-03
  4.371170222352e-03
  4.377171311391e-03
  4.374841469298e-03
  4.378884262287e-03
  4.370523704764e-03
  4.377543008874e-03
  4.392714405660e-03
  4.395835229660e-03
  4.424830314304e-03
  4.448890149116e-03
  4.445851652747e-03
  4.454548935733e-03
  4.452946317850e-03
  4.467640474277e-03
  4.468310412287e-03
  4.465712365773e-03
  4.469574524408e-03
  4.485773388050e-03
  4.494378011354e-03
  4.496433528103e-03
  4.498413207425e-03
  4.515542638400e-03
  4.530210708853e-03
  4.531745720180e-03
  4.535461944316e-03
  4.531475105458e-03
  4.553195046438e-03
  4.558330681154e-03
  4.577684371460e-03
  4.589880982600e-03
  4.595037095850e-03
  4.598057302260e-03
  4.600079201370e-03
  4.602721060530e-03
  4.613210268084e-03
  4.623074394650e-03
  4.629817589955e-03
  4.635411549827e-03
  4.649301636923e-03
  4.662066187965e-03
  4.661568852900e-03
  4.661267815890e-03
  4.686932234228e-03
  4.692978530223e-03
  4.696039978846e-03
  4.694108030103e-03
  4.695103832629e-03
  4.700684714839e-03
  4.723080462283e-03
  4.727497349165e-03
  4.734078950650e-03
  4.737252787410e-03
  4.754660490187e-03
  4.765246092710e-03
  4.765128846060e-03
  4.782841421186e-03
  4.785983513253e-03
  4.785013324823e-03
  4.785377462988e-03
  4.825239972592e-03
  4.842751813356e-03
  4.858420866721e-03
  4.858202904659e-03
  4.860214938084e-03
  4.857966585400e-03
  4.859129908659e-03
  4.858945286989e-03
  4.860463265280e-03
  4.866475723198e-03
  4.863756002509e-03
  4.895487157530e-03
  4.898531775737e-03
  4.901107906140e-03
  4.902871728630e-03
  4.904898743500e-03
  4.907615488820e-03
  4.910029946621e-03
  4.926715102100e-03
  4.928671193300e-03
  4.959621090580e-03
  4.953485727860e-03
  4.980407304842e-03
  4.986420564387e-03
  4.992430613965e-03
  5.024045754633e-03
  5.024526759700e-03
  5.032440730190e-03
  5.022910517400e-03
  5.046523388365e-03
  5.098148595422e-03
  5.097392647720e-03
  5.101757381421e-03
  5.092833503060e-03
  5.101584106910e-03
  5.112437751502e-03
  5.120754877300e-03
  5.120690754500e-03
  5.154019359200e-03
  5.160048643020e-03
  5.193513234111e-03
  5.195183078410e-03
  5.195505625600e-03
  5.196005523240e-03
  5.195997867975e-03
  5.195699076132e-03
  5.196725914209e-03
  5.196335190310e-03
  5.217448329930e-03
  5.278905430660e-03
  5.272807168150e-03
  5.281441752690e-03
  5.309011624030e-03
  5.334427317010e-03
  5.362941559140e-03
  5.364659604534e-03
  5.363625663080e-03
  5.364746851910e-03
  5.363834700212e-03
  5.365030580110e-03
  5.364049735732e-03
  5.364800432828e-03
  5.363303835788e-03
  5.365949890807e-03
  5.360070637705e-03
  5.386872600202e-03
  5.389769229770e-03
  5.393524166505e-03
  5.403873905891e-03
  5.445231777465e-03
  5.443297431203e-03
  5.447897520055e-03
  5.451966692144e-03
  5.473232254571e-03
  5.546275868170e-03
  5.593777458960e-03
  5.602850712549e-03
  5.612265031197e-03
  5.624184264570e-03
  5.633543329770e-03
  5.641053786452e-03
  5.647515830272e-03
  5.653039159783e-03
  5.658634302223e-03
  5.662423737655e-03
  5.666017640782e-03
  5.668055242141e-03
  5.670629193577e-03
  5.673760318295e-03
  5.676876166200e-03
  5.678581815450e-03
  5.680242250340e-03
  5.681909806180e-03
  5.684943586020e-03
  5.687535424910e-03
  5.691166391970e-03
  5.697191570183e-03
  5.739072882334e-03
  5.752094093402e-03
  5.728968519434e-03
  5.744072902116e-03
  5.745318976657e-03
  5.738387156842e-03
  5.746270164343e-03
  5.781651385763e-03
  5.782953617724e-03
  5.785522543823e-03
  5.788165899294e-03
  5.814214574433e-03
  5.816098963282e-03
  5.809462777338e-03
  5.839723631863e-03
  5.838828283310e-03
  5.835286065720e-03
  5.837158439526e-03
  5.840578165662e-03
  5.837723468649e-03
  5.839490553195e-03
  5.839635920772e-03
  5.840126007896e-03
  5.839770524492e-03
  5.837346267144e-03
  5.865997005700e-03
  5.868714623210e-03
  5.872126007280e-03
  5.879105561932e-03
  5.888834280379e-03
  5.910068197637e-03
  5.930829210438e-03
  5.938399494897e-03
  5.944042674645e-03
  5.948265684306e-03
  5.951336853380e-03
  5.953299908258e-03
  5.954948901271e-03
  5.956333161507e-03
  5.958133233818e-03
  5.959274396820e-03
  5.960932977730e-03
  5.962043570000e-03
  5.963569993560e-03
  5.964923501924e-03
  5.967221918944e-03
  5.968763829244e-03
  5.971211162118e-03
  5.977665669082e-03
  5.979432443836e-03
  5.986344714205e-03
  5.988970791321e-03
  5.991799483693e-03
  5.994564788690e-03
  5.997491026670e-03
  5.999593226460e-03
  6.001549068160e-03
  6.004883229240e-03
  6.008507422500e-03
  6.013505339400e-03
  6.021051082550e-03
  6.041048875639e-03
  6.051338592749e-03
  6.075264540478e-03
  6.077844934500e-03
  6.080863284238e-03
  6.083669132798e-03
  6.085804105305e-03
  6.101056146850e-03
  6.099187216876e-03
  6.100266675900e-03
  6.108687181639e-03
  6.122421201883e-03
  6.131882340700e-03
  6.138223306000e-03
  6.142654778010e-03
  6.147024250300e-03
  6.152511929980e-03
  6.158881130510e-03
  6.169632071296e-03
  6.181299346798e-03
  6.228757128090e-03
  6.227814395342e-03
  6.231259941410e-03
  6.228004580861e-03
  6.227365291190e-03
  6.230769809390e-03
  6.242080246488e-03
  6.244022238140e-03
  6.300292817000e-03
  6.318246079460e-03
  6.332825171063e-03
  6.348549549392e-03
  6.357760783593e-03
  6.362450201512e-03
  6.376554939588e-03
  6.384111897671e-03
  6.419791111130e-03
  6.436317011919e-03
  6.439176618750e-03
  6.439183498960e-03
  6.441000041780e-03
  6.437289162990e-03
  6.442637917340e-03
  6.441936720460e-03
  6.444407714219e-03
  6.488408302670e-03
  6.504185299893e-03
  6.536012009900e-03
  6.538252164600e-03
  6.571183659592e-03
  6.577767381266e-03
  6.583701276070e-03
  6.589065821760e-03
  6.595048393900e-03
  6.605162095000e-03
  6.655729592420e-03
  6.656508517330e-03
  6.658449271400e-03
  6.664731300362e-03
  6.667891483574e-03
  6.671067743136e-03
  6.675324354528e-03
  6.667514044166e-03
  6.736139384382e-03
  6.761631155563e-03
  6.780207487800e-03
  6.812262579080e-03
  6.863155864973e-03
  6.902554324410e-03
  6.909021220734e-03
  6.912210537684e-03
  6.912438609260e-03
  6.912330399120e-03
  6.904179852000e-03
  6.908708055410e-03
  6.950990489190e-03
  6.962847286200e-03
  6.971249655500e-03
  6.978256571300e-03
  6.983817840590e-03
  7.009449079750e-03
  7.008290811900e-03
  7.021289349130e-03
  7.034502142230e-03
  7.038467877150e-03
  7.031496598130e-03
  7.099824736926e-03
  7.107532160563e-03
  7.102034349989e-03
  7.099974654319e-03
  7.099442792118e-03
  7.093847097433e-03
  7.117030885815e-03
  7.117274693104e-03
  7.150830798586e-03
  7.158930932840e-03
  7.170499016437e-03
  7.187055999678e-03
  7.207247805360e-03
  7.256381263030e-03
  7.316943799230e-03
  7.348805860140e-03
  7.364463653130e-03
  7.375476168156e-03
  7.382768488271e-03
  7.389744302953e-03
  7.394580918321e-03
  7.397664306588e-03
  7.400797486600e-03
  7.403952168830e-03
  7.406846064550e-03
  7.409420058578e-03
  7.412334092789e-03
  7.414014813324e-03
  7.415426007144e-03
  7.417374973793e-03
  7.420175434282e-03
  7.423419414387e-03
  7.427813202219e-03
  7.438727094037e-03
  7.449548273008e-03
  7.453047769725e-03
  7.457764350462e-03
  7.462133662147e-03
  7.464969319134e-03
  7.466911418264e-03
  7.469191972640e-03
  7.507684847887e-03
  7.508466863989e-03
  7.504296034519e-03
  7.501939520867e-03
  7.568464002839e-03
  7.596108158086e-03
  7.627511165820e-03
  7.669275825040e-03
  7.686661620050e-03
  7.700559771563e-03
  7.707812330111e-03
  7.713816963837e-03
  7.719868374528e-03
  7.725673204356e-03
  7.731480090910e-03
  7.736626599632e-03
  7.740744716998e-03
  7.743682793864e-03
  7.746400662002e-03
  7.748941816725e-03
  7.751275618440e-03
  7.754067296906e-03
  7.756832270350e-03
  7.760566086580e-03
  7.763467571870e-03
  7.767018103420e-03
  7.779419896837e-03
  7.792326109161e-03
  7.797834640348e-03
  7.802508999567e-03
  7.806749630692e-03
  7.810786885703e-03
  7.813744838390e-03
  7.816637368617e-03
  7.821034962455e-03
  7.825679835890e-03
  7.829492955839e-03
  7.834638440950e-03
  7.842823217983e-03
  7.852130414100e-03
  7.860564987700e-03
  7.869292863788e-03
  7.880060500460e-03
  7.895472092900e-03
  7.910081132700e-03
  7.953916027854e-03
  7.997332580720e-03
  8.005922778681e-03
  8.013837926220e-03
  8.021003065274e-03
  8.027772462773e-03
  8.035379005033e-03
  8.044090753115e-03
  8.059941650515e-03
  8.072430757500e-03
  8.078086885000e-03
  8.084299089100e-03
  8.089173011110e-03
  8.094282974730e-03
  8.101724027300e-03
  8.107925722937e-03
  8.113677761326e-03
  8.123875442191e-03
  8.137011484903e-03
  8.160793553108e-03
  8.221054199996e-03
  8.283504043064e-03
  8.309267798120e-03
  8.325410102680e-03
  8.339276918900e-03
  8.347249945060e-03
  8.355179794143e-03
  8.388156818048e-03
  8.390641755349e-03
  8.401167154690e-03
  8.430721221044e-03
  8.442990394130e-03
  8.466520136901e-03
  8.487955843390e-03
  8.499036815830e-03
  8.503404452570e-03
  8.537308915810e-03
  8.536753917300e-03
  8.545064430600e-03
  8.541421599820e-03
  8.542205656320e-03
  8.541043852236e-03
  8.543160981810e-03
  8.548409552550e-03
  8.580535626600e-03
  8.593639287779e-03
  8.640861890790e-03
  8.635226788310e-03
  8.636614097950e-03
  8.684162142659e-03
  8.691519236894e-03
  8.698931163315e-03
  8.705061656560e-03
  8.709721935170e-03
  8.714949461300e-03
  8.724801622400e-03
  8.737740512100e-03
  8.748619288900e-03
  8.754940115122e-03
  8.761722723746e-03
  8.767468695000e-03
  8.773812496200e-03
  8.781970930166e-03
  8.790863142480e-03
  8.801177712700e-03
  8.822031322100e-03
  8.853686584339e-03
  8.899944822342e-03
  8.936530823140e-03
  8.947228793933e-03
  8.952161742786e-03
  8.957389119568e-03
  8.961911008770e-03
  8.965748028190e-03
  8.971505742439e-03
  8.979540623520e-03
  9.002194860100e-03
  9.054418869000e-03
  9.067572593300e-03
  9.111381111230e-03
  9.145498503457e-03
  9.189319180430e-03
  9.231865916200e-03
  9.260231000778e-03
  9.282453839500e-03
  9.304890683223e-03
  9.391324992520e-03
  9.394235020586e-03
  9.498237256411e-03
  9.533892120460e-03
  9.547831017690e-03
  9.587541487238e-03
  9.639209863951e-03
  9.660977325380e-03
  9.669559693203e-03
  9.675935929601e-03
  9.681477156936e-03
  9.685805133160e-03
  9.689418469790e-03
  9.692757158690e-03
  9.697108677430e-03
  9.701171974490e-03
  9.704234334120e-03
  9.709054331100e-03
  9.715144966390e-03
  9.720708274693e-03
  9.725300663620e-03
  9.729967132947e-03
  9.753655748570e-03
  9.755142175268e-03
  9.753072231744e-03
  9.778254342528e-03
  9.784890395780e-03
  9.791372778796e-03
  9.796744939372e-03
  9.802509230640e-03
  9.807588476920e-03
  9.813096224050e-03
  9.819432343630e-03
  9.827566720823e-03
  9.835232897518e-03
  9.842105765530e-03
  9.849368370670e-03
  9.856857012920e-03
  9.868068356730e-03
  9.882947220647e-03
  9.912939501730e-03
  9.947085319020e-03
  9.968363906550e-03
  9.984626197300e-03
  9.994315799400e-03
  9.999632155760e-03
  1.000339220125e-02
  1.000766101515e-02
  1.001213517579e-02
  1.001664199489e-02
  1.002139692146e-02
  1.005529268315e-02
  1.006026509328e-02
  1.006348404790e-02
  1.006188584472e-02
  1.006390482379e-02
  1.006395638248e-02
  1.010117782790e-02
  1.010494009071e-02
  1.010872369594e-02
  1.011369467098e-02
  1.011894548107e-02
  1.012337232858e-02
  1.012759282503e-02
  1.013174896239e-02
  1.013758925379e-02
  1.014591090510e-02
  1.016277606500e-02
  1.019080603181e-02
  1.023398093130e-02
  1.034560470968e-02
  1.051355794428e-02
  1.063910222370e-02
  1.069505342260e-02
  1.071726421316e-02
  1.073084183090e-02
  1.074395805681e-02
  1.075428993156e-02
  1.076611971970e-02
  1.079331594369e-02
  1.081943187778e-02
  1.083126116448e-02
  1.084244300396e-02
  1.085386871579e-02
  1.090275307908e-02
  1.096145507170e-02
  1.099138199130e-02
  1.106665149615e-02
  1.114243080367e-02
  1.117810303730e-02
  1.120443405910e-02
  1.121859498880e-02
  1.123212382587e-02
  1.124604456524e-02
  1.126065041639e-02
  1.128694026634e-02
  1.139536400373e-02
  1.139554612713e-02
  1.140328943853e-02
  1.149653155240e-02
  1.151135285388e-02
  1.152670554770e-02
  1.153826121798e-02
  1.154747238381e-02
  1.155640952570e-02
  1.156641385080e-02
  1.160231638658e-02
  1.162304976289e-02
  1.162456110297e-02
  1.167842905652e-02
  1.169041767320e-02
  1.170121660037e-02
  1.170934473381e-02
  1.171766964225e-02
  1.172639252754e-02
  1.173503617020e-02
  1.174796440487e-02
  1.176506075380e-02
  1.178267048300e-02
  1.180083755310e-02
  1.181642364163e-02
  1.183464183050e-02
  1.185699881500e-02
  1.188030027800e-02
  1.190648194930e-02
  1.193305140780e-02
  1.196563357510e-02
  1.200394747259e-02
  1.203847796630e-02
  1.208277651650e-02
  1.215009669726e-02
  1.222202017085e-02
  1.235392822096e-02
  1.254989993412e-02
  1.268901239668e-02
  1.273834305980e-02
  1.276847672940e-02
  1.279993230736e-02
  1.282224715460e-02
  1.283617632640e-02
  1.284627456386e-02
  1.285622648120e-02
  1.287030815600e-02
  1.288632153870e-02
  1.290072232000e-02
  1.296359495055e-02
  1.296514466916e-02
  1.296887654111e-02
  1.302923356043e-02
  1.304134945329e-02
  1.305710417835e-02
  1.307063350632e-02
  1.308588948376e-02
  1.310545317925e-02
  1.312188113529e-02
  1.315088811920e-02
  1.322719682538e-02
  1.334548757364e-02
  1.342648518184e-02
  1.345030014100e-02
  1.347152748460e-02
  1.349143667542e-02
  1.350410529916e-02
  1.351322521718e-02
  1.352179187298e-02
  1.353256561058e-02
  1.354198409489e-02
  1.354899414467e-02
  1.355699567691e-02
  1.356463100885e-02
  1.357425037684e-02
  1.358562761262e-02
  1.359526028563e-02
  1.360341596005e-02
  1.365861717750e-02
  1.365902421270e-02
  1.365945417730e-02
  1.365600861160e-02
  1.371404868804e-02
  1.372284668220e-02
  1.373431846810e-02
  1.374687219270e-02
  1.376325850960e-02
  1.377721584670e-02
  1.379001717730e-02
  1.381527708870e-02
  1.385309755968e-02
  1.390128932930e-02
  1.396349930270e-02
  1.401533967260e-02
  1.406408752609e-02
  1.412308314350e-02
  1.426797977650e-02
  1.449814809630e-02
  1.473389496660e-02
  1.490365287833e-02
  1.502245979148e-02
  1.521323550328e-02
  1.538012074943e-02
  1.544543355570e-02
  1.548498316535e-02
  1.551664767596e-02
  1.553605283706e-02
  1.554783338054e-02
  1.555837953350e-02
  1.556730955754e-02
  1.557794708783e-02
  1.559168334468e-02
  1.561124979030e-02
  1.569104691578e-02
  1.569298782570e-02
  1.577232814282e-02
  1.578908276520e-02
  1.580402805680e-02
  1.582499228850e-02
  1.584314248550e-02
  1.586381085460e-02
  1.588898103740e-02
  1.592130840180e-02
  1.595644263860e-02
  1.600017955322e-02
  1.605617870200e-02
  1.612783564960e-02
  1.626255244530e-02
  1.648418937340e-02
  1.674358316550e-02
  1.702128862974e-02
  1.729489846618e-02
  1.752754385658e-02
  1.767244285100e-02
  1.775482725318e-02
  1.781430861598e-02
  1.784961533860e-02
  1.788604968936e-02
  1.791714667349e-02
  1.793530841210e-02
  1.795309030150e-02
  1.797666292740e-02
  1.799724169599e-02
  1.801547315134e-02
  1.803767014500e-02
  1.805832631640e-02
  1.807496663010e-02
  1.809874419430e-02
  1.819537880510e-02
  1.820667098340e-02
  1.831029675610e-02
  1.834413523680e-02
  1.837645924280e-02
  1.841179172821e-02
  1.845503955125e-02
  1.852872445683e-02
  1.862858188528e-02
  1.877813998069e-02
  1.899361250195e-02
  1.914865753020e-02
  1.920374183884e-02
  1.926152825760e-02
  1.932036536680e-02
  1.941572418380e-02
  1.953907968700e-02
  1.963918826570e-02
  1.974457304220e-02
  1.987929591900e-02
  2.003616141270e-02
  2.028035743400e-02
  2.053280414500e-02
  2.069416927220e-02
  2.093635575920e-02
  2.127663204840e-02
  2.161278499380e-02
  2.196636620680e-02
  2.231417484850e-02
  2.267688186910e-02
  2.304455241709e-02
  2.340714335029e-02
  2.370596967260e-02
  2.384388843221e-02
  2.390776881340e-02
  2.396217576234e-02
  2.400523919767e-02
  2.403846746530e-02
  2.407698462430e-02
  2.414163306650e-02
  2.427150812260e-02
  2.440208799180e-02
  2.449209769340e-02
  2.457767081623e-02
  2.464592326038e-02
  2.471731678510e-02
  2.481720600690e-02
  2.501441118180e-02
  2.534906149000e-02
  2.576076783000e-02
  4.993782227100e-02
