2002
  2.193172470500e-01
  2.222113630650e-01
  2.260188963990e-01
  2.295849868260e-01
  2.327642397180e-01
  2.375578082640e-01
  2.430073658870e-01
  2.481290329120e-01
  2.523681027100e-01
  2.565947202970e-01
  2.605417713730e-01
  2.642098335680e-01
  2.682793643600e-01
  2.722502449840e-01
  2.758728503550e-01
  2.761490678100e-01
  2.808378039050e-01
  2.885111033660e-01
  2.899204515830e-01
  2.946737705450e-01
  2.982707535470e-01
  3.015962429480e-01
  3.010749257930e-01
  3.066593227190e-01
  3.085010989060e-01
  3.114354063480e-01
  3.047954462470e-01
  3.121009906470e-01
  3.098654430540e-01
  3.130318817590e-01
  3.118287796570e-01
  3.132506895390e-01
  3.109566488250e-01
  3.134783205320e-01
  3.179080671310e-01
  3.106855361420e-01
  3.204523488780e-01
  3.054208568630e-01
  3.071527208250e-01
  3.181484721030e-01
  3.063076364970e-01
  3.057234890310e-01
  3.014243532190e-01
  2.943631846450e-01
  2.849482411670e-01
  2.912851825450e-01
  2.836700049950e-01
  2.925998296740e-01
  2.968951231300e-01
  2.789157008630e-01
  2.827807551820e-01
  2.800018696390e-01
  2.926290319160e-01
  2.735744712520e-01
  3.307918114440e-01
  2.993467434130e-01
  2.717189771690e-01
  2.582689691190e-01
  2.419667726690e-01
  2.647016512200e-01
  2.644812624250e-01
  2.853754116160e-01
  2.502380180290e-01
  2.655031353840e-01
  2.543918058740e-01
  2.181790939000e-01
  2.249796571050e-01
  2.436131529400e-01
  2.353187227530e-01
  2.379020672200e-01
  2.955622498940e-01
  1.986190253830e-01
  2.706471796560e-01
  2.163573706280e-01
  2.156435942250e-01
  2.382732686190e-01
  2.575122765800e-01
  2.098050548820e-01
  1.926848859440e-01
  1.739043046800e-01
  1.927891875530e-01
  1.875087208150e-01
  2.840048541530e-01
  1.777474401580e-01
  2.069782374030e-01
  1.667388934410e-01
  1.583453230680e-01
  1.878280175460e-01
  2.368083996140e-01
  1.952906854050e-01
  2.476449840150e-01
  3.467084997950e-01
  3.331382335250e-01
  2.481987474880e-01
  2.874686105610e-01
  1.510427497800e-01
  2.975352367380e-01
  1.316579803010e-01
  1.053110607230e-01
  1.451260462650e-01
  1.491197923360e-01
  2.540321449310e-01
  2.124079803430e-01
  2.429357279670e-01
  2.246109615370e-01
  3.181744262460e-01
  2.405172142620e-01
  2.877533706970e-01
  2.143540724980e-01
  3.952009812850e-01
  2.438298687440e-01
  4.383628520010e-01
  4.139885104360e-01
  4.813017823990e-01
  2.307412787330e-01
  2.740527998230e-01
  1.646387336440e-01
  1.333274731590e-01
  2.195568998770e-01
  4.409995024800e-01
  1.555478937770e-01
  7.148088182780e-02
  1.594459423900e-01
  2.772865070240e-01
  3.077911491940e-01
  1.177900526970e-01
  1.821599251780e-01
  2.400920277100e-01
  2.302059364810e-01
  2.089441706850e-01
  2.883732279470e-01
  3.284321277080e-01
  1.822148066360e-01
  3.021824910330e-01
  3.930864213620e-01
  5.566794481770e-01
  8.385840311860e-01
  9.693831098640e-02
  1.718072019950e-01
  4.474320566700e-01
  1.298017175740e-01
  1.929107874450e-01
  2.521454019360e-01
  3.424867574960e-01
  5.278080477460e-01
  1.041744648900e+00
  1.052510900360e-01
  1.724836852930e-01
  2.807233420880e-01
  1.339210406450e-01
  1.848703181480e-01
  1.813242942660e-01
  2.188558955110e-01
  2.503000848740e-01
  2.514948067790e-01
  2.908118378520e-01
  3.147979704940e-01
  3.346211148250e-01
  3.620850726290e-01
  4.342639176010e-01
  5.281424354450e-01
  9.788677296550e-01
  3.751832103840e-01
  1.496946397580e-01
  3.180741021760e-01
  7.449475707710e-01
  3.122866474590e-01
  1.570683598850e-01
  1.769413327590e-01
  2.204560604100e-01
  2.659539289940e-01
  3.127520989750e-01
  3.253772151800e-01
  3.302128735830e-01
  3.422534427180e-01
  4.109815418900e-01
  5.387751571010e-01
  4.286090333010e-01
  3.476622550080e-01
  3.647838273390e-01
  3.945854110960e-01
  4.037076169620e-01
  4.149309359790e-01
  4.659626782040e-01
  5.167287682240e-01
  4.860152057180e-01
  5.133883965330e-01
  5.482046935550e-01
  5.996346432450e-01
  6.582384732580e-01
  7.469656374650e-01
  8.607880078950e-01
  1.043786449750e+00
  1.359813868900e+00
  1.945922633770e+00
  3.298926902790e+00
  6.505168243760e+00
  3.245444997800e+00
  6.023761058170e-01
  1.292150554240e-01
  4.457345381630e-02
  4.385663608930e-02
  6.414214201990e-02
  9.226353029310e-02
  1.131152626530e-01
  1.370080407050e-01
  1.566445633270e-01
  1.760046898050e-01
  1.933697877270e-01
  2.098108147020e-01
  2.277729991980e-01
  2.403326365100e-01
  2.537658042910e-01
  2.671626766310e-01
  2.802295532080e-01
  2.926786278900e-01
  3.051401780640e-01
  3.215263358720e-01
  3.427815705710e-01
  3.438550288190e-01
  3.583486334780e-01
  3.745340706760e-01
  3.900502687840e-01
  4.076474444900e-01
  4.274543318240e-01
  4.750766276820e-01
  4.759889256950e-01
  5.070362437190e-01
  5.453254907720e-01
  5.940040916490e-01
  6.711513847700e-01
  7.467401039240e-01
  8.737352475210e-01
  1.063036790350e+00
  1.346557255540e+00
  1.728513890110e+00
  2.050968472810e+00
  1.962335621530e+00
  1.529930423360e+00
  1.136433930370e+00
  8.895514552850e-01
  7.763962384080e-01
  7.914284782750e-01
  9.970084589530e-01
  9.782939251440e-01
  6.913680892910e-01
  5.702612904530e-01
  5.237003507720e-01
  5.031950942470e-01
  4.939413325700e-01
  4.906771103000e-01
  4.912729208870e-01
  4.953121324770e-01
  5.009334843080e-01
  5.110467005320e-01
  5.284071836670e-01
  5.650451017870e-01
  6.679468229970e-01
  7.549885123100e-01
  5.803319149290e-01
  5.253888190230e-01
  5.174177505770e-01
  5.190568485520e-01
  5.233890557000e-01
  5.287064641780e-01
  5.343556350340e-01
  5.402120175880e-01
  5.461723143010e-01
  5.521710108610e-01
  5.582110428260e-01
  5.642323654960e-01
  5.702319791090e-01
  5.762413824030e-01
  5.822091858410e-01
  5.889570752370e-01
  5.941500582170e-01
  6.000431014930e-01
  6.003026125620e-01
  5.996509354540e-01
  6.006828317980e-01
  6.052794500910e-01
  6.058683201790e-01
  6.060371122900e-01
  6.068840497070e-01
  6.112477753320e-01
  6.117583435720e-01
  6.120978499740e-01
  6.128976663140e-01
  6.133979763530e-01
  6.149370697000e-01
  6.172948630340e-01
  6.179332684680e-01
  6.179682647240e-01
  6.189306613010e-01
  6.230306512580e-01
  6.229176057930e-01
  6.236594724090e-01
  6.238319013640e-01
  6.243239993940e-01
  6.287466623970e-01
  6.290049986970e-01
  6.290516753130e-01
  6.287038837760e-01
  6.301405848650e-01
  6.348620946300e-01
  6.350144039850e-01
  6.353461740340e-01
  6.354931116160e-01
  6.357684973420e-01
  6.407002443340e-01
  6.409929796310e-01
  6.412337999560e-01
  6.413031778770e-01
  6.466743493470e-01
  6.466416313040e-01
  6.465482535460e-01
  6.470319670870e-01
  6.522446172660e-01
  6.525442647700e-01
  6.522659312610e-01
  6.525759517080e-01
  6.526378829560e-01
  6.593567033020e-01
  6.609357616820e-01
  6.587280118670e-01
  6.737673925520e-01
  6.670507972190e-01
  6.631207949530e-01
  6.637372295900e-01
  6.637289126690e-01
  6.637477242010e-01
  6.637957904210e-01
  6.642419428510e-01
  6.687616421450e-01
  6.688151017460e-01
  6.695964714480e-01
  6.695447002840e-01
  6.730941855690e-01
  6.743350716530e-01
  6.754254414820e-01
  6.759825486040e-01
  6.756904119730e-01
  6.797607022400e-01
  6.798082878010e-01
  6.798898629140e-01
  6.802615790030e-01
  6.807836076100e-01
  6.810783887330e-01
  6.856302962160e-01
  6.854671030470e-01
  6.853371983040e-01
  6.862709303670e-01
  6.861577415360e-01
  6.899140201270e-01
  6.901545891230e-01
  6.911135848940e-01
  6.913045118650e-01
  6.918090041050e-01
  6.959403355190e-01
  6.963675394160e-01
  6.965702575190e-01
  6.970778368600e-01
  6.971452067540e-01
  6.992947071260e-01
  7.012146095320e-01
  7.018120510140e-01
  7.026859569860e-01
  7.033562491850e-01
  7.075770267800e-01
  7.073443104550e-01
  7.074513295790e-01
  7.069331176940e-01
  7.077892061430e-01
  7.094898241890e-01
  7.137625283030e-01
  7.182323382310e-01
  7.140553482780e-01
  7.144183704580e-01
  7.194619076330e-01
  7.235623956940e-01
  2.420261758830e+00
  1.002762674640e+00
  8.431900389110e-01
  7.711352450790e-01
  7.763181534350e-01
  7.781963289100e-01
  7.229479796500e-01
  7.234614974020e-01
  7.234058592860e-01
  7.234033744330e-01
  7.236410859290e-01
  7.265620162560e-01
  7.273860262210e-01
  7.273753468790e-01
  7.275909133990e-01
  7.279173268230e-01
  7.279161261840e-01
  7.278870541050e-01
  7.280343624660e-01
  7.322605988290e-01
  7.324263551850e-01
  7.325541476170e-01
  7.325145302050e-01
  7.327675805830e-01
  7.364806093250e-01
  7.366661142900e-01
  7.371768377010e-01
  7.370626978150e-01
  7.372723798650e-01
  7.378902842640e-01
  7.379215343900e-01
  7.414005813910e-01
  7.420077078920e-01
  7.424527416040e-01
  7.431752679290e-01
  7.469346090670e-01
  7.464069587270e-01
  7.465709612130e-01
  7.467536304250e-01
  7.470245640600e-01
  7.470687118740e-01
  7.480415852660e-01
  7.500634361760e-01
  7.508598106960e-01
  7.509815118020e-01
  7.514163925500e-01
  7.517196148580e-01
  7.518654241340e-01
  7.525114131090e-01
  7.540817316450e-01
  7.555018861460e-01
  7.566826122600e-01
  7.560966218630e-01
  7.564735317170e-01
  7.566469653170e-01
  7.567301128080e-01
  7.593564593660e-01
  7.603898555640e-01
  7.603888466980e-01
  7.609009842790e-01
  7.610210649800e-01
  7.611552356240e-01
  7.617740961650e-01
  7.650576987730e-01
  7.648476449670e-01
  7.654371810180e-01
  7.655679437660e-01
  7.654981549420e-01
  7.687305796100e-01
  7.698320240730e-01
  7.697929816400e-01
  7.700819493930e-01
  7.703165415630e-01
  7.701771988350e-01
  7.735664830650e-01
  7.739946828410e-01
  7.740070296140e-01
  7.741210556050e-01
  7.743364607960e-01
  7.742166706790e-01
  7.743533845070e-01
  7.775932823800e-01
  7.782431422310e-01
  7.779603969220e-01
  7.782758103510e-01
  7.785832155280e-01
  7.792018055610e-01
  7.822324596070e-01
  7.821903207100e-01
  7.822043967430e-01
  7.822909461640e-01
  7.823368046880e-01
  7.826220306350e-01
  7.825781969580e-01
  7.831524191870e-01
  7.830226199950e-01
  7.866403721710e-01
  7.866975016380e-01
  7.869098617550e-01
  7.868796856870e-01
  7.873305446870e-01
  7.899167481790e-01
  7.908464401140e-01
  7.910548990640e-01
  7.912256532330e-01
  7.913069457910e-01
  7.910481082580e-01
  7.918188336410e-01
  7.937764743330e-01
  7.946125995420e-01
  7.947042510420e-01
  7.946971309470e-01
  7.948870637900e-01
  7.953979302960e-01
  7.954091555730e-01
  7.975286673750e-01
  7.987459607710e-01
  7.987934715970e-01
  7.988032247360e-01
  7.995637931360e-01
  7.995380078030e-01
  7.996007446130e-01
  7.997179130330e-01
  7.999167141380e-01
  8.019892303400e-01
  8.024399708990e-01
  8.023173020330e-01
  8.030207438960e-01
  8.032487127150e-01
  8.035489197910e-01
  8.037600982160e-01
  8.037605018930e-01
  8.062745804220e-01
  8.064407200530e-01
  8.067232422390e-01
  8.068942255670e-01
  8.068434599630e-01
  8.074966158640e-01
  8.079985973340e-01
  8.104421642720e-01
  8.098484044000e-01
  8.101588373380e-01
  8.107259923060e-01
  8.102778934510e-01
  8.110406893520e-01
  8.112912203460e-01
  8.130045246780e-01
  8.130394596940e-01
  8.135713779760e-01
  8.143682056780e-01
  8.143417664210e-01
  8.139447599130e-01
  8.144271243640e-01
  8.148527528780e-01
  8.173666735710e-01
  8.178143180180e-01
  8.175148365060e-01
  8.181038055300e-01
  8.181859466450e-01
  8.179823702280e-01
  8.185380862870e-01
  8.186917442860e-01
  8.192580811050e-01
  8.206782507430e-01
  8.211381354730e-01
  8.211134700490e-01
  8.213265584200e-01
  8.214557960500e-01
  8.219887650380e-01
  8.220797860860e-01
  8.226349487010e-01
  8.242431339940e-01
  8.242850474320e-01
  8.250225687350e-01
  8.250306147600e-01
  8.250308473390e-01
  8.251859135580e-01
  8.252973235020e-01
  8.255513273170e-01
  8.256639290730e-01
  8.278945063230e-01
  8.281410463320e-01
  8.281403706310e-01
  8.281957892010e-01
  8.285012374760e-01
  8.293931015080e-01
  8.313299511970e-01
  8.315723247410e-01
  8.316446190690e-01
  8.316755500080e-01
  8.315803878350e-01
  8.315046197330e-01
  8.323776391450e-01
  8.321727984590e-01
  8.345296943660e-01
  8.344466719940e-01
  8.348253459520e-01
  8.351581707710e-01
  8.349925912020e-01
  8.350613996740e-01
  8.354853829210e-01
  8.357592626210e-01
  8.362003423690e-01
  8.361888382290e-01
  8.381618953340e-01
  8.382405489400e-01
  8.382492843500e-01
  8.378031502270e-01
  8.382252763580e-01
  8.381964956140e-01
  8.389608155190e-01
  8.398744195670e-01
  8.411836612160e-01
  8.408644201250e-01
  8.414784399640e-01
  8.414434024630e-01
  8.414680456770e-01
  8.415971782970e-01
  8.417682062570e-01
  8.420800232340e-01
  8.446388204090e-01
  8.445528845050e-01
  8.445025376260e-01
  8.441364948370e-01
  8.445894411160e-01
  8.451924009890e-01
  8.462012295670e-01
  8.462028371250e-01
  8.461945078540e-01
  8.467459814560e-01
  8.473357409530e-01
  8.475414102030e-01
  8.477223800010e-01
  8.477225664770e-01
  8.478926907300e-01
  8.480946722030e-01
  8.501459780500e-01
  8.499137016380e-01
  8.506254740410e-01
  8.503516116800e-01
  8.507421415050e-01
  8.508566160680e-01
  8.511838479830e-01
  8.529582735740e-01
  8.533401219950e-01
  8.531250917360e-01
  8.533850238520e-01
  8.537871527010e-01
  8.536151557440e-01
  8.535525894330e-01
  8.536360601510e-01
  8.538836343120e-01
  8.556584882620e-01
  8.560221966330e-01
  8.562718235340e-01
  8.562736081470e-01
  8.563777697950e-01
  8.562162803480e-01
  8.565216862050e-01
  8.565623627130e-01
  8.587630988300e-01
  8.587917623740e-01
  8.588209110260e-01
  8.592196209590e-01
  8.590054616060e-01
  8.594786136500e-01
  8.611695547900e-01
  8.615538979230e-01
  8.612516858430e-01
  8.618491696580e-01
  8.617948211670e-01
  8.620024518230e-01
  8.620688889390e-01
  8.640107921080e-01
  8.640513923260e-01
  8.639646706510e-01
  8.642579260280e-01
  8.648410769820e-01
  8.643998725650e-01
  8.645200801160e-01
  8.645917263520e-01
  8.647372511490e-01
  8.648074278920e-01
  8.663138921770e-01
  8.663036577960e-01
  8.666807123110e-01
  8.668844562390e-01
  8.667342342030e-01
  8.670894705500e-01
  8.671889878750e-01
  8.673378623180e-01
  8.672052529820e-01
  8.685324237690e-01
  8.693373320980e-01
  8.696732167970e-01
  8.693943883950e-01
  8.694897091900e-01
  8.696567095150e-01
  8.698331712610e-01
  8.697431506340e-01
  8.697867448230e-01
  8.698575050110e-01
  8.715027360390e-01
  8.715855683970e-01
  8.715946247290e-01
  8.722102863450e-01
  8.720615467220e-01
  8.720297470680e-01
  8.721163273470e-01
  8.721552730830e-01
  8.742287250070e-01
  8.745435268570e-01
  8.744679807250e-01
  8.743950085050e-01
  8.746182415180e-01
  8.748698660630e-01
  8.748551629330e-01
  8.748792115190e-01
  8.748700795030e-01
  8.748692700130e-01
  8.760186020520e-01
  8.769191136980e-01
  8.767307498760e-01
  8.765595047060e-01
  8.770583114060e-01
  8.771914251360e-01
  8.773770327690e-01
  8.774778304970e-01
  8.774423518920e-01
  8.781899408370e-01
  8.786984075480e-01
  8.791206067140e-01
  8.795404840680e-01
  8.796118469750e-01
  8.796889464530e-01
  8.797645993570e-01
  8.797180303950e-01
  8.808338958560e-01
  8.808451561770e-01
  8.809337642290e-01
  8.810393577900e-01
  8.808289082040e-01
  8.810626642260e-01
  8.810420230540e-01
  8.812937780930e-01
  8.816754086380e-01
  8.814577436280e-01
  8.818071358870e-01
  8.818324981100e-01
  8.821365586460e-01
  8.831538871010e-01
  8.831996439640e-01
  8.832232116110e-01
  8.834823546670e-01
  8.835489010390e-01
  8.835783923860e-01
  8.837096607960e-01
  8.837875225560e-01
  8.838604350940e-01
  8.843160482550e-01
  8.843075572000e-01
  8.843103078050e-01
  8.843654649810e-01
  8.852274070910e-01
  8.855430105960e-01
  8.855645957250e-01
  8.857410830680e-01
  8.857835643770e-01
  8.859487837950e-01
  8.858892852670e-01
  8.862454907010e-01
  8.862770721910e-01
  8.874621334770e-01
  8.874723022080e-01
  8.877438545570e-01
  8.877485112840e-01
  8.875644435430e-01
  8.877115859200e-01
  8.879258036160e-01
  8.879532551340e-01
  8.882072290830e-01
  8.882986806460e-01
  8.896704305410e-01
  8.896924211660e-01
  8.896830718480e-01
  8.896777667100e-01
  8.896787629450e-01
  8.897426291080e-01
  8.900771697980e-01
  8.896891997050e-01
  8.900455699310e-01
  8.899388183680e-01
  8.914685479720e-01
  8.915810595000e-01
  8.917963087880e-01
  8.917566278580e-01
  8.919027346700e-01
  8.919749121720e-01
  8.920144536010e-01
  8.920301862360e-01
  8.921176747860e-01
  8.923028271260e-01
  8.923908903600e-01
  8.927130421470e-01
  8.935214226910e-01
  8.937491810720e-01
  8.938038038910e-01
  8.938493373360e-01
  8.937748665400e-01
  8.940082893560e-01
  8.940475474970e-01
  8.939892445360e-01
  8.940370104990e-01
  8.940594437150e-01
  8.940837897610e-01
  8.949727104000e-01
  8.951760779390e-01
  8.951775883740e-01
  8.951517343100e-01
  8.957345380390e-01
  8.958098633780e-01
  8.959137368110e-01
  8.959268602020e-01
  8.959407946580e-01
  8.959187629670e-01
  8.964460271680e-01
  8.975214492650e-01
  8.973371427180e-01
  8.975459300760e-01
  8.975185162850e-01
  8.975283521200e-01
  8.975728025620e-01
  8.975935064880e-01
  8.974353864940e-01
  8.977488110570e-01
  8.981710744280e-01
  8.984453089550e-01
  8.988771367610e-01
  8.991922493950e-01
  8.994672470540e-01
  8.994618612020e-01
  8.994953035530e-01
  8.995176176780e-01
  8.994614911870e-01
  8.996804691340e-01
  8.995786863990e-01
  9.007134578190e-01
  9.007116829470e-01
  9.007111774360e-01
  9.007088538470e-01
  9.009405686420e-01
  9.008833467780e-01
  9.009394904280e-01
  9.009359319030e-01
  9.011251325640e-01
  9.013098035280e-01
  9.015027769180e-01
  9.019766716500e-01
  9.025811385390e-01
  9.029012754660e-01
  9.027927834110e-01
  9.027339851890e-01
  9.029664903960e-01
  9.027527728080e-01
  9.026949174930e-01
  9.027492469490e-01
  9.026207894710e-01
  9.029188435130e-01
  9.032316648440e-01
  9.033555364480e-01
  9.032026377740e-01
  9.037398372440e-01
  9.037653569960e-01
  9.037908581400e-01
  9.038115861080e-01
  9.043860678230e-01
  9.045914742540e-01
  9.045694812380e-01
  9.046140165520e-01
  9.050091791320e-01
  9.046441055200e-01
  9.054907331900e-01
  9.057524037500e-01
  9.059603999120e-01
  9.059386706780e-01
  9.065776819010e-01
  9.065773707720e-01
  9.065641504970e-01
  9.065802985170e-01
  9.065815109670e-01
  9.070592997830e-01
  9.070670611160e-01
  9.070653680760e-01
  9.071416352150e-01
  9.075519391010e-01
  9.075099896570e-01
  9.078417515770e-01
  9.075359132180e-01
  9.078964512600e-01
  9.076905784100e-01
  9.076806276600e-01
  9.076676388450e-01
  9.082152215100e-01
  9.084081018780e-01
  9.089376244820e-01
  9.094246166590e-01
  9.092724436000e-01
  9.092574423520e-01
  9.094357619720e-01
  9.095409960700e-01
  9.097566390240e-01
  9.104026541550e-01
  9.105723372850e-01
  9.105803297370e-01
  9.107002846800e-01
  9.106898340780e-01
  9.105956797060e-01
  9.106908771870e-01
  9.107634791700e-01
  9.110963086160e-01
  9.111054567860e-01
  9.112351637990e-01
  9.117762518670e-01
  9.117774090500e-01
  9.121913673230e-01
  9.121658751550e-01
  9.122698363390e-01
  9.122951974490e-01
  9.123370914070e-01
  9.123144422580e-01
  9.123810399210e-01
  9.126245736620e-01
  9.124506889760e-01
  9.126706911890e-01
  9.132609723760e-01
  9.134763358720e-01
  9.135507794520e-01
  9.137491432040e-01
  9.138683058980e-01
  9.139507024520e-01
  9.139498019250e-01
  9.139917454900e-01
  9.140150218110e-01
  9.141318115290e-01
  9.139380030900e-01
  9.142357917340e-01
  9.149645008310e-01
  9.150707661200e-01
  9.149979063020e-01
  9.150151127920e-01
  9.150857348620e-01
  9.150282315110e-01
  9.151268731300e-01
  9.153879608850e-01
  9.154216904850e-01
  9.154354383050e-01
  9.162198098380e-01
  9.162240680650e-01
  9.166085013040e-01
  9.164312098180e-01
  9.162882144370e-01
  9.165599135920e-01
  9.164350245800e-01
  9.165163759710e-01
  9.165574235200e-01
  9.165064811650e-01
  9.165650806940e-01
  9.166554903770e-01
  9.172686493250e-01
  9.172596407330e-01
  9.172790532470e-01
  9.173055744990e-01
  9.173783931070e-01
  9.177430183700e-01
  9.177329398510e-01
  9.178958883150e-01
  9.178148758500e-01
  9.179000536900e-01
  9.179371741510e-01
  9.183236835300e-01
  9.186873274870e-01
  9.186903077180e-01
  9.187431514170e-01
  9.187650131850e-01
  9.189463239700e-01
  9.190686537740e-01
  9.190489003830e-01
  9.190857273940e-01
  9.195207389910e-01
  9.195519499240e-01
  9.194216328360e-01
  9.197767097300e-01
  9.198030262410e-01
  9.198274926800e-01
  9.202375911720e-01
  9.203873950380e-01
  9.203957557970e-01
  9.206639890050e-01
  9.206845849980e-01
  9.207174088250e-01
  9.208153951830e-01
  9.211580690140e-01
  9.214237087920e-01
  9.213977762210e-01
  9.215066420770e-01
  9.215269251200e-01
  9.215094414720e-01
  9.214906592670e-01
  9.214814209730e-01
  9.218244426120e-01
  9.220202098850e-01
  9.219622050010e-01
  9.220938683690e-01
  9.225904971030e-01
  9.225651908360e-01
  9.225208672010e-01
  9.225831108870e-01
  9.228654323540e-01
  9.228201990130e-01
  9.226188919620e-01
  9.229176604620e-01
  9.229779730650e-01
  9.232446586220e-01
  9.232425590940e-01
  9.232436609970e-01
  9.237068221340e-01
  9.237067512260e-01
  9.238317947040e-01
  9.242002293810e-01
  9.242422134110e-01
  9.242702870630e-01
  9.243085078490e-01
  9.243150799160e-01
  9.243302062440e-01
  9.242983968770e-01
  9.247823112550e-01
  9.249606345690e-01
  9.250408071510e-01
  9.250514052510e-01
  9.250365171700e-01
  9.250305889640e-01
  9.251588389980e-01
  9.255217758320e-01
  9.255436873980e-01
  9.260178439350e-01
  9.260292575920e-01
  9.259909822040e-01
  9.260366062740e-01
  9.260587532860e-01
  9.262083977800e-01
  9.264004987490e-01
  9.264543384620e-01
  9.269390257990e-01
  9.271378650500e-01
  9.271389254740e-01
  9.272186224960e-01
  9.273337864700e-01
  9.271819335300e-01
  9.272459990130e-01
  9.270736288740e-01
  9.274599639630e-01
  9.275861578310e-01
  9.275905318730e-01
  9.275841474110e-01
  9.281697316220e-01
  9.283668660380e-01
  9.282179449180e-01
  9.283770560520e-01
  9.283051765390e-01
  9.284282033980e-01
  9.284620066660e-01
  9.284657842700e-01
  9.284814577640e-01
  9.289152546110e-01
  9.289746867950e-01
  9.289749423360e-01
  9.290452526670e-01
  9.293538120630e-01
  9.293723081840e-01
  9.295687831980e-01
  9.295025793980e-01
  9.294702630940e-01
  9.295655840420e-01
  9.296537479360e-01
  9.301647694900e-01
  9.300670481210e-01
  9.302735028950e-01
  9.302785623650e-01
  9.302586040860e-01
  9.304483577610e-01
  9.305337500990e-01
  9.305451055810e-01
  9.305460343670e-01
  9.305415245900e-01
  9.308572067640e-01
  9.309377568420e-01
  9.312441165690e-01
  9.313007191060e-01
  9.314360375430e-01
  9.316208621460e-01
  9.317122157190e-01
  9.317249759310e-01
  9.317385378060e-01
  9.317499362450e-01
  9.317600748120e-01
  9.318013105250e-01
  9.319674548490e-01
  9.319998780370e-01
  9.320893389310e-01
  9.321670270290e-01
  9.323495110150e-01
  9.322930275070e-01
  9.322948720150e-01
  9.324032194600e-01
  9.324480320870e-01
  9.323738808190e-01
  9.324549493660e-01
  9.329722503120e-01
  9.329695677430e-01
  9.329742430650e-01
  9.329766599090e-01
  9.329743006230e-01
  9.331427494550e-01
  9.330802516120e-01
  9.332321504540e-01
  9.332622810740e-01
  9.332300025050e-01
  9.332710071090e-01
  9.332652709000e-01
  9.336180463200e-01
  9.339595860640e-01
  9.339981680150e-01
  9.340132738230e-01
  9.342691379910e-01
  9.345117269770e-01
  9.345891378270e-01
  9.347152185550e-01
  9.349426482220e-01
  9.349401325940e-01
  9.350547570860e-01
  9.352582634760e-01
  9.352727875450e-01
  9.354310209940e-01
  9.354210622810e-01
  9.356512944260e-01
  9.356416520640e-01
  9.358055015120e-01
  9.358501731620e-01
  9.358584492010e-01
  9.358725443530e-01
  9.358756263760e-01
  9.359386346180e-01
  9.364783891440e-01
  9.364598624110e-01
  9.364622253060e-01
  9.365185394940e-01
  9.366390395280e-01
  9.366194937200e-01
  9.369061042720e-01
  9.371806871470e-01
  9.371466587520e-01
  9.372120975320e-01
  9.372577625260e-01
  9.373568674740e-01
  9.373889949690e-01
  9.374760223520e-01
  9.376372603870e-01
  9.377420608530e-01
  9.378759315190e-01
  9.380467884300e-01
  9.380382967480e-01
  9.380559820660e-01
  9.380699581080e-01
  9.380760094560e-01
  9.380726879160e-01
  9.381594089080e-01
  9.381689908820e-01
  9.381777696520e-01
  9.381905418520e-01
  9.382073266650e-01
  9.383833325060e-01
  9.383614490090e-01
  9.385403485580e-01
  9.386393730530e-01
  9.388009819490e-01
  9.389020302490e-01
  9.388784815960e-01
  9.389648316780e-01
  9.389476606000e-01
  9.389894840540e-01
  9.389711882010e-01
  9.389799440300e-01
  9.389098139230e-01
  9.390748768450e-01
  9.393738568130e-01
  9.394265640650e-01
  9.394882892260e-01
  9.395018682300e-01
  9.395122520420e-01
  9.395234223650e-01
  9.395354012910e-01
  9.397130873490e-01
  9.397684879170e-01
  9.397447564010e-01
  9.397024825400e-01
  9.396835672190e-01
  9.399027731110e-01
  9.399658549060e-01
  9.399897810990e-01
  9.400960927000e-01
  9.402095429170e-01
  9.404566639160e-01
  9.405200178150e-01
  9.406969238720e-01
  9.407152913800e-01
  9.407424772690e-01
  9.410130488230e-01
  9.409964755330e-01
  9.410439365390e-01
  9.410196930380e-01
  9.409554879570e-01
  9.412021500050e-01
  9.414120711690e-01
  9.414227038960e-01
  9.414392469880e-01
  9.414546726410e-01
  9.414847998550e-01
  9.415191670580e-01
  9.415361827110e-01
  9.415527274710e-01
  9.416102643690e-01
  9.417085472780e-01
  9.417998804030e-01
  9.419836507510e-01
  9.419930284490e-01
  9.422784025620e-01
  9.424494679760e-01
  9.424886502140e-01
  9.426627712780e-01
  9.426661525080e-01
  9.426362137230e-01
  9.429928564160e-01
  9.429806727930e-01
  9.430073071670e-01
  9.431259789870e-01
  9.430512754220e-01
  9.431007897130e-01
  9.431809776150e-01
  9.433924514920e-01
  9.433921052490e-01
  9.436515590910e-01
  9.437339533490e-01
  9.436969701430e-01
  9.437467531970e-01
  9.437267157420e-01
  9.437591386510e-01
  9.436908190120e-01
  9.437498726130e-01
  9.438773076940e-01
  9.439045193820e-01
  9.441478653420e-01
  9.443390120460e-01
  9.443170847540e-01
  9.443837857570e-01
  9.443740700190e-01
  9.444919795390e-01
  9.444945917010e-01
  9.444781381580e-01
  9.445062712610e-01
  9.446350945900e-01
  9.447039055120e-01
  9.447182960420e-01
  9.447345386520e-01
  9.448679120140e-01
  9.449852057230e-01
  9.449978770210e-01
  9.450282089590e-01
  9.449959615420e-01
  9.451673757520e-01
  9.452079908390e-01
  9.453600130000e-01
  9.454470252020e-01
  9.454848815730e-01
  9.455064902590e-01
  9.455225000370e-01
  9.455417186610e-01
  9.456173408310e-01
  9.456889244280e-01
  9.457403068680e-01
  9.457772855910e-01
  9.458779174820e-01
  9.459723804700e-01
  9.459702849940e-01
  9.459684928520e-01
  9.461551109980e-01
  9.461973463350e-01
  9.462227102360e-01
  9.462068381120e-01
  9.462135725270e-01
  9.462550046360e-01
  9.464190627510e-01
  9.464476500310e-01
  9.464935523900e-01
  9.465132700050e-01
  9.466313257230e-01
  9.467012424560e-01
  9.466999677920e-01
  9.468203725500e-01
  9.468405840180e-01
  9.468356089590e-01
  9.468381600710e-01
  9.471075048400e-01
  9.472233561110e-01
  9.473292596780e-01
  9.473290216750e-01
  9.473408224700e-01
  9.473265812130e-01
  9.473338237940e-01
  9.473337415640e-01
  9.473426738890e-01
  9.473830054830e-01
  9.473660026420e-01
  9.475773330200e-01
  9.475981558660e-01
  9.476155482820e-01
  9.476286060020e-01
  9.476422163340e-01
  9.476590358440e-01
  9.476758609900e-01
  9.477872252860e-01
  9.477958788260e-01
  9.479869361430e-01
  9.479507543760e-01
  9.481159028140e-01
  9.481511732420e-01
  9.481888586550e-01
  9.483795251000e-01
  9.483836596600e-01
  9.484310250410e-01
  9.483720273270e-01
  9.485185760500e-01
  9.488325998390e-01
  9.488273019200e-01
  9.488541564490e-01
  9.488004240980e-01
  9.488531502600e-01
  9.489180746720e-01
  9.489689940210e-01
  9.489694450220e-01
  9.491711528280e-01
  9.492027967610e-01
  9.493892295630e-01
  9.493984689690e-01
  9.493995479070e-01
  9.494004109480e-01
  9.494010046080e-01
  9.494007440500e-01
  9.494057562370e-01
  9.494036270130e-01
  9.495207320900e-01
  9.498584553130e-01
  9.498256491050e-01
  9.498733102320e-01
  9.500241772390e-01
  9.501649392530e-01
  9.503218163530e-01
  9.503307417170e-01
  9.503248664790e-01
  9.503312917540e-01
  9.503260168520e-01
  9.503329792020e-01
  9.503273733960e-01
  9.503315582410e-01
  9.503234690140e-01
  9.503368477320e-01
  9.503056664890e-01
  9.504516484410e-01
  9.504693145380e-01
  9.504917928160e-01
  9.505479591330e-01
  9.507575792700e-01
  9.507482306970e-01
  9.507709844150e-01
  9.507919889670e-01
  9.508981147750e-01
  9.512635843440e-01
  9.514927863370e-01
  9.515353611150e-01
  9.515811626530e-01
  9.516365857170e-01
  9.516823789160e-01
  9.517185420260e-01
  9.517474520340e-01
  9.517739650890e-01
  9.518004781450e-01
  9.518197683230e-01
  9.518355932190e-01
  9.518470746530e-01
  9.518591369870e-01
  9.518727920760e-01
  9.518864400490e-01
  9.518968909080e-01
  9.519041187510e-01
  9.519137649770e-01
  9.519249984140e-01
  9.519378507540e-01
  9.519547231270e-01
  9.519852676980e-01
  9.521760025230e-01
  9.522338034850e-01
  9.521297663610e-01
  9.521984355520e-01
  9.522042427700e-01
  9.521725273250e-01
  9.522087054590e-01
  9.523680524250e-01
  9.523744919580e-01
  9.523849445120e-01
  9.523962043460e-01
  9.525137231010e-01
  9.525221090900e-01
  9.524914894860e-01
  9.526283119070e-01
  9.526242824710e-01
  9.526092717690e-01
  9.526176515610e-01
  9.526310482080e-01
  9.526203349150e-01
  9.526281787370e-01
  9.526282127520e-01
  9.526315722660e-01
  9.526297939250e-01
  9.526172079020e-01
  9.527471147180e-01
  9.527589358430e-01
  9.527750255310e-01
  9.528056156510e-01
  9.528458480730e-01
  9.529360082450e-01
  9.530229425680e-01
  9.530535270630e-01
  9.530776787890e-01
  9.530945687500e-01
  9.531074507560e-01
  9.531165465560e-01
  9.531235529310e-01
  9.531297565630e-01
  9.531364305330e-01
  9.531420668630e-01
  9.531485057360e-01
  9.531535852530e-01
  9.531595392200e-01
  9.531662161290e-01
  9.531742717290e-01
  9.531823245450e-01
  9.531909316580e-01
  9.532201561360e-01
  9.532257563720e-01
  9.532555574320e-01
  9.532668281930e-01
  9.532781117660e-01
  9.532893751020e-01
  9.533011986040e-01
  9.533111095820e-01
  9.533199663610e-01
  9.533320354600e-01
  9.533481286460e-01
  9.533690612880e-01
  9.534020710140e-01
  9.534848001640e-01
  9.535284590170e-01
  9.536245389920e-01
  9.536355680070e-01
  9.536462831770e-01
  9.536573105710e-01
  9.536653801800e-01
  9.537258686470e-01
  9.537191265120e-01
  9.537236374650e-01
  9.537563663520e-01
  9.538103992500e-01
  9.538482706220e-01
  9.538732377160e-01
  9.538909598380e-01
  9.539086972880e-01
  9.539280230880e-01
  9.539538037500e-01
  9.539965021880e-01
  9.540434708570e-01
  9.542304711320e-01
  9.542271206990e-01
  9.542404109170e-01
  9.542285484370e-01
  9.542247954200e-01
  9.542384438030e-01
  9.542835375610e-01
  9.542878959810e-01
  9.545010125210e-01
  9.545663258500e-01
  9.546203587230e-01
  9.546773824560e-01
  9.547117298030e-01
  9.547284166950e-01
  9.547808475960e-01
  9.548086899450e-01
  9.549401324900e-01
  9.550005716780e-01
  9.550106334430e-01
  9.550109340520e-01
  9.550173145400e-01
  9.550028748980e-01
  9.550233360960e-01
  9.550203575550e-01
  9.550301481540e-01
  9.551879135930e-01
  9.552422442610e-01
  9.553515743230e-01
  9.553591854980e-01
  9.554725943390e-01
  9.554947128770e-01
  9.555143307580e-01
  9.555337304020e-01
  9.555538995360e-01
  9.555886180200e-01
  9.557622924780e-01
  9.557646232580e-01
  9.557718476920e-01
  9.557936364770e-01
  9.558041851610e-01
  9.558156369020e-01
  9.558292578190e-01
  9.558029295990e-01
  9.560344009200e-01
  9.561152359820e-01
  9.561742493340e-01
  9.562769185810e-01
  9.564380658120e-01
  9.565637441000e-01
  9.565846507700e-01
  9.565950872760e-01
  9.565962547860e-01
  9.565951869360e-01
  9.565689793460e-01
  9.565830937590e-01
  9.567183178130e-01
  9.567560736220e-01
  9.567821702270e-01
  9.568048152130e-01
  9.568234171830e-01
  9.568995310510e-01
  9.568953435060e-01
  9.569340739590e-01
  9.569720246750e-01
  9.569836954380e-01
  9.569639752100e-01
  9.571643757200e-01
  9.571872751510e-01
  9.571709316720e-01
  9.571654051680e-01
  9.571634477110e-01
  9.571473060850e-01
  9.572152453430e-01
  9.572160056360e-01
  9.573148331190e-01
  9.573382984370e-01
  9.573731261530e-01
  9.574208836690e-01
  9.574808034270e-01
  9.576248907630e-01
  9.577968902780e-01
  9.578834159420e-01
  9.579255819670e-01
  9.579555849050e-01
  9.579758692120e-01
  9.579947558520e-01
  9.580072471550e-01
  9.580155870350e-01
  9.580245275210e-01
  9.580332095270e-01
  9.580404933680e-01
  9.580480420730e-01
  9.580553243840e-01
  9.580601877330e-01
  9.580644952600e-01
  9.580701789410e-01
  9.580774624020e-01
  9.580861601170e-01
  9.580974971740e-01
  9.581275068760e-01
  9.581569321340e-01
  9.581666684630e-01
  9.581788308990e-01
  9.581907558010e-01
  9.581980396410e-01
  9.582037357020e-01
  9.582102188530e-01
  9.583147402690e-01
  9.583163520720e-01
  9.583052354680e-01
  9.582992087730e-01
  9.584794523970e-01
  9.585542997070e-01
  9.586386869460e-01
  9.587463503850e-01
  9.587902116260e-01
  9.588259498470e-01
  9.588440658510e-01
  9.588592493780e-01
  9.588744383710e-01
  9.588892997480e-01
  9.589039185720e-01
  9.589177191580e-01
  9.589274755080e-01
  9.589347816360e-01
  9.589412690350e-01
  9.589477595190e-01
  9.589542744670e-01
  9.589607643810e-01
  9.589680714630e-01
  9.589769986920e-01
  9.589853620830e-01
  9.589940567760e-01
  9.590249257570e-01
  9.590582314830e-01
  9.590720326380e-01
  9.590833912220e-01
  9.590939550240e-01
  9.591042713180e-01
  9.591118132260e-01
  9.591191337580e-01
  9.591304844260e-01
  9.591418592020e-01
  9.591516197210e-01
  9.591646049390e-01
  9.591857272070e-01
  9.592092802490e-01
  9.592304020150e-01
  9.592520757500e-01
  9.592799419720e-01
  9.593181127670e-01
  9.593530730420e-01
  9.594580061830e-01
  9.595612612380e-01
  9.595818472150e-01
  9.596008783340e-01
  9.596181936970e-01
  9.596344635520e-01
  9.596520993290e-01
  9.596726834990e-01
  9.597106685640e-01
  9.597412395690e-01
  9.597540014210e-01
  9.597686505470e-01
  9.597808548650e-01
  9.597930355820e-01
  9.598106928050e-01
  9.598255835770e-01
  9.598394006420e-01
  9.598638170520e-01
  9.598955205320e-01
  9.599513969210e-01
  9.600897821640e-01
  9.602301159740e-01
  9.602879343960e-01
  9.603246083800e-01
  9.603555580970e-01
  9.603734740190e-01
  9.603913896550e-01
  9.604656404540e-01
  9.604711996850e-01
  9.604952194720e-01
  9.605616041690e-01
  9.605893009050e-01
  9.606424747050e-01
  9.606905325260e-01
  9.607147475560e-01
  9.607237076800e-01
  9.607955321790e-01
  9.607945639710e-01
  9.608120158160e-01
  9.608047020920e-01
  9.608060318600e-01
  9.608034192400e-01
  9.608082404690e-01
  9.608192404580e-01
  9.608868877890e-01
  9.609146336780e-01
  9.610152027760e-01
  9.610029507080e-01
  9.610063220430e-01
  9.611065907280e-01
  9.611224023040e-01
  9.611379151580e-01
  9.611512124950e-01
  9.611610024460e-01
  9.611724157940e-01
  9.611928234460e-01
  9.612205676070e-01
  9.612431348670e-01
  9.612564537160e-01
  9.612711278900e-01
  9.612831336540e-01
  9.612964215570e-01
  9.613141201480e-01
  9.613331356250e-01
  9.613543357600e-01
  9.613983825210e-01
  9.614644888370e-01
  9.615568286030e-01
  9.616298256540e-01
  9.616505827910e-01
  9.616606245460e-01
  9.616710075710e-01
  9.616802386270e-01
  9.616875975260e-01
  9.616990329670e-01
  9.617151405640e-01
  9.617600868270e-01
  9.618641187880e-01
  9.618900035860e-01
  9.619777251140e-01
  9.620455488720e-01
  9.621321746120e-01
  9.622163231300e-01
  9.622719433680e-01
  9.623128759020e-01
  9.623546323670e-01
  9.625163131320e-01
  9.625216878790e-01
  9.627157519800e-01
  9.627820762780e-01
  9.628074468040e-01
  9.628819721310e-01
  9.629785864920e-01
  9.630195293240e-01
  9.630350860630e-01
  9.630465379910e-01
  9.630572054160e-01
  9.630653996800e-01
  9.630719329220e-01
  9.630785032150e-01
  9.630866896210e-01
  9.630940543470e-01
  9.630997889790e-01
  9.631085398940e-01
  9.631194290480e-01
  9.631292632540e-01
  9.631374636410e-01
  9.631456700050e-01
  9.631877686400e-01
  9.631907894720e-01
  9.631866781630e-01
  9.632317962090e-01
  9.632432575500e-01
  9.632547613410e-01
  9.632645860700e-01
  9.632744160340e-01
  9.632834416360e-01
  9.632930539950e-01
  9.633047694520e-01
  9.633186940240e-01
  9.633324102800e-01
  9.633449684960e-01
  9.633580811140e-01
  9.633711874230e-01
  9.633908539100e-01
  9.634171134240e-01
  9.634704142670e-01
  9.635310880680e-01
  9.635688236730e-01
  9.635967359530e-01
  9.636131704680e-01
  9.636221936280e-01
  9.636287521920e-01
  9.636361328880e-01
  9.636435371060e-01
  9.636514958020e-01
  9.636599716200e-01
  9.637176227030e-01
  9.637262867780e-01
  9.637318625930e-01
  9.637289368920e-01
  9.637323457950e-01
  9.637326096550e-01
  9.637962479070e-01
  9.638028249650e-01
  9.638093700000e-01
  9.638175813930e-01
  9.638266210420e-01
  9.638340055430e-01
  9.638413982790e-01
  9.638488075220e-01
  9.638586443130e-01
  9.638728568020e-01
  9.639019096490e-01
  9.639497829090e-01
  9.640236765290e-01
  9.642102554450e-01
  9.644880818920e-01
  9.646920920250e-01
  9.647817736150e-01
  9.648179767830e-01
  9.648393776510e-01
  9.648602169440e-01
  9.648774853200e-01
  9.648961443410e-01
  9.649397678920e-01
  9.649817337640e-01
  9.650006605710e-01
  9.650187761340e-01
  9.650371245500e-01
  9.651143012270e-01
  9.652057499150e-01
  9.652518952550e-01
  9.653688943190e-01
  9.654867267190e-01
  9.655419227120e-01
  9.655831199300e-01
  9.656051207280e-01
  9.656259773770e-01
  9.656471702170e-01
  9.656688695530e-01
  9.657084596050e-01
  9.658718212870e-01
  9.658720821310e-01
  9.658836875540e-01
  9.660235954210e-01
  9.660458805800e-01
  9.660689979090e-01
  9.660862863230e-01
  9.661003115750e-01
  9.661135060220e-01
  9.661286144770e-01
  9.661819766450e-01
  9.662131045830e-01
  9.662158353400e-01
  9.662951011720e-01
  9.663124440840e-01
  9.663281579870e-01
  9.663396967690e-01
  9.663518532580e-01
  9.663645086770e-01
  9.663771433810e-01
  9.663958871840e-01
  9.664206766920e-01
  9.664462954020e-01
  9.664724891540e-01
  9.664950396980e-01
  9.665214791230e-01
  9.665537041310e-01
  9.665875666390e-01
  9.666255686650e-01
  9.666644216820e-01
  9.667115149490e-01
  9.667668448660e-01
  9.668172622840e-01
  9.668808766390e-01
  9.669760174290e-01
  9.670769197110e-01
  9.672622353110e-01
  9.675363367540e-01
  9.677273471180e-01
  9.677944704990e-01
  9.678350832110e-01
  9.678781308810e-01
  9.679079842430e-01
  9.679270541160e-01
  9.679408699210e-01
  9.679541301220e-01
  9.679734091960e-01
  9.679949699430e-01
  9.680146248700e-01
  9.680998696850e-01
  9.681018458970e-01
  9.681072621920e-01
  9.681888377790e-01
  9.682054160460e-01
  9.682267184570e-01
  9.682452050210e-01
  9.682658980370e-01
  9.682923958090e-01
  9.683147725100e-01
  9.683537421250e-01
  9.684541084230e-01
  9.686092701580e-01
  9.687155142560e-01
  9.687470201580e-01
  9.687746551070e-01
  9.688009725360e-01
  9.688175513840e-01
  9.688294258220e-01
  9.688407870090e-01
  9.688549019500e-01
  9.688673351000e-01
  9.688764872210e-01
  9.688870024360e-01
  9.688972190720e-01
  9.689096626900e-01
  9.689245712960e-01
  9.689370249800e-01
  9.689478064270e-01
  9.690204271400e-01
  9.690208543240e-01
  9.690214074730e-01
  9.690170019810e-01
  9.690930191650e-01
  9.691046659980e-01
  9.691195790300e-01
  9.691361848470e-01
  9.691577412600e-01
  9.691760060840e-01
  9.691925884430e-01
  9.692255610060e-01
  9.692739810270e-01
  9.693354416510e-01
  9.694151603340e-01
  9.694816261650e-01
  9.695439033260e-01
  9.696194862850e-01
  9.698025767110e-01
  9.700916477300e-01
  9.703852577930e-01
  9.705959807460e-01
  9.707424472960e-01
  9.709753182930e-01
  9.711792857440e-01
  9.712586549810e-01
  9.713064560490e-01
  9.713442240960e-01
  9.713675445390e-01
  9.713817078600e-01
  9.713942080250e-01
  9.714050436320e-01
  9.714177836210e-01
  9.714342006080e-01
  9.714575307540e-01
  9.715534583920e-01
  9.715558478820e-01
  9.716508567070e-01
  9.716708211610e-01
  9.716889212150e-01
  9.717141784820e-01
  9.717358343670e-01
  9.717605893050e-01
  9.717908347240e-01
  9.718294057520e-01
  9.718716776110e-01
  9.719241323470e-01
  9.719910800140e-01
  9.720758655970e-01
  9.722343048630e-01
  9.724951205200e-01
  9.728000423620e-01
  9.731219588050e-01
  9.734383955390e-01
  9.737071934690e-01
  9.738725867160e-01
  9.739661823500e-01
  9.740340906960e-01
  9.740741983030e-01
  9.741154964300e-01
  9.741508383170e-01
  9.741717323560e-01
  9.741917931280e-01
  9.742185175300e-01
  9.742418956890e-01
  9.742628050300e-01
  9.742878434020e-01
  9.743112571820e-01
  9.743304854580e-01
  9.743572222360e-01
  9.744672028110e-01
  9.744800422530e-01
  9.745978405700e-01
  9.746362638840e-01
  9.746730047750e-01
  9.747131300440e-01
  9.747621899500e-01
  9.748454419730e-01
  9.749574793620e-01
  9.751253107270e-01
  9.753669189660e-01
  9.755398194980e-01
  9.756011453280e-01
  9.756652896410e-01
  9.757307462340e-01
  9.758369998230e-01
  9.759741633200e-01
  9.760846202910e-01
  9.762009500350e-01
  9.763499040120e-01
  9.765231510010e-01
  9.767918036270e-01
  9.770686474610e-01
  9.772455655820e-01
  9.775101149270e-01
  9.778803211920e-01
  9.782454957480e-01
  9.786275840270e-01
  9.790029688510e-01
  9.793926428070e-01
  9.797865884160e-01
  9.801746925280e-01
  9.804933418070e-01
  9.806401107580e-01
  9.807079889480e-01
  9.807658990840e-01
  9.808120040070e-01
  9.808472235880e-01
  9.808882858600e-01
  9.809570640320e-01
  9.810954331220e-01
  9.812346070340e-01
  9.813302270210e-01
  9.814208029860e-01
  9.814929281710e-01
  9.815684274620e-01
  9.816741431120e-01
  9.818830040850e-01
  9.822367215220e-01
  9.826707378300e-01
  1.007958578870e+00
