1601
  2.184768985490e-01
  2.188196362460e-01
  2.191617306920e-01
  2.195029634390e-01
  2.198434158730e-01
  2.201831530230e-01
  2.204917736050e-01
  2.207761951330e-01
  2.210599022470e-01
  2.213429833140e-01
  2.216256746980e-01
  2.219077123180e-01
  2.221891324220e-01
  2.224768567630e-01
  2.227682449720e-01
  2.230589428060e-01
  2.233490384580e-01
  2.236386428480e-01
  2.239277766880e-01
  2.242171022360e-01
  2.245057375090e-01
  2.247925760490e-01
  2.250776975000e-01
  2.253619616410e-01
  2.256458361270e-01
  2.259305216920e-01
  2.262144338090e-01
  2.264976132360e-01
  2.267806586900e-01
  2.270629786960e-01
  2.273446191310e-01
  2.276263952460e-01
  2.279077229680e-01
  2.281883374830e-01
  2.284684727230e-01
  2.287481243750e-01
  2.290271007410e-01
  2.292737370150e-01
  2.294950764420e-01
  2.297158567080e-01
  2.299361269980e-01
  2.301563927550e-01
  2.303759621220e-01
  2.305958361600e-01
  2.308193324170e-01
  2.310427455540e-01
  2.312656204740e-01
  2.314876957460e-01
  2.317029032110e-01
  2.319153598670e-01
  2.321310865040e-01
  2.323509457950e-01
  2.325700361060e-01
  2.328269055250e-01
  2.332144605000e-01
  2.336117098730e-01
  2.340076297170e-01
  2.343953316380e-01
  2.347797680860e-01
  2.351633090100e-01
  2.355474541190e-01
  2.359340301610e-01
  2.363194865560e-01
  2.367043554670e-01
  2.370910692480e-01
  2.374780135740e-01
  2.378683016070e-01
  2.382583448690e-01
  2.386472805360e-01
  2.390353698270e-01
  2.394293749170e-01
  2.398540624000e-01
  2.402813941850e-01
  2.407078367630e-01
  2.411319403260e-01
  2.415545371270e-01
  2.419760615690e-01
  2.423970149580e-01
  2.428197301200e-01
  2.432415403680e-01
  2.436624133940e-01
  2.440795468760e-01
  2.444942174810e-01
  2.449076440100e-01
  2.453201345240e-01
  2.457332405130e-01
  2.461458390760e-01
  2.465573888950e-01
  2.469423417720e-01
  2.472686836760e-01
  2.475917980050e-01
  2.479140590660e-01
  2.482355002170e-01
  2.485571698380e-01
  2.488780191950e-01
  2.491978581370e-01
  2.495161906210e-01
  2.498335211940e-01
  2.501499804960e-01
  2.504656680050e-01
  2.507810628520e-01
  2.510954626130e-01
  2.514092426090e-01
  2.517218965900e-01
  2.520344168570e-01
  2.523460296400e-01
  2.526569745070e-01
  2.529764442670e-01
  2.532998029410e-01
  2.536228997020e-01
  2.539452962770e-01
  2.542667593920e-01
  2.545874119600e-01
  2.549078633330e-01
  2.552273207020e-01
  2.555457917600e-01
  2.558634720470e-01
  2.561807646270e-01
  2.564972557320e-01
  2.568128661450e-01
  2.571277353860e-01
  2.574419050530e-01
  2.577554095050e-01
  2.580679962780e-01
  2.583801712400e-01
  2.586918079460e-01
  2.589943728860e-01
  2.592731968280e-01
  2.595497675940e-01
  2.598258973100e-01
  2.601014700760e-01
  2.603761464770e-01
  2.606514966880e-01
  2.609264463410e-01
  2.612007288980e-01
  2.614744551610e-01
  2.617475892440e-01
  2.620206721790e-01
  2.622933537260e-01
  2.625653944310e-01
  2.628370029530e-01
  2.631079789260e-01
  2.633785129720e-01
  2.636481415290e-01
  2.639170309760e-01
  2.641855216770e-01
  2.644556477630e-01
  2.647620851840e-01
  2.650806626200e-01
  2.653987595270e-01
  2.657159698140e-01
  2.660323284120e-01
  2.663482021350e-01
  2.666630854770e-01
  2.669775536590e-01
  2.672909262960e-01
  2.676038937650e-01
  2.679158416570e-01
  2.682272514000e-01
  2.685378568440e-01
  2.688478719450e-01
  2.691568682530e-01
  2.694651583130e-01
  2.697729551970e-01
  2.700799814700e-01
  2.703863101390e-01
  2.706917899360e-01
  2.709966762330e-01
  2.712924400990e-01
  2.715731084320e-01
  2.718524403570e-01
  2.721311041810e-01
  2.724091246700e-01
  2.726865501890e-01
  2.729631263460e-01
  2.732394328830e-01
  2.735147915190e-01
  2.737896093890e-01
  2.740634716090e-01
  2.743371100540e-01
  2.746099223510e-01
  2.748820289680e-01
  2.751534934310e-01
  2.754243392150e-01
  2.756945428920e-01
  2.759641086370e-01
  2.762329353950e-01
  2.765012653620e-01
  2.767688868280e-01
  2.770359365250e-01
  2.772920519410e-01
  2.772616617980e-01
  2.771024933350e-01
  2.769435739050e-01
  2.767852639710e-01
  2.766268518090e-01
  2.764692040760e-01
  2.763118010280e-01
  2.761549128620e-01
  2.759982219460e-01
  2.758419460060e-01
  2.756860937830e-01
  2.755306918290e-01
  2.753754200730e-01
  2.752206777030e-01
  2.750663007790e-01
  2.750291722230e-01
  2.759467968910e-01
  2.770716051870e-01
  2.781936385240e-01
  2.793129560930e-01
  2.804297525460e-01
  2.815437521390e-01
  2.826551183260e-01
  2.837632880320e-01
  2.848582471810e-01
  2.859483012330e-01
  2.870352878090e-01
  2.881195752490e-01
  2.892012161260e-01
  2.902806031350e-01
  2.913572275690e-01
  2.924312364500e-01
  2.933136189380e-01
  2.919669595060e-01
  2.899971494630e-01
  2.880567030060e-01
  2.861218846450e-01
  2.841910096180e-01
  2.836330129450e-01
  2.843905748060e-01
  2.851461981190e-01
  2.858583971250e-01
  2.865431742950e-01
  2.872575047760e-01
  2.880157685940e-01
  2.886778439390e-01
  2.893597071650e-01
  2.900432366470e-01
  2.907250633080e-01
  2.914018452740e-01
  2.920687246390e-01
  2.926881067890e-01
  2.932982345060e-01
  2.939937064510e-01
  2.947343661760e-01
  2.954698179760e-01
  2.956803157700e-01
  2.955189581980e-01
  2.953275036940e-01
  2.951025722860e-01
  2.948782481710e-01
  2.946541538260e-01
  2.944306323190e-01
  2.942101047430e-01
  2.939907239370e-01
  2.937440578320e-01
  2.934558513200e-01
  2.931681184500e-01
  2.928809685380e-01
  2.941718341770e-01
  3.010827809890e-01
  3.018320073170e-01
  3.013115713440e-01
  3.007922527320e-01
  3.002482363940e-01
  2.996151245120e-01
  2.989662709760e-01
  2.983051057810e-01
  2.976459129190e-01
  2.970094426610e-01
  2.968953484560e-01
  3.000726145080e-01
  3.039035852990e-01
  3.063387458470e-01
  3.047298281190e-01
  3.028746086300e-01
  3.010313782700e-01
  2.991930894280e-01
  2.977393571880e-01
  2.986757257970e-01
  3.000252221460e-01
  3.013590878790e-01
  3.026295601990e-01
  3.038885703900e-01
  3.050613688510e-01
  3.037281057820e-01
  3.012451521700e-01
  3.003795883290e-01
  3.030977086380e-01
  3.059384876210e-01
  3.044343212340e-01
  2.978975981280e-01
  3.004091893590e-01
  2.968901182480e-01
  2.983627245820e-01
  2.993650857130e-01
  2.970489241490e-01
  3.046925358750e-01
  3.060311277450e-01
  3.047693850480e-01
  3.070393695750e-01
  3.096152125460e-01
  3.098439747060e-01
  3.077720168450e-01
  3.056735237690e-01
  3.044935461920e-01
  3.051483033820e-01
  3.058539343170e-01
  3.065645402350e-01
  3.072706986470e-01
  3.077486501010e-01
  3.053914125320e-01
  3.022721639840e-01
  3.022919094120e-01
  3.030778356310e-01
  3.055949974100e-01
  3.113788792210e-01
  3.170487161040e-01
  3.148219610680e-01
  3.084007851080e-01
  3.049799945990e-01
  3.147583951850e-01
  3.149058264950e-01
  3.063341700720e-01
  3.086335570430e-01
  3.157774111360e-01
  3.044960647490e-01
  2.995675859040e-01
  3.127490210350e-01
  3.055354790080e-01
  3.117291598800e-01
  3.163755755580e-01
  3.143348136210e-01
  3.174548095470e-01
  3.182167111830e-01
  3.139186829790e-01
  3.120700611210e-01
  3.135885713550e-01
  3.078395896940e-01
  3.064080710490e-01
  2.959447322320e-01
  2.996493507710e-01
  3.056129955960e-01
  3.115606550130e-01
  3.084771147390e-01
  2.955103156690e-01
  2.967510552900e-01
  3.097304523280e-01
  3.132670107300e-01
  3.032680903980e-01
  2.981919973970e-01
  3.097037002920e-01
  3.139395834860e-01
  3.093560515580e-01
  3.141132403780e-01
  3.142101906330e-01
  3.145227251940e-01
  3.192946924050e-01
  3.101818824660e-01
  3.039914283320e-01
  3.100063738590e-01
  3.157399705060e-01
  3.120371972920e-01
  3.226303171550e-01
  3.134183546370e-01
  3.039962910320e-01
  3.030384804050e-01
  3.077005060570e-01
  3.031535404030e-01
  3.127972227290e-01
  3.075907446640e-01
  3.076291768060e-01
  3.070440951250e-01
  3.234599253220e-01
  3.152719479340e-01
  3.108940941260e-01
  3.096482893800e-01
  3.147418835020e-01
  3.082738500610e-01
  3.063693289530e-01
  3.050907211740e-01
  3.049656836030e-01
  3.066824527530e-01
  3.084155552130e-01
  3.187702193650e-01
  3.240369440660e-01
  3.187474575080e-01
  3.223523583310e-01
  3.200796103360e-01
  3.128127435120e-01
  3.094777667210e-01
  3.064497310670e-01
  3.053286282950e-01
  3.077609954740e-01
  3.102703805050e-01
  3.127748115350e-01
  3.152597455910e-01
  3.179257006970e-01
  3.206193272500e-01
  3.230434291230e-01
  3.174558918720e-01
  3.085611156410e-01
  3.044427679640e-01
  3.033682298780e-01
  3.112528290900e-01
  3.120777722330e-01
  3.054797173880e-01
  3.090213990370e-01
  3.184181570890e-01
  3.277716675610e-01
  3.227906152290e-01
  3.177412714910e-01
  3.216259768990e-01
  3.126671096610e-01
  3.027673091610e-01
  3.070747494280e-01
  3.087065159440e-01
  3.092772837010e-01
  3.084326711020e-01
  3.117066176450e-01
  3.181997199200e-01
  3.268080634030e-01
  3.183124698580e-01
  3.197025845720e-01
  3.016728011090e-01
  3.085742108290e-01
  3.118177310270e-01
  3.015357604880e-01
  2.972834244780e-01
  3.099593121080e-01
  3.229928539590e-01
  3.369679749510e-01
  3.235722441240e-01
  3.073181757980e-01
  3.034166364300e-01
  3.003764647390e-01
  3.084466746920e-01
  3.125719461620e-01
  3.059799755640e-01
  3.066992910850e-01
  3.097743658700e-01
  3.173206992310e-01
  3.207073188350e-01
  3.143852768900e-01
  3.058729507860e-01
  3.124782662730e-01
  3.158228330100e-01
  3.212334460750e-01
  3.276914916870e-01
  3.174909724100e-01
  3.167224871600e-01
  3.243718095380e-01
  3.262507345330e-01
  3.136857919000e-01
  3.199298580610e-01
  3.221388843840e-01
  3.070246206000e-01
  2.919759179950e-01
  3.051246493750e-01
  3.166807025450e-01
  3.181922910490e-01
  3.235044452310e-01
  3.146874088510e-01
  2.951323768030e-01
  2.998303012730e-01
  3.184819488840e-01
  3.171892997800e-01
  3.153487748800e-01
  3.128393966570e-01
  3.166224779800e-01
  3.188273865190e-01
  3.254639081280e-01
  3.058657267260e-01
  3.179972100930e-01
  3.267395236210e-01
  3.335092476010e-01
  3.189392409700e-01
  3.207812856010e-01
  3.350360499600e-01
  3.224847030250e-01
  3.049438387640e-01
  3.311705082100e-01
  3.099477906120e-01
  3.092128780080e-01
  2.812349123920e-01
  2.910508460170e-01
  2.687922952010e-01
  2.884841680000e-01
  2.984328370140e-01
  2.982980860960e-01
  3.107101085200e-01
  3.216382410280e-01
  3.207477520740e-01
  3.111322063070e-01
  3.379997253580e-01
  3.323186603150e-01
  3.140039311290e-01
  3.201705057120e-01
  3.050127894570e-01
  3.057797376950e-01
  3.366899638570e-01
  3.274661068140e-01
  3.357757313660e-01
  2.965155950930e-01
  3.053939797710e-01
  3.053694893230e-01
  2.685095232550e-01
  2.811853930490e-01
  3.085182889400e-01
  3.090008358110e-01
  3.135114352160e-01
  3.076890378380e-01
  3.295200066690e-01
  3.232234258740e-01
  3.254674896400e-01
  3.123235800960e-01
  3.076558894090e-01
  3.370242829440e-01
  3.330497739020e-01
  3.052028876690e-01
  3.088360076590e-01
  3.271536857490e-01
  3.064961780970e-01
  3.181600022830e-01
  3.494048802010e-01
  3.065201669940e-01
  3.232803189960e-01
  3.124576422050e-01
  2.757559156710e-01
  2.819322849360e-01
  2.886763036950e-01
  2.953845481300e-01
  3.016548720380e-01
  3.077463118690e-01
  3.149374589940e-01
  3.177418071870e-01
  2.937412176000e-01
  3.132184588220e-01
  2.940482723480e-01
  2.997431852360e-01
  3.150376972570e-01
  3.052183441790e-01
  3.058410312790e-01
  3.257764083840e-01
  3.033242851590e-01
  2.986323813360e-01
  3.368670479280e-01
  3.131701259670e-01
  2.892908527980e-01
  2.828955627440e-01
  3.368900745470e-01
  3.457031159640e-01
  2.930847789790e-01
  2.977201047820e-01
  3.056381505560e-01
  3.018033924010e-01
  2.571322765590e-01
  2.966766077810e-01
  3.033690785030e-01
  3.039560921030e-01
  2.914944468220e-01
  2.792819519190e-01
  3.161920399010e-01
  2.980029117020e-01
  3.102099209760e-01
  3.101361631730e-01
  3.128197360690e-01
  2.946119483620e-01
  2.873784443910e-01
  2.835680582880e-01
  2.745649545770e-01
  3.013343940640e-01
  2.908336209870e-01
  2.903200902170e-01
  2.928231245560e-01
  2.875927627900e-01
  2.613269287800e-01
  2.472261556620e-01
  2.868220196720e-01
  2.907589181730e-01
  2.776454902210e-01
  2.873883117850e-01
  2.768722594010e-01
  2.523202458170e-01
  2.762417497190e-01
  3.015044277550e-01
  3.267747501490e-01
  3.248625268490e-01
  2.965502196140e-01
  3.083657093660e-01
  2.868767295850e-01
  2.685599799240e-01
  2.844298483780e-01
  2.681089802730e-01
  2.741142100890e-01
  3.083205754710e-01
  3.026033382510e-01
  3.293411175600e-01
  3.055498141320e-01
  2.679271527890e-01
  2.891797969900e-01
  3.106362123650e-01
  2.893779514900e-01
  2.852376094140e-01
  2.733124366040e-01
  2.530494592030e-01
  2.776741528570e-01
  2.924219909890e-01
  2.707120419140e-01
  2.473297732200e-01
  3.225481496900e-01
  3.098321394110e-01
  2.868642383470e-01
  3.066678104280e-01
  2.688540473720e-01
  2.987840026480e-01
  3.007164274620e-01
  2.746028126330e-01
  2.935383996110e-01
  2.508528584050e-01
  2.752340595660e-01
  3.028042982810e-01
  2.821493599500e-01
  2.664760621320e-01
  2.902378678260e-01
  3.137903242700e-01
  3.183155497680e-01
  2.933709541760e-01
  3.444642933000e-01
  3.282274436080e-01
  3.225638659830e-01
  3.028040472370e-01
  2.812364720910e-01
  2.975647697950e-01
  2.743933152590e-01
  2.908063022430e-01
  3.006142083670e-01
  3.137680111480e-01
  3.111862303980e-01
  2.846137763340e-01
  3.030232104310e-01
  2.835541638370e-01
  2.729347367140e-01
  2.850124260950e-01
  3.046953785500e-01
  2.838379536800e-01
  2.988604629010e-01
  3.012168740570e-01
  3.158367843710e-01
  2.787078750250e-01
  2.416561712970e-01
  2.530415226270e-01
  2.799402115940e-01
  2.507701768010e-01
  2.869395222090e-01
  2.574179465780e-01
  2.885630282530e-01
  3.128249268160e-01
  3.091894975490e-01
  3.238679094250e-01
  2.605577716360e-01
  2.277725884980e-01
  2.597437230650e-01
  2.730013054010e-01
  3.032202826800e-01
  3.063159946660e-01
  2.902856026360e-01
  2.490064602660e-01
  2.830097182010e-01
  2.947834343540e-01
  3.197614836410e-01
  3.105054836230e-01
  3.088804321420e-01
  3.013511728350e-01
  2.660685371520e-01
  2.637181583370e-01
  2.427975137770e-01
  2.595976218450e-01
  2.564862662450e-01
  2.856270270530e-01
  2.725383146240e-01
  2.745234650430e-01
  2.944716903900e-01
  2.923568947320e-01
  2.914274490440e-01
  2.544691308500e-01
  3.025270977110e-01
  2.912716146680e-01
  3.303485044940e-01
  3.127279511190e-01
  2.987749115180e-01
  2.795054823140e-01
  2.866895130450e-01
  2.757911536950e-01
  2.945023678390e-01
  2.953354973210e-01
  3.034523858600e-01
  2.848719017070e-01
  2.838272850510e-01
  2.926215893870e-01
  2.372530562240e-01
  2.479872887290e-01
  2.844426848900e-01
  2.424784421170e-01
  2.499434126220e-01
  3.017018568210e-01
  2.835234659320e-01
  2.846832291980e-01
  2.709741446380e-01
  2.644429022800e-01
  3.010119032110e-01
  3.658090466840e-01
  3.468940545260e-01
  3.510671626600e-01
  3.158488730130e-01
  3.555548455310e-01
  3.463739775570e-01
  3.699091618030e-01
  3.524967442160e-01
  3.096597628590e-01
  3.202832304150e-01
  3.034373131720e-01
  3.391230074930e-01
  2.737786243320e-01
  3.105914786740e-01
  2.970519386520e-01
  2.894068188280e-01
  3.003936111190e-01
  3.303494971250e-01
  2.960047694470e-01
  2.458281321420e-01
  3.305063103270e-01
  3.524664381680e-01
  2.774631086190e-01
  3.168389530390e-01
  2.905766871420e-01
  3.169464496550e-01
  2.504550507090e-01
  2.367552599420e-01
  2.305261654390e-01
  3.085102459280e-01
  2.468263044560e-01
  3.151281842320e-01
  2.640961469510e-01
  3.284064474250e-01
  3.394652278290e-01
  2.571971960480e-01
  2.239574538850e-01
  2.372752262850e-01
  2.091514595240e-01
  1.902423187340e-01
  2.275936286710e-01
  2.939437415930e-01
  2.750347070330e-01
  3.012735018590e-01
  3.326970803560e-01
  2.337673832620e-01
  2.937710684810e-01
  2.797198478480e-01
  2.842687981540e-01
  2.250077487490e-01
  2.426626058930e-01
  2.905755206460e-01
  2.374541433490e-01
  2.684446575290e-01
  3.140346762490e-01
  3.060617996920e-01
  2.631342351880e-01
  1.912458537640e-01
  1.877623110800e-01
  1.777679470040e-01
  2.157601695180e-01
  1.926600549320e-01
  2.933637816070e-01
  2.663480911670e-01
  2.449675624060e-01
  2.525524901150e-01
  3.270131110470e-01
  2.933259603240e-01
  2.779098456490e-01
  2.431441579890e-01
  2.624199385710e-01
  2.704274378570e-01
  2.328355180910e-01
  2.909907472390e-01
  2.591302746930e-01
  1.821604674370e-01
  2.922597508610e-01
  3.003267428660e-01
  2.613677660240e-01
  2.658793218320e-01
  2.733625300150e-01
  2.522122354200e-01
  2.254907232530e-01
  2.609585086260e-01
  2.999199963780e-01
  2.628151699590e-01
  2.988527256780e-01
  2.514167609980e-01
  2.285842431190e-01
  2.583728569000e-01
  3.027124106020e-01
  3.063726351710e-01
  2.791548818920e-01
  3.167402348470e-01
  2.909165819570e-01
  3.202661882010e-01
  2.707349394590e-01
  1.686376092440e-01
  2.385929780690e-01
  3.631729893420e-01
  3.517330084250e-01
  3.002697118760e-01
  3.173840236550e-01
  2.684664785910e-01
  2.743307932740e-01
  2.663594600190e-01
  2.741945037600e-01
  2.707563685520e-01
  2.646857548780e-01
  2.911023873040e-01
  2.499397384660e-01
  2.691662487130e-01
  2.194608869590e-01
  2.659719877970e-01
  1.924627714540e-01
  2.124030423030e-01
  2.159177882970e-01
  2.487840405230e-01
  1.893767211480e-01
  2.961903806680e-01
  4.718192110330e-01
  4.367174865240e-01
  3.269691279960e-01
  3.636242814410e-01
  2.578393967800e-01
  2.712405936720e-01
  3.167937095300e-01
  1.854746141070e-01
  2.654508581480e-01
  1.467566341720e-01
  1.243617486470e-01
  1.798812721000e-01
  2.668078007880e-01
  3.231823218310e-01
  3.664319003580e-01
  3.293182142770e-01
  2.298449794580e-01
  2.153091807530e-01
  2.139500656790e-01
  2.662396031320e-01
  2.912032924200e-01
  2.714511940700e-01
  2.144151261420e-01
  2.125983900330e-01
  2.488213894690e-01
  2.341445596840e-01
  2.313808249140e-01
  1.648455063490e-01
  1.458535466410e-01
  1.740002500130e-01
  2.787705211690e-01
  2.397877816500e-01
  1.755314377870e-01
  2.035219967450e-01
  2.296905330340e-01
  2.667177858350e-01
  2.908912941300e-01
  2.478713102290e-01
  2.262669982500e-01
  2.118288343800e-01
  2.833987510200e-01
  2.066192985800e-01
  2.798653418810e-01
  4.180791568410e-01
  1.772897569230e-01
  1.702019795070e-01
  2.506523272160e-01
  1.961747364730e-01
  2.031994573380e-01
  1.373860959050e-01
  2.224747024190e-01
  2.082097005490e-01
  1.642087611090e-01
  2.523833018430e-01
  2.498778395180e-01
  2.779697134330e-01
  2.638605378110e-01
  2.137832975950e-01
  2.260612970160e-01
  1.531125644270e-01
  1.846817858500e-01
  3.090737520180e-01
  3.963013327120e-01
  3.503439804480e-01
  2.205443859540e-01
  2.057471205690e-01
  3.063484535030e-01
  2.110252213180e-01
  3.020261999850e-01
  1.451267517310e-01
  1.435571548560e-01
  2.223930844570e-01
  2.788062050970e-01
  2.338780892450e-01
  2.602320713420e-01
  2.881427811920e-01
  2.824670075090e-01
  3.792756017620e-01
  2.531801511280e-01
  2.114174516420e-01
  2.296520655090e-01
  2.774809648190e-01
  3.009403498340e-01
  2.845386957110e-01
  2.151726234860e-01
  2.090623289470e-01
  1.655134101860e-01
  1.944657334550e-01
  1.751428256110e-01
  2.350328631150e-01
  3.364935474850e-01
  3.140100967470e-01
  3.616729986890e-01
  2.814901539020e-01
  3.273496113370e-01
  3.867635222280e-01
  3.361331205860e-01
  2.680468950780e-01
  2.869223590190e-01
  2.758787607470e-01
  3.008633931790e-01
  4.076937899110e-01
  1.755356798150e-01
  2.060753244670e-01
  2.385534163010e-01
  2.496513313460e-01
  1.463421748590e-01
  1.352643681770e-01
  1.136257305270e-01
  2.206523066200e-01
  1.744037189580e-01
  2.411232104700e-01
  1.932597536000e-01
  1.726353715490e-01
  1.783463228570e-01
  1.994329568820e-01
  3.541253077040e-01
  3.344255854900e-01
  4.389266066720e-01
  3.438885074070e-01
  2.326180005080e-01
  2.858797983710e-01
  3.082092075260e-01
  3.218333739070e-01
  2.995508340230e-01
  2.455541045460e-01
  2.615532447630e-01
  1.673395772260e-01
  2.141946889760e-01
  1.821140969090e-01
  2.829276841450e-01
  1.934326058210e-01
  2.807007314680e-01
  2.068123355170e-01
  1.386950267790e-01
  1.609966641340e-01
  2.812641270560e-01
  1.208805083060e-01
  1.471380815330e-01
  2.161033785680e-01
  3.788517512530e-01
  3.881562632900e-01
  2.217575378250e-01
  1.879704107790e-01
  1.652997246360e-01
  1.363213646460e-01
  1.797849322900e-01
  1.410430363900e-01
  2.327982465710e-01
  2.686591209930e-01
  2.356806152250e-01
  2.152652680840e-01
  2.708376622410e-01
  2.016665046900e-01
  2.333166418650e-01
  2.881116423510e-01
  3.109235543800e-01
  2.371975789560e-01
  3.666194851320e-01
  2.865159889870e-01
  2.647367304150e-01
  3.401820242540e-01
  2.460315056490e-01
  1.628209267440e-01
  1.209552092030e-01
  1.162358003320e-01
  2.129893501190e-01
  2.473238529690e-01
  2.318114580020e-01
  3.359855040220e-01
  3.398301744300e-01
  1.084825556530e-01
  1.741797533890e-01
  2.583701126340e-01
  3.230836816570e-01
  4.269080703130e-01
  2.662021974500e-01
  2.453361791670e-01
  2.357387328460e-01
  2.211344327480e-01
  2.047922016620e-01
  3.360361446490e-01
  3.550051069910e-01
  2.848882141710e-01
  1.812475645870e-01
  1.375360286020e-01
  1.816806607660e-01
  2.065781509340e-01
  1.822072224500e-01
  3.053543675320e-01
  2.861858445620e-01
  3.883943512560e-01
  4.465561515780e-01
  2.632843580340e-01
  7.868846254640e-02
  1.388424926600e-01
  1.451316390740e-01
  1.990290052690e-01
  3.007007352420e-01
  3.190381796660e-01
  1.534560101540e-01
  2.132913975580e-01
  1.038010172250e-01
  6.983006578920e-02
  1.377910049380e-01
  2.749570205080e-01
  2.252625179210e-01
  2.374015648170e-01
  3.227505806620e-01
  1.396664152470e-01
  1.507403880260e-01
  2.109041136680e-01
  1.439065577330e-01
  1.410531981940e-01
  1.259453516810e-01
  1.446984190600e-01
  1.191229270930e-01
  1.683651044580e-01
  3.123507604690e-01
  1.651232676130e-01
  2.384875603800e-01
  1.983558864510e-01
  1.511487875460e-01
  3.062820890840e-01
  1.919181252680e-01
  1.368180911860e-01
  2.019996675610e-01
  1.999716413030e-01
  3.385302663100e-01
  3.932304259970e-01
  1.872347563680e-01
  1.556387781150e-01
  2.053095864150e-01
  1.326603952000e-01
  9.413610567970e-02
  1.411372865490e-01
  1.911514085170e-01
  1.117836095240e-01
  1.923944222930e-01
  2.190283216350e-01
  1.625832725990e-01
  1.963941357730e-01
  1.024399364880e-01
  1.378912513180e-01
  2.103660836890e-01
  2.148060847990e-01
  3.253182328250e-01
  2.374835411030e-01
  1.629111207180e-01
  2.209450710570e-01
  3.778102133780e-01
  3.576429725510e-01
  2.993500429080e-01
  2.103340682360e-01
  2.448786550990e-01
  2.292903731770e-01
  2.397182144550e-01
  2.381095872650e-01
  2.626798819330e-01
  3.730868688870e-01
  3.661343044100e-01
  2.890655861900e-01
  2.819210244490e-01
  2.410015554200e-01
  2.316045064490e-01
  1.719100740330e-01
  1.194308859150e-01
  1.483007596370e-01
  7.471829619690e-02
  1.138993903990e-01
  1.198722461430e-01
  1.727425039480e-01
  2.066648902920e-01
  2.757621448310e-01
  1.826336686620e-01
  2.957498119390e-01
  3.483704543620e-01
  3.636251775250e-01
  1.502755395400e-01
  1.511783934030e-01
  1.512957395450e-01
  2.169391463620e-01
  2.978985363480e-01
  2.651622970020e-01
  2.180038679430e-01
  1.519842626800e-01
  1.087068095770e-01
  1.857140470560e-01
  1.775897797260e-01
  3.402754283710e-01
  3.628668945370e-01
  2.443000013810e-01
  2.455599748010e-01
  3.845707541270e-01
  2.401373306580e-01
  1.050785748170e-01
  6.080721054830e-02
  5.749950121580e-02
  8.478863577870e-02
  2.235162012920e-01
  1.576147813680e-01
  1.012393295290e-01
  1.613907815040e-01
  7.831452775090e-02
  1.071559524530e-01
  1.585077299210e-01
  2.891415495870e-01
  1.278343368500e-01
  1.151205882890e-01
  1.897934803150e-01
  1.685528824770e-01
  1.511095885090e-01
  1.955287230100e-01
  1.036731318840e-01
  2.632431353340e-01
  1.762138257230e-01
  1.445239606070e-01
  1.532918125550e-01
  1.736973977560e-01
  1.914011779490e-01
  2.368035431290e-01
  2.957440714880e-01
  1.451127435820e-01
  1.566357663890e-01
  1.148392799950e-01
  1.369240737710e-01
  2.231629579640e-01
  2.440172249260e-01
  2.063158586760e-01
  2.644845096670e-01
  1.208373470770e-01
  1.338680014920e-01
  1.844984035410e-01
  2.395751472130e-01
  3.158428993320e-01
  2.658607377260e-01
  2.316145276010e-01
  2.897883389010e-01
  4.305773597820e-01
  2.572581475130e-01
  2.339228528570e-01
  3.003906295670e-01
  2.328185038460e-01
  8.961937500700e-02
  1.432482869200e-01
  1.753912141830e-01
  1.515008977050e-01
  2.620221283170e-01
  4.396851596070e-01
  2.113511350530e-01
  2.919764886950e-01
  1.462260645570e-01
  1.910684801780e-01
  2.628762493990e-01
  1.398563305300e-01
  1.581195191760e-01
  4.400318095990e-01
  2.838011056340e-01
  1.418683528230e-01
  1.526225965370e-01
  2.288700765710e-01
  2.445607186580e-01
  3.488651328320e-01
  2.417435263460e-01
  1.756281372650e-01
  1.896874007430e-01
  2.114356939390e-01
  2.996757858420e-01
  3.277621698510e-01
  3.140969133480e-01
  2.423543466600e-01
  2.448214361170e-01
  2.691095250410e-01
  3.158693787260e-01
  3.459521159390e-01
  3.290375281380e-01
  5.003083897400e-01
  7.324919500350e-01
  4.627792167760e-01
  2.438362088180e-01
  3.594771042670e-01
  4.066889577430e-01
  3.319822943990e-01
  3.515251047690e-01
  3.442989804790e-01
  3.652272261190e-01
  4.647557743990e-01
  1.881687328460e-01
  2.129523557500e-01
  2.901647778630e-01
  2.325901475770e-01
  2.337619315570e-01
  2.955384077050e-01
  3.708954410170e-01
  6.837308027550e-01
  5.548211878230e-01
  2.996926759440e-01
  2.036669868670e-01
  3.972911151280e-01
  2.848635032580e-01
  4.111210055160e-01
  3.193145344850e-01
  2.130922723470e-01
  1.018871169050e-01
  1.845083888150e-01
  3.641227891690e-01
  1.469971782650e-01
  1.950614339140e-01
  2.950747836460e-01
  2.823511422170e-01
  5.113169712330e-01
  4.769977220020e-01
  3.542420421720e-01
  3.602795831280e-01
  4.710771360630e-01
  3.382411900120e-01
  3.745137874900e-01
  4.061725887260e-01
  2.556286648190e-01
  1.908399732010e-01
  1.474534031720e-01
  1.102685157830e-01
  8.060728790770e-02
  5.822657993360e-02
  5.680697313580e-02
  6.844900192300e-02
  7.436318230050e-02
  1.150059314390e-01
  1.934968529880e-01
  6.071681739820e-01
  3.436466554580e-01
  7.147070928410e-02
  1.562691671930e-01
  2.122604381030e-01
  1.477085723750e-01
  2.115077102720e-01
  3.661149128700e-01
  2.771462678270e-01
  3.426817647980e-01
  3.305777042490e-01
  3.496664894470e-01
  3.647890008550e-01
  3.668604676070e-01
  3.641097131500e-01
  3.875704778660e-01
  2.726139920860e-01
  2.343134500060e-01
  2.028933285870e-01
  2.098135450800e-01
  1.331452702330e-01
  1.073766250390e-01
  9.443875721310e-02
  2.358904455880e-01
  2.019953545310e-01
  1.933279039890e-01
  1.301570696700e-01
  6.783890219800e-02
  3.491371803760e-02
  5.212319500430e-02
  1.300201904900e-01
  5.118727494430e-01
  1.040429735710e-01
  6.386578941330e-02
  6.113918977970e-02
  5.030992337660e-02
  6.451667947190e-02
  1.851854547560e-01
  1.116611437770e-01
  1.220790172360e-01
  9.371683175640e-02
  1.509142042420e-01
  1.002043321020e-01
  9.762896110980e-02
  1.210420159440e-01
  1.103115603400e-01
  1.527114746630e-01
  1.309599770290e-01
  1.503945439410e-01
  1.816338382600e-01
  2.067125801100e-01
  3.060331209640e-01
  4.716304117970e-01
  1.092211048690e-01
  4.906534732880e-02
  8.115270288780e-02
  6.713124984180e-02
  9.137839940190e-02
  1.136978300500e-01
  1.251521689430e-01
  1.395541050610e-01
  1.104715639200e-01
  1.231384168720e-01
  1.382055661160e-01
  1.548801817770e-01
  1.914566556320e-01
  1.692910331200e-01
  1.250309275640e-01
  1.301982532230e-01
  1.932628878800e-01
  1.665923550980e-01
  1.624660991230e-01
  1.684971838310e-01
  1.802976270620e-01
  1.918107252510e-01
  2.148281384670e-01
  3.283331937530e-01
  4.258077853090e-01
  7.281998476150e-01
  3.751109496860e-01
  1.750395701610e-01
  1.568905425340e-01
  1.754636276050e-01
  1.778764069090e-01
  2.664993117580e-01
  2.027124856520e-01
  2.159394912400e-01
  2.851930360580e-01
  2.704727815180e-01
  3.657601143680e-01
  5.453124122750e-01
  1.260401826510e-01
  3.945337077040e-01
  1.080551008520e-01
  1.215543257670e-01
  1.154120615210e-01
  1.392907544460e-01
  2.062917039020e-01
  1.644050362590e-01
  1.850183432430e-01
  1.924156428520e-01
  2.505224737110e-01
  4.908774384620e-01
  2.580981901020e-01
  1.698854364460e-01
  1.863149470470e-01
  2.213960918640e-01
  4.945528241420e-01
  2.414039696060e-01
  2.712163876780e-01
  1.069189677470e-01
  2.189660282190e-01
  1.847353011280e-01
  2.717260725450e-01
  1.992956038550e-01
  1.951069708220e-01
  2.829537218430e-01
  2.134082417580e-01
  2.099416498700e-01
  2.140219878200e-01
  2.226172415760e-01
  2.241261018280e-01
  2.251903618550e-01
  2.348270504220e-01
  2.354265181260e-01
  2.437282520430e-01
  2.762306595430e-01
  3.538645397630e-01
  4.350401159470e-01
  5.677858509390e-01
  2.618725459410e-01
  2.380012198410e-01
  2.537139204950e-01
  2.549291077060e-01
  2.929567482740e-01
  3.288092641120e-01
  4.842180607910e-01
  4.044005661390e-01
  3.411265451780e-01
  1.076277145650e-01
  2.527320699340e-01
  8.543770220950e-01
  3.134688866420e-01
  3.498130438990e-02
  1.096575266020e-01
  8.538794012260e-01
  2.869700261060e-01
  6.798616894700e-01
  9.061654908460e-02
  5.472576575050e-01
  3.086479724570e-01
  1.081310994380e+00
  3.922203620650e-01
  1.382070454490e-01
  4.268030866580e-01
  1.022393198070e+00
  4.889217744720e-01
  1.271638425020e+00
  4.459646680470e-02
  1.041207073810e-01
  2.124860488690e-01
  4.492862305710e-01
  6.218488737220e-01
  3.604008995400e-01
  4.082373410510e-02
  1.151238142350e-01
  1.095728964590e-01
  7.869685926060e-01
  2.947743019240e-01
  2.814190690770e-01
  8.649607810170e-01
  3.398714203960e-02
  1.145335416730e-01
  5.747872259930e-01
  1.163103499810e+00
  2.342093812820e-01
  9.534566945240e-02
  2.418076626630e-02
  2.298968029400e-02
  6.569577459250e-02
  4.947193966980e-01
  1.075550563680e-01
  1.470365680890e-01
  7.165937459250e-01
  3.535472752760e-01
  2.798116071720e-01
  6.227585905880e-01
  6.896747999940e-01
  4.246652536990e-02
  2.340008326050e-01
  9.846653698630e-02
  1.685464162320e+00
  6.478386701670e-01
  1.603040150660e-01
  2.315690853690e-01
  4.647884332440e-01
  1.425435029780e+00
  7.991753735240e-02
  4.650572750230e-01
  1.733308009210e-01
  1.381009892190e+00
  5.850140848750e-01
  2.305507467600e-01
  3.685762925590e-01
  7.832633751590e-01
  1.134899323250e-01
  2.551904737940e-02
  7.159584602290e-02
  1.975142661710e-01
  6.963350117320e-01
  3.072577662430e-01
  4.342251899460e-01
  1.229022517940e+00
  6.900374341910e-01
  1.172639443330e+00
  8.451356749330e-01
  6.673125615870e-02
  1.679458156560e-01
  4.087703851200e-01
  9.142446826500e-01
  1.519398477270e-01
  2.909683760330e-01
  3.457346379260e-01
  5.820332672010e-01
  1.153802291670e+00
  8.234497966560e-02
  3.784593259430e-02
  1.450514724830e-01
  2.882263886490e-01
  7.327574779360e-01
  2.389881432320e-01
  3.453548654830e-01
  5.917762656710e-01
  1.184711157740e+00
  4.383022320550e-01
  1.844757459420e-01
  7.983970053900e-02
  3.596817623410e-02
  5.503418676860e-02
  1.567073193300e-01
  5.255041502230e-01
  1.356873298680e+00
  2.525789311410e-01
  6.687535032090e-02
  1.227128989480e-01
  1.801551802380e-01
  6.037333955480e-01
  2.026360897050e+00
  1.628595953420e-01
  2.005769930120e-01
  7.850091086970e-01
  2.467074302440e-01
  2.497915044690e-01
  6.960867149520e-01
  2.824902307560e-01
  2.023402031870e+00
  6.675336930550e-01
  3.263559870330e-01
  9.587945369050e-01
  3.532825388570e-01
  4.242858173730e-01
  1.183883957170e+00
  2.682627644090e+00
  5.839059688110e-01
  1.637007276950e+00
  8.336795921480e-01
  2.689750836950e-01
  5.354055554570e-02
  1.471092604960e-01
  2.890849165660e+00
  3.454186375110e-01
  1.044251200450e+00
  2.984902212330e-01
  7.811515019470e-01
  4.601818685520e-01
  7.757527448230e-01
  2.013634684650e+00
  1.789644857910e-01
  1.605980358450e-01
  2.146591600390e-01
  2.699739491630e-01
  3.230788596430e-01
  3.205129314830e-01
  9.436219688610e-01
  2.022102942520e+00
  3.356002790280e-01
  4.151682548880e-01
  5.230243527160e-01
  1.744022209790e+00
  4.509216726550e+00
  3.569235663370e-01
  3.574833450840e-01
  3.955013825770e-01
  3.031982658590e+00
  1.422170795140e+00
  3.910513453980e-01
  4.316164959480e-01
  5.114851968450e-01
  4.859125306050e-01
  5.165437989810e-01
  5.662385189360e-01
  6.297797339600e-01
  7.276403688360e-01
  8.668220878000e-01
  1.111866418760e+00
  1.606086662900e+00
  2.800910816030e+00
  6.188703467510e+00
  4.669662137810e+00
  1.572672015030e+00
  5.235409330850e-01
  2.317369350430e-01
  1.356154079810e-01
  5.978558740710e-02
  4.280878903190e-02
  6.733526734360e-02
  2.378024348420e-01
  9.750982492440e-02
  1.275193782490e-01
  1.529002199780e-01
  1.768219135270e-01
  1.980574961480e-01
  2.198352185980e-01
  2.365715162730e-01
  2.534348003230e-01
  2.699181793450e-01
  2.857469943800e-01
  3.010507346600e-01
  3.195826001940e-01
  3.422279829080e-01
  3.491343319860e-01
  3.681585945440e-01
  3.872069731480e-01
  4.088739235460e-01
  4.340411588720e-01
  1.276055269540e+00
  4.720120797500e-01
  4.990904076440e-01
  5.450953511930e-01
  6.970831802520e-01
