1401
  1.417628000000e+01
  1.412892000000e+01
  1.408172000000e+01
  1.403467500000e+01
  1.398778500000e+01
  1.394105500000e+01
  1.389448000000e+01
  1.384806000000e+01
  1.380180000000e+01
  1.375569500000e+01
  1.370974000000e+01
  1.366393500000e+01
  1.361828500000e+01
  1.357279000000e+01
  1.352744500000e+01
  1.348225500000e+01
  1.343721500000e+01
  1.339232000000e+01
  1.334758000000e+01
  1.330299000000e+01
  1.325854500000e+01
  1.321425000000e+01
  1.317010500000e+01
  1.312611000000e+01
  1.308226000000e+01
  1.303855500000e+01
  1.299499500000e+01
  1.295158000000e+01
  1.290831000000e+01
  1.286518500000e+01
  1.282220500000e+01
  1.277937000000e+01
  1.273668000000e+01
  1.269413000000e+01
  1.265172000000e+01
  1.260945000000e+01
  1.256732500000e+01
  1.252534000000e+01
  1.248349500000e+01
  1.244179000000e+01
  1.240022500000e+01
  1.235880000000e+01
  1.231751000000e+01
  1.227636000000e+01
  1.223534500000e+01
  1.219447000000e+01
  1.215373500000e+01
  1.211313000000e+01
  1.207266000000e+01
  1.203233000000e+01
  1.199213500000e+01
  1.195207000000e+01
  1.191214000000e+01
  1.187234500000e+01
  1.183268000000e+01
  1.179315000000e+01
  1.175375000000e+01
  1.171448000000e+01
  1.167534500000e+01
  1.163634000000e+01
  1.159746500000e+01
  1.155872000000e+01
  1.152010500000e+01
  1.148162000000e+01
  1.144326500000e+01
  1.140503500000e+01
  1.136693000000e+01
  1.132895500000e+01
  1.129111000000e+01
  1.125339000000e+01
  1.121579500000e+01
  1.117832500000e+01
  1.114098000000e+01
  1.110376000000e+01
  1.106666500000e+01
  1.102969500000e+01
  1.099284500000e+01
  1.095612000000e+01
  1.091952000000e+01
  1.088304000000e+01
  1.084668000000e+01
  1.081044500000e+01
  1.077433000000e+01
  1.073833500000e+01
  1.070246000000e+01
  1.066670500000e+01
  1.063107000000e+01
  1.059555000000e+01
  1.056015500000e+01
  1.052488000000e+01
  1.048971500000e+01
  1.045467000000e+01
  1.041974500000e+01
  1.038493500000e+01
  1.035024000000e+01
  1.031566000000e+01
  1.028120000000e+01
  1.024685500000e+01
  1.021262000000e+01
  1.017850000000e+01
  1.014449500000e+01
  1.011060500000e+01
  1.007683000000e+01
  1.004316500000e+01
  1.000961150000e+01
  9.976171000000e+00
  9.942842500000e+00
  9.909625500000e+00
  9.876519500000e+00
  9.843524000000e+00
  9.810638500000e+00
  9.777863000000e+00
  9.745197500000e+00
  9.712641000000e+00
  9.680193000000e+00
  9.647853000000e+00
  9.615621500000e+00
  9.583498000000e+00
  9.551481500000e+00
  9.519572000000e+00
  9.487769000000e+00
  9.456072000000e+00
  9.424481000000e+00
  9.392996000000e+00
  9.361616000000e+00
  9.330340500000e+00
  9.299170000000e+00
  9.268103500000e+00
  9.237140500000e+00
  9.206281000000e+00
  9.175524500000e+00
  9.144871000000e+00
  9.114320000000e+00
  9.083871000000e+00
  9.053523500000e+00
  9.023277500000e+00
  8.993132500000e+00
  8.963088000000e+00
  8.933144500000e+00
  8.903301000000e+00
  8.873556500000e+00
  8.843911500000e+00
  8.814366000000e+00
  8.784919000000e+00
  8.755570500000e+00
  8.726320000000e+00
  8.697167000000e+00
  8.668111500000e+00
  8.639153000000e+00
  8.610291500000e+00
  8.581526500000e+00
  8.552857500000e+00
  8.524284000000e+00
  8.495806000000e+00
  8.467423500000e+00
  8.439135500000e+00
  8.410942000000e+00
  8.382843000000e+00
  8.354837500000e+00
  8.326925500000e+00
  8.299107000000e+00
  8.271381500000e+00
  8.243748500000e+00
  8.216207500000e+00
  8.188759000000e+00
  8.161402000000e+00
  8.134136000000e+00
  8.106961500000e+00
  8.079878000000e+00
  8.052885000000e+00
  8.025982000000e+00
  7.999169000000e+00
  7.972445500000e+00
  7.945811000000e+00
  7.919265500000e+00
  7.892809000000e+00
  7.866440500000e+00
  7.840160000000e+00
  7.813968000000e+00
  7.787863500000e+00
  7.761845500000e+00
  7.735914500000e+00
  7.710070500000e+00
  7.684312500000e+00
  7.658641000000e+00
  7.633055500000e+00
  7.607555000000e+00
  7.582139500000e+00
  7.556809000000e+00
  7.531563000000e+00
  7.506401500000e+00
  7.481324500000e+00
  7.456331000000e+00
  7.431421000000e+00
  7.406594000000e+00
  7.381850000000e+00
  7.357189000000e+00
  7.332610000000e+00
  7.308113000000e+00
  7.283698000000e+00
  7.259365000000e+00
  7.235113000000e+00
  7.210941500000e+00
  7.186851000000e+00
  7.162841500000e+00
  7.138912000000e+00
  7.115062500000e+00
  7.091292500000e+00
  7.067601500000e+00
  7.043990500000e+00
  7.020458000000e+00
  6.997004000000e+00
  6.973628500000e+00
  6.950331000000e+00
  6.927111500000e+00
  6.903969500000e+00
  6.880904500000e+00
  6.857916500000e+00
  6.835006000000e+00
  6.812171500000e+00
  6.789413000000e+00
  6.766731000000e+00
  6.744125000000e+00
  6.721594500000e+00
  6.699139000000e+00
  6.676758500000e+00
  6.654453000000e+00
  6.632222000000e+00
  6.610065000000e+00
  6.587982000000e+00
  6.565973000000e+00
  6.544037500000e+00
  6.522175000000e+00
  6.500385500000e+00
  6.478669000000e+00
  6.457025000000e+00
  6.435453500000e+00
  6.413954000000e+00
  6.392526000000e+00
  6.371170000000e+00
  6.349885500000e+00
  6.328672000000e+00
  6.307529000000e+00
  6.286456500000e+00
  6.265455000000e+00
  6.244523500000e+00
  6.223661500000e+00
  6.202869500000e+00
  6.182147000000e+00
  6.161494000000e+00
  6.140910000000e+00
  6.120394500000e+00
  6.099947500000e+00
  6.079568500000e+00
  6.059258000000e+00
  6.039015500000e+00
  6.018840000000e+00
  5.998732000000e+00
  5.978691500000e+00
  5.958718000000e+00
  5.938811000000e+00
  5.918970500000e+00
  5.899196500000e+00
  5.879488500000e+00
  5.859846500000e+00
  5.840270000000e+00
  5.820759000000e+00
  5.801313000000e+00
  5.781932000000e+00
  5.762616000000e+00
  5.743364000000e+00
  5.724176500000e+00
  5.705053500000e+00
  5.685994000000e+00
  5.666998000000e+00
  5.648066000000e+00
  5.629197000000e+00
  5.610391000000e+00
  5.591648000000e+00
  5.572967000000e+00
  5.554348500000e+00
  5.535793000000e+00
  5.517299500000e+00
  5.498867000000e+00
  5.480496000000e+00
  5.462187000000e+00
  5.443939000000e+00
  5.425752000000e+00
  5.407626000000e+00
  5.389560000000e+00
  5.371554500000e+00
  5.353609000000e+00
  5.335723500000e+00
  5.317898000000e+00
  5.300132000000e+00
  5.282425500000e+00
  5.264778000000e+00
  5.247189500000e+00
  5.229659500000e+00
  5.212188000000e+00
  5.194775500000e+00
  5.177421000000e+00
  5.160124000000e+00
  5.142885000000e+00
  5.125704000000e+00
  5.108580000000e+00
  5.091513000000e+00
  5.074503500000e+00
  5.057550500000e+00
  5.040654000000e+00
  5.023814500000e+00
  5.007031000000e+00
  4.990303500000e+00
  4.973632000000e+00
  4.957016000000e+00
  4.940455500000e+00
  4.923950500000e+00
  4.907501000000e+00
  4.891106000000e+00
  4.874765500000e+00
  4.858480000000e+00
  4.842249000000e+00
  4.826072000000e+00
  4.809949000000e+00
  4.793880000000e+00
  4.777864500000e+00
  4.761902500000e+00
  4.745994000000e+00
  4.730138500000e+00
  4.714336000000e+00
  4.698586500000e+00
  4.682889500000e+00
  4.667245000000e+00
  4.651653000000e+00
  4.636112500000e+00
  4.620624000000e+00
  4.605187500000e+00
  4.589802500000e+00
  4.574469000000e+00
  4.559186500000e+00
  4.543955000000e+00
  4.528774500000e+00
  4.513645000000e+00
  4.498566000000e+00
  4.483537000000e+00
  4.468558500000e+00
  4.453630000000e+00
  4.438751500000e+00
  4.423922500000e+00
  4.409143000000e+00
  4.394413000000e+00
  4.379732000000e+00
  4.365100500000e+00
  4.350517500000e+00
  4.335983000000e+00
  4.321497500000e+00
  4.307060500000e+00
  4.292671500000e+00
  4.278330500000e+00
  4.264037500000e+00
  4.249792000000e+00
  4.235594500000e+00
  4.221444500000e+00
  4.207341500000e+00
  4.193285500000e+00
  4.179276500000e+00
  4.165314500000e+00
  4.151399000000e+00
  4.137530000000e+00
  4.123707000000e+00
  4.109930500000e+00
  4.096200500000e+00
  4.082516000000e+00
  4.068877000000e+00
  4.055283500000e+00
  4.041735500000e+00
  4.028233000000e+00
  4.014775500000e+00
  4.001363000000e+00
  3.987995500000e+00
  3.974672500000e+00
  3.961394000000e+00
  3.948159500000e+00
  3.934969500000e+00
  3.921824000000e+00
  3.908722000000e+00
  3.895663500000e+00
  3.882648500000e+00
  3.869677500000e+00
  3.856750000000e+00
  3.843865500000e+00
  3.831024000000e+00
  3.818225000000e+00
  3.805469000000e+00
  3.792756000000e+00
  3.780085000000e+00
  3.767456500000e+00
  3.754870000000e+00
  3.742325500000e+00
  3.729823500000e+00
  3.717363000000e+00
  3.704944000000e+00
  3.692566500000e+00
  3.680230500000e+00
  3.667935500000e+00
  3.655681500000e+00
  3.643469000000e+00
  3.631297000000e+00
  3.619165500000e+00
  3.607074500000e+00
  3.595024000000e+00
  3.583014000000e+00
  3.571043500000e+00
  3.559113000000e+00
  3.547223000000e+00
  3.535372500000e+00
  3.523561500000e+00
  3.511790000000e+00
  3.500058000000e+00
  3.488365000000e+00
  3.476711000000e+00
  3.465096000000e+00
  3.453519500000e+00
  3.441982000000e+00
  3.430483500000e+00
  3.419023000000e+00
  3.407600500000e+00
  3.396216500000e+00
  3.384870500000e+00
  3.373562500000e+00
  3.362292000000e+00
  3.351059000000e+00
  3.339864000000e+00
  3.328706500000e+00
  3.317586000000e+00
  3.306502500000e+00
  3.295456000000e+00
  3.284446500000e+00
  3.273474000000e+00
  3.262538000000e+00
  3.251638500000e+00
  3.240775500000e+00
  3.229948500000e+00
  3.219158000000e+00
  3.208403500000e+00
  3.197684500000e+00
  3.187001500000e+00
  3.176354500000e+00
  3.165743000000e+00
  3.155167000000e+00
  3.144626500000e+00
  3.134121000000e+00
  3.123650500000e+00
  3.113215000000e+00
  3.102814500000e+00
  3.092448500000e+00
  3.082117000000e+00
  3.071820500000e+00
  3.061558000000e+00
  3.051330000000e+00
  3.041136500000e+00
  3.030976500000e+00
  3.020850500000e+00
  3.010758500000e+00
  3.000700000000e+00
  2.990675000000e+00
  2.980684000000e+00
  2.970726500000e+00
  2.960802000000e+00
  2.950910500000e+00
  2.941052000000e+00
  2.931226500000e+00
  2.921434000000e+00
  2.911674000000e+00
  2.901946500000e+00
  2.892251500000e+00
  2.882589000000e+00
  2.872959000000e+00
  2.863361000000e+00
  2.853795000000e+00
  2.844261000000e+00
  2.834759000000e+00
  2.825289000000e+00
  2.815850500000e+00
  2.806443000000e+00
  2.797067000000e+00
  2.787722500000e+00
  2.778409500000e+00
  2.769127500000e+00
  2.759876500000e+00
  2.750656500000e+00
  2.741467000000e+00
  2.732308000000e+00
  2.723180000000e+00
  2.714082500000e+00
  2.705015000000e+00
  2.695978000000e+00
  2.686971500000e+00
  2.677995000000e+00
  2.669048500000e+00
  2.660132000000e+00
  2.651245000000e+00
  2.642387500000e+00
  2.633559500000e+00
  2.624761500000e+00
  2.615993000000e+00
  2.607253500000e+00
  2.598543000000e+00
  2.589861500000e+00
  2.581209500000e+00
  2.572586500000e+00
  2.563992000000e+00
  2.555426000000e+00
  2.546888500000e+00
  2.538380000000e+00
  2.529900000000e+00
  2.521448000000e+00
  2.513024500000e+00
  2.504629000000e+00
  2.496261500000e+00
  2.487922000000e+00
  2.479610000000e+00
  2.471326000000e+00
  2.463070000000e+00
  2.454841500000e+00
  2.446640500000e+00
  2.438467000000e+00
  2.430320500000e+00
  2.422201000000e+00
  2.414109000000e+00
  2.406044000000e+00
  2.398006000000e+00
  2.389995000000e+00
  2.382010500000e+00
  2.374052500000e+00
  2.366121000000e+00
  2.358216500000e+00
  2.350338500000e+00
  2.342486500000e+00
  2.334660500000e+00
  2.326860500000e+00
  2.319087000000e+00
  2.311339500000e+00
  2.303617500000e+00
  2.295921500000e+00
  2.288251500000e+00
  2.280607000000e+00
  2.272988000000e+00
  2.265394500000e+00
  2.257826000000e+00
  2.250283000000e+00
  2.242765500000e+00
  2.235273000000e+00
  2.227805500000e+00
  2.220363000000e+00
  2.212945000000e+00
  2.205552000000e+00
  2.198184000000e+00
  2.190840000000e+00
  2.183520500000e+00
  2.176226000000e+00
  2.168956000000e+00
  2.161710000000e+00
  2.154488000000e+00
  2.147290000000e+00
  2.140116500000e+00
  2.132967000000e+00
  2.125841000000e+00
  2.118739000000e+00
  2.111661000000e+00
  2.104606500000e+00
  2.097575000000e+00
  2.090567500000e+00
  2.083583500000e+00
  2.076622500000e+00
  2.069685000000e+00
  2.062770500000e+00
  2.055879000000e+00
  2.049011000000e+00
  2.042166000000e+00
  2.035343500000e+00
  2.028543500000e+00
  2.021766500000e+00
  2.015012500000e+00
  2.008280500000e+00
  2.001571000000e+00
  1.994884500000e+00
  1.988220000000e+00
  1.981577500000e+00
  1.974957500000e+00
  1.968359500000e+00
  1.961783500000e+00
  1.955229500000e+00
  1.948697500000e+00
  1.942187500000e+00
  1.935699000000e+00
  1.929232000000e+00
  1.922787000000e+00
  1.916363500000e+00
  1.909961500000e+00
  1.903581000000e+00
  1.897221500000e+00
  1.890883000000e+00
  1.884566000000e+00
  1.878270000000e+00
  1.871995000000e+00
  1.865741000000e+00
  1.859508000000e+00
  1.853296000000e+00
  1.847104500000e+00
  1.840933500000e+00
  1.834783000000e+00
  1.828653500000e+00
  1.822544500000e+00
  1.816456000000e+00
  1.810387500000e+00
  1.804339000000e+00
  1.798311000000e+00
  1.792303500000e+00
  1.786316000000e+00
  1.780348000000e+00
  1.774400000000e+00
  1.768472000000e+00
  1.762564000000e+00
  1.756676000000e+00
  1.750807500000e+00
  1.744958000000e+00
  1.739128500000e+00
  1.733318500000e+00
  1.727527500000e+00
  1.721756500000e+00
  1.716004500000e+00
  1.710271500000e+00
  1.704558000000e+00
  1.698863500000e+00
  1.693188000000e+00
  1.687531500000e+00
  1.681893500000e+00
  1.676274500000e+00
  1.670674500000e+00
  1.665093000000e+00
  1.659530500000e+00
  1.653986500000e+00
  1.648461000000e+00
  1.642954000000e+00
  1.637465000000e+00
  1.631994500000e+00
  1.626542500000e+00
  1.621108500000e+00
  1.615692500000e+00
  1.610294500000e+00
  1.604915000000e+00
  1.599553500000e+00
  1.594209500000e+00
  1.588883500000e+00
  1.583575500000e+00
  1.578285000000e+00
  1.573012000000e+00
  1.567757000000e+00
  1.562519500000e+00
  1.557299500000e+00
  1.552097000000e+00
  1.546912000000e+00
  1.541744000000e+00
  1.536593000000e+00
  1.531459500000e+00
  1.526343500000e+00
  1.521244500000e+00
  1.516162000000e+00
  1.511097000000e+00
  1.506049000000e+00
  1.501017500000e+00
  1.496003000000e+00
  1.491005000000e+00
  1.486023500000e+00
  1.481059000000e+00
  1.476111000000e+00
  1.471179500000e+00
  1.466265000000e+00
  1.461366500000e+00
  1.456484000000e+00
  1.451618500000e+00
  1.446769000000e+00
  1.441935500000e+00
  1.437118500000e+00
  1.432317500000e+00
  1.427532500000e+00
  1.422763500000e+00
  1.418010000000e+00
  1.413272500000e+00
  1.408551000000e+00
  1.403845500000e+00
  1.399155500000e+00
  1.394481000000e+00
  1.389822500000e+00
  1.385179500000e+00
  1.380552000000e+00
  1.375940000000e+00
  1.371343000000e+00
  1.366761500000e+00
  1.362195500000e+00
  1.357644500000e+00
  1.353109000000e+00
  1.348588500000e+00
  1.344083000000e+00
  1.339593000000e+00
  1.335118000000e+00
  1.330657500000e+00
  1.326212000000e+00
  1.321781500000e+00
  1.317365500000e+00
  1.312964500000e+00
  1.308578500000e+00
  1.304206500000e+00
  1.299849000000e+00
  1.295506500000e+00
  1.291178500000e+00
  1.286865000000e+00
  1.282566000000e+00
  1.278281000000e+00
  1.274010500000e+00
  1.269754500000e+00
  1.265512500000e+00
  1.261284500000e+00
  1.257071000000e+00
  1.252871500000e+00
  1.248686000000e+00
  1.244514500000e+00
  1.240356500000e+00
  1.236212500000e+00
  1.232082500000e+00
  1.227966500000e+00
  1.223864500000e+00
  1.219776000000e+00
  1.215700500000e+00
  1.211639000000e+00
  1.207591500000e+00
  1.203557000000e+00
  1.199536000000e+00
  1.195528500000e+00
  1.191534500000e+00
  1.187554000000e+00
  1.183586500000e+00
  1.179632500000e+00
  1.175692000000e+00
  1.171764000000e+00
  1.167849000000e+00
  1.163947500000e+00
  1.160059000000e+00
  1.156183500000e+00
  1.152321000000e+00
  1.148471500000e+00
  1.144634500000e+00
  1.140810500000e+00
  1.136999500000e+00
  1.133201000000e+00
  1.129415000000e+00
  1.125642000000e+00
  1.121881500000e+00
  1.118133500000e+00
  1.114398000000e+00
  1.110675000000e+00
  1.106964500000e+00
  1.103266000000e+00
  1.099580500000e+00
  1.095907000000e+00
  1.092245500000e+00
  1.088597000000e+00
  1.084960500000e+00
  1.081335500000e+00
  1.077723000000e+00
  1.074122500000e+00
  1.070534000000e+00
  1.066958000000e+00
  1.063393500000e+00
  1.059840500000e+00
  1.056300000000e+00
  1.052771500000e+00
  1.049254000000e+00
  1.045748500000e+00
  1.042255000000e+00
  1.038773000000e+00
  1.035302500000e+00
  1.031844000000e+00
  1.028397000000e+00
  1.024961000000e+00
  1.021537000000e+00
  1.018124500000e+00
  1.014723000000e+00
  1.011333000000e+00
  1.007954500000e+00
  1.004587000000e+00
  1.001230750000e+00
  9.978858500000e-01
  9.945521000000e-01
  9.912295000000e-01
  9.879180000000e-01
  9.846175500000e-01
  9.813281500000e-01
  9.780497500000e-01
  9.747823000000e-01
  9.715257500000e-01
  9.682800500000e-01
  9.650452000000e-01
  9.618212000000e-01
  9.586079500000e-01
  9.554054500000e-01
  9.522136500000e-01
  9.490325000000e-01
  9.458619500000e-01
  9.427020000000e-01
  9.395526500000e-01
  9.364138000000e-01
  9.332854500000e-01
  9.301675500000e-01
  9.270600500000e-01
  9.239629000000e-01
  9.208761000000e-01
  9.177996500000e-01
  9.147334500000e-01
  9.116775000000e-01
  9.086318000000e-01
  9.055962500000e-01
  9.025708500000e-01
  8.995555500000e-01
  8.965503000000e-01
  8.935551000000e-01
  8.905699000000e-01
  8.875947000000e-01
  8.846294500000e-01
  8.816741000000e-01
  8.787286000000e-01
  8.757929500000e-01
  8.728671000000e-01
  8.699510000000e-01
  8.670446500000e-01
  8.641480500000e-01
  8.612611500000e-01
  8.583838500000e-01
  8.555161500000e-01
  8.526580500000e-01
  8.498095000000e-01
  8.469704500000e-01
  8.441409000000e-01
  8.413208000000e-01
  8.385101000000e-01
  8.357088000000e-01
  8.329168500000e-01
  8.301342500000e-01
  8.273609500000e-01
  8.245969000000e-01
  8.218421000000e-01
  8.190965000000e-01
  8.163600500000e-01
  8.136327500000e-01
  8.109146000000e-01
  8.082055000000e-01
  8.055054500000e-01
  8.028144000000e-01
  8.001323500000e-01
  7.974593000000e-01
  7.947951500000e-01
  7.921399000000e-01
  7.894935000000e-01
  7.868559500000e-01
  7.842272500000e-01
  7.816073000000e-01
  7.789961000000e-01
  7.763936500000e-01
  7.737999000000e-01
  7.712148000000e-01
  7.686383000000e-01
  7.660704000000e-01
  7.635111000000e-01
  7.609604000000e-01
  7.584182000000e-01
  7.558844500000e-01
  7.533592000000e-01
  7.508424000000e-01
  7.483340000000e-01
  7.458339500000e-01
  7.433422500000e-01
  7.408589000000e-01
  7.383838500000e-01
  7.359170500000e-01
  7.334585000000e-01
  7.310082000000e-01
  7.285660500000e-01
  7.261320500000e-01
  7.237062000000e-01
  7.212884500000e-01
  7.188787500000e-01
  7.164771000000e-01
  7.140835000000e-01
  7.116979000000e-01
  7.093203000000e-01
  7.069506000000e-01
  7.045888000000e-01
  7.022349000000e-01
  6.998888500000e-01
  6.975507000000e-01
  6.952203500000e-01
  6.928977500000e-01
  6.905829000000e-01
  6.882758000000e-01
  6.859764500000e-01
  6.836847500000e-01
  6.814007000000e-01
  6.791242500000e-01
  6.768554000000e-01
  6.745942000000e-01
  6.723405500000e-01
  6.700944000000e-01
  6.678557500000e-01
  6.656245500000e-01
  6.634008000000e-01
  6.611845500000e-01
  6.589757000000e-01
  6.567741500000e-01
  6.545800000000e-01
  6.523932000000e-01
  6.502136500000e-01
  6.480414000000e-01
  6.458764500000e-01
  6.437187500000e-01
  6.415682000000e-01
  6.394248500000e-01
  6.372887000000e-01
  6.351596500000e-01
  6.330377000000e-01
  6.309228500000e-01
  6.288150500000e-01
  6.267143000000e-01
  6.246206000000e-01
  6.225338500000e-01
  6.204540500000e-01
  6.183812500000e-01
  6.163154000000e-01
  6.142564000000e-01
  6.122043000000e-01
  6.101590500000e-01
  6.081206000000e-01
  6.060890000000e-01
  6.040642000000e-01
  6.020461500000e-01
  6.000348500000e-01
  5.980302500000e-01
  5.960323500000e-01
  5.940411500000e-01
  5.920565500000e-01
  5.900786000000e-01
  5.881073000000e-01
  5.861425500000e-01
  5.841843500000e-01
  5.822327000000e-01
  5.802876000000e-01
  5.783490000000e-01
  5.764168500000e-01
  5.744911500000e-01
  5.725718500000e-01
  5.706590000000e-01
  5.687525500000e-01
  5.668524500000e-01
  5.649587500000e-01
  5.630713500000e-01
  5.611902000000e-01
  5.593154000000e-01
  5.574468500000e-01
  5.555845000000e-01
  5.537284000000e-01
  5.518785000000e-01
  5.500348000000e-01
  5.481972500000e-01
  5.463658500000e-01
  5.445405500000e-01
  5.427213500000e-01
  5.409082500000e-01
  5.391012000000e-01
  5.373001500000e-01
  5.355051000000e-01
  5.337161000000e-01
  5.319331000000e-01
  5.301560000000e-01
  5.283848500000e-01
  5.266196500000e-01
  5.248603000000e-01
  5.231068500000e-01
  5.213592500000e-01
  5.196175000000e-01
  5.178816000000e-01
  5.161514500000e-01
  5.144270500000e-01
  5.127084500000e-01
  5.109956000000e-01
  5.092885000000e-01
  5.075871000000e-01
  5.058913500000e-01
  5.042012500000e-01
  5.025168000000e-01
  5.008380000000e-01
  4.989316000000e-01
  4.949113500000e-01
  4.915374500000e-01
  4.907152000000e-01
  4.861690500000e-01
  4.815882500000e-01
  4.809854500000e-01
  4.761608000000e-01
  4.708564000000e-01
  4.696467500000e-01
  4.678278000000e-01
  4.658836000000e-01
  4.638395000000e-01
  4.624268000000e-01
  4.581427000000e-01
  4.536646500000e-01
  4.530355000000e-01
  4.524912000000e-01
  4.484792500000e-01
  4.427245500000e-01
  4.395888000000e-01
  4.382061500000e-01
  4.376082000000e-01
  4.365922000000e-01
  4.358073000000e-01
  4.315844500000e-01
  4.234328500000e-01
  4.187174000000e-01
  4.146565500000e-01
  4.081779000000e-01
  4.047214000000e-01
  4.038332000000e-01
  4.033075000000e-01
  4.029047000000e-01
  3.989996500000e-01
  3.915661500000e-01
  3.876435000000e-01
  3.851246000000e-01
  3.814626000000e-01
  3.801674000000e-01
  3.798904500000e-01
  3.792074500000e-01
  3.768702000000e-01
  3.739296000000e-01
  3.708815500000e-01
  3.673146000000e-01
  3.656831500000e-01
  3.640265000000e-01
  3.623487500000e-01
  3.611380500000e-01
  3.595334000000e-01
  3.588995500000e-01
  3.586407500000e-01
  3.574279000000e-01
  3.560894000000e-01
  3.553374000000e-01
  3.544083500000e-01
  3.528163000000e-01
  3.514345000000e-01
  3.510374000000e-01
  3.490477500000e-01
  3.471001000000e-01
  3.458611000000e-01
  3.418408000000e-01
  3.388209500000e-01
  3.385742500000e-01
  3.382547000000e-01
  3.351958500000e-01
  3.319211000000e-01
  3.315200500000e-01
  3.313618000000e-01
  3.310926500000e-01
  3.306403500000e-01
  3.291044000000e-01
  3.265037000000e-01
  3.220006000000e-01
  3.181646000000e-01
  3.166318000000e-01
  3.152089000000e-01
  3.145874000000e-01
  3.143280500000e-01
  3.138285500000e-01
  3.131096000000e-01
  3.117096000000e-01
  3.102586500000e-01
  3.096848500000e-01
  3.095326500000e-01
  3.080439000000e-01
  3.065045000000e-01
  3.035807500000e-01
  3.007428500000e-01
  3.006970000000e-01
  3.006549500000e-01
  3.006152000000e-01
  3.005792500000e-01
  2.977069000000e-01
  2.947052000000e-01
  2.943987000000e-01
  2.916932000000e-01
  2.864908500000e-01
  2.837713000000e-01
  2.836241000000e-01
  2.823117500000e-01
  2.795656000000e-01
  2.772412500000e-01
  2.762782000000e-01
  2.760561000000e-01
  2.758933000000e-01
  2.756188000000e-01
  2.750495500000e-01
  2.736630000000e-01
  2.717026500000e-01
  2.706615000000e-01
  2.704376000000e-01
  2.688379500000e-01
  2.673321500000e-01
  2.671246500000e-01
  2.667386500000e-01
  2.643565500000e-01
  2.621680000000e-01
  2.621014500000e-01
  2.595984000000e-01
  2.547935500000e-01
  2.523851500000e-01
  2.522713500000e-01
  2.521894500000e-01
  2.497029000000e-01
  2.462996500000e-01
  2.451049500000e-01
  2.448347500000e-01
  2.445082000000e-01
  2.433449000000e-01
  2.424487500000e-01
  2.424085000000e-01
  2.400828000000e-01
  2.377573500000e-01
  2.377139000000e-01
  2.376653500000e-01
  2.354059500000e-01
  2.331566000000e-01
  2.331175000000e-01
  2.308716500000e-01
  2.265057500000e-01
  2.242912500000e-01
  2.229961000000e-01
  2.210133000000e-01
  2.201366500000e-01
  2.199478500000e-01
  2.195624000000e-01
  2.188199000000e-01
  2.180226000000e-01
  2.166355500000e-01
  2.135329000000e-01
  2.094405500000e-01
  2.073927000000e-01
  2.053407000000e-01
  2.014031000000e-01
  1.994518000000e-01
  1.994119500000e-01
  1.975098500000e-01
  1.955787000000e-01
  1.936911500000e-01
  1.918228500000e-01
  1.917697000000e-01
  1.917036000000e-01
  1.898465500000e-01
  1.875416000000e-01
  1.867423500000e-01
  1.861689500000e-01
  1.855355500000e-01
  1.847764500000e-01
  1.827941000000e-01
  1.811007000000e-01
  1.809706500000e-01
  1.809263000000e-01
  1.808644500000e-01
  1.808075000000e-01
  1.807815500000e-01
  1.807458000000e-01
  1.790205500000e-01
  1.761590000000e-01
  1.744417000000e-01
  1.738525500000e-01
  1.736371000000e-01
  1.719799000000e-01
  1.703242500000e-01
  1.696159500000e-01
  1.690721000000e-01
  1.689362500000e-01
  1.687404000000e-01
  1.682357000000e-01
  1.675110500000e-01
  1.663008000000e-01
  1.646814000000e-01
  1.624101000000e-01
  1.608358500000e-01
  1.608074000000e-01
  1.592363000000e-01
  1.561518500000e-01
  1.531272000000e-01
  1.501611500000e-01
  1.472525000000e-01
  1.444002000000e-01
  1.416031500000e-01
  1.400195500000e-01
  1.395740500000e-01
  1.391729000000e-01
  1.388745000000e-01
  1.385384000000e-01
  1.379243000000e-01
  1.367229000000e-01
  1.359008500000e-01
  1.353485500000e-01
  1.339972000000e-01
  1.326912500000e-01
  1.315708500000e-01
  1.306093500000e-01
  1.299849000000e-01
  1.296280500000e-01
  1.295306500000e-01
  1.293487500000e-01
  1.281903000000e-01
  1.261005500000e-01
  1.249071500000e-01
  1.247510000000e-01
  1.247212500000e-01
  1.246995000000e-01
  1.236448500000e-01
  1.225615500000e-01
  1.224633500000e-01
  1.223678500000e-01
  1.223047500000e-01
  1.210916500000e-01
  1.187461000000e-01
  1.164460000000e-01
  1.141904000000e-01
  1.130601000000e-01
  1.130337500000e-01
  1.119521500000e-01
  1.098095000000e-01
  1.076825000000e-01
  1.066097000000e-01
  1.055770000000e-01
  1.036038000000e-01
  1.026290500000e-01
  1.025963500000e-01
  1.025583500000e-01
  1.015454500000e-01
  9.957853000000e-02
  9.764967000000e-02
  9.665944000000e-02
  9.572295000000e-02
  9.390335000000e-02
  9.295805000000e-02
  9.205749000000e-02
  9.116908000000e-02
  9.114290500000e-02
  9.110921500000e-02
  9.025227000000e-02
  8.855163000000e-02
  8.683638000000e-02
  8.563976500000e-02
  8.480697500000e-02
  8.390034500000e-02
  8.334641000000e-02
  8.313805500000e-02
  8.292796000000e-02
  8.274087500000e-02
  8.238860000000e-02
  8.158776000000e-02
  8.108020000000e-02
  8.106313000000e-02
  8.104367500000e-02
  8.101952000000e-02
  8.085257500000e-02
  8.010847500000e-02
  7.874580500000e-02
  7.723117000000e-02
  7.647597500000e-02
  7.572473000000e-02
  7.453854000000e-02
  7.390065500000e-02
  7.362005500000e-02
  7.281956000000e-02
  7.140904000000e-02
  7.002584500000e-02
  6.866944000000e-02
  6.733931000000e-02
  6.603494500000e-02
  6.475584500000e-02
  6.351445000000e-02
  6.289342000000e-02
  6.227149000000e-02
  6.106528500000e-02
  5.988244500000e-02
  5.929028500000e-02
  5.927301000000e-02
  5.870524500000e-02
  5.758506500000e-02
  5.646964000000e-02
  5.537582000000e-02
  5.430318500000e-02
  5.325132500000e-02
  5.225776000000e-02
  5.177320500000e-02
  5.175147000000e-02
  5.172533000000e-02
  5.120834500000e-02
  5.021643500000e-02
  4.924374000000e-02
  4.828988500000e-02
  4.735450500000e-02
  4.645990000000e-02
  4.601949000000e-02
  4.600310500000e-02
  4.598937500000e-02
  4.553776000000e-02
  4.465569000000e-02
  4.379070500000e-02
  4.294247500000e-02
  4.211068000000e-02
  4.129499500000e-02
  4.049510500000e-02
  3.971071000000e-02
  3.894151500000e-02
  3.818721500000e-02
  3.744752500000e-02
  3.672216500000e-02
  3.601085500000e-02
  3.531332500000e-02
  3.462930500000e-02
  3.395853500000e-02
  3.330075500000e-02
  3.265571500000e-02
  3.202317000000e-02
  3.140288000000e-02
  3.079460500000e-02
  3.019811000000e-02
  2.961317000000e-02
  2.903956000000e-02
  2.847706500000e-02
  2.792546500000e-02
  2.753901500000e-02
  2.727120000000e-02
  2.697860000000e-02
  2.671597500000e-02
  2.648444000000e-02
  2.622690000000e-02
  2.591767500000e-02
  2.566512500000e-02
  2.532364000000e-02
  2.483312000000e-02
  2.435210000000e-02
  2.388040000000e-02
  2.341783500000e-02
  2.297474500000e-02
  2.275016500000e-02
  2.251941500000e-02
  2.208321000000e-02
  2.165545500000e-02
  2.123599000000e-02
  2.082465000000e-02
  2.042127500000e-02
  2.002571000000e-02
  1.963781000000e-02
  1.925742500000e-02
  1.888440500000e-02
  1.851861500000e-02
  1.815991000000e-02
  1.780815000000e-02
  1.746320500000e-02
  1.712494500000e-02
  1.679323500000e-02
  1.646794500000e-02
  1.614896000000e-02
  1.583615500000e-02
  1.552940500000e-02
  1.522860000000e-02
  1.493362500000e-02
  1.464436000000e-02
  1.436069500000e-02
  1.408253000000e-02
  1.380975000000e-02
  1.354225000000e-02
  1.327994000000e-02
  1.302271000000e-02
  1.277045500000e-02
  1.252309000000e-02
  1.228052000000e-02
  1.204264500000e-02
  1.180937500000e-02
  1.158062500000e-02
  1.135631000000e-02
  1.123927000000e-02
  1.113036000000e-02
  1.092063000000e-02
  1.070909500000e-02
  1.050165500000e-02
  1.029824000000e-02
  1.009876500000e-02
  5.000000000000e-03
