299
  1.377937000000e+01
  1.296303000000e+01
  1.219505000000e+01
  1.147257000000e+01
  1.079289500000e+01
  1.015348200000e+01
  9.551950500000e+00
  8.986057500000e+00
  8.453689500000e+00
  7.952861500000e+00
  7.481704500000e+00
  7.038460000000e+00
  6.621475500000e+00
  6.229195000000e+00
  5.860154000000e+00
  5.512976500000e+00
  5.186367500000e+00
  4.879107500000e+00
  4.590051000000e+00
  4.318119500000e+00
  4.062298000000e+00
  3.821632000000e+00
  3.595224000000e+00
  3.382229500000e+00
  3.181853500000e+00
  2.993349000000e+00
  2.816012000000e+00
  2.649181000000e+00
  2.492233500000e+00
  2.344584000000e+00
  2.205682000000e+00
  2.075009000000e+00
  1.952078000000e+00
  1.836430000000e+00
  1.727633000000e+00
  1.625281500000e+00
  1.528993500000e+00
  1.438410000000e+00
  1.353193500000e+00
  1.273025500000e+00
  1.197606500000e+00
  1.126655500000e+00
  1.059908500000e+00
  9.971157500000e-01
  9.380427000000e-01
  8.824695500000e-01
  8.301887500000e-01
  7.810052500000e-01
  7.347356000000e-01
  6.912071500000e-01
  6.502574500000e-01
  6.117337500000e-01
  5.754923500000e-01
  5.413980500000e-01
  5.093236000000e-01
  4.791493500000e-01
  4.507628000000e-01
  4.240579500000e-01
  3.989351500000e-01
  3.753007500000e-01
  3.530665500000e-01
  3.321495500000e-01
  3.124717500000e-01
  2.939597500000e-01
  2.765445000000e-01
  2.601610000000e-01
  2.447481000000e-01
  2.302483000000e-01
  2.166075000000e-01
  2.037748500000e-01
  1.917024500000e-01
  1.803453000000e-01
  1.696610000000e-01
  1.596096500000e-01
  1.501537500000e-01
  1.412580500000e-01
  1.328894000000e-01
  1.250165500000e-01
  1.176101000000e-01
  1.106424500000e-01
  1.040876000000e-01
  9.792105000000e-02
  9.211984000000e-02
  8.666231500000e-02
  8.152811500000e-02
  7.669808500000e-02
  7.215420500000e-02
  6.787952000000e-02
  6.385808500000e-02
  6.007489500000e-02
  5.651583000000e-02
  5.316762000000e-02
  5.001777500000e-02
  4.705453500000e-02
  4.426684500000e-02
  4.164431500000e-02
  3.917715000000e-02
  3.685614500000e-02
  3.467265000000e-02
  3.261851500000e-02
  3.014879500000e-02
  2.733820000000e-02
  2.478962500000e-02
  2.247864000000e-02
  2.038309000000e-02
  1.848289500000e-02
  1.675984500000e-02
  1.519742500000e-02
  1.378066000000e-02
  1.249597000000e-02
  1.133104500000e-02
  1.027471950000e-02
  9.316868500000e-03
  8.448312500000e-03
  7.660727000000e-03
  6.946563000000e-03
  6.298976000000e-03
  5.711760000000e-03
  5.179287000000e-03
  4.696453000000e-03
  4.258630500000e-03
  3.861623500000e-03
  3.501627500000e-03
  3.175192000000e-03
  2.879187500000e-03
  2.610778000000e-03
  2.367391000000e-03
  2.146693000000e-03
  1.946569500000e-03
  1.765102500000e-03
  1.600552500000e-03
  1.451342500000e-03
  1.316042500000e-03
  1.193356000000e-03
  1.082106500000e-03
  9.812279500000e-04
  8.897540000000e-04
  8.068075000000e-04
  7.315936500000e-04
  6.633915500000e-04
  6.015475000000e-04
  5.454688000000e-04
  4.946180000000e-04
  4.485077500000e-04
  4.066960500000e-04
  3.687822000000e-04
  3.344028000000e-04
  3.032284000000e-04
  2.749602500000e-04
  2.493273500000e-04
  2.260840500000e-04
  2.050076000000e-04
  1.858959500000e-04
  1.685659500000e-04
  1.528515500000e-04
  1.386021000000e-04
  1.256810500000e-04
  1.139645500000e-04
  1.033403200000e-04
  9.370654000000e-05
  8.497083500000e-05
  7.704951000000e-05
  6.986664500000e-05
  6.335339500000e-05
  5.744733500000e-05
  5.209186000000e-05
  4.723564500000e-05
  4.283215000000e-05
  3.883916500000e-05
  3.521842000000e-05
  3.193521500000e-05
  2.895808500000e-05
  2.625849500000e-05
  2.381057000000e-05
  2.159085500000e-05
  1.957807000000e-05
  1.775292500000e-05
  1.609792500000e-05
  1.459721000000e-05
  1.323640000000e-05
  1.200245000000e-05
  1.088353500000e-05
  9.868927000000e-06
  8.948904000000e-06
  8.114651000000e-06
  7.358170500000e-06
  6.672212000000e-06
  6.050201500000e-06
  5.486177500000e-06
  4.974733500000e-06
  4.510968500000e-06
  4.090438000000e-06
  3.709111000000e-06
  3.363332500000e-06
  3.049789000000e-06
  2.765475500000e-06
  2.507667000000e-06
  2.273892000000e-06
  2.061910500000e-06
  1.869691000000e-06
  1.676077000000e-06
  1.483418500000e-06
  1.312905000000e-06
  1.161991500000e-06
  1.028425100000e-06
  9.102116500000e-07
  8.055863500000e-07
  7.129873000000e-07
  6.310321500000e-07
  5.584974500000e-07
  4.943003000000e-07
  4.374823500000e-07
  3.871954500000e-07
  3.426888500000e-07
  3.032981000000e-07
  2.684351500000e-07
  2.375795500000e-07
  2.102707000000e-07
  1.861009000000e-07
  1.647093000000e-07
  1.457766000000e-07
  1.290201500000e-07
  1.141897500000e-07
  1.010640750000e-07
  8.944717000000e-08
  7.916556000000e-08
  7.006578500000e-08
  6.201199500000e-08
  5.488395500000e-08
  4.857525500000e-08
  4.299171500000e-08
  3.804998000000e-08
  3.367628000000e-08
  2.980532500000e-08
  2.637932000000e-08
  2.334711500000e-08
  2.066345500000e-08
  1.828827000000e-08
  1.618610000000e-08
  1.432557000000e-08
  1.267890000000e-08
  1.122151000000e-08
  9.931642500000e-09
  8.790039000000e-09
  7.779658000000e-09
  6.885416500000e-09
  6.093964500000e-09
  5.393486500000e-09
  4.773526000000e-09
  4.224828000000e-09
  3.739200000000e-09
  3.309393000000e-09
  2.928991000000e-09
  2.592315000000e-09
  2.294338500000e-09
  2.030613000000e-09
  1.797202000000e-09
  1.590620500000e-09
  1.407784500000e-09
  1.245965000000e-09
  1.102746500000e-09
  9.759902000000e-10
  8.638036500000e-10
  7.645127500000e-10
  6.766349500000e-10
  5.988583500000e-10
  5.300219000000e-10
  4.690979000000e-10
  4.151769000000e-10
  3.674539500000e-10
  3.252165500000e-10
  2.878341500000e-10
  2.547487000000e-10
  2.254663000000e-10
  1.995498500000e-10
  1.766123500000e-10
  1.563114000000e-10
  1.383440000000e-10
  1.224419000000e-10
  1.083677000000e-10
  9.591125500000e-11
  8.488662000000e-11
  7.512923000000e-11
  6.649341500000e-11
  5.885025000000e-11
  5.208564000000e-11
  4.609859500000e-11
  4.079974000000e-11
  3.610997000000e-11
  3.195927000000e-11
  2.828567500000e-11
  2.503434500000e-11
  2.215674500000e-11
  1.960991000000e-11
  1.735582500000e-11
  1.536084000000e-11
  1.359517000000e-11
  1.203246000000e-11
  5.649375000000e-12
