399
  8.412600000000e-01
  7.914200000000e-01
  7.445400000000e-01
  7.004200000000e-01
  6.589300000000e-01
  6.198960000000e-01
  5.831670000000e-01
  5.486190000000e-01
  5.161170000000e-01
  4.855390000000e-01
  4.567750000000e-01
  4.297140000000e-01
  4.042550000000e-01
  3.803060000000e-01
  3.577760000000e-01
  3.365790000000e-01
  3.166390000000e-01
  2.978810000000e-01
  2.802320000000e-01
  2.636310000000e-01
  2.480120000000e-01
  2.333200000000e-01
  2.194960000000e-01
  2.064930000000e-01
  1.942590000000e-01
  1.827500000000e-01
  1.719240000000e-01
  1.617380000000e-01
  1.521570000000e-01
  1.431420000000e-01
  1.346620000000e-01
  1.266840000000e-01
  1.191780000000e-01
  1.121180000000e-01
  1.054760000000e-01
  9.922700000000e-02
  9.334900000000e-02
  8.781800000000e-02
  8.261500000000e-02
  7.772100000000e-02
  7.311700000000e-02
  6.878500000000e-02
  6.470900000000e-02
  6.087650000000e-02
  5.726960000000e-02
  5.387670000000e-02
  5.068490000000e-02
  4.768210000000e-02
  4.485720000000e-02
  4.219970000000e-02
  3.969970000000e-02
  3.734770000000e-02
  3.513510000000e-02
  3.305350000000e-02
  3.109540000000e-02
  2.925310000000e-02
  2.752000000000e-02
  2.588970000000e-02
  2.435590000000e-02
  2.291290000000e-02
  2.155550000000e-02
  2.027850000000e-02
  1.907710000000e-02
  1.794690000000e-02
  1.688360000000e-02
  1.588340000000e-02
  1.494240000000e-02
  1.405720000000e-02
  1.322440000000e-02
  1.244090000000e-02
  1.170390000000e-02
  1.101040000000e-02
  1.035820000000e-02
  9.744500000000e-03
  9.167300000000e-03
  8.624100000000e-03
  8.113200000000e-03
  7.632500000000e-03
  7.180400000000e-03
  6.754900000000e-03
  6.354800000000e-03
  5.978300000000e-03
  5.624120000000e-03
  5.290930000000e-03
  4.977470000000e-03
  4.682590000000e-03
  4.405170000000e-03
  4.144200000000e-03
  3.898670000000e-03
  3.667710000000e-03
  3.450420000000e-03
  3.246000000000e-03
  3.053690000000e-03
  2.872790000000e-03
  2.702590000000e-03
  2.542470000000e-03
  2.391860000000e-03
  2.250150000000e-03
  2.116840000000e-03
  1.991430000000e-03
  9.529100000000e-04
  1.995100000000e-03
  1.249380000000e-03
  1.423800000000e-03
  1.153600000000e-03
  1.270370000000e-03
  1.383650000000e-03
  8.143500000000e-04
  1.710870000000e-03
  2.822300000000e-04
  7.957600000000e-04
  1.011530000000e-03
  1.576750000000e-03
  6.206000000000e-05
  9.715200000000e-04
  5.145100000000e-04
  8.576700000000e-04
  4.898300000000e-04
  1.189010000000e-03
  3.287000000000e-05
  7.323400000000e-04
  3.756300000000e-04
  9.664740000000e-04
  3.820700000000e-05
  2.753550000000e-04
  6.356660000000e-04
  7.518660000000e-04
  7.422500000000e-05
  4.974990000000e-04
  2.515810000000e-04
  6.702160000000e-04
  9.031999999999e-06
  6.037590000000e-04
  1.216700000000e-05
  5.413540000000e-04
  1.715200000000e-05
  4.928630000000e-04
  1.357700000000e-05
  4.533870000000e-04
  5.841000000000e-06
  1.990860000000e-04
  2.173310000000e-04
  3.631830000000e-04
  1.441400000000e-05
  9.649000000000e-06
  3.327460000000e-04
  2.838910000000e-04
  2.658500000000e-05
  2.751020000000e-04
  6.431000000000e-06
  2.469760000000e-04
  8.310000000000e-06
  2.210080000000e-04
  1.048000000000e-05
  1.318020000000e-04
  7.810600000000e-05
  1.546550000000e-04
  3.568400000000e-05
  6.515900000000e-05
  1.074360000000e-04
  9.674500000000e-05
  5.976000000000e-05
  7.608900000000e-05
  6.582600000000e-05
  5.550900000000e-05
  7.317600000000e-05
  9.210100000000e-05
  2.458700000000e-05
  3.045800000000e-05
  7.535300000000e-05
  5.597850000000e-05
  3.996760000000e-05
  3.893510000000e-05
  4.806670000000e-05
  5.049570000000e-05
  2.839550000000e-05
  2.685300000000e-06
  6.885120000000e-05
  4.855250000000e-05
  1.631520000000e-05
  4.244840000000e-05
  1.637200000000e-05
  4.030240000000e-05
  1.303460000000e-05
  1.803570000000e-05
  3.032890000000e-05
  2.929990000000e-05
  1.455600000000e-05
  1.938730000000e-05
  2.038020000000e-05
  2.251010000000e-05
  1.355010000000e-05
  1.142260000000e-05
  2.127600000000e-05
  2.361460000000e-05
  6.035600000000e-06
  1.274450000000e-05
  1.414160000000e-05
  1.242760000000e-05
  1.195210000000e-05
  1.088580000000e-05
  1.122110000000e-05
  8.095900000000e-06
  1.195010000000e-05
  1.135830000000e-05
  6.819000000000e-06
  1.074050000000e-05
  5.742200000000e-06
  1.018160000000e-05
  4.764500000000e-06
  6.703300000000e-06
  6.849500000000e-06
  6.720700000000e-06
  5.568600000000e-06
  3.961800000000e-06
  7.181900000000e-06
  3.136300000000e-06
  6.968460000000e-06
  7.254240000000e-06
  1.908560000000e-06
  4.760190000000e-06
  3.548420000000e-06
  4.150560000000e-06
  3.383480000000e-06
  1.821520000000e-06
  5.010170000000e-06
  9.673000000000e-07
  5.227510000000e-06
  3.073710000000e-06
  2.543600000000e-06
  2.974860000000e-06
  2.118780000000e-06
  1.934600000000e-06
  2.684190000000e-06
  2.877740000000e-06
  1.310460000000e-06
  4.894700000000e-07
  3.308300000000e-06
  1.676590000000e-06
  1.767130000000e-06
  7.241200000000e-07
  2.398570000000e-06
  2.372060000000e-06
  4.595100000000e-07
  1.332590000000e-06
  1.235020000000e-06
  1.527130000000e-06
  8.011100000000e-07
  1.364050000000e-06
  7.471400000000e-07
  1.272510000000e-06
  6.418700000000e-07
  4.538700000000e-07
  1.282040000000e-06
  9.022800000000e-07
  6.718100000000e-07
  6.571400000000e-07
  7.702000000000e-07
  3.140000000000e-07
  9.802800000000e-07
  5.978400000000e-07
  5.757800000000e-07
  6.343000000000e-08
  1.000780000000e-06
  4.044660000000e-07
  5.605400000000e-07
  6.427070000000e-07
  2.323330000000e-07
  1.887410000000e-07
  6.047250000000e-07
  5.569520000000e-07
  1.625430000000e-07
  3.599580000000e-07
  2.924640000000e-07
  2.135140000000e-07
  3.780850000000e-07
  4.787860000000e-07
  5.766300000000e-08
  2.365110000000e-07
  2.499280000000e-07
  3.587000000000e-08
  4.052210000000e-07
  3.473210000000e-07
  5.264900000000e-08
  2.011980000000e-07
  1.614860000000e-07
  9.554100000000e-08
  2.333320000000e-07
  1.194810000000e-07
  1.787330000000e-07
  9.816800000000e-08
  1.722450000000e-07
  1.156200000000e-07
  1.295840000000e-07
  1.746470000000e-07
  4.769900000000e-08
  6.899400000000e-08
  1.326230000000e-07
  2.935900000000e-08
  1.534630000000e-07
  2.044060000000e-07
  1.809110000000e-07
  1.601160000000e-07
  1.417110000000e-07
  1.254218000000e-07
  1.110051000000e-07
  9.824550000000e-08
  8.695260000000e-08
  7.695770000000e-08
  6.811170000000e-08
  6.028260000000e-08
  5.335330000000e-08
  4.722050000000e-08
  4.179270000000e-08
  3.698880000000e-08
  3.273710000000e-08
  2.897410000000e-08
  2.564360000000e-08
  2.269600000000e-08
  2.008720000000e-08
  1.777820000000e-08
  1.573470000000e-08
  1.392610000000e-08
  1.232525000000e-08
  1.090856000000e-08
  9.654660000000e-09
  8.544890000000e-09
  7.562690000000e-09
  6.693390000000e-09
  5.924010000000e-09
  5.243070000000e-09
  4.640400000000e-09
  4.107000000000e-09
  3.634910000000e-09
  3.217100000000e-09
  2.847310000000e-09
  2.520010000000e-09
  2.230360000000e-09
  1.973980000000e-09
  1.747080000000e-09
  1.546260000000e-09
  1.368520000000e-09
  1.211215000000e-09
  1.071992000000e-09
  9.487700000000e-10
  8.397130000000e-10
  7.431910000000e-10
  6.577650000000e-10
  5.821560000000e-10
  5.152400000000e-10
  4.560160000000e-10
  4.035980000000e-10
  3.572060000000e-10
  3.161460000000e-10
  2.798070000000e-10
  2.476440000000e-10
  2.191780000000e-10
  1.939850000000e-10
  1.716870000000e-10
  1.519520000000e-10
  1.344850000000e-10
  1.190276000000e-10
  1.053455000000e-10
  9.323630000000e-11
  8.251930000000e-11
  7.303390000000e-11
  6.463900000000e-11
  5.720900000000e-11
  5.063300000000e-11
  4.481290000000e-11
  3.966190000000e-11
  3.510290000000e-11
  3.106800000000e-11
  2.749680000000e-11
  2.433610000000e-11
  2.153890000000e-11
  1.906300000000e-11
  1.687180000000e-11
  1.493240000000e-11
  1.321600000000e-11
  1.169689000000e-11
  1.035238000000e-11
  9.162400000000e-12
  8.109230000000e-12
  7.177100000000e-12
  6.352120000000e-12
  5.621970000000e-12
  4.975740000000e-12
  4.403800000000e-12
  3.897600000000e-12
  3.449590000000e-12
  3.053070000000e-12
  2.702130000000e-12
  2.391540000000e-12
  2.116630000000e-12
  1.873340000000e-12
  1.658000000000e-12
  1.467420000000e-12
  1.129875000000e-11
