399
  1.377937000000e+01
  1.296303000000e+01
  1.219505000000e+01
  1.147257000000e+01
  1.079289500000e+01
  1.015348200000e+01
  9.551950500000e+00
  8.986057500000e+00
  8.453689500000e+00
  7.952861500000e+00
  7.481704500000e+00
  7.038460000000e+00
  6.621475500000e+00
  6.229195000000e+00
  5.860154000000e+00
  5.512976500000e+00
  5.186367500000e+00
  4.879107500000e+00
  4.590051000000e+00
  4.318119500000e+00
  4.062298000000e+00
  3.821632000000e+00
  3.595224000000e+00
  3.382229500000e+00
  3.181853500000e+00
  2.993349000000e+00
  2.816012000000e+00
  2.649181000000e+00
  2.492233500000e+00
  2.344584000000e+00
  2.205682000000e+00
  2.075009000000e+00
  1.952078000000e+00
  1.836430000000e+00
  1.727633000000e+00
  1.625281500000e+00
  1.528993500000e+00
  1.438410000000e+00
  1.353193500000e+00
  1.273025500000e+00
  1.197606500000e+00
  1.126655500000e+00
  1.059908500000e+00
  9.971157500000e-01
  9.380427000000e-01
  8.824695500000e-01
  8.301887500000e-01
  7.810052500000e-01
  7.347356000000e-01
  6.912071500000e-01
  6.502574500000e-01
  6.117337500000e-01
  5.754923500000e-01
  5.413980500000e-01
  5.093236000000e-01
  4.791493500000e-01
  4.507628000000e-01
  4.240579500000e-01
  3.989351500000e-01
  3.753007500000e-01
  3.530665500000e-01
  3.321495500000e-01
  3.124717500000e-01
  2.939597500000e-01
  2.765445000000e-01
  2.601610000000e-01
  2.447481000000e-01
  2.302483000000e-01
  2.166075000000e-01
  2.037748500000e-01
  1.917024500000e-01
  1.803453000000e-01
  1.696610000000e-01
  1.596096500000e-01
  1.501537500000e-01
  1.412580500000e-01
  1.328894000000e-01
  1.250165500000e-01
  1.176101000000e-01
  1.106424500000e-01
  1.040876000000e-01
  9.792105000000e-02
  9.211984000000e-02
  8.666231500000e-02
  8.152811500000e-02
  7.669808500000e-02
  7.215420500000e-02
  6.787952000000e-02
  6.385808500000e-02
  6.007489500000e-02
  5.651583000000e-02
  5.316762000000e-02
  5.001777500000e-02
  4.705453500000e-02
  4.426684500000e-02
  4.164431500000e-02
  3.917715000000e-02
  3.685614500000e-02
  3.467265000000e-02
  3.261851500000e-02
  3.114634500000e-02
  2.967234000000e-02
  2.805010000000e-02
  2.671351000000e-02
  2.542481000000e-02
  2.421282500000e-02
  2.288581500000e-02
  2.178681500000e-02
  2.052420500000e-02
  1.952765500000e-02
  1.898866000000e-02
  1.808501500000e-02
  1.679087500000e-02
  1.597147000000e-02
  1.545468000000e-02
  1.471166500000e-02
  1.402557500000e-02
  1.335182500000e-02
  1.251240500000e-02
  1.190146500000e-02
  1.151886000000e-02
  1.096487500000e-02
  1.029382300000e-02
  9.791482500000e-03
  9.634701500000e-03
  9.179191000000e-03
  8.485425000000e-03
  8.072379500000e-03
  7.786517500000e-03
  7.411977500000e-03
  6.951079000000e-03
  6.611455000000e-03
  6.305059500000e-03
  5.997096500000e-03
  5.720336000000e-03
  5.441083000000e-03
  5.186075500000e-03
  4.932855500000e-03
  4.699373500000e-03
  4.469759500000e-03
  4.367296000000e-03
  4.159087500000e-03
  3.868830500000e-03
  3.680032000000e-03
  3.668000500000e-03
  3.496803000000e-03
  3.188484500000e-03
  3.033246500000e-03
  2.882403000000e-03
  2.741636500000e-03
  2.614933000000e-03
  2.487290000000e-03
  2.372631000000e-03
  2.256887000000e-03
  2.185746000000e-03
  2.080792000000e-03
  1.964411500000e-03
  1.869242000000e-03
  1.818820500000e-03
  1.732523000000e-03
  1.630432500000e-03
  1.552180000000e-03
  1.484255500000e-03
  1.413298000000e-03
  1.352630500000e-03
  1.288288000000e-03
  1.205649500000e-03
  1.147305500000e-03
  1.119783000000e-03
  1.066877500000e-03
  1.001211750000e-03
  9.532387000000e-04
  9.137873500000e-04
  8.702864500000e-04
  8.210052500000e-04
  7.815596500000e-04
  7.660192500000e-04
  7.302510000000e-04
  6.715491500000e-04
  6.391153000000e-04
  6.097335000000e-04
  5.803233000000e-04
  5.519861000000e-04
  5.253176000000e-04
  5.097824500000e-04
  4.856001500000e-04
  4.557857500000e-04
  4.338578000000e-04
  4.168861500000e-04
  3.970024000000e-04
  3.755572500000e-04
  3.575271500000e-04
  3.450408000000e-04
  3.286915000000e-04
  3.062462000000e-04
  2.914211000000e-04
  2.820310500000e-04
  2.685880000000e-04
  2.553034000000e-04
  2.431135500000e-04
  2.316946000000e-04
  2.206411500000e-04
  2.109826500000e-04
  2.009596500000e-04
  1.893054500000e-04
  1.802168000000e-04
  1.714370500000e-04
  1.631957000000e-04
  1.552338000000e-04
  1.477607500000e-04
  1.420268500000e-04
  1.352504500000e-04
  1.284653500000e-04
  1.223207000000e-04
  1.175555000000e-04
  1.119836500000e-04
  1.068245500000e-04
  1.017721700000e-04
  9.466082000000e-05
  9.007942000000e-05
  8.674504500000e-05
  8.259074000000e-05
  7.874125000000e-05
  7.497423000000e-05
  7.237173000000e-05
  6.895588500000e-05
  6.596715000000e-05
  6.286974500000e-05
  5.871913500000e-05
  5.591048000000e-05
  5.315125000000e-05
  5.060443000000e-05
  4.857774000000e-05
  4.626834500000e-05
  4.348738000000e-05
  4.139328000000e-05
  4.049331500000e-05
  3.859443000000e-05
  3.610198500000e-05
  3.438012500000e-05
  3.313450000000e-05
  3.157315500000e-05
  2.918784000000e-05
  2.777205500000e-05
  2.687600500000e-05
  2.559220000000e-05
  2.421112500000e-05
  2.304700500000e-05
  2.196442500000e-05
  2.090883000000e-05
  1.989900500000e-05
  1.894181500000e-05
  1.839394500000e-05
  1.752599000000e-05
  1.643383000000e-05
  1.564678500000e-05
  1.498231000000e-05
  1.426864000000e-05
  1.372654000000e-05
  1.307940000000e-05
  1.229034000000e-05
  1.170353000000e-05
  1.138392500000e-05
  1.085182000000e-05
  1.014919700000e-05
  9.666694000000e-06
  9.065070500000e-06
  8.627550500000e-06
  8.417013500000e-06
  8.020280500000e-06
  7.439442000000e-06
  7.079694500000e-06
  6.818444000000e-06
  6.492233000000e-06
  6.239244000000e-06
  5.943444500000e-06
  5.515009000000e-06
  5.246784500000e-06
  5.099697500000e-06
  4.856478000000e-06
  4.713579000000e-06
  4.493033500000e-06
  4.116762500000e-06
  3.916777500000e-06
  3.789854000000e-06
  3.608512000000e-06
  3.479998500000e-06
  3.315562000000e-06
  3.139155500000e-06
  2.990048500000e-06
  2.851598000000e-06
  2.716391500000e-06
  2.572459000000e-06
  2.449857000000e-06
  2.297741500000e-06
  2.186568500000e-06
  2.128222000000e-06
  2.027413500000e-06
  1.946422500000e-06
  1.855011500000e-06
  1.676077000000e-06
  1.483418500000e-06
  1.312905000000e-06
  1.161991500000e-06
  1.028425100000e-06
  9.102116500000e-07
  8.055863500000e-07
  7.129873000000e-07
  6.310321500000e-07
  5.584974500000e-07
  4.943003000000e-07
  4.374823500000e-07
  3.871954500000e-07
  3.426888500000e-07
  3.032981000000e-07
  2.684351500000e-07
  2.375795500000e-07
  2.102707000000e-07
  1.861009000000e-07
  1.647093000000e-07
  1.457766000000e-07
  1.290201500000e-07
  1.141897500000e-07
  1.010640750000e-07
  8.944717000000e-08
  7.916556000000e-08
  7.006578500000e-08
  6.201199500000e-08
  5.488395500000e-08
  4.857525500000e-08
  4.299171500000e-08
  3.804998000000e-08
  3.367628000000e-08
  2.980532500000e-08
  2.637932000000e-08
  2.334711500000e-08
  2.066345500000e-08
  1.828827000000e-08
  1.618610000000e-08
  1.432557000000e-08
  1.267890000000e-08
  1.122151000000e-08
  9.931642500000e-09
  8.790039000000e-09
  7.779658000000e-09
  6.885416500000e-09
  6.093964500000e-09
  5.393486500000e-09
  4.773526000000e-09
  4.224828000000e-09
  3.739200000000e-09
  3.309393000000e-09
  2.928991000000e-09
  2.592315000000e-09
  2.294338500000e-09
  2.030613000000e-09
  1.797202000000e-09
  1.590620500000e-09
  1.407784500000e-09
  1.245965000000e-09
  1.102746500000e-09
  9.759902000000e-10
  8.638036500000e-10
  7.645127500000e-10
  6.766349500000e-10
  5.988583500000e-10
  5.300219000000e-10
  4.690979000000e-10
  4.151769000000e-10
  3.674539500000e-10
  3.252165500000e-10
  2.878341500000e-10
  2.547487000000e-10
  2.254663000000e-10
  1.995498500000e-10
  1.766123500000e-10
  1.563114000000e-10
  1.383440000000e-10
  1.224419000000e-10
  1.083677000000e-10
  9.591125500000e-11
  8.488662000000e-11
  7.512923000000e-11
  6.649341500000e-11
  5.885025000000e-11
  5.208564000000e-11
  4.609859500000e-11
  4.079974000000e-11
  3.610997000000e-11
  3.195927000000e-11
  2.828567500000e-11
  2.503434500000e-11
  2.215674500000e-11
  1.960991000000e-11
  1.735582500000e-11
  1.536084000000e-11
  1.359517000000e-11
  1.203246000000e-11
  5.649375000000e-12
