# upper_energy mg_flux
1.420000000000000000e+07 6.201624862138587213e-01
1.335873900000000000e+07 5.834217764752553936e-01
1.256731740000000037e+07 5.488576703790364331e-01
1.182278259999999963e+07 5.163413085075027054e-01
1.112235680000000075e+07 4.857512769814000264e-01
1.046342690000000037e+07 4.702701092366135538e-01
9.843534390000000596e+06 7.086667995741285919e-01
9.260366660000000149e+06 1.032558367878390282e+00
8.711747960000000894e+06 1.434110188322504031e+00
8.195631490000000224e+06 1.956573010296241533e+00
7.710091679999999702e+06 2.630912696923569882e+00
7.253317059999999590e+06 3.444942455129762937e+00
6.823603469999999739e+06 4.454019919657592474e+00
6.419347730000000447e+06 5.577833752559260283e+00
6.039041599999999627e+06 6.791145344860190392e+00
5.681266230000000447e+06 8.051062756862496173e+00
5.344686799999999814e+06 9.338334464815888580e+00
5.028047599999999627e+06 1.078573808631518993e+01
4.730167290000000037e+06 1.239634559891860022e+01
4.449934519999999553e+06 1.390321356582761148e+01
4.186303779999999795e+06 1.532214893003563816e+01
3.938291509999999776e+06 1.665430799687944941e+01
3.704972419999999925e+06 1.783142554917828093e+01
3.485476020000000019e+06 1.908518383157834819e+01
3.278983410000000149e+06 2.005003444829436532e+01
3.084724189999999944e+06 2.089320934913819272e+01
2.901973609999999870e+06 2.169129060359428962e+01
2.730049859999999870e+06 2.229152894417214981e+01
2.568311509999999776e+06 2.271977943347230777e+01
2.416155149999999907e+06 2.297115249485288402e+01
2.273013089999999851e+06 2.317015594210430862e+01
2.138351310000000056e+06 2.330645943580530854e+01
2.011667399999999907e+06 2.339010416376675749e+01
1.892488709999999963e+06 2.340831646542838484e+01
1.780370610000000102e+06 2.335041435681846167e+01
1.674894810000000056e+06 2.321194460469487808e+01
1.575667790000000037e+06 2.293854536797201504e+01
1.482319340000000084e+06 2.255466092183883120e+01
1.394501209999999963e+06 2.208140978396517085e+01
1.311885750000000000e+06 2.158682268932327730e+01
1.234164739999999991e+06 2.116013061266332329e+01
1.161048209999999963e+06 2.079521094436191930e+01
1.092263379999999888e+06 2.034839511481717622e+01
1.027553619999999995e+06 1.974415673256118708e+01
9.666775089999999618e+05 1.908039965265048110e+01
9.094079239999999991e+05 1.836412360273912370e+01
8.555312029999999795e+05 1.757250100814604110e+01
8.048463399999999674e+05 1.679130829778005563e+01
7.571642380000000121e+05 1.602651778031427909e+01
7.123070010000000475e+05 1.528059215898090706e+01
6.701072750000000233e+05 1.455545518793510240e+01
6.304076180000000168e+05 1.385256555411524104e+01
5.930599170000000158e+05 1.316828323366777909e+01
5.579248329999999842e+05 1.238725703007812484e+01
5.248712830000000540e+05 1.160101623637058132e+01
4.937759479999999749e+05 1.086737672591458725e+01
4.645228169999999809e+05 1.018062792877510958e+01
4.370027509999999893e+05 9.511573380858379778e+00
4.111130769999999902e+05 8.880729511323298908e+00
3.867572029999999795e+05 8.295001756827375061e+00
3.638442619999999879e+05 7.750827122325885554e+00
3.422887700000000186e+05 7.244956798356644079e+00
3.220103049999999930e+05 6.774423280781514123e+00
3.029332119999999995e+05 6.336484880058890212e+00
2.849863180000000284e+05 5.904431539578767207e+00
2.681026639999999898e+05 5.484643164973335594e+00
2.522192609999999986e+05 5.097771780284545251e+00
2.372768500000000058e+05 4.740941598369208698e+00
2.232196840000000084e+05 4.402791708994572062e+00
2.099953159999999916e+05 4.057692592853558544e+00
1.975544100000000035e+05 3.739358573136621455e+00
1.858505489999999991e+05 3.448845261573800336e+00
1.748400679999999993e+05 3.183473748044677976e+00
1.644818900000000140e+05 2.940843429468436021e+00
1.547373690000000061e+05 2.718799814822054017e+00
1.455701490000000049e+05 2.515408378816217372e+00
1.369460299999999988e+05 2.328932594346673213e+00
1.288328359999999957e+05 2.153985050740360840e+00
1.212002979999999952e+05 1.982055505459763722e+00
1.140199389999999985e+05 1.824579390633525033e+00
1.072649729999999981e+05 1.681038598454338784e+00
1.009101950000000070e+05 1.550701661390097463e+00
9.493189830000000075e+04 1.450613192144091013e+00
8.930777820000000065e+04 1.364953389109015536e+00
8.401685199999999895e+04 1.257102740939997965e+00
7.903938000000000466e+04 1.142737572090036124e+00
7.435679200000000128e+04 1.032080410235787893e+00
6.995161800000000221e+04 9.327563447656974649e-01
6.580742299999999523e+04 8.437583241219677177e-01
6.190874549999999726e+04 7.676441141552459158e-01
5.824104030000000057e+04 7.012380861648260799e-01
5.479062359999999899e+04 6.411724271017013033e-01
5.154462249999999767e+04 5.867948735614348932e-01
4.849092659999999887e+04 5.362847185788701676e-01
4.561814299999999639e+04 4.876690936746440608e-01
4.291555389999999898e+04 4.410135603017263373e-01
4.037307630000000063e+04 3.986269022603742829e-01
3.798122449999999662e+04 3.582966363027573209e-01
3.573107489999999962e+04 3.199936764500558306e-01
3.361423260000000300e+04 2.859230445960669886e-01
3.162279999999999927e+04 1.316322056102470495e-01
3.066989380000000165e+04 2.647337976856553587e-01
2.867479490000000078e+04 1.590051729361448007e-01
2.742540729999999894e+04 1.758336556018264274e-01
2.600161469999999827e+04 1.382475608447747417e-01
2.484801139999999941e+04 1.444799620790711558e-01
2.357763910000000033e+04 1.530205888524361901e-01
2.219399309999999969e+04 8.285290304340771350e-02
2.137963639999999941e+04 1.459087758034526838e-01
1.994908000000000175e+04 7.916048195228792515e-04
1.994069989999999962e+04 2.685173010655943909e-03
1.991450999999999840e+04 5.609456631029956664e-04
1.990870490000000063e+04 5.093803137300286638e-03
1.985888999999999942e+04 7.755444305213609387e-04
1.985075999999999840e+04 1.662329076021409890e-02
1.968700999999999840e+04 1.961879541244289978e-03
1.966665000000000146e+04 4.089261333399498398e-03
1.962609000000000015e+04 2.351862304684212979e-02
1.938654030000000057e+04 6.172756056974507133e-02
1.873006999999999971e+04 6.412729308193313577e-04
1.872271480000000156e+04 4.284171246626904475e-03
1.867538000000000102e+04 9.433641211785018330e-04
1.866454999999999927e+04 8.525999809555732814e-04
1.865515999999999985e+04 8.355366551752778587e-04
1.864575999999999840e+04 1.116022585251113999e-03
1.863336000000000058e+04 9.110015614074282913e-04
1.862290000000000146e+04 1.504271341224272963e-03
1.860624000000000160e+04 1.376371865670714513e-03
1.859041999999999825e+04 4.855561413421976766e-03
1.853690999999999985e+04 8.239360289063206444e-02
1.757924870000000010e+04 1.042472334158478682e-02
1.745788000000000102e+04 3.258276528754144798e-04
1.745358000000000175e+04 1.786836937920044388e-02
1.724772499999999854e+04 5.410474123752258844e-04
1.724025990000000093e+04 1.796052552665684809e-02
1.703540999999999985e+04 1.685188995214799413e-04
1.703322999999999956e+04 1.135322397294136632e-03
1.701997000000000116e+04 2.662171876683692507e-04
1.701648500000000058e+04 5.728607821718693233e-03
1.695125999999999840e+04 9.458470454299912431e-05
1.695004999999999927e+04 2.821759134133976915e-02
1.662914489999999932e+04 2.355975404436263620e-04
1.662619489999999860e+04 3.631374681044961458e-03
1.658443999999999869e+04 1.270392860200438186e-04
1.658286000000000058e+04 1.673999973011424530e-02
1.639072989999999845e+04 3.590280699568733618e-04
1.638620500000000175e+04 5.753729487092725491e-03
1.631965999999999985e+04 6.059776512419873685e-04
1.631179490000000078e+04 1.333115769240302353e-02
1.615677989999999954e+04 3.098083173591116048e-04
1.615290990000000056e+04 5.315924804610350218e-03
1.609075000000000000e+04 4.690381702162211815e-04
1.608495989999999983e+04 6.491268709440292661e-03
1.600802000000000044e+04 5.900362965379489814e-04
1.600053490000000056e+04 8.597661575195938120e-04
1.599025000000000000e+04 7.056495469123826025e-04
1.598088999999999942e+04 3.448932973908840766e-03
1.594044009999999980e+04 5.990345760496589532e-03
1.586919989999999962e+04 3.164646332727699685e-04
1.586501499999999942e+04 2.080349251963269433e-02
1.561525489999999991e+04 2.143841843721149866e-04
1.561250000000000000e+04 1.040052194202331160e-03
1.559976499999999942e+04 4.470590860917321354e-04
1.559373999999999978e+04 8.275184326349471417e-03
1.549435000000000036e+04 5.246867121787294119e-04
1.548738489999999911e+04 5.357642231999288837e-03
1.542246999999999935e+04 2.834371247153231826e-04
1.541883480000000054e+04 1.009876212403602999e-03
1.540650000000000000e+04 5.427702672670528181e-04
1.539936000000000058e+04 1.036689173959214928e-02
1.527393000000000029e+04 3.432001668216594532e-04
1.526942489999999998e+04 4.655311765995628556e-03
1.521228000000000065e+04 4.105049724787405052e-04
1.520682999999999993e+04 6.598927495405148419e-03
1.512553000000000065e+04 4.189136812231531695e-04
1.512000000000000000e+04 2.400997664710090122e-03
1.509043490000000020e+04 3.188543237378216322e-04
1.508628499999999985e+04 2.749453877156058951e-03
1.505192000000000007e+04 4.803803103695845574e-04
1.504537750000000051e+04 3.375834947910310007e-03
1.500338999999999942e+04 5.816980097867956818e-04
1.499568000000000029e+04 8.552358403887115081e-04
1.498500000000000000e+04 1.863245029621585485e-04
1.498262000000000080e+04 1.855549388368729277e-03
1.495936000000000058e+04 5.410904374821969920e-04
1.495235000000000036e+04 3.002948679158839052e-03
1.491440999999999985e+04 7.476419616386400895e-03
1.481490999999999985e+04 1.540576407556837118e-03
1.479543000000000029e+04 2.543065509202216412e-02
1.445440790000000015e+04 2.580731854694634248e-03
1.441859499999999935e+04 2.068498331609122751e-04
1.441537999999999920e+04 1.414674573350967884e-02
1.421961000000000058e+04 1.397213704424613598e-04
1.421750000000000000e+04 8.652694300804590274e-03
1.409676000000000022e+04 9.028105068931845014e-05
1.409540999999999985e+04 2.524875413232164842e-03
1.405992000000000007e+04 3.060786589869523471e-04
1.405519490000000042e+04 1.065933561306213993e-02
1.390600489999999991e+04 1.931404584695924878e-04
1.390311000000000058e+04 6.217724375760833033e-03
1.381511000000000058e+04 1.356152754737722198e-04
1.381309989999999925e+04 3.540513489661515235e-04
1.380798999999999978e+04 3.122959821793374583e-04
1.380320490000000063e+04 3.401205834883384458e-04
1.379830990000000020e+04 2.434494133508021470e-04
1.379459490000000005e+04 5.069272047173335217e-03
1.372334000000000015e+04 3.211064010415311861e-04
1.371852989999999954e+04 2.095134178557360970e-03
1.368882999999999993e+04 3.684909813901857687e-04
1.368337999999999920e+04 2.438964580900576402e-03
1.364850000000000000e+04 7.319468527137708248e-04
1.363759000000000015e+04 1.481548440689989341e-03
1.361645999999999913e+04 4.424355362707606829e-04
1.360996999999999935e+04 2.936712273752483532e-03
1.356779999999999927e+04 6.578833709214079034e-04
1.355787999999999920e+04 8.027916149500270628e-04
1.354632999999999993e+04 4.716109448357739837e-04
1.353936000000000058e+04 7.298060271638559613e-04
1.352886000000000058e+04 2.112287861920199728e-03
1.349777000000000044e+04 1.026643152258356194e-04
1.349629000000000087e+04 2.568553611435200890e-02
1.310690960000000086e+04 3.318380621543675149e-03
1.305475989999999911e+04 1.842473069576548370e-04
1.305139749999999913e+04 8.792495356211000798e-03
1.291532489999999962e+04 1.971466762454009711e-04
1.291171500000000015e+04 4.471864897430912443e-03
1.284204999999999927e+04 6.864356262600531441e-05
1.284081999999999971e+04 3.296116232211651360e-03
1.278964240000000063e+04 1.134232900773804795e-04
1.278762999999999920e+04 5.426386633633173764e-03
1.270414999999999964e+04 1.426440883317821404e-04
1.270161000000000058e+04 3.644582320817422918e-03
1.264637989999999991e+04 1.865171543856977243e-04
1.264304750000000058e+04 2.432402121021745925e-02
1.228175489999999991e+04 1.983865809684872339e-04
1.227825499999999920e+04 4.800984354920640081e-03
1.220680249999999978e+04 2.419166481495801826e-04
1.220254249999999956e+04 4.226894724292427387e-03
1.214000489999999991e+04 2.815190163540114469e-04
1.213518000000000029e+04 1.158474321854201065e-02
1.196112000000000080e+04 2.460735387247393793e-04
1.195689999999999964e+04 4.768212068517789504e-03
1.188503060000000005e+04 3.081060907357605072e-02
1.140345739999999932e+04 2.280867222464558772e-04
1.139922999999999956e+04 4.872656754462975116e-03
1.132011490000000049e+04 2.022371475286469545e-04
1.131657990000000063e+04 3.055591979147531147e-03
1.126645000000000073e+04 3.116510998386083295e-04
1.126107489999999962e+04 1.728942925380838819e-03
1.123222999999999956e+04 2.422977688352342344e-04
1.122797500000000036e+04 2.982909772268042218e-03
1.117797999999999956e+04 4.664023877621640505e-04
1.116989999999999964e+04 5.722559731892646641e-04
1.116020999999999913e+04 4.669823328934136902e-04
1.115184000000000015e+04 1.957197295599583803e-03
1.111885000000000036e+04 1.965120603801487689e-02
1.077705999999999949e+04 7.161782982143117919e-03
1.065119989999999962e+04 1.464164096041152086e-04
1.064827249999999913e+04 8.449297070268315182e-03
1.049863999999999942e+04 2.316898012021852550e-04
1.049385499999999956e+04 7.912792629624861018e-03
1.035255999999999949e+04 2.635309518537921219e-04
1.034720750000000044e+04 1.913543876319679119e-03
1.031309000000000015e+04 2.592670790929306468e-04
1.030782999999999993e+04 3.640619633892576770e-03
1.024334000000000015e+04 4.807764021486286127e-05
1.024242000000000007e+04 4.355139540883316493e-03
1.016495000000000073e+04 1.676565021849381332e-04
1.016166500000000087e+04 2.962535459540313870e-03
1.010904000000000087e+04 1.907763400154499633e-04
1.010531500000000051e+04 1.209004522089399125e-03
1.008388999999999942e+04 5.536704388093310783e-05
1.008284000000000015e+04 8.228119501089271957e-04
1.006812999999999920e+04 2.321274624552282682e-04
1.006355500000000029e+04 1.074913263630823679e-02
9.872770000000000437e+03 3.113931467996406723e-04
9.866432950000000346e+03 5.214407749263142745e-03
9.772378960000000006e+03 2.330471345854486301e-03
9.729217440000000352e+03 1.735057094833744075e-04
9.725666989999999714e+03 4.842748091742265712e-03
9.635121999999999389e+03 3.172406411037743891e-04
9.628695959999999104e+03 1.626227222105442816e-03
9.598003419999999096e+03 1.572433059151929428e-04
9.594853429999999207e+03 3.177390062773818250e-03
9.533850000000000364e+03 2.400584433975915628e-04
9.528980949999999211e+03 1.748512425755995156e-03
9.495102000000000771e+03 1.451502187804074289e-03
9.465540999999999258e+03 8.330485280107022966e-04
9.449468000000000757e+03 2.863733319338379602e-02
8.861358319999999367e+03 6.885151762782468210e-03
8.716382999999999811e+03 2.501846474859756178e-04
8.709976000000000568e+03 3.123380244400273276e-03
8.642453999999999724e+03 1.593026739691317520e-04
8.638650929999999789e+03 4.611563300982004891e-03
8.536297000000000480e+03 2.155959074358481818e-04
8.530998439999999391e+03 1.437117576672444514e-03
8.498854999999999563e+03 1.491531322516720566e-04
8.495318950000000768e+03 3.692568566384219278e-03
8.412727999999999156e+03 4.399669343737715741e-05
8.411690000000000509e+03 3.292773276260596354e-04
8.404244000000000597e+03 1.431813104027812339e-04
8.400875959999999395e+03 1.779472850484965047e-03
8.360967000000000553e+03 1.459682830812337833e-04
8.357509430000000066e+03 1.095316903523927592e-03
8.333130999999999403e+03 2.240577905584852927e-04
8.327706439999999930e+03 1.500288087803260768e-03
8.294608000000000175e+03 1.683043836247437406e-04
8.290536980000000767e+03 9.954178421663437831e-04
8.268659999999999854e+03 2.476864255248883832e-04
8.262537000000000262e+03 1.493155267719539162e-03
8.230257999999999811e+03 2.072678567696014111e-04
8.225187480000000505e+03 2.252209492440777796e-04
8.220289000000000669e+03 1.884809877124296791e-04
8.215764189999999871e+03 3.102358463735555645e-04
8.209146000000000640e+03 1.692020016459995502e-04
8.205067960000000312e+03 2.954848256588607936e-03
8.142990429999999833e+03 1.454975916924382024e-04
8.139637960000000021e+03 1.428638690861922444e-03
8.109639000000000124e+03 2.220675131810864386e-04
8.104171959999999672e+03 2.467935219643876531e-03
8.053136000000000422e+03 2.426055484401650397e-04
8.047208999999999833e+03 3.891625725930634842e-04
8.039208999999999833e+03 1.446897493018419649e-04
8.035931959999999890e+03 3.092915877448179065e-05
8.035266709999999875e+03 1.066994652315613086e-02
7.810640999999999622e+03 8.593833516520780569e-05
7.808582000000000335e+03 1.088362867874648719e-03
7.784974000000000160e+03 1.551302141364239659e-04
7.781018439999999828e+03 3.626982121143575155e-03
7.702260930000000371e+03 1.109748589385329550e-04
7.699508960000000116e+03 3.593672055745530600e-03
7.620200909999999567e+03 1.310133308427227118e-04
7.617120950000000448e+03 8.870222188504815796e-04
7.597292000000000371e+03 2.333128889565207317e-04
7.591625000000000000e+03 1.161624467728055712e-03
7.565819000000000415e+03 2.277165063298445201e-04
7.560442000000000007e+03 6.810307848576684434e-04
7.545099000000000160e+03 2.329025872138986277e-04
7.539564999999999600e+03 5.210841659131471536e-04
7.527774000000000342e+03 2.399071519602431952e-04
7.522032000000000153e+03 8.190248162746528076e-04
7.503600999999999658e+03 9.267331657432797618e-03
7.286186690000000453e+03 1.638181037279321309e-02
6.881271440000000439e+03 7.807759433946828394e-05
6.878748719999999594e+03 5.008649532707712577e-03
6.746621000000000095e+03 1.267179661810900629e-04
6.742344329999999900e+03 1.013992065001279334e-03
6.716130460000000312e+03 7.211498691896181784e-05
6.713897469999999885e+03 4.166732917161099052e-03
6.606938940000000002e+03 5.464639990574437015e-03
6.463130210000000261e+03 6.027127300414550755e-05
6.460994999999999891e+03 1.069178030899069383e-02
6.174398629999999685e+03 1.371533064750188042e-04
6.169362939999999981e+03 4.002434968678904477e-03
6.062974449999999706e+03 6.062490160321495956e-05
6.061007999999999811e+03 7.432107888854682428e-04
6.040089219999999841e+03 8.831861835496058230e-05
6.037059479999999894e+03 1.659203671148936276e-03
5.991013399999999820e+03 1.102860124223045690e-02
5.654127999999999702e+03 9.824700851455754494e-05
5.650313220000000001e+03 2.961579655986908122e-04
5.641103000000000065e+03 9.284592490415209622e-05
5.637620950000000448e+03 2.616701886793417267e-03
5.555593450000000303e+03 8.182445995534732284e-05
5.552740969999999834e+03 1.855233783807534904e-03
5.492240999999999985e+03 1.002879782015269114e-04
5.488587000000000444e+03 4.766407889512697967e-05
5.486951000000000022e+03 8.725152088660109977e-05
5.483602479999999559e+03 1.558664131167635750e-03
5.432506940000000213e+03 5.063286109145642352e-03
5.262283970000000409e+03 5.163611227793584829e-05
5.260319000000000415e+03 4.121965052617845848e-03
5.121747000000000298e+03 7.843758489705115642e-05
5.118850440000000162e+03 2.362302797468044877e-03
5.039860999999999876e+03 9.337865021707611717e-05
5.036275230000000192e+03 1.798718569037368589e-03
4.976045000000000073e+03 4.789956325330830986e-05
4.974345430000000306e+03 4.545342491871599291e-04
4.958988999999999578e+03 9.284957725693217419e-05
4.955560180000000400e+03 8.716189252900434807e-04
4.926066700000000310e+03 6.283344644184855367e-03
4.708429460000000290e+03 4.686542393693078656e-05
4.706377220000000307e+03 5.214582303558919912e-03
4.515442989999999554e+03 7.421523485002203186e-05
4.511653860000000350e+03 1.175778818523882290e-03
4.466838859999999841e+03 3.495417969871949474e-03
4.326769000000000233e+03 1.680962501537451283e-05
4.326010000000000218e+03 4.005136145086072674e-04
4.309242940000000090e+03 4.371664064753143670e-05
4.307239470000000438e+03 1.143083870333683709e-04
4.302391690000000381e+03 6.054401616601749422e-05
4.299550470000000132e+03 8.790359778133667503e-04
4.262148000000000138e+03 4.850673550168156482e-03
4.050422099999999773e+03 3.256286128662639733e-03
3.903881469999999808e+03 2.762785167693016398e-05
3.902281970000000001e+03 6.180988873844833623e-04
3.874389000000000124e+03 1.201155438543963162e-05
3.873726999999999862e+03 2.856437728809956152e-04
3.860389999999999873e+03 5.113656581522097003e-05
3.857132090000000062e+03 1.538618439468221856e-03
3.784719999999999800e+03 5.547827258827166345e-05
3.781141219999999976e+03 9.228050930008253145e-04
3.736069950000000063e+03 3.706071099698746211e-05
3.733884950000000117e+03 7.903274545545187647e-04
3.695679839999999786e+03 4.987938098609331504e-05
3.692548830000000180e+03 4.232318914081329504e-04
3.672825389999999970e+03 8.626635355155304156e-04
3.631520439999999780e+03 2.469495019425427363e-05
3.629723849999999857e+03 1.129085840487926377e-03
3.575566479999999956e+03 2.157209859493539064e-05
3.574043349999999919e+03 2.288549746112537604e-03
3.460577999999999975e+03 3.783853184478761043e-05
3.457568999999999960e+03 3.806397062547349237e-04
3.438247449999999844e+03 2.927098487256921626e-05
3.436140570000000025e+03 5.154303362291221165e-04
3.410018219999999928e+03 1.832524929991042543e-05
3.408802850000000035e+03 1.484260007912486254e-03
3.330429770000000190e+03 1.249933549643464641e-04
3.323650209999999788e+03 4.018710839081600985e-05
3.321132000000000062e+03 1.285256939725408303e-04
3.314146209999999883e+03 4.072876828595262539e-05
3.311579979999999978e+03 5.398675619829135198e-04
3.282262000000000171e+03 5.445507557341564160e-05
3.278588999999999942e+03 1.272770277326538794e-03
3.207747699999999895e+03 3.995444706871634753e-05
3.205246999999999844e+03 2.543685805465364502e-04
3.190981000000000222e+03 4.035918684889610783e-05
3.188420720000000074e+03 1.351037870007721926e-04
3.180878999999999905e+03 4.277999406058081685e-05
3.178244999999999891e+03 4.935788223115621012e-04
3.151009000000000015e+03 4.163690762570567105e-05
3.148404950000000099e+03 6.565254977263353326e-04
3.112646000000000186e+03 5.204023482366250516e-05
3.109217999999999847e+03 9.023627196814197962e-04
3.060492000000000189e+03 9.556348980925484819e-06
3.059943000000000211e+03 5.225855022152506128e-04
3.031336999999999989e+03 5.695875351527914996e-05
3.027784999999999854e+03 1.433187353564276318e-04
3.019953660000000127e+03 2.341233965016138903e-03
2.885882999999999811e+03 4.814197074829153710e-05
2.881692500000000109e+03 2.514446559300088490e-04
2.867166970000000219e+03 3.008512217860561240e-05
2.864925949999999830e+03 2.117142734919350445e-03
2.738421380000000227e+03 2.169756063284603801e-03
2.599581490000000031e+03 2.165750277402301967e-05
2.596957489999999780e+03 2.155429479544854882e-04
2.582615949999999884e+03 1.718244676491561618e-05
2.580756490000000213e+03 3.039528198301493715e-04
2.560655479999999898e+03 1.126880883901418609e-05
2.559532999999999902e+03 1.350701667717039696e-04
2.550096480000000156e+03 2.282912230737350279e-05
2.547391749999999774e+03 9.269139362053397269e-04
2.483134680000000117e+03 4.746349920212125000e-04
2.448216449999999895e+03 1.921237000499145047e-05
2.446281950000000052e+03 2.446465935029184711e-04
2.428210320000000138e+03 1.647109253163770215e-05
2.426650700000000143e+03 9.476583022203575579e-04
2.356829459999999926e+03 1.334962175711349743e-05
2.355661000000000058e+03 9.808012899014640577e-04
2.283672000000000025e+03 2.474273592714257752e-05
2.281325220000000172e+03 1.824990602707803121e-04
2.268300000000000182e+03 2.505758444829963953e-05
2.265886210000000119e+03 7.390508328676220306e-05
2.260630729999999858e+03 1.242853528587525998e-05
2.259572970000000169e+03 1.155387543074100083e-04
2.251646830000000136e+03 5.095403740751167250e-05
2.248315999999999804e+03 7.322125591456198322e-06
2.247657000000000153e+03 2.919942702222515403e-04
2.227937370000000101e+03 5.174686178371898018e-05
2.222671350000000075e+03 5.989288851404457435e-05
2.218479220000000169e+03 6.138721064691542465e-05
2.211804990000000089e+03 1.054421670489426289e-04
2.203771999999999935e+03 2.206615854018250311e-05
2.201246439999999893e+03 1.304291756742304736e-04
2.190682740000000194e+03 4.249516652289815101e-05
2.185045999999999822e+03 1.300998812352758989e-06
2.184922000000000025e+03 3.481542466860035887e-05
2.181156480000000101e+03 8.423710873726388641e-06
2.180362999999999829e+03 1.547611950835901489e-05
2.178784000000000106e+03 1.466552315322900422e-04
2.168937989999999900e+03 1.368717052947754716e-05
2.167468980000000101e+03 3.154197464423808705e-05
2.165174739999999929e+03 2.024919249217736140e-05
2.163082859999999982e+03 2.228780765445608945e-05
2.161186999999999898e+03 5.881596778047504682e-06
2.160612999999999829e+03 7.586876310254591488e-05
2.155110000000000127e+03 2.533487971860626193e-05
2.151822970000000169e+03 3.018357682047221444e-05
2.149622859999999946e+03 4.932577162418820988e-05
2.143817500000000109e+03 7.881260572801215191e-06
2.143102730000000065e+03 2.123927949449913325e-05
2.140917390000000069e+03 6.254595484031761721e-05
2.135745739999999842e+03 2.563288109244902599e-05
2.132783930000000055e+03 2.584988980057442460e-05
2.130482790000000023e+03 2.196852011768972183e-05
2.128290210000000116e+03 7.549208773830742500e-05
2.122362000000000080e+03 1.032214219163197052e-05
2.121365459999999985e+03 1.558761115095965561e-04
2.109443670000000111e+03 1.405536953562690291e-05
2.108041479999999865e+03 1.449635445378653074e-04
2.096515750000000025e+03 6.496130099284710524e-05
2.089528400000000147e+03 2.183431398539943926e-05
2.087733709999999974e+03 3.213502384667988975e-05
2.083844500000000153e+03 1.367986256390876700e-04
2.073108209999999872e+03 4.390606420722847181e-05
2.068626999999999953e+03 4.211626984071734471e-06
2.068244000000000142e+03 1.574316074167106025e-05
2.066699720000000070e+03 2.697326904012834845e-05
2.064552000000000135e+03 1.459890739108392690e-05
2.063148000000000138e+03 8.419053470646796456e-05
2.056396999999999935e+03 5.792775966285010429e-05
2.048641000000000076e+03 3.577928168240882727e-05
2.046217349999999897e+03 1.778998525790599758e-05
2.044341719999999896e+03 1.787490338786154882e-05
2.042833000000000084e+03 1.157106569099456312e-05
2.041739219999999932e+03 1.204423740976948485e-04
2.031788000000000011e+03 6.496884271381273896e-06
2.031038000000000011e+03 8.248816136078665766e-05
2.024712989999999991e+03 7.982914653028066381e-06
2.023753999999999905e+03 1.904021673862206585e-04
2.008951610000000073e+03 9.535914500864514987e-06
2.007820989999999938e+03 5.639871418184379536e-05
2.003298000000000002e+03 1.077414923298179565e-05
2.002061220000000048e+03 8.520328273233918591e-05
1.994720980000000054e+03 1.231823481850402691e-05
1.993294480000000021e+03 4.365591435731553099e-05
1.989807999999999993e+03 9.174065485154758021e-06
1.988778000000000020e+03 9.554687333451586677e-05
1.980578929999999900e+03 4.213010601288356234e-05
1.974223979999999983e+03 3.667558955666873317e-05
1.970846360000000004e+03 2.545162021975775498e-05
1.966559819999999945e+03 2.720333004278844766e-04
1.941749489999999923e+03 1.315758385577974763e-05
1.939722989999999982e+03 8.499419695024942019e-06
1.938835990000000038e+03 1.193282046660161768e-05
1.937201999999999998e+03 2.964356388806563966e-05
1.934208239999999932e+03 1.084511597595365213e-05
1.932666240000000016e+03 1.032677999240373543e-04
1.923402980000000071e+03 8.028192715475886403e-06
1.922371370000000070e+03 4.070078028004583005e-05
1.919007859999999937e+03 2.854743277223423375e-05
1.914532249999999976e+03 1.352858983308416702e-04
1.903502400000000080e+03 8.143287077315832382e-06
1.902494359999999915e+03 1.465643044469879528e-04
1.890543619999999919e+03 9.916987715603701233e-06
1.889296599999999899e+03 3.553626873101064289e-05
1.886107999999999947e+03 1.175973105162146079e-05
1.884403000000000020e+03 2.796288654576104235e-05
1.882053000000000111e+03 3.700141568888564205e-06
1.881631000000000085e+03 1.109641007772673940e-04
1.872219869999999901e+03 1.113828507319855649e-05
1.870703989999999976e+03 1.414875798748502407e-04
1.858666999999999916e+03 1.236113698861988246e-05
1.856766000000000076e+03 6.934909509912698118e-05
1.851400039999999990e+03 3.984509666498489060e-05
1.846454300000000103e+03 6.653824683973205028e-05
1.841187120000000050e+03 1.953927548612145740e-05
1.838907999999999902e+03 6.158997215955959250e-06
1.838363000000000056e+03 1.491626463514914933e-05
1.836867479999999887e+03 7.380112218109325623e-06
1.836221999999999980e+03 1.631617008683649571e-05
1.834369349999999940e+03 5.484177661424350069e-05
1.829875999999999976e+03 1.519062155119303353e-05
1.828408670000000029e+03 2.742741741462547458e-05
1.826201749999999947e+03 6.288662838877499568e-05
1.818959489999999960e+03 2.584837089453586884e-05
1.816814000000000078e+03 1.715897402714128538e-05
1.814903739999999971e+03 6.206641113356877045e-05
1.810593740000000025e+03 2.477634240776540486e-05
1.807657639999999901e+03 4.152656892741573929e-05
1.804440190000000030e+03 2.024611450164135555e-05
1.802390959999999950e+03 3.704554075932263717e-05
1.799534000000000106e+03 2.322365728645205084e-06
1.799326000000000022e+03 2.481395223374739708e-05
1.797279279999999972e+03 3.098497823201995825e-05
1.793511999999999944e+03 1.686469667633146505e-05
1.792125240000000076e+03 1.431064337364840408e-05
1.790690970000000107e+03 1.184134783886770873e-05
1.789720000000000027e+03 2.010443874350338722e-05
1.787488000000000056e+03 7.787687784734811819e-06
1.786809979999999996e+03 4.120616262797626936e-05
1.781230000000000018e+03 7.160728677118275925e-06
1.780628989999999931e+03 3.990294697520294342e-05
1.776336360000000013e+03 9.454526238487295046e-06
1.775544730000000072e+03 4.316592399746680076e-05
1.770885240000000067e+03 9.880149890548894790e-05
1.763776460000000043e+03 4.261897114444857432e-05
1.759140000000000100e+03 2.805504997431882333e-05
1.756843969999999899e+03 1.917961073308213933e-05
1.754909000000000106e+03 3.620393742163876622e-05
1.751965110000000095e+03 3.282533295620828403e-05
1.748392499999999927e+03 1.639211580748229166e-05
1.747035000000000082e+03 2.512661731729311167e-05
1.744229460000000017e+03 2.064431476379350485e-05
1.742540999999999940e+03 7.933546922295431304e-05
1.733928360000000112e+03 1.358939594051570495e-05
1.732784229999999980e+03 3.559725529049980440e-05
1.729313000000000102e+03 3.508726040436228302e-06
1.728999000000000024e+03 3.968781446177308399e-05
1.724708489999999983e+03 1.380013694929156092e-05
1.723566720000000032e+03 1.909926284558430878e-05
1.721534740000000056e+03 1.177388804855629386e-05
1.720509980000000041e+03 1.178960199344438364e-05
1.719372990000000073e+03 1.355508066713201294e-05
1.718195490000000063e+03 1.206910705212048191e-05
1.716949489999999969e+03 3.067651342540010450e-05
1.714571230000000014e+03 1.453749899750454090e-05
1.713111480000000029e+03 2.566602738520446032e-05
1.710942999999999984e+03 2.014951206444775568e-05
1.708837700000000041e+03 5.424183251895668397e-05
1.704433999999999969e+03 9.070451431639711974e-05
1.694382239999999911e+03 3.350218086814888010e-05
1.691740999999999985e+03 3.318221104751091721e-05
1.687669930000000022e+03 1.446253319925309415e-05
1.686459679999999935e+03 6.004554242523102539e-05
1.678805049999999937e+03 3.290132565767198066e-05
1.675944999999999936e+03 1.318216286336242109e-05
1.674101000000000113e+03 1.428398666116695078e-06
1.673931000000000040e+03 2.102489035247308803e-05
1.670990999999999985e+03 4.379672523945812716e-05
1.666965999999999894e+03 3.119825216365124229e-05
1.661917750000000069e+03 5.831460266288262905e-05
1.656835000000000036e+03 1.503407109781251493e-05
1.654561239999999998e+03 6.158677437418450245e-05
1.648559790000000021e+03 1.640446494621551813e-05
1.646068999999999960e+03 1.398794028456132657e-05
1.644633980000000065e+03 8.458930294369189061e-06
1.643504239999999982e+03 9.135318109190888826e-05
1.634440160000000105e+03 9.976249112557485476e-06
1.633167959999999994e+03 2.023071779066959867e-05
1.631085970000000088e+03 2.731651526445787171e-05
1.627128490000000056e+03 3.842832595262642690e-05
1.623576849999999922e+03 1.341335374482675932e-05
1.621708969999999908e+03 1.614625571589762025e-04
1.607134489999999914e+03 2.404885707114598874e-05
1.603515990000000102e+03 4.653154598652483654e-05
1.599631239999999934e+03 4.267921838533992500e-05
1.593066970000000083e+03 2.771198598588492777e-05
1.590656999999999925e+03 1.487115855653200618e-05
1.588631000000000085e+03 7.747923336025501029e-05
1.582395350000000008e+03 2.973886617681280954e-05
1.578531359999999950e+03 4.504055672887360279e-05
1.574204480000000103e+03 6.741206385944418562e-06
1.573412000000000035e+03 1.886064499798462409e-05
1.571527000000000044e+03 5.640748522886074060e-06
1.570868480000000091e+03 1.293775401730501613e-05
1.569486979999999903e+03 1.528200518866299317e-05
1.566923479999999927e+03 7.924557574081611067e-05
1.560503979999999956e+03 8.940829995980206516e-06
1.559413489999999911e+03 6.323566151152375421e-05
1.553834299999999985e+03 3.920476071766333350e-05
1.548573000000000093e+03 7.062952724515502388e-05
1.542457450000000108e+03 1.078041073188676834e-05
1.541070230000000038e+03 2.353551275787581240e-05
1.538920229999999947e+03 8.598092532512486603e-06
1.537904479999999921e+03 1.786261747765713966e-05
1.536025000000000091e+03 3.037722853756620505e-05
1.531685220000000072e+03 5.600452510750662506e-05
1.526053090000000111e+03 2.634310155040518175e-05
1.522300070000000005e+03 3.089397106466977629e-06
1.521919000000000096e+03 1.128566177708014790e-04
1.512771240000000034e+03 1.178662317521415348e-05
1.511152000000000044e+03 2.624718661111694799e-05
1.508733999999999924e+03 1.060057167179411460e-05
1.507408230000000003e+03 2.705090944560987465e-05
1.505182489999999916e+03 1.796165981823771561e-05
1.502964969999999994e+03 2.012234423755925863e-04
1.486497000000000071e+03 5.900940463207471023e-06
1.485853969999999890e+03 6.239391250377532402e-05
1.480525339999999915e+03 1.270413762209245062e-05
1.478919979999999896e+03 5.778855470535091012e-05
1.474658110000000079e+03 9.515815296639280351e-06
1.473553979999999910e+03 6.102938733042475406e-05
1.468263729999999896e+03 3.312734774769355238e-05
1.464034480000000030e+03 4.127203866625307483e-05
1.460419990000000098e+03 1.437687286910278670e-05
1.458749000000000024e+03 5.117136591827419856e-05
1.453970000000000027e+03 4.170488976658031900e-05
1.448716100000000097e+03 1.000157595371337157e-05
1.447759479999999940e+03 2.711072610533043988e-05
1.444011999999999944e+03 8.364863299906242361e-05
1.436545360000000073e+03 8.296687253063126760e-06
1.435636739999999918e+03 9.033467981406900009e-06
1.434753860000000032e+03 1.100362722310376271e-04
1.417516489999999976e+03 1.348978775531957933e-05
1.416207480000000032e+03 1.245145587787633018e-05
1.414502490000000080e+03 2.742639038589743126e-05
1.411785489999999982e+03 1.775398638334743176e-05
1.409210559999999987e+03 1.425531866872620462e-05
1.407686999999999898e+03 1.805685545115549422e-05
1.404914999999999964e+03 5.068853285404015791e-06
1.404358999999999924e+03 1.137682696889852033e-05
1.402856489999999894e+03 1.674880568109939107e-05
1.401207000000000107e+03 6.355958669414258087e-06
1.400478000000000065e+03 2.651336272900925545e-05
1.397809839999999895e+03 3.288556314633730272e-05
1.392818999999999960e+03 1.825809727159449992e-05
1.391054959999999937e+03 4.036547320037970222e-05
1.385190970000000107e+03 1.023595763942426280e-05
1.384129959999999983e+03 2.582753568027560450e-05
1.380385109999999941e+03 1.388535852220715563e-06
1.380197979999999916e+03 1.146260872046568392e-05
1.378933970000000045e+03 8.175341776330209256e-06
1.377707229999999981e+03 4.727493854715412660e-05
1.373291390000000092e+03 1.399926164582404156e-05
1.370902000000000044e+03 6.332368711705607320e-05
1.363786839999999984e+03 3.536281830412741235e-05
1.358280469999999923e+03 6.509447347077084703e-05
1.351641239999999925e+03 5.722069724547349320e-05
1.341955099999999902e+03 2.629034315816810782e-05
1.339198730000000069e+03 1.956175311900761179e-05
1.335958000000000084e+03 1.290701319674052137e-05
1.334369969999999967e+03 1.735614493193862027e-05
1.331797990000000027e+03 7.634302474416881861e-06
1.330860329999999976e+03 1.375179796895055777e-05
1.328625590000000102e+03 1.721197090839573596e-05
1.326579989999999952e+03 8.107056285812033956e-06
1.325368719999999939e+03 6.234925311727873441e-06
1.324551310000000058e+03 1.282614205769933274e-05
1.322493609999999990e+03 7.067433680911737448e-06
1.321616989999999987e+03 7.611976854861698716e-06
1.320415970000000016e+03 2.264952936373416882e-05
1.317814460000000054e+03 7.171669093467108066e-06
1.316712489999999889e+03 7.377876045972425528e-05
1.309073990000000094e+03 1.036581497804684669e-05
1.307307250000000067e+03 5.967053170204338404e-06
1.306564990000000080e+03 1.169420654320528215e-05
1.304743989999999940e+03 4.495523419427361245e-05
1.299769000000000005e+03 2.476712571567047042e-05
1.295495480000000043e+03 3.045044986607014801e-05
1.292186999999999898e+03 1.493345755699119459e-05
1.289998239999999896e+03 5.528565224186285869e-05
1.284552490000000034e+03 1.155711655416728093e-05
1.282830709999999954e+03 1.314299275059442523e-05
1.281402000000000044e+03 2.232203208333808931e-05
1.277969160000000102e+03 2.222649048875788267e-05
1.275717990000000100e+03 2.135513777122231545e-05
1.271745249999999942e+03 7.466073840515743314e-05
1.263835720000000038e+03 1.304105883456874019e-05
1.261970000000000027e+03 6.586302804708530050e-05
1.254402710000000070e+03 1.057082303787792265e-05
1.252941229999999905e+03 7.089666213414782938e-06
1.252088999999999942e+03 3.038315320894182906e-06
1.251700029999999970e+03 4.298517868042836602e-05
1.245967990000000100e+03 4.902672134022696683e-06
1.244813000000000102e+03 1.498830433579215432e-04
1.224816240000000107e+03 2.437148385725187258e-06
1.224294990000000098e+03 7.813745726781734817e-05
1.214676999999999907e+03 5.346596043676037243e-06
1.213474490000000060e+03 6.303315447764282664e-05
1.206345000000000027e+03 1.791809722302832330e-06
1.205971999999999980e+03 3.237749341904898516e-05
1.201693490000000111e+03 6.563189553330626409e-06
1.199997990000000073e+03 1.089671148519409346e-04
1.184935999999999922e+03 4.926330460472125699e-06
1.183928000000000111e+03 7.462482162243931009e-05
1.172680450000000064e+03 1.282484249625368934e-05
1.169774110000000064e+03 8.454366183863578615e-06
1.168484989999999925e+03 3.513854313792487530e-05
1.158982169999999996e+03 8.685384276561378223e-05
1.147570490000000063e+03 6.009421903250924989e-06
1.145971739999999954e+03 1.089345370575192392e-05
1.144367999999999938e+03 6.120124256407123811e-06
1.142641249999999900e+03 7.727574476205225582e-06
1.141482999999999947e+03 1.141562443455092794e-05
1.138585460000000012e+03 2.485398938441040864e-05
1.135011500000000069e+03 1.116059944840457855e-05
1.133324749999999995e+03 6.603946460992561646e-06
1.131576360000000022e+03 2.343523886324322609e-05
1.128528999999999996e+03 2.680542782002095110e-06
1.127996000000000095e+03 2.783769327916618634e-05
1.123926969999999983e+03 4.756432537229441400e-06
1.122987470000000030e+03 3.059783242520777605e-05
1.118840999999999894e+03 2.849216241562598557e-06
1.118299999999999955e+03 1.335102042110733179e-05
1.116401620000000094e+03 3.718705281912151635e-06
1.115630869999999959e+03 7.921045578680053622e-05
1.104526000000000067e+03 9.391665120101070415e-06
1.102407240000000002e+03 4.629363829468920897e-06
1.101618670000000066e+03 1.956422940765357345e-05
1.097368500000000040e+03 8.740300613667767305e-06
1.096009999999999991e+03 2.784376404542664714e-06
1.095483490000000074e+03 8.788885442249137970e-06
1.094058590000000095e+03 5.768418641740465906e-06
1.092746740000000045e+03 5.003794308422372677e-05
1.085320110000000113e+03 1.493100280004006112e-05
1.081645999999999958e+03 1.647188012603734644e-05
1.078897500000000036e+03 9.452953874313803820e-06
1.075548990000000003e+03 4.631962556121850251e-05
1.069162299999999959e+03 7.427237079667286784e-06
1.067187609999999950e+03 3.043747366005183770e-05
1.062700499999999920e+03 5.543685742995260449e-06
1.061193999999999960e+03 3.437791580072095600e-05
1.056576980000000049e+03 1.323987582058535146e-05
1.053209749999999985e+03 2.296780522768265026e-05
1.049820999999999913e+03 1.793626008392729340e-06
1.049476000000000113e+03 3.148801628999002821e-05
1.045502469999999903e+03 1.023295675242492841e-05
1.043384000000000015e+03 7.868448776570171070e-05
1.033997489999999971e+03 6.160812250659753669e-06
1.032613740000000007e+03 2.963077943119053133e-05
1.029201139999999896e+03 2.733341062534375965e-05
1.026058610000000044e+03 7.884056050319363670e-06
1.024507239999999911e+03 2.617350875534257728e-05
1.021000000000000000e+03 8.361465910350635762e-06
1.019562000000000012e+03 8.867070121616563454e-06
1.018352740000000040e+03 5.082335228582986435e-06
1.017339489999999955e+03 1.118832203775210881e-05
1.015854960000000005e+03 8.900007498873032844e-06
1.013720350000000053e+03 1.521425685149960844e-05
1.011907240000000002e+03 6.812641549249840471e-06
1.010372870000000034e+03 1.482684462078697295e-05
1.008577990000000000e+03 1.661609496929013070e-05
1.004845659999999953e+03 2.214715577625634858e-05
1.002212220000000002e+03 7.911094000472610285e-06
1.000216990000000010e+03 1.244599964116497555e-05
9.985964739999999438e+02 4.899501684225016870e-06
9.976239870000000565e+02 3.500506541032804756e-05
9.937612279999999600e+02 1.202591626264522337e-05
9.904241160000000264e+02 4.270809943812696105e-05
9.854446450000000368e+02 1.386736002885651616e-05
9.830283010000000559e+02 1.407325802877244344e-05
9.810011700000000019e+02 6.286186092342972113e-06
9.799550229999999829e+02 7.657563812808477468e-06
9.788490229999999883e+02 6.747967479793680777e-06
9.774560999999999922e+02 1.746238360318954713e-05
9.752300999999999931e+02 5.459086660054334897e-06
9.742159189999999853e+02 3.233800540496950960e-05
9.697141739999999572e+02 5.366596571692930497e-06
9.687149180000000115e+02 2.226054607186720894e-05
9.654708000000000538e+02 9.025710249829868939e-07
9.653176999999999452e+02 2.427629847020099725e-05
9.623169000000000324e+02 2.514180551767183688e-05
9.565136400000000094e+02 3.372728089270389659e-05
9.524566999999999553e+02 7.578307043103045968e-06
9.510526740000000245e+02 1.825685978401002916e-05
9.483632999999999811e+02 9.331650226629718622e-06
9.464298999999999751e+02 6.230314805151632141e-06
9.454857739999999922e+02 6.388911423259020531e-06
9.441991000000000440e+02 1.080288799716882459e-05
9.428567399999999452e+02 7.785084981916422578e-06
9.409743999999999460e+02 2.242973874619847284e-05
9.380298450000000230e+02 6.809732127560304213e-06
9.364862779999999702e+02 7.626868970263124510e-06
9.354476059999999507e+02 7.170570198455503087e-06
9.340647960000000012e+02 6.834845557753450376e-06
9.332548540000000230e+02 4.917267877755843670e-06
9.326278350000000046e+02 5.173287488867057247e-06
9.311971999999999525e+02 7.479440434540787177e-06
9.301860480000000280e+02 5.754261061194659396e-06
9.287580000000000382e+02 2.292814196713079480e-05
9.255422999999999547e+02 1.154298593628141068e-05
9.223680980000000318e+02 1.361776044877830043e-05
9.205993210000000317e+02 3.694858602782304751e-06
9.198386000000000422e+02 1.853663678847583489e-05
9.172735000000000127e+02 6.569593962062086323e-06
9.152527800000000298e+02 3.311576131912307705e-05
9.110401930000000448e+02 3.738904070434380144e-06
9.102478640000000496e+02 6.063467291443823756e-06
9.092416180000000168e+02 4.755480931083760553e-06
9.081564200000000255e+02 8.052138713858879220e-06
9.068617420000000493e+02 1.006748695540679432e-05
9.045338229999999839e+02 4.922374959079299212e-06
9.036622999999999593e+02 6.595596132942655295e-06
9.021204000000000178e+02 1.363770050209095547e-06
9.018595000000000255e+02 2.294360083788573513e-05
8.956055910000000040e+02 7.716219385723072804e-05
8.855202649999999949e+02 1.112344235187571527e-05
8.829070339999999533e+02 1.098208529383665952e-05
8.811078999999999724e+02 1.028806102637915787e-05
8.791509999999999536e+02 2.276092584151478436e-05
8.760404359999999997e+02 5.339789383079745847e-06
8.749391729999999825e+02 4.303698674091746920e-05
8.692712340000000495e+02 1.705391698219811791e-05
8.646628899999999476e+02 9.715393754811182467e-06
8.633818430000000035e+02 9.436000353640982719e-06
8.605371979999999894e+02 2.328377783757323857e-05
8.569215000000000373e+02 4.896129191726283450e-06
8.557235920000000533e+02 1.858335055216801747e-05
8.530800000000000409e+02 2.501576467553673865e-06
8.525714000000000397e+02 4.973534015056260081e-06
8.517242999999999711e+02 4.925836883929081201e-06
8.505546699999999873e+02 1.632240663810181626e-05
8.483724409999999807e+02 8.385074237309901422e-06
8.462530669999999873e+02 4.091154708307396226e-06
8.453813930000000028e+02 1.955277472034976701e-05
8.422441999999999780e+02 1.504622044970778412e-06
8.419425999999999704e+02 9.178054398289320427e-06
8.405612439999999879e+02 2.928575157317641793e-06
8.399297090000000026e+02 1.114383982977776968e-05
8.382894999999999754e+02 6.956356947633115416e-06
8.366133290000000216e+02 9.815711713600097437e-05
8.237064960000000156e+02 3.183178090592764039e-06
8.230995370000000548e+02 3.251908759099223827e-06
8.225405970000000480e+02 5.507198128891626227e-06
8.211865830000000415e+02 1.306304259377944728e-05
8.194213999999999487e+02 8.654077341238945178e-06
8.176069300000000339e+02 1.316427478371323224e-05
8.158082000000000562e+02 8.113969695966969869e-06
8.140841550000000097e+02 4.510915687093821399e-05
8.075192739999999958e+02 9.351047262131382057e-06
8.052897629999999936e+02 7.547278972402479661e-06
8.041749170000000504e+02 1.463132995368588209e-05
8.002250999999999976e+02 1.587109677611066541e-05
7.974420000000000073e+02 9.777650754263516480e-06
7.948035439999999880e+02 1.993002695938546250e-05
7.911353490000000193e+02 5.490707238370260974e-06
7.896412659999999732e+02 1.906812265480959222e-05
7.862608519999999999e+02 7.623524640343510359e-06
7.839490510000000540e+02 7.256218784952126480e-06
7.825937000000000126e+02 2.178280352931454869e-06
7.821101999999999634e+02 4.621863065977169306e-06
7.811924440000000232e+02 9.563151210582037864e-06
7.774248989999999822e+02 6.731323344486586772e-06
7.760914000000000215e+02 3.680989098856746766e-06
7.752269000000000005e+02 1.340408655199654796e-05
7.731188079999999445e+02 3.807298858712271110e-06
7.720854950000000372e+02 4.129154029811063055e-06
7.712429019999999582e+02 2.699290497495478145e-06
7.706003449999999475e+02 1.863802894202520543e-05
7.673619380000000092e+02 3.097605719984579463e-05
7.591482590000000528e+02 1.115383545642126010e-06
7.586059999999999945e+02 1.135548908308825754e-04
7.341726999999999634e+02 3.205097937144672864e-06
7.320297480000000405e+02 1.605707615629420651e-04
6.958253590000000486e+02 1.224649322931210483e-05
6.935807099999999537e+02 3.297284504114431903e-06
6.920812369999999873e+02 4.556770380513474949e-05
6.825084940000000415e+02 2.766255909992076042e-06
6.813235600000000431e+02 9.553307280972029406e-06
6.788899930000000040e+02 6.303204230210201761e-06
6.757935230000000502e+02 4.770566222335936849e-06
6.746214949999999817e+02 2.119423580795403720e-06
6.737564300000000230e+02 1.954213493139225104e-06
6.731162839999999505e+02 3.071055916297652335e-06
6.719551000000000158e+02 2.368622456254187097e-05
6.666975979999999709e+02 2.742281979030453317e-06
6.653500990000000002e+02 1.300829440441463116e-05
6.619006190000000061e+02 2.260249297459276482e-06
6.608588999999999487e+02 6.075942136110874167e-06
6.592166999999999462e+02 3.171948047771678759e-06
6.581307000000000471e+02 6.687380344397444521e-05
6.469489820000000009e+02 1.798236900144909356e-06
6.463344740000000002e+02 2.806527477859498498e-06
6.456342230000000200e+02 2.564333203399154548e-06
6.444087409999999636e+02 1.589527641322516674e-05
6.413591979999999921e+02 1.222047527740863340e-06
6.409790000000000418e+02 2.113153764839662341e-05
6.367050980000000209e+02 4.209749499335451936e-06
6.348189609999999448e+02 2.935357051801995402e-06
6.340980449999999564e+02 2.455708057787026120e-06
6.331715430000000424e+02 8.553667888928347612e-06
6.309577080000000251e+02 6.667178341515133655e-06
6.291422999999999774e+02 1.209792757724696751e-06
6.286046460000000025e+02 7.851913323310142273e-06
6.267618999999999687e+02 9.461604451659226598e-07
6.263484989999999470e+02 3.792022031619994500e-05
6.195570259999999507e+02 1.851060215449310472e-06
6.185345909999999776e+02 3.606579818274745734e-05
6.111037999999999784e+02 2.718128095586201247e-06
6.099367949999999610e+02 2.299902230242204619e-05
6.049117609999999559e+02 4.247509693036072486e-06
6.029590570000000298e+02 1.418635322570597261e-05
5.992926360000000159e+02 1.527751862063626028e-06
5.985805080000000089e+02 1.138777645079306463e-05
5.963300490000000309e+02 3.382003729970839786e-06
5.944606489999999894e+02 1.103206663175199964e-05
5.914057000000000244e+02 2.695648545531522800e-06
5.898975679999999784e+02 7.199822024139005236e-06
5.879206259999999702e+02 1.495654010738935625e-06
5.872114430000000311e+02 3.334055054501464882e-06
5.861849439999999731e+02 3.001690495483907305e-06
5.847199219999999968e+02 1.744273437372861007e-05
5.803292979999999943e+02 1.757785342047289753e-06
5.796122440000000324e+02 5.170291534560314269e-06
5.781807300000000396e+02 5.514232031351761256e-06
5.754510040000000117e+02 5.235347658250071615e-06
5.737054699999999912e+02 2.196142671474403167e-06
5.721372820000000274e+02 7.023277585035180305e-07
5.717226000000000568e+02 8.928874080994220980e-07
5.713616869999999608e+02 1.510561106252818090e-06
5.705862980000000562e+02 4.360706381812375689e-05
5.583900079999999662e+02 2.257504737062180387e-06
5.572850879999999734e+02 2.474654004400188818e-05
5.520683000000000220e+02 4.460809188045310339e-07
5.518863999999999805e+02 2.548589708534971081e-05
5.467793490000000247e+02 1.907651737980420003e-06
5.457389859999999544e+02 6.071973030592003451e-06
5.442943370000000414e+02 2.052843605550339069e-06
5.433074010000000271e+02 1.352746213679315990e-06
5.428402489999999716e+02 1.830473556619166567e-06
5.417019999999999982e+02 1.514787046069621645e-05
5.383389399999999796e+02 1.955070278336772358e-06
5.374283219999999801e+02 5.575083924940486004e-06
5.356943720000000440e+02 1.478789883694318804e-06
5.349942569999999478e+02 1.463318362466455646e-05
5.315430900000000065e+02 3.550408149988605765e-06
5.297948999999999842e+02 3.211155821909430897e-06
5.286447090000000344e+02 2.424538320894897427e-06
5.273186480000000529e+02 1.235101087557804551e-05
5.249183970000000272e+02 1.740525326495074526e-06
5.239078990000000431e+02 1.377980826851097739e-05
5.207652190000000019e+02 3.022312262532005369e-06
5.190683980000000020e+02 7.482402429143091343e-07
5.188003340000000208e+02 1.980864767826348306e-05
5.143662470000000440e+02 7.455832137229373819e-06
5.100733999999999924e+02 7.004762342730383193e-06
5.081490479999999934e+02 1.097050373595532477e-06
5.076330679999999802e+02 3.742964350911197020e-06
5.062823399999999765e+02 1.256127741025060817e-06
5.057092440000000124e+02 4.884538620842891280e-06
5.039652419999999893e+02 4.287261947303306979e-06
5.015898550000000000e+02 1.555734153012580238e-06
5.009821919999999977e+02 3.170686860706773360e-06
4.992155000000000200e+02 6.416905596491080796e-06
4.970930000000000177e+02 3.134224349508500259e-06
4.952985340000000178e+02 1.355189549874980562e-05
4.909769929999999931e+02 4.033829071672101508e-06
4.888880970000000161e+02 2.156555322475257308e-05
4.823878559999999993e+02 2.588233889319287436e-06
4.807345189999999775e+02 2.820790853008336835e-06
4.798953230000000190e+02 1.730164098909739609e-06
4.787461979999999926e+02 5.557741683660540717e-06
4.773170999999999822e+02 1.709759603576243946e-06
4.765215969999999857e+02 1.796669907976563055e-05
4.723356739999999832e+02 1.819713463429550891e-06
4.713052000000000135e+02 3.657819055288824821e-06
4.704356710000000135e+02 2.226641692589597139e-05
4.645611230000000091e+02 4.890319187962452027e-06
4.613432000000000244e+02 2.793762570186382954e-05
4.542268290000000093e+02 1.645604566491559065e-06
4.533517289999999775e+02 1.390976252178923237e-05
4.501569799999999759e+02 1.175655975307805094e-06
4.496299030000000130e+02 1.871103067512652902e-06
4.489784379999999828e+02 1.152060146018183264e-06
4.484393919999999980e+02 2.797604945421451822e-05
4.427450160000000210e+02 2.050120561542215026e-06
4.416927919999999972e+02 2.142716774378854448e-06
4.409993850000000180e+02 4.319026757673965519e-06
4.387043630000000007e+02 1.411946374150424608e-05
4.353900209999999902e+02 3.708517989603096857e-06
4.329620970000000284e+02 6.148113396045314090e-06
4.314495000000000005e+02 6.435018310564421189e-06
4.285170810000000188e+02 1.807889536639810819e-06
4.278773699999999849e+02 1.395356151914332345e-06
4.271880199999999945e+02 1.912847470966012873e-06
4.265797580000000266e+02 1.088530399319319574e-07
4.265432890000000157e+02 7.598948748349601426e-06
4.225638240000000110e+02 8.235773216845799059e-06
4.204704800000000091e+02 5.091039626717483075e-06
4.176425419999999917e+02 6.568516533695545791e-06
4.161353669999999738e+02 5.452966069868080636e-06
4.138971430000000282e+02 1.533559363986865482e-05
4.107721660000000270e+02 1.797620041105801525e-06
4.101221090000000231e+02 5.774677260008572871e-06
4.089130509999999958e+02 2.647073517400690628e-06
4.079530399999999872e+02 7.298899420242134239e-06
4.062782139999999913e+02 4.540285999924732231e-06
4.043470149999999990e+02 8.312501701431964526e-06
4.025597399999999766e+02 3.520517131728550823e-06
4.013879999999999768e+02 3.852380021473683701e-06
4.004073999999999955e+02 1.263787841484859784e-06
4.000047000000000139e+02 1.036052777315379239e-05
3.978603880000000004e+02 4.065220405499481633e-06
3.960074179999999728e+02 1.390227826347641738e-05
3.928842480000000137e+02 2.645122666294391959e-06
3.916417860000000246e+02 1.449237689440380494e-05
3.889426000000000272e+02 4.566905217327161424e-06
3.868122700000000123e+02 1.502957527625385212e-05
3.836642860000000042e+02 1.571013166434941023e-06
3.829423070000000280e+02 2.686268087191399351e-06
3.821388709999999946e+02 1.672887279310343365e-06
3.811819209999999885e+02 1.691725785905068976e-06
3.806631689999999821e+02 2.295390802408662864e-06
3.791465000000000032e+02 4.121830296632985041e-06
3.779712999999999852e+02 9.156971943160635278e-07
3.775690000000000168e+02 1.845064231565016246e-05
3.735599940000000174e+02 2.659422848910093473e-06
3.723667909999999779e+02 5.154437358086894075e-06
3.708485319999999774e+02 1.853451437694069850e-06
3.698338979999999765e+02 1.647522913122366597e-05
3.659014000000000237e+02 3.755273850881878691e-06
3.642010450000000219e+02 7.525036264462154089e-06
3.620374189999999999e+02 1.903473531026364623e-06
3.611311440000000061e+02 1.392954578014430926e-06
3.606296530000000189e+02 1.012938695648748616e-06
3.602130419999999731e+02 9.758853600852217737e-07
3.598357419999999820e+02 1.175235306066778119e-06
3.593323260000000232e+02 9.102280595141070893e-06
3.567173940000000130e+02 3.057369000607011271e-06
3.549460000000000264e+02 5.278769228678811296e-06
3.535587429999999927e+02 2.304344439648984424e-06
3.524493049999999812e+02 9.999978697609017205e-07
3.520888120000000185e+02 2.791295646341145003e-06
3.507520680000000084e+02 5.966856956780909874e-06
3.484170429999999783e+02 1.842900684176867796e-06
3.467097160000000144e+02 7.920685162981820024e-06
3.444338989999999967e+02 1.712487462544663952e-06
3.429091999999999985e+02 5.150893289321658010e-06
3.406804089999999974e+02 1.025910286733496053e-06
3.395529970000000048e+02 6.769373131634243853e-06
3.368999000000000024e+02 6.487032907177367578e-07
3.364121579999999767e+02 5.800501167005638154e-06
3.343531550000000152e+02 2.113036462380485775e-06
3.324335249999999746e+02 1.428901641332153798e-05
3.275118959999999788e+02 7.024648466296557134e-07
3.269521470000000249e+02 1.439135206097398130e-06
3.262992600000000039e+02 4.400549389876263162e-06
3.222033410000000231e+02 1.187144843626589244e-05
3.180535429999999906e+02 4.785715258460368183e-06
3.162551490000000172e+02 1.790666916839324222e-06
3.147666600000000017e+02 3.512847596733902301e-06
3.136489530000000059e+02 1.015768029398720477e-06
3.128315279999999916e+02 1.206856152069028200e-05
3.092164089999999987e+02 7.454775774603451230e-07
3.086975729999999771e+02 3.182378700611730200e-05
2.990314240000000154e+02 1.029121027127159299e-06
2.981013609999999971e+02 2.396986779806054349e-05
2.911481069999999818e+02 3.047611820809201010e-06
2.888672480000000178e+02 1.415743204270972483e-06
2.884033069999999839e+02 1.944889510490183118e-06
2.877716399999999908e+02 9.769668236373928841e-07
2.871862370000000055e+02 2.475102333353907771e-05
2.806882190000000037e+02 3.223527209972759372e-06
2.787938449999999762e+02 3.719282188079765819e-06
2.774385730000000194e+02 1.198370008294758445e-06
2.761806080000000065e+02 5.567516619481569457e-06
2.740948950000000082e+02 1.701958742023842513e-06
2.720297350000000165e+02 2.052115485114126217e-06
2.713264990000000125e+02 8.519386726477201036e-06
2.643721669999999904e+02 3.848101365035379113e-06
2.629014520000000061e+02 1.177398524683744147e-06
2.615171859999999810e+02 7.818395252522905525e-07
2.604648000000000252e+02 3.072046713564995987e-07
2.602540260000000103e+02 6.813523501170952089e-07
2.597064060000000154e+02 9.780596251772088383e-06
2.563865000000000123e+02 8.912866103399696638e-07
2.555796070000000100e+02 3.980904403603676420e-06
2.541434000000000140e+02 1.756501626668295874e-06
2.525111689999999953e+02 7.437123627955028551e-06
2.493869679999999960e+02 1.878451305401314004e-06
2.474274489999999957e+02 2.382155506346983230e-06
2.464560480000000098e+02 6.059423447590797635e-07
2.460397000000000105e+02 2.779676074151699649e-07
2.458574999999999875e+02 9.035829631848785430e-07
2.451265999999999963e+02 6.754082982661998333e-06
2.419437000000000069e+02 5.885284543420204308e-06
2.371374979999999937e+02 9.739179441875457023e-08
2.370615999999999985e+02 7.936687225508648683e-06
2.343092839999999910e+02 1.914510215493357247e-06
2.325226639999999918e+02 6.642822151839353266e-07
2.321551919999999996e+02 1.072103113553515531e-06
2.304762000000000057e+02 2.431067007657324003e-06
2.295066359999999861e+02 8.409172163724035952e-07
2.287005890000000079e+02 2.977265770282385100e-06
2.272174640000000068e+02 1.028134477321800281e-06
2.259603920000000130e+02 6.057935573273880933e-07
2.255819909999999879e+02 8.309579968974691607e-07
2.241137999999999977e+02 3.777981395678720973e-07
2.238525940000000105e+02 8.098464196111500432e-07
2.227639859999999885e+02 8.580355586330603604e-07
2.222464659999999981e+02 1.548553758054500912e-06
2.198590399999999931e+02 4.502595330128265874e-06
2.174604180000000042e+02 6.944759110363460241e-07
2.167882060000000024e+02 4.112727197436890176e-06
2.150305820000000097e+02 1.835100421772701736e-06
2.141311819999999955e+02 6.433408439239111164e-07
2.132025600000000054e+02 2.838992831702376011e-06
2.117202000000000055e+02 5.597670624652850171e-07
2.110928999999999860e+02 1.519199788434067192e-06
2.100312920000000076e+02 4.946759275199856137e-07
2.091910000000000025e+02 3.305722673332061842e-07
2.089356929999999863e+02 5.137612938684224825e-07
2.081906999999999925e+02 1.774930364489681151e-06
2.073754480000000058e+02 5.714100890220993126e-07
2.066987239999999986e+02 6.699386342780099957e-06
2.040837679999999921e+02 6.646042840455301761e-07
2.034273129999999981e+02 2.929875128726321101e-06
2.021473760000000084e+02 4.723693058524950995e-07
2.016922969999999964e+02 1.712081010656863277e-06
2.008609289999999987e+02 6.202805449900170397e-07
1.997564480000000060e+02 8.457748417357266973e-07
1.991744339999999909e+02 1.842369635891561468e-06
1.971125360000000057e+02 4.665294172706972312e-06
1.949845630000000085e+02 8.099819197043965467e-07
1.944662329999999884e+02 4.489119361539016474e-07
1.939690490000000125e+02 2.651566541748788367e-06
1.927729989999999987e+02 4.763354890412483179e-07
1.919109479999999905e+02 3.176685084814368505e-06
1.903207920000000115e+02 5.576570853210343205e-07
1.890724999999999909e+02 2.046549249130043830e-05
1.826319080000000099e+02 7.458067169988641636e-07
1.818779649999999890e+02 1.988575577703454648e-06
1.806984840000000077e+02 5.409482709391884984e-07
1.799540920000000028e+02 3.158500475511232290e-07
1.797171490000000063e+02 4.730186404302178010e-07
1.791644450000000006e+02 2.473332704421170875e-07
1.789676849999999888e+02 1.278226046292929121e-06
1.768073139999999910e+02 5.210310916264720145e-07
1.760201319999999896e+02 1.230261106725537977e-06
1.750421479999999974e+02 7.353131263375118668e-07
1.738393729999999948e+02 8.336055440366921799e-06
1.695226460000000088e+02 3.039984314518094869e-07
1.692034810000000107e+02 1.009725632538277434e-06
1.684488859999999875e+02 5.784390951502431932e-07
1.676780530000000056e+02 1.789050662377083942e-06
1.665081219999999860e+02 7.658174271898629065e-07
1.653083739999999864e+02 2.896711205845844169e-06
1.639759740000000079e+02 4.150711086411672204e-07
1.632684340000000134e+02 3.088357279573186856e-06
1.613428350000000080e+02 3.382500029153805738e-07
1.605876989999999864e+02 4.736019744935647944e-07
1.603246220000000051e+02 4.175620182021328326e-06
1.571118199999999945e+02 1.109654570708324415e-06
1.553534050000000093e+02 4.123501836545817001e-07
1.549061959999999942e+02 1.227320904051146819e-07
1.547454209999999932e+02 1.511650136205448719e-06
1.537584500000000105e+02 3.009417938591033116e-07
1.530885250000000042e+02 5.888355742574273085e-06
1.500355950000000007e+02 2.338061112401128252e-07
1.497820330000000126e+02 3.439149599129559893e-07
1.494575000000000102e+02 4.771141048617525535e-07
1.487276319999999998e+02 2.394569562076216270e-06
1.475652000000000044e+02 3.180590564920370392e-07
1.470537239999999883e+02 1.579955390646520211e-06
1.460588360000000137e+02 3.149776770033662374e-07
1.453785129999999981e+02 2.331923707835353408e-07
1.450844400000000007e+02 5.750819506979883596e-06
1.425492000000000132e+02 6.744596312833629649e-07
1.415460730000000069e+02 2.165113045452064896e-06
1.405005439999999908e+02 6.124989107701138079e-07
1.399775610000000086e+02 4.903009814254002022e-06
1.378596489999999903e+02 5.174909114723661139e-07
1.371833680000000015e+02 1.118396810058236299e-06
1.366627190000000098e+02 1.247590465761147363e-06
1.345207000000000050e+02 6.922308930022219349e-07
1.340369210000000066e+02 1.121863430355442887e-06
1.318257409999999936e+02 5.023734976279231503e-07
1.308906479999999988e+02 1.062830057895438435e-06
1.301534990000000107e+02 4.334877861310527935e-07
1.294634000000000071e+02 1.892267316419748336e-06
1.283564880000000130e+02 4.909743434032862959e-07
1.277483200000000068e+02 1.238076355237412475e-06
1.268596699999999942e+02 1.126664358817773079e-06
1.244382779999999968e+02 2.773013674764143799e-06
1.223661299999999983e+02 4.106171162096324760e-07
1.214523190000000028e+02 2.806515075727414838e-06
1.195364129999999960e+02 6.393048030887186739e-07
1.190075719999999961e+02 5.714447136448083150e-07
1.178247000000000071e+02 6.110323394985507291e-07
1.172103199999999958e+02 2.555352190366855712e-07
1.165904790000000020e+02 2.704266531864927813e-07
1.162963500000000039e+02 3.641156343406232340e-07
1.156202729999999974e+02 3.104262300958253148e-06
1.136713270000000051e+02 2.208042697870754218e-07
1.133822210000000013e+02 2.756766413433176507e-06
1.117836259999999982e+02 2.024408275265576748e-07
1.115162920000000071e+02 2.138948451656213859e-06
1.101735979999999984e+02 3.354106763131999357e-07
1.095936489999999992e+02 7.708074490833407519e-07
1.090556459999999959e+02 2.302948083966741883e-07
1.087089579999999955e+02 4.377803562516617084e-07
1.083927460000000025e+02 4.688518732407603118e-07
1.079898560000000032e+02 2.175341659954033781e-07
1.073299499999999966e+02 1.525659700808221674e-06
1.061811000000000007e+02 8.913579335556582475e-08
1.060382000000000033e+02 4.733841885201869867e-07
1.054882499999999936e+02 2.513848093035146089e-07
1.049356800000000050e+02 1.282961650654692568e-06
1.038001950000000022e+02 4.860128272700849589e-07
1.021931100000000043e+02 1.732107200376340310e-06
1.010260949999999980e+02 7.417125525517502294e-08
1.009252999999999929e+02 4.057820841740200105e-06
9.836095720000000142e+01 5.068037753825588647e-08
9.828793640000000664e+01 4.658798270161503823e-06
9.439699400000000651e+01 1.215545150528117034e-07
9.385739689999999769e+01 1.217005230568727856e-06
9.276009080000000040e+01 1.084109296580443037e-07
9.236909660000000599e+01 5.313796882655789393e-07
9.146244550000000118e+01 1.168825024251291931e-07
9.106066889999999603e+01 1.969793680955351170e-07
9.066333910000000174e+01 9.668830822397906030e-08
9.008714080000000024e+01 5.949279456452546157e-07
8.912513789999999858e+01 2.595257170241141510e-07
8.840012690000000362e+01 3.263804301064934632e-06
8.526976770000000272e+01 6.787762070614838445e-07
8.332810689999999454e+01 2.290497778184390089e-07
8.298982279999999889e+01 1.924804285558974045e-07
8.240121630000000152e+01 1.001141680604454182e-06
8.158478119999999478e+01 1.416575683078619911e-07
8.129162940000000503e+01 4.738963667174529749e-07
8.081653260000000216e+01 1.834887499635075203e-07
8.057573999999999614e+01 2.406322031293754969e-07
8.017244900000000030e+01 2.888046506058421405e-07
7.984602590000000077e+01 1.942324588449998652e-07
7.950625630000000399e+01 1.503550626823024150e-06
7.836102630000000602e+01 2.890875289538757073e-07
7.783476000000000283e+01 8.282097993776521159e-08
7.773133869999999490e+01 2.567737609405834182e-07
7.723138869999999656e+01 2.208918031126440010e-06
7.580552070000000242e+01 6.522882709614174386e-07
7.419132279999999469e+01 1.299710746115573664e-06
7.328248899999999821e+01 6.401929226081713260e-07
7.267458290000000432e+01 1.716957214327117291e-07
7.211851169999999911e+01 8.738769961802078437e-07
7.105620050000000276e+01 2.260511918298716048e-07
7.004026039999999398e+01 4.226854034286127355e-07
6.941024629999999718e+01 1.132578668481904685e-07
6.916074000000000410e+01 5.540738864430361033e-06
6.645079939999999397e+01 1.218307456068418019e-07
6.629375459999999975e+01 1.616635817922889693e-07
6.576972489999999993e+01 2.465210154032239252e-06
6.444676570000000027e+01 1.224238985377741364e-07
6.412266710000000103e+01 3.250442466642998307e-06
6.037515799999999899e+01 4.092244429508625776e-08
6.025598750000000337e+01 9.137389557336667948e-07
5.878686489999999765e+01 5.448824325441791894e-08
5.854873849999999891e+01 1.221354270317363280e-07
5.822800670000000167e+01 8.242462002123897713e-08
5.771083740000000262e+01 4.762206882765295952e-07
5.679520639999999787e+01 1.359799827182421087e-07
5.555733570000000299e+01 5.626011080936129343e-08
5.535033109999999823e+01 5.733789786642966813e-08
5.479989170000000342e+01 6.304976363094372444e-08
5.463868089999999711e+01 1.357942613546909320e-06
5.253165549999999939e+01 2.489530062904926106e-07
5.089293980000000062e+01 5.863067944157816509e-08
5.067220240000000331e+01 6.895805146326514989e-08
5.024268000000000001e+01 2.884926523676794227e-07
4.959558359999999766e+01 1.135146691652335970e-08
4.954504239999999982e+01 4.346858509081248716e-08
4.926850129999999695e+01 1.227810958606837235e-07
4.894868999999999915e+01 2.036198533695168153e-07
4.780365809999999982e+01 3.487525998779990961e-07
4.716943940000000168e+01 8.602602546105685825e-08
4.665641049999999979e+01 1.197715050349712532e-06
4.492625340000000023e+01 4.569385877605501392e-08
4.477076900000000137e+01 5.866505381030944662e-08
4.444277550000000332e+01 3.051948436939333174e-07
4.351459599999999739e+01 4.130329787452542786e-08
4.327362870000000328e+01 4.693890553469385637e-07
4.221650000000000347e+01 1.186163469243368063e-07
4.147500000000000142e+01 2.699094979338115137e-07
4.073804659999999700e+01 4.317657868616794384e-07
3.964815660000000008e+01 4.280721675843681166e-08
3.915869339999999710e+01 1.372774457929553648e-06
3.694028140000000349e+01 2.020893597806398273e-08
3.684613929999999726e+01 2.024352187247423562e-08
3.652369939999999815e+01 4.679383255145335044e-07
3.545407000000000153e+01 6.326111410270534196e-08
3.418937199999999876e+01 1.453621580198726294e-07
3.367655460000000289e+01 9.101471014530861287e-09
3.349655909999999892e+01 9.839266187839844575e-09
3.334331999999999852e+01 8.809787312652934129e-07
3.225732289999999836e+01 2.999011971337110923e-08
3.187895019999999846e+01 4.959337595626952613e-07
3.096361089999999905e+01 2.580594061393331531e-08
3.077110010000000173e+01 1.230447717772374497e-07
3.037387460000000061e+01 2.212311293551561777e-06
2.803750090000000128e+01 7.710534389919772415e-08
2.757799310000000048e+01 1.180569836046929142e-08
2.754229929999999982e+01 3.660196905253206009e-07
2.667975179999999824e+01 6.039627127859191303e-08
2.631176999999999921e+01 1.808659069203803653e-07
2.584172660000000121e+01 1.451699664942286416e-07
2.497469489999999936e+01 1.434832327847673001e-07
2.434717470000000006e+01 1.350009595245221507e-08
2.418430409999999853e+01 7.436087963683642521e-08
2.376488900000000015e+01 2.659562349113379130e-08
2.328750319999999974e+01 4.530326746704548470e-08
2.302211240000000103e+01 1.212498996287635861e-08
2.286125660000000082e+01 5.783394384121885218e-08
2.264645300000000105e+01 1.259664542323511850e-06
2.128239999999999910e+01 5.358097462244351139e-08
2.053525919999999871e+01 2.611794752581731160e-07
1.959253580000000028e+01 2.688093143857206949e-08
1.895067480000000160e+01 6.461761882545684159e-08
1.862087939999999975e+01 1.034270935125452316e-07
1.829975999999999914e+01 6.604037370400130036e-08
1.784588869999999972e+01 6.489618232500935230e-07
1.688496579999999980e+01 3.448360927693511002e-08
1.676365759999999838e+01 2.535038840958301983e-08
1.654557000000000144e+01 1.136254443641669356e-07
1.621019430000000128e+01 2.025010020854892638e-08
1.595579120000000017e+01 1.811075931605700130e-07
1.551020109999999974e+01 2.106634516785755707e-08
1.531088109999999958e+01 5.333272098005772984e-09
1.527519649999999984e+01 2.943691171763701876e-07
1.461805730000000025e+01 8.892199651187816237e-08
1.388353889999999957e+01 2.676225828608410197e-08
1.363452460000000066e+01 2.218390162770971248e-07
1.265423999999999971e+01 8.635352244328222571e-09
1.258925930000000015e+01 2.684747171143315256e-09
1.255758110000000016e+01 8.708546126340136906e-09
1.220643409999999918e+01 6.383117593313377735e-08
1.178358000000000061e+01 6.971000930556450008e-09
1.153688760000000002e+01 1.694843465349985845e-08
1.141563769999999955e+01 1.497298915446127636e-08
1.135220999999999947e+01 3.929449173093677386e-07
1.035142590000000062e+01 2.217494933487058000e-08
1.026843249999999941e+01 2.590899146522007564e-08
1.008611170000000001e+01 7.760607199345120118e-08
9.764643930000000083e+00 5.732282636682757004e-08
9.386424129999999977e+00 2.287013055715274994e-08
8.892466660000000189e+00 2.233627790433048229e-09
8.660134120000000379e+00 6.042475261423021537e-09
8.511383759999999299e+00 2.648957776358946692e-08
8.322642610000000829e+00 3.375931331340619992e-07
7.717918189999999790e+00 3.440506381205999673e-07
7.160966229999999655e+00 6.931003065001536961e-09
6.998422680000000007e+00 3.902770439860396617e-08
6.745812879999999900e+00 3.779446924771589030e-09
6.596763700000000341e+00 7.660264134475347968e-09
6.489415850000000319e+00 2.500121827286376439e-09
6.346001450000000155e+00 1.052506693953775405e-08
6.132487170000000098e+00 6.837624224329685415e-08
5.754401559999999805e+00 1.107225429575172361e-07
5.275616000000000305e+00 6.277548285600694643e-09
5.217953009999999558e+00 3.590136190743387172e-09
5.094262660000000054e+00 2.549624406514009323e-08
4.903827709999999840e+00 3.772934537746884169e-09
4.791006770000000081e+00 6.168666471376908874e-09
4.731514350000000313e+00 7.333890468604739886e-09
4.695644439999999697e+00 2.128582002856662523e-07
4.290423470000000350e+00 2.634506745770751326e-07
3.943102080000000065e+00 3.992223359744084224e-08
3.890452869999999841e+00 8.615443520036410323e-08
3.689254650000000080e+00 6.558417278612153126e-09
3.527769140000000192e+00 4.014244152573878836e-09
3.474492020000000014e+00 3.118433518811587380e-08
3.241159720000000188e+00 3.694340237616650413e-09
3.198896250000000219e+00 7.031964017499251341e-09
3.079414990000000074e+00 2.041173113159986084e-08
2.900682220000000200e+00 1.613890017457642627e-08
2.802514250000000207e+00 4.495937078412707723e-08
2.630268909999999849e+00 3.416107439242710974e-08
2.514649159999999828e+00 3.461829740669900974e-08
2.385064620000000080e+00 4.025261144757297192e-08
2.210417829999999917e+00 9.305533991281801984e-09
2.162719259999999810e+00 1.018283506457302364e-08
2.093724519999999867e+00 7.616463937411406263e-09
1.961101830000000046e+00 3.331531364246784382e-09
1.931742719999999913e+00 2.369645169726518468e-08
1.778280000000000083e+00 3.149204604845304717e-08
1.573873560000000005e+00 2.299379745209387181e-08
1.392962849999999975e+00 1.211387904149297396e-08
1.232847140000000064e+00 3.128383040909193712e-09
1.091136099999999942e+00 2.979580999316805550e-09
9.657142090000000456e-01 3.399221583657753151e-09
8.547090790000000382e-01 2.984207944342306444e-09
7.564635610000000066e-01 2.370989228409940054e-09
6.695109870000000019e-01 1.790529967943572635e-09
5.925532759999999621e-01 1.307777522617814179e-09
5.244415580000000299e-01 9.348388948741217112e-10
4.641590199999999777e-01 6.433138613399601670e-10
4.108057279999999811e-01 4.252484235329817618e-10
3.635851909999999743e-01 2.738548684887314274e-10
3.217924730000000233e-01 1.862405213319182972e-10
2.848036669999999826e-01 1.487260959444661002e-10
2.520665819999999835e-01 1.309805736142523135e-10
2.230924989999999997e-01 1.146849070050078102e-10
1.974488749999999959e-01 9.558298311829427629e-11
1.747528869999999956e-01 7.699018113155761411e-11
1.546657150000000092e-01 6.061190212465851968e-11
1.368874870000000021e-01 4.702653680799225365e-11
1.211527970000000065e-01 3.637857435447052412e-11
1.072267499999999957e-01 2.920737515373653025e-11
9.490144749999999962e-02 3.232348398747669172e-11
8.399289140000000542e-02 3.695384005354790449e-11
7.433823189999999581e-02 4.041162086215106621e-11
6.579333830000000383e-02 4.241991912299273472e-11
5.823064740000000183e-02 4.302514786589844476e-11
5.153725859999999659e-02 4.245149085793399875e-11
4.561324919999999727e-02 4.072001263546452560e-11
4.037018180000000178e-02 3.815208845283583441e-11
3.572978479999999735e-02 3.502313182833903073e-11
3.162278360000000260e-02 3.155921980878030327e-11
2.798786639999999853e-02 2.799419716293122685e-11
2.477076890000000017e-02 2.447653240782214691e-11
2.192346439999999855e-02 2.111748850244030707e-11
1.940344650000000101e-02 1.801579796981102945e-11
1.717309499999999933e-02 1.520982541753363213e-11
1.519911390000000008e-02 1.273406026572468296e-11
1.345203430000000040e-02 1.058176671400273411e-11
1.190577469999999985e-02 8.712925096464368450e-12
1.053725169999999989e-02 7.161927713049638344e-12
9.326035220000000736e-03 5.840439736290262846e-12
8.254043370000000227e-03 4.725356774586002695e-12
7.305272859999999840e-03 3.826796642298463312e-12
6.465559870000000056e-03 3.078730866811505916e-12
5.722368660000000211e-03 2.467183242434191571e-12
5.064604410000000424e-03 1.980825616839202130e-12
4.482447629999999732e-03 1.577946744645631519e-12
3.967207529999999989e-03 1.253717531928317205e-12
3.511192299999999888e-03 9.977100010049606253e-13
3.107594259999999810e-03 7.950853674717023748e-13
2.750388260000000140e-03 6.302438531933202024e-13
2.434241719999999908e-03 4.987812105134730649e-13
2.154435010000000077e-03 3.945172913938551606e-13
1.906790999999999911e-03 3.110210842325259059e-13
1.687612709999999992e-03 2.453429117482419194e-13
1.493628130000000014e-03 1.936794888150321092e-13
1.321941330000000071e-03 1.520003849464391048e-13
1.169989260000000014e-03 1.192824443903785973e-13
1.035503500000000071e-03 9.443390545827601255e-14
9.164763580000000317e-04 7.426121808590860498e-14
8.111309290000000500e-04 5.832196703960648807e-14
7.178945510000000292e-04 4.581899626909244385e-14
6.353753360000000475e-04 3.600973798316081659e-14
5.623413870000000276e-04 2.830849910575586064e-14
4.977024100000000282e-04 2.221030167091841564e-14
4.404934340000000266e-04 1.741271059144205153e-14
3.898604090000000032e-04 1.365294349674698760e-14
3.450474559999999855e-04 1.070632275680066918e-14
3.053855799999999907e-04 8.396830960595860007e-15
2.702826829999999798e-04 6.586569087135858477e-15
2.392147290000000046e-04 5.167501157999471860e-15
2.117179169999999875e-04 4.054984619062661499e-15
1.873817570000000114e-04 3.182081928336445268e-15
1.658429459999999898e-04 2.493576542380020581e-15
1.467799380000000045e-04 1.953408583980800173e-15
1.299081490000000047e-04 1.530267999320236073e-15
1.149757069999999968e-04 1.198799159420114096e-15
1.017596919999999989e-04 9.391403263320804371e-16
9.006280750000000498e-05 7.357332415215462704e-16
7.971043450000000617e-05 5.763904849064237374e-16
7.054802689999999836e-05 4.515653638055196418e-16
6.243880279999999415e-05 3.537796111757198936e-16
5.526170279999999811e-05 2.771752305801219204e-16
4.890958280000000038e-05 2.171634284818759272e-16
4.328761460000000338e-05 1.701496320909297493e-16
3.831186990000000125e-05 1.333180390125933291e-16
3.390806800000000063e-05 1.044629274369512446e-16
3.001046609999999864e-05 8.185643002219475173e-17
2.656087849999999961e-05 6.414502329403890283e-17
2.350780780000000082e-05 5.026842187628588225e-17
2.080567580000000085e-05 3.939603137977208351e-17
1.841414349999999942e-05 3.087719709940866210e-17
1.629750859999999925e-05 2.420221123944077944e-17
1.442417269999999954e-05 1.889757223144871588e-17
1.276616959999999968e-05 1.470710507885115568e-17
1.129874750000000070e-05 1.158724045583382622e-17
