1599
  1.233500000000e-01
  1.222800000000e-01
  1.212100000000e-01
  1.201600000000e-01
  1.191200000000e-01
  1.180800000000e-01
  1.170600000000e-01
  1.160400000000e-01
  1.150300000000e-01
  1.140400000000e-01
  1.130400000000e-01
  1.120600000000e-01
  1.110900000000e-01
  1.101200000000e-01
  1.091700000000e-01
  1.082200000000e-01
  1.072700000000e-01
  1.063500000000e-01
  1.054200000000e-01
  1.045100000000e-01
  1.036000000000e-01
  1.027000000000e-01
  1.018000000000e-01
  1.009200000000e-01
  1.000500000000e-01
  9.918000000000e-02
  9.831000000000e-02
  9.746000000000e-02
  9.662000000000e-02
  9.577000000000e-02
  9.495000000000e-02
  9.411000000000e-02
  9.331000000000e-02
  9.249000000000e-02
  9.168000000000e-02
  9.089000000000e-02
  9.010000000000e-02
  8.932000000000e-02
  8.855000000000e-02
  8.777000000000e-02
  8.701000000000e-02
  8.625600000000e-02
  8.550600000000e-02
  8.476300000000e-02
  8.402700000000e-02
  8.329700000000e-02
  8.257300000000e-02
  8.185600000000e-02
  8.114500000000e-02
  8.044100000000e-02
  7.974100000000e-02
  7.904900000000e-02
  7.836200000000e-02
  7.768200000000e-02
  7.700600000000e-02
  7.633800000000e-02
  7.567500000000e-02
  7.501700000000e-02
  7.436600000000e-02
  7.371900000000e-02
  7.308000000000e-02
  7.244400000000e-02
  7.181600000000e-02
  7.119100000000e-02
  7.057300000000e-02
  6.996000000000e-02
  6.935200000000e-02
  6.875000000000e-02
  6.815300000000e-02
  6.756000000000e-02
  6.697400000000e-02
  6.639200000000e-02
  6.581500000000e-02
  6.524400000000e-02
  6.467700000000e-02
  6.411500000000e-02
  6.355800000000e-02
  6.300600000000e-02
  6.245900000000e-02
  6.191600000000e-02
  6.137800000000e-02
  6.084500000000e-02
  6.031700000000e-02
  5.979300000000e-02
  5.927300000000e-02
  5.875800000000e-02
  5.824800000000e-02
  5.774200000000e-02
  5.724100000000e-02
  5.674300000000e-02
  5.625000000000e-02
  5.576200000000e-02
  5.527700000000e-02
  5.479700000000e-02
  5.432200000000e-02
  5.384900000000e-02
  5.338200000000e-02
  5.291700000000e-02
  5.245900000000e-02
  5.200200000000e-02
  5.155100000000e-02
  5.110300000000e-02
  5.065900000000e-02
  5.021900000000e-02
  4.978300000000e-02
  4.935000000000e-02
  4.892200000000e-02
  4.849700000000e-02
  4.807500000000e-02
  4.765800000000e-02
  4.724400000000e-02
  4.683300000000e-02
  4.642700000000e-02
  4.602300000000e-02
  4.562400000000e-02
  4.522700000000e-02
  4.483500000000e-02
  4.444500000000e-02
  4.405800000000e-02
  4.367700000000e-02
  4.329600000000e-02
  4.292100000000e-02
  4.254800000000e-02
  4.217800000000e-02
  4.181200000000e-02
  4.144900000000e-02
  4.108800000000e-02
  4.073200000000e-02
  4.037800000000e-02
  4.002700000000e-02
  3.968000000000e-02
  3.933400000000e-02
  3.899300000000e-02
  3.865500000000e-02
  3.831800000000e-02
  3.798600000000e-02
  3.765600000000e-02
  3.732900000000e-02
  3.700400000000e-02
  3.668300000000e-02
  3.636500000000e-02
  3.604800000000e-02
  3.573500000000e-02
  3.542500000000e-02
  3.511800000000e-02
  3.481200000000e-02
  3.450900000000e-02
  3.421000000000e-02
  3.391300000000e-02
  3.361900000000e-02
  3.332600000000e-02
  3.303700000000e-02
  3.274900000000e-02
  3.246600000000e-02
  3.218300000000e-02
  3.190400000000e-02
  3.162600000000e-02
  3.135200000000e-02
  3.108000000000e-02
  3.080900000000e-02
  3.054200000000e-02
  3.027700000000e-02
  3.001300000000e-02
  2.975300000000e-02
  2.949500000000e-02
  2.923800000000e-02
  2.898400000000e-02
  2.873300000000e-02
  2.848300000000e-02
  2.823500000000e-02
  2.799000000000e-02
  2.774700000000e-02
  2.750600000000e-02
  2.726800000000e-02
  2.703000000000e-02
  2.679500000000e-02
  2.656300000000e-02
  2.633200000000e-02
  2.610300000000e-02
  2.587700000000e-02
  2.565100000000e-02
  2.542900000000e-02
  2.520800000000e-02
  2.498900000000e-02
  2.477200000000e-02
  2.455700000000e-02
  2.434400000000e-02
  2.413200000000e-02
  2.392200000000e-02
  2.371500000000e-02
  2.350800000000e-02
  2.330500000000e-02
  2.310200000000e-02
  2.290100000000e-02
  2.270200000000e-02
  2.250500000000e-02
  2.231000000000e-02
  2.211600000000e-02
  2.192400000000e-02
  2.173300000000e-02
  2.154500000000e-02
  2.135700000000e-02
  2.117200000000e-02
  2.098800000000e-02
  2.080500000000e-02
  2.062500000000e-02
  2.044600000000e-02
  2.026800000000e-02
  2.009200000000e-02
  1.991800000000e-02
  1.974400000000e-02
  1.957300000000e-02
  1.940400000000e-02
  1.923400000000e-02
  1.906700000000e-02
  1.890200000000e-02
  1.873800000000e-02
  1.857400000000e-02
  1.841400000000e-02
  1.825300000000e-02
  1.809500000000e-02
  1.793800000000e-02
  1.778200000000e-02
  1.762800000000e-02
  1.747400000000e-02
  1.732300000000e-02
  1.717200000000e-02
  1.702300000000e-02
  1.687500000000e-02
  1.672800000000e-02
  1.658300000000e-02
  1.643900000000e-02
  1.629700000000e-02
  1.615400000000e-02
  1.601500000000e-02
  1.587500000000e-02
  1.573800000000e-02
  1.560000000000e-02
  1.546600000000e-02
  1.533000000000e-02
  1.519800000000e-02
  1.506600000000e-02
  1.493500000000e-02
  1.480500000000e-02
  1.467600000000e-02
  1.454900000000e-02
  1.442300000000e-02
  1.429700000000e-02
  1.417300000000e-02
  1.405000000000e-02
  1.392800000000e-02
  1.380700000000e-02
  1.368700000000e-02
  1.356800000000e-02
  1.345100000000e-02
  1.333300000000e-02
  1.321800000000e-02
  1.310300000000e-02
  1.298900000000e-02
  1.287600000000e-02
  1.276400000000e-02
  1.265400000000e-02
  1.254300000000e-02
  1.243500000000e-02
  1.232600000000e-02
  1.222000000000e-02
  1.211300000000e-02
  1.200800000000e-02
  1.190400000000e-02
  1.180000000000e-02
  1.169800000000e-02
  1.159700000000e-02
  1.149500000000e-02
  1.139600000000e-02
  1.129700000000e-02
  1.119800000000e-02
  1.110200000000e-02
  1.100400000000e-02
  1.091000000000e-02
  1.081400000000e-02
  1.072100000000e-02
  1.062700000000e-02
  1.053500000000e-02
  1.044400000000e-02
  1.035300000000e-02
  1.026300000000e-02
  1.017400000000e-02
  1.008500000000e-02
  9.998000000000e-03
  9.911000000000e-03
  9.825000000000e-03
  9.740000000000e-03
  9.655000000000e-03
  9.571000000000e-03
  9.488000000000e-03
  9.405000000000e-03
  9.324000000000e-03
  9.243000000000e-03
  9.162000000000e-03
  9.083000000000e-03
  9.004000000000e-03
  8.926000000000e-03
  8.849000000000e-03
  8.771000000000e-03
  8.695300000000e-03
  8.619700000000e-03
  8.544900000000e-03
  8.470600000000e-03
  8.397000000000e-03
  8.324200000000e-03
  8.251800000000e-03
  8.180100000000e-03
  8.109000000000e-03
  8.038700000000e-03
  7.968800000000e-03
  7.899600000000e-03
  7.830900000000e-03
  7.763000000000e-03
  7.695500000000e-03
  7.628600000000e-03
  7.562400000000e-03
  7.496700000000e-03
  7.431600000000e-03
  7.367000000000e-03
  7.303000000000e-03
  7.239600000000e-03
  7.176700000000e-03
  7.114400000000e-03
  7.052600000000e-03
  6.991300000000e-03
  6.930500000000e-03
  6.870400000000e-03
  6.810700000000e-03
  6.751500000000e-03
  6.692900000000e-03
  6.634800000000e-03
  6.577100000000e-03
  6.520000000000e-03
  6.463300000000e-03
  6.407200000000e-03
  6.351500000000e-03
  6.296400000000e-03
  6.241700000000e-03
  6.187500000000e-03
  6.133700000000e-03
  6.080400000000e-03
  6.027600000000e-03
  5.975300000000e-03
  5.923300000000e-03
  5.871900000000e-03
  5.820900000000e-03
  5.770300000000e-03
  5.720300000000e-03
  5.670500000000e-03
  5.621200000000e-03
  5.572500000000e-03
  5.524000000000e-03
  5.476000000000e-03
  5.428500000000e-03
  5.381300000000e-03
  5.334600000000e-03
  5.288200000000e-03
  5.242300000000e-03
  5.196800000000e-03
  5.151600000000e-03
  5.106900000000e-03
  5.062500000000e-03
  5.018500000000e-03
  4.975000000000e-03
  4.931700000000e-03
  4.888900000000e-03
  4.846400000000e-03
  4.804300000000e-03
  4.762600000000e-03
  4.721200000000e-03
  4.680200000000e-03
  4.639600000000e-03
  4.599200000000e-03
  4.559300000000e-03
  4.519700000000e-03
  4.480400000000e-03
  4.441600000000e-03
  4.402900000000e-03
  4.364700000000e-03
  4.326800000000e-03
  4.289100000000e-03
  4.252000000000e-03
  4.215000000000e-03
  4.178300000000e-03
  4.142100000000e-03
  4.106100000000e-03
  4.070500000000e-03
  4.035100000000e-03
  4.000000000000e-03
  3.965300000000e-03
  3.930800000000e-03
  3.896700000000e-03
  3.862900000000e-03
  3.829200000000e-03
  3.796100000000e-03
  3.763000000000e-03
  3.730400000000e-03
  3.698000000000e-03
  3.665800000000e-03
  3.634000000000e-03
  3.602400000000e-03
  3.571200000000e-03
  3.540100000000e-03
  3.509300000000e-03
  3.478900000000e-03
  3.448700000000e-03
  3.418700000000e-03
  3.389000000000e-03
  3.359600000000e-03
  3.330400000000e-03
  3.301400000000e-03
  3.272800000000e-03
  3.244300000000e-03
  3.216200000000e-03
  3.188200000000e-03
  3.160600000000e-03
  3.133100000000e-03
  3.105800000000e-03
  3.078900000000e-03
  3.052200000000e-03
  3.025600000000e-03
  2.999300000000e-03
  2.973300000000e-03
  2.947500000000e-03
  2.921900000000e-03
  2.896400000000e-03
  2.871400000000e-03
  2.846300000000e-03
  2.821700000000e-03
  2.797100000000e-03
  2.772900000000e-03
  2.748700000000e-03
  2.724900000000e-03
  2.701200000000e-03
  2.677800000000e-03
  2.654500000000e-03
  2.631400000000e-03
  2.608600000000e-03
  2.585900000000e-03
  2.563500000000e-03
  2.541100000000e-03
  2.519200000000e-03
  2.497200000000e-03
  2.475500000000e-03
  2.454000000000e-03
  2.432800000000e-03
  2.411500000000e-03
  2.390700000000e-03
  2.369900000000e-03
  2.349200000000e-03
  2.328900000000e-03
  2.308700000000e-03
  2.288600000000e-03
  2.268700000000e-03
  2.249000000000e-03
  2.229400000000e-03
  2.210100000000e-03
  2.190900000000e-03
  2.171900000000e-03
  2.153000000000e-03
  2.134300000000e-03
  2.115800000000e-03
  2.097400000000e-03
  2.079100000000e-03
  2.061200000000e-03
  2.043200000000e-03
  2.025400000000e-03
  2.007900000000e-03
  1.990400000000e-03
  1.973100000000e-03
  1.956000000000e-03
  1.939000000000e-03
  1.922200000000e-03
  1.905400000000e-03
  1.888900000000e-03
  1.872500000000e-03
  1.856300000000e-03
  1.840100000000e-03
  1.824100000000e-03
  1.808300000000e-03
  1.792600000000e-03
  1.777000000000e-03
  1.761500000000e-03
  1.746300000000e-03
  1.731100000000e-03
  1.716000000000e-03
  1.701200000000e-03
  1.686400000000e-03
  1.671700000000e-03
  1.657200000000e-03
  1.642800000000e-03
  1.628600000000e-03
  1.614300000000e-03
  1.600400000000e-03
  1.586500000000e-03
  1.572700000000e-03
  1.559000000000e-03
  1.545500000000e-03
  1.532000000000e-03
  1.518800000000e-03
  1.505500000000e-03
  1.492500000000e-03
  1.479500000000e-03
  1.466700000000e-03
  1.453900000000e-03
  1.441300000000e-03
  1.428800000000e-03
  1.416300000000e-03
  1.404100000000e-03
  1.391900000000e-03
  1.379700000000e-03
  1.367800000000e-03
  1.355900000000e-03
  1.344200000000e-03
  1.332400000000e-03
  1.320900000000e-03
  1.309400000000e-03
  1.298000000000e-03
  1.286800000000e-03
  1.275600000000e-03
  1.264400000000e-03
  1.253600000000e-03
  1.242600000000e-03
  1.231800000000e-03
  1.221100000000e-03
  1.210600000000e-03
  1.200000000000e-03
  1.189600000000e-03
  1.179200000000e-03
  1.169000000000e-03
  1.158900000000e-03
  1.148700000000e-03
  1.138800000000e-03
  1.129000000000e-03
  1.119100000000e-03
  1.109400000000e-03
  1.099700000000e-03
  1.090200000000e-03
  1.080700000000e-03
  1.071400000000e-03
  1.062000000000e-03
  1.052800000000e-03
  1.043700000000e-03
  1.034600000000e-03
  1.025600000000e-03
  1.016700000000e-03
  1.007800000000e-03
  9.992000000000e-04
  9.904000000000e-04
  9.818000000000e-04
  9.733000000000e-04
  9.649000000000e-04
  9.564000000000e-04
  9.482000000000e-04
  9.399000000000e-04
  9.318000000000e-04
  9.236000000000e-04
  9.157000000000e-04
  9.077000000000e-04
  8.998000000000e-04
  8.920000000000e-04
  8.842000000000e-04
  8.766000000000e-04
  8.689100000000e-04
  8.613900000000e-04
  8.539100000000e-04
  8.465000000000e-04
  8.391400000000e-04
  8.318500000000e-04
  8.246300000000e-04
  8.174600000000e-04
  8.103600000000e-04
  8.033300000000e-04
  7.963400000000e-04
  7.894300000000e-04
  7.825700000000e-04
  7.757700000000e-04
  7.690400000000e-04
  7.623500000000e-04
  7.557300000000e-04
  7.491700000000e-04
  7.426600000000e-04
  7.362100000000e-04
  7.298100000000e-04
  7.234700000000e-04
  7.171900000000e-04
  7.109600000000e-04
  7.047900000000e-04
  6.986600000000e-04
  6.925900000000e-04
  6.865800000000e-04
  6.806100000000e-04
  6.747000000000e-04
  6.688400000000e-04
  6.630300000000e-04
  6.572700000000e-04
  6.515600000000e-04
  6.459000000000e-04
  6.402900000000e-04
  6.347300000000e-04
  6.292100000000e-04
  6.237500000000e-04
  6.183300000000e-04
  6.129600000000e-04
  6.076400000000e-04
  6.023500000000e-04
  5.971300000000e-04
  5.919400000000e-04
  5.867900000000e-04
  5.817000000000e-04
  5.766500000000e-04
  5.716300000000e-04
  5.666700000000e-04
  5.617500000000e-04
  5.568700000000e-04
  5.520300000000e-04
  5.472400000000e-04
  5.424800000000e-04
  5.377800000000e-04
  5.330900000000e-04
  5.284700000000e-04
  5.238800000000e-04
  5.193300000000e-04
  5.148200000000e-04
  5.103400000000e-04
  5.059100000000e-04
  5.015200000000e-04
  4.971600000000e-04
  4.928400000000e-04
  4.885600000000e-04
  4.843200000000e-04
  4.801100000000e-04
  4.759400000000e-04
  4.718000000000e-04
  4.677100000000e-04
  4.636400000000e-04
  4.596200000000e-04
  4.556200000000e-04
  4.516700000000e-04
  4.477400000000e-04
  4.438500000000e-04
  4.400000000000e-04
  4.361800000000e-04
  4.323800000000e-04
  4.286400000000e-04
  4.249000000000e-04
  4.212200000000e-04
  4.175600000000e-04
  4.139300000000e-04
  4.103300000000e-04
  4.067700000000e-04
  4.032400000000e-04
  3.997400000000e-04
  3.962600000000e-04
  3.928200000000e-04
  3.894100000000e-04
  3.860200000000e-04
  3.826800000000e-04
  3.793400000000e-04
  3.760600000000e-04
  3.727800000000e-04
  3.695500000000e-04
  3.663400000000e-04
  3.631500000000e-04
  3.600100000000e-04
  3.568700000000e-04
  3.537700000000e-04
  3.507000000000e-04
  3.476600000000e-04
  3.446300000000e-04
  3.416500000000e-04
  3.386700000000e-04
  3.357300000000e-04
  3.328200000000e-04
  3.299200000000e-04
  3.270600000000e-04
  3.242200000000e-04
  3.214000000000e-04
  3.186100000000e-04
  3.158400000000e-04
  3.131000000000e-04
  3.103700000000e-04
  3.076900000000e-04
  3.050100000000e-04
  3.023600000000e-04
  2.997300000000e-04
  2.971300000000e-04
  2.945500000000e-04
  2.919900000000e-04
  2.894500000000e-04
  2.869400000000e-04
  2.844500000000e-04
  2.819700000000e-04
  2.795300000000e-04
  2.771000000000e-04
  7.642600000000e-04
  7.458000000000e-04
  7.277700000000e-04
  7.101800000000e-04
  6.930100000000e-04
  6.762700000000e-04
  6.599200000000e-04
  6.439800000000e-04
  6.284100000000e-04
  6.132200000000e-04
  5.984000000000e-04
  5.839400000000e-04
  5.698300000000e-04
  5.560500000000e-04
  5.426200000000e-04
  5.295000000000e-04
  5.167100000000e-04
  5.042200000000e-04
  4.920300000000e-04
  4.801400000000e-04
  4.685400000000e-04
  4.572100000000e-04
  4.461600000000e-04
  4.353800000000e-04
  4.248600000000e-04
  4.145900000000e-04
  4.045700000000e-04
  3.947900000000e-04
  3.852500000000e-04
  3.759400000000e-04
  3.668500000000e-04
  3.579900000000e-04
  3.493400000000e-04
  3.408900000000e-04
  3.326600000000e-04
  3.246100000000e-04
  3.167700000000e-04
  3.091100000000e-04
  3.016500000000e-04
  2.943500000000e-04
  2.872400000000e-04
  2.803000000000e-04
  2.735200000000e-04
  2.669100000000e-04
  2.604600000000e-04
  2.541700000000e-04
  2.480200000000e-04
  2.420310000000e-04
  2.361800000000e-04
  2.304720000000e-04
  2.249020000000e-04
  2.194670000000e-04
  2.141620000000e-04
  2.089870000000e-04
  2.039350000000e-04
  1.990070000000e-04
  1.941980000000e-04
  1.895040000000e-04
  1.849240000000e-04
  1.804540000000e-04
  1.760940000000e-04
  1.718370000000e-04
  1.676850000000e-04
  1.636320000000e-04
  1.596770000000e-04
  1.558190000000e-04
  1.520520000000e-04
  1.483780000000e-04
  1.447910000000e-04
  1.412920000000e-04
  1.378780000000e-04
  1.345450000000e-04
  1.312940000000e-04
  1.281200000000e-04
  1.250240000000e-04
  1.220020000000e-04
  1.190540000000e-04
  1.161770000000e-04
  1.133680000000e-04
  1.106290000000e-04
  1.079550000000e-04
  1.053460000000e-04
  1.028000000000e-04
  1.003160000000e-04
  9.789100000000e-05
  9.552500000000e-05
  9.321700000000e-05
  9.096400000000e-05
  8.876500000000e-05
  8.662000000000e-05
  8.452600000000e-05
  8.248400000000e-05
  8.049000000000e-05
  7.854500000000e-05
  7.664700000000e-05
  7.479400000000e-05
  7.298700000000e-05
  7.122300000000e-05
  6.950100000000e-05
  6.782200000000e-05
  6.618200000000e-05
  6.458300000000e-05
  6.302200000000e-05
  6.149900000000e-05
  6.001300000000e-05
  5.856200000000e-05
  5.714700000000e-05
  5.576600000000e-05
  5.441800000000e-05
  5.310300000000e-05
  5.182000000000e-05
  5.056700000000e-05
  4.934500000000e-05
  4.815200000000e-05
  4.698900000000e-05
  4.585300000000e-05
  4.474500000000e-05
  4.366300000000e-05
  4.260900000000e-05
  4.157800000000e-05
  4.057400000000e-05
  3.959200000000e-05
  3.863700000000e-05
  3.770200000000e-05
  3.679100000000e-05
  3.590200000000e-05
  3.503400000000e-05
  3.418800000000e-05
  3.336100000000e-05
  3.255500000000e-05
  3.176900000000e-05
  3.100000000000e-05
  3.025100000000e-05
  2.952000000000e-05
  2.880700000000e-05
  2.811000000000e-05
  2.743200000000e-05
  2.676800000000e-05
  2.612100000000e-05
  2.549000000000e-05
  2.487400000000e-05
  2.427240000000e-05
  2.368610000000e-05
  2.311360000000e-05
  2.255510000000e-05
  2.200990000000e-05
  2.147790000000e-05
  2.095890000000e-05
  2.045240000000e-05
  1.995800000000e-05
  1.947570000000e-05
  1.900510000000e-05
  1.854570000000e-05
  1.809740000000e-05
  1.766020000000e-05
  1.723320000000e-05
  1.681680000000e-05
  1.641040000000e-05
  1.601380000000e-05
  1.562670000000e-05
  1.524910000000e-05
  1.488050000000e-05
  1.452090000000e-05
  1.416990000000e-05
  1.382750000000e-05
  1.349330000000e-05
  1.316720000000e-05
  1.284900000000e-05
  1.253840000000e-05
  1.223540000000e-05
  1.193970000000e-05
  1.165110000000e-05
  1.136960000000e-05
  1.109470000000e-05
  1.082670000000e-05
  1.056490000000e-05
  1.030970000000e-05
  1.006040000000e-05
  9.817400000000e-06
  9.580000000000e-06
  9.348600000000e-06
  9.122500000000e-06
  8.902200000000e-06
  8.686900000000e-06
  8.477100000000e-06
  8.272100000000e-06
  8.072200000000e-06
  7.877200000000e-06
  7.686700000000e-06
  7.501000000000e-06
  7.319700000000e-06
  7.142800000000e-06
  6.970200000000e-06
  6.801700000000e-06
  6.637300000000e-06
  6.476900000000e-06
  6.320400000000e-06
  6.167600000000e-06
  6.018600000000e-06
  5.873100000000e-06
  5.731200000000e-06
  5.592600000000e-06
  5.457500000000e-06
  5.325600000000e-06
  5.196900000000e-06
  5.071300000000e-06
  4.948700000000e-06
  4.829100000000e-06
  4.712400000000e-06
  4.598600000000e-06
  4.487400000000e-06
  4.378900000000e-06
  4.273100000000e-06
  4.169800000000e-06
  4.069100000000e-06
  3.970700000000e-06
  3.874700000000e-06
  3.781100000000e-06
  3.689700000000e-06
  3.600600000000e-06
  3.513500000000e-06
  3.428600000000e-06
  3.345800000000e-06
  3.264900000000e-06
  3.185900000000e-06
  3.109000000000e-06
  3.033900000000e-06
  2.960500000000e-06
  2.889000000000e-06
  2.819100000000e-06
  2.751000000000e-06
  2.684600000000e-06
  2.619600000000e-06
  2.556300000000e-06
  2.494600000000e-06
  2.434260000000e-06
  2.375440000000e-06
  2.318020000000e-06
  2.262010000000e-06
  2.207330000000e-06
  2.153990000000e-06
  2.101930000000e-06
  2.051130000000e-06
  2.001560000000e-06
  1.953180000000e-06
  1.905980000000e-06
  1.859920000000e-06
  1.814960000000e-06
  1.771100000000e-06
  1.728300000000e-06
  1.686520000000e-06
  1.645770000000e-06
  1.605990000000e-06
  1.567180000000e-06
  1.529300000000e-06
  1.492340000000e-06
  1.456280000000e-06
  1.421080000000e-06
  1.386730000000e-06
  1.353220000000e-06
  1.320510000000e-06
  1.288600000000e-06
  1.257460000000e-06
  1.227070000000e-06
  1.197410000000e-06
  1.168470000000e-06
  1.140230000000e-06
  1.112680000000e-06
  1.085780000000e-06
  1.059540000000e-06
  1.033940000000e-06
  1.008940000000e-06
  9.845700000000e-07
  9.607600000000e-07
  9.375500000000e-07
  9.148900000000e-07
  8.927800000000e-07
  8.712000000000e-07
  8.501400000000e-07
  8.296000000000e-07
  8.095500000000e-07
  7.899800000000e-07
  7.709000000000e-07
  7.522600000000e-07
  7.340800000000e-07
  7.163300000000e-07
  6.990300000000e-07
  6.821300000000e-07
  6.656500000000e-07
  6.495500000000e-07
  6.338600000000e-07
  6.185500000000e-07
  6.035900000000e-07
  5.890000000000e-07
  5.747700000000e-07
  5.608800000000e-07
  5.473200000000e-07
  5.340900000000e-07
  5.211900000000e-07
  5.085900000000e-07
  4.963000000000e-07
  4.843000000000e-07
  4.726000000000e-07
  4.611800000000e-07
  4.500300000000e-07
  4.391600000000e-07
  4.285400000000e-07
  4.181800000000e-07
  4.080800000000e-07
  3.982200000000e-07
  3.885900000000e-07
  3.792000000000e-07
  3.700300000000e-07
  3.611000000000e-07
  3.523600000000e-07
  3.438500000000e-07
  3.355400000000e-07
  3.274300000000e-07
  3.195200000000e-07
  3.117900000000e-07
  3.042600000000e-07
  2.969000000000e-07
  2.897300000000e-07
  2.827300000000e-07
  2.759000000000e-07
  2.692200000000e-07
  2.627200000000e-07
  2.563700000000e-07
  2.501800000000e-07
  2.441270000000e-07
  2.382280000000e-07
  2.324710000000e-07
  2.268520000000e-07
  2.213700000000e-07
  2.160190000000e-07
  2.107990000000e-07
  2.057040000000e-07
  2.007330000000e-07
  1.958820000000e-07
  1.911470000000e-07
  1.865270000000e-07
  1.820200000000e-07
  1.776210000000e-07
  1.733270000000e-07
  1.691390000000e-07
  1.650510000000e-07
  1.610620000000e-07
  1.571700000000e-07
  1.533710000000e-07
  1.496640000000e-07
  1.460470000000e-07
  1.425170000000e-07
  1.390740000000e-07
  1.357120000000e-07
  1.324320000000e-07
  1.292310000000e-07
  1.261080000000e-07
  1.230600000000e-07
  1.200870000000e-07
  1.171840000000e-07
  1.143510000000e-07
  1.115890000000e-07
  1.088910000000e-07
  1.062600000000e-07
  1.036910000000e-07
  1.011850000000e-07
  9.874000000000e-08
  9.635400000000e-08
  9.402500000000e-08
  9.175300000000e-08
  8.953500000000e-08
  8.737100000000e-08
  8.525900000000e-08
  8.319900000000e-08
  8.118900000000e-08
  7.922600000000e-08
  7.731100000000e-08
  7.544300000000e-08
  7.361900000000e-08
  7.184100000000e-08
  7.010400000000e-08
  6.841000000000e-08
  6.675600000000e-08
  6.514300000000e-08
  6.356900000000e-08
  6.203200000000e-08
  6.053300000000e-08
  5.907000000000e-08
  5.764300000000e-08
  5.624900000000e-08
  5.489000000000e-08
  5.356400000000e-08
  5.226900000000e-08
  5.100500000000e-08
  4.977300000000e-08
  4.857000000000e-08
  4.739600000000e-08
  4.625100000000e-08
  4.513300000000e-08
  4.404200000000e-08
  4.256200000000e-08
  4.154400000000e-08
  4.054900000000e-08
  3.957900000000e-08
  3.863100000000e-08
  3.770700000000e-08
  3.680400000000e-08
  3.592400000000e-08
  3.506300000000e-08
  3.422500000000e-08
  3.340500000000e-08
  3.260500000000e-08
  3.182600000000e-08
  3.106300000000e-08
  3.032000000000e-08
  2.959500000000e-08
  2.888600000000e-08
  2.819400000000e-08
  2.752000000000e-08
  2.686100000000e-08
  2.621900000000e-08
  2.559000000000e-08
  2.497900000000e-08
  2.438010000000e-08
  2.379680000000e-08
  2.322730000000e-08
  2.267140000000e-08
  2.212870000000e-08
  2.159910000000e-08
  2.108220000000e-08
  2.057750000000e-08
  2.008500000000e-08
  1.960430000000e-08
  1.913510000000e-08
  1.867710000000e-08
  1.823010000000e-08
  1.779370000000e-08
  1.736780000000e-08
  1.695220000000e-08
  1.654640000000e-08
  1.615040000000e-08
  1.576390000000e-08
  1.538650000000e-08
  1.501830000000e-08
  1.465880000000e-08
  1.430790000000e-08
  1.396560000000e-08
  1.363120000000e-08
  1.330500000000e-08
  1.298650000000e-08
  1.267580000000e-08
  1.237230000000e-08
  1.207620000000e-08
  1.178720000000e-08
  1.150500000000e-08
  1.122970000000e-08
  1.096090000000e-08
  1.069860000000e-08
  1.044240000000e-08
  1.019260000000e-08
  9.948600000000e-09
  9.710500000000e-09
  9.478100000000e-09
  9.251200000000e-09
  9.029800000000e-09
  8.813700000000e-09
  8.602700000000e-09
  8.396800000000e-09
  8.195900000000e-09
  7.999600000000e-09
  7.808200000000e-09
  7.621400000000e-09
  7.438900000000e-09
  7.260900000000e-09
  7.087000000000e-09
  6.917500000000e-09
  6.751900000000e-09
  6.590300000000e-09
  6.432500000000e-09
  6.278600000000e-09
  6.128400000000e-09
  5.981600000000e-09
  5.838500000000e-09
  5.698700000000e-09
  5.562300000000e-09
  5.429200000000e-09
  5.299300000000e-09
  5.172400000000e-09
  5.048600000000e-09
  4.927800000000e-09
  4.809900000000e-09
  4.694700000000e-09
  4.582300000000e-09
  4.472700000000e-09
  4.365700000000e-09
  4.261100000000e-09
  4.159100000000e-09
  4.059600000000e-09
  3.962500000000e-09
  3.867600000000e-09
  3.775000000000e-09
  3.684700000000e-09
  3.596500000000e-09
  3.510400000000e-09
  3.426400000000e-09
  3.344300000000e-09
  3.264400000000e-09
  3.186200000000e-09
  3.109900000000e-09
  3.035500000000e-09
  2.962900000000e-09
  2.891900000000e-09
  2.822700000000e-09
  2.755200000000e-09
  2.689200000000e-09
  2.624900000000e-09
  2.562000000000e-09
  2.500700000000e-09
  2.440850000000e-09
  2.382430000000e-09
  2.325410000000e-09
  2.269760000000e-09
  2.215430000000e-09
  2.162400000000e-09
  2.110640000000e-09
  2.060130000000e-09
  2.010820000000e-09
  1.962700000000e-09
  1.915710000000e-09
  1.869870000000e-09
  1.825110000000e-09
  1.781430000000e-09
  1.738790000000e-09
  1.697170000000e-09
  1.656550000000e-09
  1.616900000000e-09
  1.578210000000e-09
  1.540430000000e-09
  1.503560000000e-09
  1.467570000000e-09
  1.432450000000e-09
  1.398160000000e-09
  1.364700000000e-09
  1.332030000000e-09
  1.300160000000e-09
  1.269030000000e-09
  1.238660000000e-09
  1.209020000000e-09
  1.180080000000e-09
  1.151830000000e-09
  1.124260000000e-09
  1.097360000000e-09
  1.071090000000e-09
  1.045450000000e-09
  1.020430000000e-09
  9.960100000000e-10
  9.721700000000e-10
  9.489000000000e-10
  9.261900000000e-10
  9.040300000000e-10
  8.823800000000e-10
  8.612700000000e-10
  8.406500000000e-10
  8.205300000000e-10
  8.008900000000e-10
  7.817200000000e-10
  7.630100000000e-10
  7.447600000000e-10
  7.269200000000e-10
  7.095300000000e-10
  6.925400000000e-10
  6.759700000000e-10
  6.597900000000e-10
  6.440000000000e-10
  6.285800000000e-10
  6.135400000000e-10
  5.988500000000e-10
  5.845300000000e-10
  5.705300000000e-10
  5.568700000000e-10
  5.435500000000e-10
  5.305400000000e-10
  5.178400000000e-10
  5.054400000000e-10
  4.933500000000e-10
  4.815400000000e-10
  4.700100000000e-10
  4.587700000000e-10
  4.477800000000e-10
  4.370700000000e-10
  4.266000000000e-10
  4.164000000000e-10
  4.064300000000e-10
  3.967000000000e-10
  3.872000000000e-10
  3.779400000000e-10
  3.689000000000e-10
  3.600600000000e-10
  3.514400000000e-10
  3.430400000000e-10
  3.348200000000e-10
  3.268100000000e-10
  3.189900000000e-10
  3.113500000000e-10
  3.039000000000e-10
  2.966300000000e-10
  2.895300000000e-10
  2.826000000000e-10
  2.758300000000e-10
  2.692300000000e-10
  2.627900000000e-10
  2.565000000000e-10
  2.503600000000e-10
  2.443660000000e-10
  2.385190000000e-10
  2.328090000000e-10
  2.272370000000e-10
  2.217990000000e-10
  2.164900000000e-10
  2.113080000000e-10
  2.062500000000e-10
  2.013150000000e-10
  1.964950000000e-10
  1.917930000000e-10
  1.872020000000e-10
  1.827220000000e-10
  1.783490000000e-10
  1.740790000000e-10
  1.699130000000e-10
  1.658470000000e-10
  1.618770000000e-10
  1.580020000000e-10
  1.542210000000e-10
  1.505300000000e-10
  1.469260000000e-10
  1.434100000000e-10
  1.399780000000e-10
  1.366270000000e-10
  1.333580000000e-10
  1.301650000000e-10
  1.270500000000e-10
  1.240090000000e-10
  1.210410000000e-10
  1.181440000000e-10
  1.153160000000e-10
  1.125560000000e-10
  1.098630000000e-10
  1.072320000000e-10
  1.046660000000e-10
  1.021610000000e-10
  9.971600000000e-11
  9.732900000000e-11
  9.500000000000e-11
  9.272600000000e-11
  9.050600000000e-11
  8.834100000000e-11
  8.622600000000e-11
  8.416200000000e-11
  8.214800000000e-11
  8.018100000000e-11
  7.826300000000e-11
  7.638900000000e-11
  7.456100000000e-11
  7.277600000000e-11
  7.103500000000e-11
  6.933400000000e-11
  6.767500000000e-11
  6.605500000000e-11
  6.447400000000e-11
  6.293100000000e-11
  6.142500000000e-11
  5.995500000000e-11
  5.851900000000e-11
  5.711900000000e-11
  5.575200000000e-11
  5.441700000000e-11
  5.311500000000e-11
  5.184400000000e-11
  5.060300000000e-11
  4.939200000000e-11
  4.820900000000e-11
  4.705600000000e-11
  4.592900000000e-11
  4.483000000000e-11
  4.375700000000e-11
  4.271000000000e-11
  4.168800000000e-11
  4.069000000000e-11
  3.971500000000e-11
  3.876600000000e-11
  3.783700000000e-11
  3.693200000000e-11
  3.604800000000e-11
  3.518500000000e-11
  3.434300000000e-11
  3.352100000000e-11
  3.271900000000e-11
  3.193600000000e-11
  3.117100000000e-11
  3.042500000000e-11
  2.969700000000e-11
  2.898600000000e-11
  2.829300000000e-11
  2.761500000000e-11
  2.695400000000e-11
  2.630900000000e-11
  2.568000000000e-11
  2.506500000000e-11
  2.446440000000e-11
  2.387940000000e-11
  2.330780000000e-11
  2.274990000000e-11
  2.220550000000e-11
  2.167400000000e-11
  2.115520000000e-11
  2.064880000000e-11
  2.015470000000e-11
  1.967230000000e-11
  1.920140000000e-11
  1.874180000000e-11
  1.829330000000e-11
  1.785540000000e-11
  1.742800000000e-11
  1.701100000000e-11
  1.660380000000e-11
  1.620630000000e-11
  1.581850000000e-11
  1.543990000000e-11
  1.507030000000e-11
  1.470970000000e-11
  1.435750000000e-11
  1.401390000000e-11
  1.367850000000e-11
  1.335120000000e-11
  1.303150000000e-11
  1.271970000000e-11
  1.241520000000e-11
  1.211810000000e-11
  1.182800000000e-11
  1.154490000000e-11
  1.126860000000e-11
  1.099890000000e-11
  1.073570000000e-11
  1.047870000000e-11
  1.022790000000e-11
  9.983100000000e-12
  9.744100000000e-12
  9.511000000000e-12
  9.283200000000e-12
  9.061100000000e-12
  8.844300000000e-12
  8.632500000000e-12
  8.425900000000e-12
  8.224300000000e-12
  8.027400000000e-12
  7.835300000000e-12
  7.647700000000e-12
  7.464800000000e-12
  7.286000000000e-12
  7.111600000000e-12
  6.941500000000e-12
  6.775300000000e-12
  6.613100000000e-12
  6.454900000000e-12
  6.300300000000e-12
  6.149600000000e-12
  6.002400000000e-12
  5.858700000000e-12
  5.718500000000e-12
  5.581600000000e-12
  5.448000000000e-12
  5.317600000000e-12
  5.190400000000e-12
  5.066100000000e-12
  4.944900000000e-12
  4.826500000000e-12
  4.711000000000e-12
  4.598200000000e-12
  4.488200000000e-12
  4.380800000000e-12
  4.275900000000e-12
  4.173600000000e-12
  4.073600000000e-12
  3.976200000000e-12
  3.881000000000e-12
  3.788100000000e-12
  3.697500000000e-12
  3.608900000000e-12
  3.522600000000e-12
  3.438300000000e-12
  3.355900000000e-12
  3.275700000000e-12
  3.197200000000e-12
  3.120800000000e-12
  3.046000000000e-12
  2.973100000000e-12
  2.902000000000e-12
  2.832500000000e-12
  2.764700000000e-12
  2.698500000000e-12
  2.634000000000e-12
  2.570900000000e-12
  2.509400000000e-12
  2.449290000000e-12
  2.390690000000e-12
  2.333470000000e-12
  2.277620000000e-12
  2.223110000000e-12
  2.169900000000e-12
  2.117960000000e-12
  2.067270000000e-12
  2.017790000000e-12
  1.969500000000e-12
  1.922360000000e-12
  1.876340000000e-12
  1.831440000000e-12
  1.787600000000e-12
  1.744820000000e-12
  1.703060000000e-12
  1.662290000000e-12
  1.622510000000e-12
  1.583680000000e-12
  1.545770000000e-12
  1.508770000000e-12
  1.472660000000e-12
  1.437410000000e-12
  1.403010000000e-12
  1.369430000000e-12
  1.336650000000e-12
  1.304660000000e-12
  1.273440000000e-12
  1.242950000000e-12
  1.213210000000e-12
  1.184170000000e-12
  1.155820000000e-12
  1.128160000000e-12
  1.101160000000e-12
  1.074810000000e-12
  1.049080000000e-12
  1.023970000000e-12
  9.994600000000e-13
  9.755400000000e-13
  9.521900000000e-13
  9.294000000000e-13
  9.071500000000e-13
  8.854500000000e-13
  8.642500000000e-13
  8.435600000000e-13
  8.233800000000e-13
  8.036700000000e-13
  7.844300000000e-13
  7.656600000000e-13
  7.473300000000e-13
  7.294400000000e-13
  7.119900000000e-13
  6.949500000000e-13
  6.783100000000e-13
  6.620700000000e-13
  6.462300000000e-13
  6.307700000000e-13
  6.156600000000e-13
  6.009300000000e-13
  5.865500000000e-13
  5.725100000000e-13
  5.588100000000e-13
  5.454300000000e-13
  5.323700000000e-13
  5.196400000000e-13
  5.072000000000e-13
  4.950500000000e-13
  4.832100000000e-13
  4.716400000000e-13
  4.603600000000e-13
  4.493400000000e-13
  4.385800000000e-13
  4.280800000000e-13
  4.178400000000e-13
  4.078400000000e-13
  3.980800000000e-13
  3.885400000000e-13
  3.792500000000e-13
  3.701700000000e-13
  3.613200000000e-13
  3.526600000000e-13
  3.442200000000e-13
  3.359900000000e-13
  3.279400000000e-13
  3.200900000000e-13
  3.124400000000e-13
  3.049500000000e-13
  2.976600000000e-13
  2.905300000000e-13
  2.835800000000e-13
  2.767900000000e-13
  2.701600000000e-13
  2.637000000000e-13
  2.573900000000e-13
  2.512300000000e-13
  1.024521000000e-11
