# upper_energy mg_flux
1.420000000000000000e+07 1.727081789121517885e-02
1.407665159999999963e+07 1.712080415541759881e-02
1.395437459999999963e+07 1.697206457026002521e-02
1.383315990000000037e+07 1.682465514236430870e-02
1.371299800000000000e+07 1.667850586345300326e-02
1.359387990000000037e+07 1.653361673352662931e-02
1.347579659999999963e+07 1.639000175424000158e-02
1.335873900000000000e+07 1.624763292228297365e-02
1.324269819999999925e+07 1.610649623599942973e-02
1.312766540000000037e+07 1.596659169539015391e-02
1.301363180000000075e+07 1.582789129714395893e-02
1.290058880000000075e+07 1.569040904291643321e-02
1.278852769999999925e+07 1.555410292774079932e-02
1.267744009999999963e+07 1.541900095492850647e-02
1.256731740000000037e+07 1.528506111951329245e-02
1.245815130000000075e+07 1.515228342149515899e-02
1.234993350000000000e+07 1.502066786087384066e-02
1.224265569999999925e+07 1.489018643433842083e-02
1.213630980000000075e+07 1.476085314354526508e-02
1.203088759999999963e+07 1.463262598352707555e-02
1.192638119999999925e+07 1.450551895593970610e-02
1.182278259999999963e+07 1.437951805912782155e-02
1.172008390000000037e+07 1.425460929143609196e-02
1.161827730000000075e+07 1.413079265286451558e-02
1.151735500000000000e+07 1.400804014010190515e-02
1.141730940000000037e+07 1.388635175314877936e-02
1.131813290000000037e+07 1.376574149366021835e-02
1.121981780000000075e+07 1.364615335501488148e-02
1.112235680000000075e+07 1.352761534052343735e-02
1.102574240000000037e+07 1.341011344853055599e-02
1.092996719999999925e+07 1.329363367738038010e-02
1.083502390000000037e+07 1.317814802376302517e-02
1.074090540000000037e+07 1.306368449098863592e-02
1.064760440000000037e+07 1.295020107409121553e-02
1.055511390000000037e+07 1.283769777307076053e-02
1.046342690000000037e+07 1.272620259123820319e-02
1.037253619999999925e+07 1.261564552031608881e-02
1.028243509999999963e+07 1.250605456361586834e-02
1.019311669999999925e+07 1.239742972113702484e-02
1.010457409999999963e+07 1.228974298956914818e-02
1.001680059999999963e+07 1.226458968984543707e-02
9.929789589999999851e+06 1.246184646287585608e-02
9.843534390000000596e+06 1.271110551499159830e-02
9.758028449999999255e+06 1.301146535972378879e-02
9.673265259999999776e+06 1.338399122547696829e-02
9.589238369999999180e+06 1.374778102446659774e-02
9.505941369999999180e+06 1.410038237189305439e-02
9.423367939999999478e+06 1.451641388879472069e-02
9.341511779999999329e+06 1.510029924025017151e-02
9.260366660000000149e+06 1.589728161898396747e-02
9.179926410000000149e+06 1.667668869063712242e-02
9.100184910000000149e+06 1.743491737065091390e-02
9.021136080000000075e+06 1.831729831060012470e-02
8.942773910000000149e+06 1.927069748932014326e-02
8.865092439999999478e+06 2.025320520790663617e-02
8.788085740000000224e+06 2.131494471427394094e-02
8.711747960000000894e+06 2.235552716617639907e-02
8.636073300000000745e+06 2.339982922035492227e-02
8.561055980000000447e+06 2.442212217106766795e-02
8.486690300000000745e+06 2.552840347458943532e-02
8.412970599999999627e+06 2.665498107774286196e-02
8.339891259999999776e+06 2.794584178873926045e-02
8.267446730000000447e+06 2.950619657150000200e-02
8.195631490000000224e+06 3.094261404483109046e-02
8.124440070000000298e+06 3.231358834605119884e-02
8.053867059999999590e+06 3.369757814124201001e-02
7.983907080000000075e+06 3.519957058772607561e-02
7.914554799999999814e+06 3.666810564435776798e-02
7.845804959999999963e+06 3.826645198566621525e-02
7.777652320000000298e+06 4.003024700087718518e-02
7.710091679999999702e+06 4.174304240233518704e-02
7.643117900000000373e+06 4.340530638185707835e-02
7.576725900000000373e+06 4.507017490024833178e-02
7.510910610000000335e+06 4.703593680787224174e-02
7.445667030000000261e+06 4.883292197721431777e-02
7.380990179999999702e+06 5.055061495533795524e-02
7.316875150000000373e+06 5.275506275322850575e-02
7.253317059999999590e+06 5.488508178197295390e-02
7.190311059999999590e+06 5.690993857351824697e-02
7.127852370000000112e+06 5.899089690227501959e-02
7.065936219999999739e+06 6.174979759663448003e-02
7.004557910000000149e+06 6.369939906290290887e-02
6.943712759999999776e+06 6.581198566940241190e-02
6.883396150000000373e+06 6.842461513311767773e-02
6.823603469999999739e+06 7.098564784203040268e-02
6.764330190000000410e+06 7.346987474792360251e-02
6.705571780000000261e+06 7.566465832007558678e-02
6.647323780000000261e+06 7.760443744304235114e-02
6.589581750000000000e+06 8.048657825333360716e-02
6.532341290000000037e+06 8.358294892264073184e-02
6.475598059999999590e+06 8.633148187410796814e-02
6.419347730000000447e+06 8.837436837027531911e-02
6.363586009999999776e+06 9.184701470019042413e-02
6.308308669999999925e+06 9.554931676802864982e-02
6.253511500000000000e+06 9.820858179485894568e-02
6.199190320000000298e+06 1.017512344778574856e-01
6.145341009999999776e+06 1.040870067032497875e-01
6.091959450000000186e+06 1.068248953984874960e-01
6.039041599999999627e+06 1.099957983026777220e-01
5.986583419999999925e+06 1.125667019582293760e-01
5.934580910000000149e+06 1.170355651626280302e-01
5.883030129999999888e+06 1.203524106780148317e-01
5.831927139999999665e+06 1.227490397068579236e-01
5.781268059999999590e+06 1.258915360304126430e-01
5.731049030000000261e+06 1.298327797901014102e-01
5.681266230000000447e+06 1.328327992188083062e-01
5.631915860000000335e+06 1.359997767985657857e-01
5.582994179999999702e+06 1.407533251792959794e-01
5.534497459999999963e+06 1.445214339524644453e-01
5.486422000000000000e+06 1.466809254032058196e-01
5.438764150000000373e+06 1.524880397471296556e-01
5.391520290000000037e+06 1.562375424779149091e-01
5.344686799999999814e+06 1.576125706129510862e-01
5.298260139999999665e+06 1.633998518315769588e-01
5.252236759999999776e+06 1.685752339273068889e-01
5.206613160000000149e+06 1.697923708450730096e-01
5.161385879999999888e+06 1.758620248337383618e-01
5.116551459999999963e+06 1.812231081520672415e-01
5.072106490000000224e+06 1.801158839540213108e-01
5.028047599999999627e+06 1.891370738436640719e-01
4.984371419999999925e+06 1.920133393858923510e-01
4.941074639999999665e+06 1.941992805689361778e-01
4.898153959999999963e+06 1.984012753797343431e-01
4.855606110000000335e+06 2.013170997300143261e-01
4.813427849999999627e+06 2.056075558685300508e-01
4.771615969999999739e+06 2.141345754083555375e-01
4.730167290000000037e+06 2.145041291123847838e-01
4.689078650000000373e+06 2.222841777529747653e-01
4.648346929999999702e+06 2.239169426471977475e-01
4.607969030000000261e+06 2.281245446805537924e-01
4.567941870000000112e+06 2.301552497453990265e-01
4.528262410000000149e+06 2.356121977841422466e-01
4.488927620000000112e+06 2.427299562765241059e-01
4.449934519999999553e+06 2.556983721341908877e-01
4.411280120000000112e+06 2.518443475523092778e-01
4.372961500000000000e+06 2.506667672871742414e-01
4.334975740000000224e+06 2.580116945363465364e-01
4.297319940000000410e+06 2.585931017484410233e-01
4.259991240000000224e+06 2.713595574234332619e-01
4.222986790000000037e+06 2.778854631610687687e-01
4.186303779999999795e+06 2.727588888857829796e-01
4.149939419999999925e+06 2.780486348432995580e-01
4.113890939999999944e+06 2.818874787156810946e-01
4.078155589999999851e+06 2.851444364191016434e-01
4.042730660000000149e+06 2.926941483811738576e-01
4.007613450000000186e+06 3.076021636293739259e-01
3.972801279999999795e+06 3.011715265921347529e-01
3.938291509999999776e+06 3.095588256117849379e-01
3.904081509999999776e+06 3.116274363546192583e-01
3.870168680000000168e+06 3.127451610921386793e-01
3.836550430000000168e+06 3.209634587154602259e-01
3.803224200000000186e+06 3.180954313145199497e-01
3.770187459999999963e+06 3.341483942937846785e-01
3.737437700000000186e+06 3.330020036067824485e-01
3.704972419999999925e+06 3.360485034804312487e-01
3.672789149999999907e+06 3.385880168130289691e-01
3.640885439999999944e+06 3.503156722990923289e-01
3.609258850000000093e+06 3.502622291440897206e-01
3.577907000000000000e+06 3.638556198912414885e-01
3.546827479999999981e+06 3.610838093811073457e-01
3.516017939999999944e+06 3.623313679259936859e-01
3.485476020000000019e+06 3.541315503757688221e-01
3.455199399999999907e+06 3.750401075020003416e-01
3.425185790000000037e+06 3.659597696858530314e-01
3.395432879999999888e+06 3.729911416484134046e-01
3.365938430000000168e+06 3.795148181216657091e-01
3.336700180000000168e+06 3.902370818648473461e-01
3.307715910000000149e+06 3.857622280368975254e-01
3.278983410000000149e+06 3.904918655501810609e-01
3.250500490000000224e+06 3.958491005478311786e-01
3.222264990000000224e+06 4.012039891672372072e-01
3.194274759999999776e+06 3.948309583331240380e-01
3.166527669999999925e+06 3.880948918418793414e-01
3.139021600000000093e+06 4.051726972511884850e-01
3.111754470000000205e+06 4.112372667876378896e-01
3.084724189999999944e+06 4.111596801034747561e-01
3.057928709999999963e+06 4.232480776342992801e-01
3.031365979999999981e+06 4.197878611088439738e-01
3.005034000000000000e+06 4.433574389785797654e-01
2.978930750000000000e+06 4.450229712401157500e-01
2.953054240000000224e+06 4.224271615221946718e-01
2.927402509999999776e+06 4.529089714747296935e-01
2.901973609999999870e+06 4.331827092143684110e-01
2.876765589999999851e+06 4.437918509635114805e-01
2.851776540000000037e+06 4.315127530192436334e-01
2.827004560000000056e+06 4.634042316173130338e-01
2.802447770000000019e+06 4.572167055211254771e-01
2.778104279999999795e+06 4.511917384857416780e-01
2.753972259999999776e+06 4.519905356816865671e-01
2.730049859999999870e+06 4.535900356484957596e-01
2.706335259999999776e+06 4.642521814475467079e-01
2.682826649999999907e+06 4.656024164262168030e-01
2.659522259999999776e+06 4.882111025286095529e-01
2.636420299999999814e+06 4.809676077868038635e-01
2.613519009999999776e+06 4.790229154163972991e-01
2.590816660000000149e+06 4.415987637149808576e-01
2.568311509999999776e+06 4.434866930819769126e-01
2.546001850000000093e+06 4.654471849137676309e-01
2.523885990000000224e+06 4.735896529235481545e-01
2.501962229999999981e+06 4.786277176619641582e-01
2.480228919999999925e+06 4.808421289910346785e-01
2.458684390000000130e+06 4.874368041669158713e-01
2.437327009999999776e+06 5.211237036188701710e-01
2.416155149999999907e+06 4.946018460997520516e-01
2.395167200000000186e+06 4.906563451138521992e-01
2.374361560000000056e+06 5.414539682078945981e-01
2.353736649999999907e+06 5.002321742459143739e-01
2.333290890000000130e+06 4.867947168352013132e-01
2.313022740000000224e+06 5.092449107381559203e-01
2.292930649999999907e+06 4.967970668956686597e-01
2.273013089999999851e+06 5.040990417431260306e-01
2.253268549999999814e+06 5.479626969562454430e-01
2.233695509999999776e+06 4.939651935201030963e-01
2.214292500000000000e+06 4.759074222925525066e-01
2.195058029999999795e+06 5.038494551118647413e-01
2.175990640000000130e+06 5.079166811361153222e-01
2.157088879999999888e+06 4.811327369931907016e-01
2.138351310000000056e+06 5.026470146158534824e-01
2.119776509999999776e+06 4.780488936692943169e-01
2.101363049999999814e+06 4.994883695132384394e-01
2.083109540000000037e+06 4.766517684436351598e-01
2.065014600000000093e+06 5.110329147947454409e-01
2.047076830000000075e+06 4.624627103817581242e-01
2.029294879999999888e+06 4.860317736455685433e-01
2.011667399999999907e+06 4.975068861155985123e-01
1.994193030000000028e+06 5.108682298374949138e-01
1.976870459999999963e+06 5.288237831181727966e-01
1.959698360000000102e+06 5.100327524172066918e-01
1.942675419999999925e+06 4.262246944281133376e-01
1.925800360000000102e+06 5.020646855946930831e-01
1.909071879999999888e+06 5.728012437148787273e-01
1.892488709999999963e+06 4.888886978899218416e-01
1.876049590000000084e+06 5.082079245982543680e-01
1.859753270000000019e+06 4.917433525930465232e-01
1.843598510000000009e+06 5.229296217973393723e-01
1.827584080000000075e+06 5.622135341381272466e-01
1.811708750000000000e+06 5.205999080079046770e-01
1.795971330000000075e+06 4.972841332101800571e-01
1.780370610000000102e+06 5.062497995659325234e-01
1.764905409999999916e+06 4.722210543168035568e-01
1.749574540000000037e+06 5.315837172321291604e-01
1.734376850000000093e+06 5.380959617202594192e-01
1.719311169999999925e+06 5.141532998901566787e-01
1.704376360000000102e+06 4.912028618544053149e-01
1.689571280000000028e+06 5.054795295806294719e-01
1.674894810000000056e+06 4.719547405859601530e-01
1.660345820000000065e+06 4.857152751986629213e-01
1.645923209999999963e+06 5.169605426920996782e-01
1.631625889999999898e+06 4.702543133650715634e-01
1.617452760000000009e+06 4.726748666718080250e-01
1.603402739999999991e+06 4.627434459760456087e-01
1.589474770000000019e+06 5.211474135737720337e-01
1.575667790000000037e+06 4.808998734827845123e-01
1.561980739999999991e+06 4.335423898964442246e-01
1.548412580000000075e+06 4.431838442930925437e-01
1.534962280000000028e+06 4.549304048772744857e-01
1.521628820000000065e+06 5.025124813429066029e-01
1.508411179999999935e+06 5.573688849706494031e-01
1.495308350000000093e+06 5.002830345028463910e-01
1.482319340000000084e+06 4.822043114395493935e-01
1.469443159999999916e+06 4.180192166049990221e-01
1.456678830000000075e+06 4.374257891063922377e-01
1.444025379999999888e+06 4.788255685243879567e-01
1.431481840000000084e+06 4.818359234107713607e-01
1.419047270000000019e+06 4.940288997414904459e-01
1.406720699999999953e+06 5.062579014017475343e-01
1.394501209999999963e+06 4.272085403230111433e-01
1.382387860000000102e+06 5.178689065418325965e-01
1.370379739999999991e+06 4.853251540414649789e-01
1.358475929999999935e+06 4.526117754763872569e-01
1.346675520000000019e+06 4.339255466963417018e-01
1.334977610000000102e+06 4.211439503016439767e-01
1.323381310000000056e+06 4.600713882819089107e-01
1.311885750000000000e+06 4.923579963916537294e-01
1.300490050000000047e+06 4.429664168492286058e-01
1.289193330000000075e+06 4.354295564544163888e-01
1.277994739999999991e+06 4.408991355422256508e-01
1.266893429999999935e+06 4.397321548159039972e-01
1.255888550000000047e+06 4.849796276157556929e-01
1.244979260000000009e+06 4.599634029102145916e-01
1.234164739999999991e+06 3.884980889151912753e-01
1.223444159999999916e+06 5.304059634079283381e-01
1.212816699999999953e+06 4.401247533647494881e-01
1.202281560000000056e+06 5.283548980020658092e-01
1.191837929999999935e+06 4.321822241466160563e-01
1.181485020000000019e+06 4.579191141249636110e-01
1.171222040000000037e+06 4.856937221156087947e-01
1.161048209999999963e+06 4.431150732799480352e-01
1.150962760000000009e+06 4.390999723259121912e-01
1.140964909999999916e+06 4.260721619241896185e-01
1.131053909999999916e+06 3.685243280410186451e-01
1.121229000000000000e+06 4.432533795739200255e-01
1.111489439999999944e+06 4.560017852690377294e-01
1.101834479999999981e+06 4.213324312835624585e-01
1.092263379999999888e+06 4.344268421666018232e-01
1.082775429999999935e+06 3.803162727333376236e-01
1.073369889999999898e+06 3.649744985810929321e-01
1.064046060000000056e+06 3.806365378974363445e-01
1.054803209999999963e+06 3.738095362503517372e-01
1.045640650000000023e+06 3.484268127695368533e-01
1.036557689999999944e+06 4.166976826150541324e-01
1.027553619999999995e+06 4.675814242152599443e-01
1.018627770000000019e+06 4.081745860786638591e-01
1.009779449999999953e+06 3.621917354346758100e-01
1.001007989999999991e+06 4.233289194961014079e-01
9.923127299999999814e+05 3.692393619032424690e-01
9.836929980000000214e+05 4.264581577797005307e-01
9.751481409999999451e+05 3.404104023340112084e-01
9.666775089999999618e+05 3.647105202437451732e-01
9.582804570000000531e+05 4.584355249262772047e-01
9.499563460000000196e+05 4.115414892635355093e-01
9.417045429999999469e+05 4.007525422125213788e-01
9.335244189999999944e+05 3.897205508540674823e-01
9.254153519999999553e+05 3.921175453366942398e-01
9.173767240000000456e+05 3.677837504187931317e-01
9.094079239999999991e+05 3.472823823182675795e-01
9.015083449999999721e+05 3.703166122090654211e-01
8.936773850000000093e+05 3.458418775585503369e-01
8.859144499999999534e+05 3.615335819806995143e-01
8.782189470000000438e+05 3.213142499714579658e-01
8.705902909999999683e+05 3.084975504898567755e-01
8.630279020000000019e+05 3.328295488688143844e-01
8.555312029999999795e+05 3.863313531237626552e-01
8.480996239999999525e+05 3.119191351725305594e-01
8.407325999999999767e+05 3.477583922439916320e-01
8.334295699999999488e+05 3.364271696357515884e-01
8.261899769999999553e+05 3.584880481187100454e-01
8.190132719999999972e+05 3.343832881197054130e-01
8.118989059999999590e+05 3.304377439053074461e-01
8.048463399999999674e+05 3.162329618802027231e-01
7.978550359999999637e+05 2.992195370741888572e-01
7.909244620000000577e+05 2.569534168714652234e-01
7.840540899999999674e+05 2.934924833894105856e-01
7.772433980000000447e+05 2.917084817560426924e-01
7.704918669999999693e+05 3.511539898271966442e-01
7.637989840000000549e+05 3.184116381224523784e-01
7.571642380000000121e+05 2.918568046714019593e-01
7.505871250000000000e+05 3.044569071629613655e-01
7.440671439999999711e+05 3.662894078655953845e-01
7.376037989999999991e+05 3.586440003115630160e-01
7.311965969999999506e+05 2.767235325273533775e-01
7.248450520000000251e+05 2.829346762347403343e-01
7.185486800000000512e+05 3.123101245487843736e-01
7.123070010000000475e+05 4.078549756968973261e-01
7.061195409999999683e+05 4.139509769617799595e-01
6.999858279999999795e+05 2.843672283684378077e-01
6.939053959999999497e+05 3.435966048720733856e-01
6.878777809999999590e+05 2.851060930533496074e-01
6.819025250000000233e+05 2.540012900723909173e-01
6.759791729999999516e+05 2.460614234616616269e-01
6.701072750000000233e+05 2.891992638254847758e-01
6.642863830000000307e+05 3.247815487949289870e-01
6.585160540000000037e+05 2.996753707133537059e-01
6.527958490000000456e+05 3.570091435456599904e-01
6.471253329999999842e+05 3.039287115771410752e-01
6.415040729999999749e+05 3.232534872123011271e-01
6.359316430000000400e+05 2.986238495157131911e-01
6.304076180000000168e+05 2.925388193132557602e-01
6.249315770000000484e+05 2.640634839113850663e-01
6.195031040000000503e+05 2.117027613057535229e-01
6.141217859999999637e+05 2.882985236874538448e-01
6.087872120000000577e+05 2.662375149497970828e-01
6.034989769999999553e+05 2.611118205962352223e-01
5.982566779999999562e+05 2.414733678068807232e-01
5.930599170000000158e+05 2.425843778597815137e-01
5.879082970000000205e+05 2.344189183689205924e-01
5.828014270000000251e+05 1.878683966427660279e-01
5.777389179999999469e+05 2.123189203026934202e-01
5.727203839999999618e+05 2.269437383843004585e-01
5.677454440000000177e+05 2.128004174144353666e-01
5.628137190000000410e+05 2.009365063417846153e-01
5.579248329999999842e+05 2.683003056459794533e-01
5.530784150000000373e+05 2.404172047572807891e-01
5.482740949999999721e+05 2.066412935165563292e-01
5.435115069999999832e+05 2.256882534677318586e-01
5.387902900000000373e+05 2.252597921641023571e-01
5.341100840000000317e+05 2.218203594139937229e-01
5.294705330000000540e+05 2.194568702952233719e-01
5.248712830000000540e+05 2.175909622296226253e-01
5.203119839999999967e+05 2.104566353420134206e-01
5.157922899999999790e+05 1.729968877333503408e-01
5.113118560000000289e+05 2.078267348780966361e-01
5.068703420000000042e+05 1.862319774988778764e-01
5.024674089999999851e+05 2.119671549045142322e-01
4.981027210000000196e+05 2.312773263368761989e-01
4.937759479999999749e+05 1.794630465429778998e-01
4.894867600000000093e+05 2.041981539568109294e-01
4.852348290000000270e+05 1.939536715055993621e-01
4.810198329999999842e+05 1.928994765193474403e-01
4.768414500000000116e+05 1.770958896883786660e-01
4.726993630000000121e+05 1.937390186526951608e-01
4.685932559999999939e+05 2.451426618105403132e-01
4.645228169999999809e+05 2.000963961606478658e-01
4.604877359999999753e+05 1.797315287629985270e-01
4.564877060000000056e+05 1.852350814854439864e-01
4.525224220000000205e+05 1.568448566231623320e-01
4.485915819999999949e+05 1.579457847995170694e-01
4.446948879999999772e+05 1.553863314246462513e-01
4.408320420000000158e+05 1.716478753025125203e-01
4.370027509999999893e+05 1.987118920430605562e-01
4.332067229999999981e+05 1.811569676238295734e-01
4.294436699999999837e+05 1.700341735188264647e-01
4.257133040000000037e+05 1.656223248248495650e-01
4.220153420000000042e+05 1.370099496063188205e-01
4.183495019999999786e+05 1.362406956561680316e-01
4.147155059999999939e+05 1.482449930711085551e-01
4.111130769999999902e+05 1.378926412088415931e-01
4.075419400000000023e+05 1.678872297248597545e-01
4.040018229999999749e+05 1.452406955437599012e-01
4.004924579999999842e+05 1.613695243626445952e-01
3.970135769999999902e+05 1.485744317500944933e-01
3.935649160000000265e+05 1.387753228035301101e-01
3.901462110000000102e+05 1.292090229065629425e-01
3.867572029999999795e+05 1.353273904897580870e-01
3.833976340000000200e+05 1.651673709320245764e-01
3.800672469999999739e+05 2.227218030460433318e-01
3.767657899999999790e+05 2.392529758341673252e-01
3.734930109999999986e+05 1.930015097397377866e-01
3.702486610000000219e+05 1.467754996787987709e-01
3.670324930000000168e+05 1.125311235952089067e-01
3.638442619999999879e+05 1.144440322371629432e-01
3.606837260000000242e+05 1.708964821857093808e-01
3.575506439999999711e+05 1.649947834762660048e-01
3.544447779999999912e+05 1.851113130270413965e-01
3.513658900000000140e+05 1.467140597715901607e-01
3.483137480000000214e+05 1.752544436302632958e-01
3.452881180000000168e+05 1.549123590235204906e-01
3.422887700000000186e+05 1.303484222878232845e-01
3.393154760000000242e+05 1.274596376517437846e-01
3.363680090000000200e+05 1.129971255225352411e-01
3.334461460000000079e+05 1.081499189654277493e-01
3.305496630000000005e+05 1.116712119958390564e-01
3.276783410000000149e+05 9.649874912617892320e-02
3.248319600000000210e+05 8.313917821855471013e-02
3.220103049999999930e+05 7.573616296907577372e-02
3.192131599999999744e+05 1.025194235186007580e-01
3.164403119999999763e+05 1.507271598152778447e-01
3.136915509999999776e+05 1.687205966813072056e-01
3.109666670000000158e+05 1.577532734227025946e-01
3.082654519999999902e+05 1.487568032490946268e-01
3.055877019999999902e+05 1.415277395143317851e-01
3.029332119999999995e+05 1.325059100913299759e-01
3.003017800000000279e+05 1.170554065806008598e-01
2.976932069999999949e+05 1.068515230173354424e-01
2.951072920000000158e+05 8.897836680963566725e-02
2.925438400000000256e+05 9.227396629895361080e-02
2.900026560000000172e+05 9.056760266442850926e-02
2.874835459999999730e+05 8.694285789278255461e-02
2.849863180000000284e+05 8.088589587489386501e-02
2.825107820000000065e+05 7.036188750779993895e-02
2.800567500000000000e+05 5.817336890730037680e-02
2.776240339999999851e+05 8.296757765063254852e-02
2.752124510000000009e+05 1.404249297868877255e-01
2.728218159999999916e+05 1.306514377699258822e-01
2.704519469999999856e+05 1.114191382041296030e-01
2.681026639999999898e+05 1.033437193862546954e-01
2.657737880000000005e+05 1.002635026450589967e-01
2.634651419999999925e+05 1.006095300513493718e-01
2.611765499999999884e+05 9.285395530698803412e-02
2.589078379999999888e+05 8.779748652428165379e-02
2.566588330000000133e+05 8.232372542767776857e-02
2.544293640000000014e+05 7.835091920094965079e-02
2.522192609999999986e+05 8.111999039220774144e-02
2.500283569999999891e+05 7.865610820850454932e-02
2.478564830000000075e+05 7.114874446506448680e-02
2.457034759999999951e+05 8.292928074185140774e-02
2.435691710000000021e+05 9.022467259537375606e-02
2.414534049999999988e+05 8.737688646160088335e-02
2.393560180000000109e+05 8.504018247507350026e-02
2.372768500000000058e+05 8.266689443174730922e-02
2.352157429999999877e+05 7.677903168238223164e-02
2.331725400000000081e+05 7.471264284469975037e-02
2.311470849999999919e+05 7.443646274097272253e-02
2.291392239999999874e+05 7.035101475126270820e-02
2.271488040000000037e+05 6.351672352956781731e-02
2.251756739999999991e+05 6.083777796703652985e-02
2.232196840000000084e+05 5.158868116064928289e-02
2.212806840000000084e+05 7.335649472769989465e-02
2.193585279999999912e+05 1.003321777753679728e-01
2.174530679999999993e+05 8.524021252301323959e-02
2.155641609999999928e+05 7.722001091194377609e-02
2.136916609999999928e+05 7.308870432037448128e-02
2.118354260000000068e+05 6.862293549212043764e-02
2.099953159999999916e+05 6.601655648340962190e-02
2.081711900000000023e+05 6.164475057459892215e-02
2.063629100000000035e+05 5.861597622003938968e-02
2.045703369999999995e+05 5.748168032401071437e-02
2.027933349999999919e+05 5.486000616617167647e-02
2.010317690000000002e+05 5.576927618276485144e-02
1.992855050000000047e+05 5.438821077806471616e-02
1.975544100000000035e+05 5.204216871654263749e-02
1.958383520000000135e+05 4.821686578161689385e-02
1.941372000000000116e+05 4.568272667412237587e-02
1.924508260000000009e+05 4.251159152555336607e-02
1.907791000000000058e+05 3.586751322326899027e-02
1.891218960000000079e+05 3.700006339379770248e-02
1.874790869999999995e+05 6.820305107614628437e-02
1.858505489999999991e+05 1.014395475321890339e-01
1.842361570000000065e+05 1.005420051965754263e-01
1.826357880000000005e+05 8.271277153177175601e-02
1.810493209999999963e+05 7.839984335715678709e-02
1.794766339999999909e+05 7.352620051751287966e-02
1.779176089999999967e+05 6.601358543765470377e-02
1.763721259999999893e+05 5.567563485901284165e-02
1.748400679999999993e+05 4.338512044438991300e-02
1.733213189999999886e+05 4.363222718367648634e-02
1.718157619999999879e+05 3.751355408345923015e-02
1.703232829999999958e+05 2.856128973917358357e-02
1.688437680000000109e+05 7.104989146512319387e-02
1.673771059999999998e+05 6.500626058260110252e-02
1.659231829999999900e+05 5.855497008521307750e-02
1.644818900000000140e+05 5.564021730342789962e-02
1.630531169999999984e+05 5.208390815060279927e-02
1.616367550000000047e+05 4.988664211498392009e-02
1.602326959999999963e+05 4.672545036871084134e-02
1.588408330000000133e+05 4.420374608634993624e-02
1.574610609999999870e+05 4.140133906142823284e-02
1.560932740000000049e+05 4.112118989118714041e-02
1.547373690000000061e+05 4.026375342978048832e-02
1.533932410000000091e+05 3.939553294072602185e-02
1.520607900000000081e+05 3.849707219005914227e-02
1.507399120000000112e+05 3.667960067456426526e-02
1.494305089999999909e+05 3.412878768140669566e-02
1.481324800000000105e+05 3.285729929327595167e-02
1.468457259999999951e+05 3.247391819001585467e-02
1.455701490000000049e+05 3.058649773754743700e-02
1.443056529999999912e+05 2.727108014576775513e-02
1.430521410000000033e+05 2.261489652028899483e-02
1.418095169999999925e+05 1.947873857678737372e-02
1.405776879999999946e+05 3.290967168894583239e-02
1.393565590000000084e+05 6.349936488642017596e-02
1.381460370000000112e+05 7.193332653762551931e-02
1.369460299999999988e+05 6.451504169298996616e-02
1.357564469999999856e+05 5.680379388101609861e-02
1.345771980000000040e+05 4.986295775818071208e-02
1.334081920000000100e+05 4.223501747970363068e-02
1.322493409999999858e+05 3.259089901745267082e-02
1.311005560000000114e+05 1.912083014591314106e-02
1.299617500000000000e+05 3.213307342019856849e-02
1.288328359999999957e+05 4.375292400885265331e-02
1.277137280000000028e+05 4.183304313728405249e-02
1.266043420000000042e+05 3.889531599325291716e-02
1.255045929999999935e+05 3.567716957439153597e-02
1.244143959999999934e+05 3.600798629072377716e-02
1.233336689999999944e+05 2.964302192250551152e-02
1.222623300000000017e+05 3.415146060914051734e-02
1.212002979999999952e+05 3.134188363077865941e-02
1.201474900000000052e+05 3.055451584163079368e-02
1.191038279999999941e+05 3.050906942157523283e-02
1.180692320000000036e+05 3.011702549386647415e-02
1.170436230000000069e+05 2.944816726712475019e-02
1.160269220000000059e+05 2.876678382628276159e-02
1.150190529999999999e+05 2.824623746162188004e-02
1.140199389999999985e+05 2.741257587313877461e-02
1.130295040000000008e+05 2.613013681138878774e-02
1.120476729999999952e+05 2.643803810677617175e-02
1.110743699999999953e+05 2.605709728834366967e-02
1.101095209999999934e+05 2.615860329979460483e-02
1.091530540000000037e+05 2.622917606546419644e-02
1.082048950000000041e+05 2.614232214920617081e-02
1.072649729999999981e+05 2.591479225689085827e-02
1.063332149999999965e+05 2.517446476946403819e-02
1.054095500000000029e+05 2.530520446534894122e-02
1.044939089999999997e+05 2.485340663457234756e-02
1.035862219999999943e+05 2.272236061561089260e-02
1.026864199999999983e+05 2.339368946143640868e-02
1.017944330000000045e+05 2.383199761629706259e-02
1.009101950000000070e+05 2.342209422731282575e-02
1.000336380000000063e+05 2.253719319703672425e-02
9.916469490000000224e+04 2.143725187641222843e-02
9.830330000000000291e+04 2.295586765245528904e-02
9.744938760000000184e+04 2.238716211915670051e-02
9.660289269999999669e+04 2.136103069167778062e-02
9.576375089999999909e+04 2.209944513513151243e-02
9.493189830000000075e+04 2.156384874595486736e-02
9.410727169999999751e+04 2.096076677926580339e-02
9.328980809999999474e+04 2.050228448910327433e-02
9.247944539999999688e+04 2.045263681476323231e-02
9.167612200000000303e+04 1.981728919444617973e-02
9.087977670000000217e+04 1.767846051638616300e-02
9.009034880000000703e+04 1.891432029499826722e-02
8.930777820000000065e+04 1.835827439405481737e-02
8.853200549999999930e+04 1.758468898011120857e-02
8.776297149999999965e+04 1.672710760670071545e-02
8.700061780000000726e+04 1.556757431308254495e-02
8.624488619999999355e+04 1.393444014850330967e-02
8.549571940000000177e+04 1.164534953445878901e-02
8.475306010000000242e+04 8.504999658397216153e-03
8.401685199999999895e+04 8.259092823009961393e-03
8.328703889999999956e+04 2.494268777822027106e-02
8.256356540000000678e+04 3.806907960888306075e-02
8.184637639999999374e+04 3.526569803268467945e-02
8.113541719999999623e+04 2.772170244287621571e-02
8.043063370000000577e+04 2.704758790301161828e-02
7.973197239999999874e+04 2.369416708145791889e-02
7.903938000000000466e+04 2.042381690375263958e-02
7.835280379999999423e+04 1.723575284491920059e-02
7.767219150000000081e+04 1.434246057203724528e-02
7.699749139999999898e+04 1.372065210366552740e-02
7.632865210000000661e+04 1.296299070894091007e-02
7.566562270000000717e+04 1.112406284375538033e-02
7.500835259999999835e+04 7.440815290428443377e-03
7.435679200000000128e+04 5.885081388685593599e-03
7.371089109999999346e+04 1.982980851286703788e-02
7.307060090000000491e+04 2.134474239080120031e-02
7.243587249999999767e+04 1.922709857093873875e-02
7.180665780000000086e+04 1.996870302482973980e-02
7.118290869999999995e+04 2.065626341821650419e-02
7.056457779999999912e+04 1.982658804887054566e-02
6.995161800000000221e+04 1.844158140401920554e-02
6.934398269999999320e+04 1.669323894233270059e-02
6.874162570000000414e+04 1.516739229485775282e-02
6.814450100000000384e+04 1.461233299277103770e-02
6.755256329999999434e+04 1.407520580207369774e-02
6.696576739999999700e+04 1.345472201021094896e-02
6.638406870000000345e+04 1.302540789676424199e-02
6.580742299999999523e+04 1.264932433794376671e-02
6.523578629999999976e+04 1.236906733547093150e-02
6.466911510000000271e+04 1.209894356990151576e-02
6.410736630000000150e+04 1.181345933536484191e-02
6.355049719999999797e+04 1.143468382999832632e-02
6.299846530000000348e+04 1.140807512599559259e-02
6.245122860000000219e+04 1.121983075076869209e-02
6.190874549999999726e+04 1.110879202508082211e-02
6.137097469999999885e+04 1.105535297526475356e-02
6.083787529999999970e+04 1.108295093106716894e-02
6.030940660000000207e+04 1.112463947645929950e-02
5.978552840000000288e+04 1.108365127592702767e-02
5.926620100000000093e+04 1.059849741223920991e-02
5.875138470000000234e+04 1.102514199884358642e-02
5.824104030000000057e+04 1.088339535638161056e-02
5.773512900000000081e+04 1.074206035634264755e-02
5.723361239999999816e+04 1.055060127206670223e-02
5.673645219999999972e+04 1.033753833966550607e-02
5.624361050000000250e+04 1.011396778895648149e-02
5.575504989999999816e+04 9.667477777554008000e-03
5.527073329999999987e+04 9.547320502328314126e-03
5.479062359999999899e+04 9.233437351328274353e-03
5.431468439999999828e+04 8.791585116435936612e-03
5.384287950000000274e+04 8.121482688355222829e-03
5.337517289999999775e+04 8.103746578930984962e-03
5.291152900000000227e+04 8.404412162205488618e-03
5.245191260000000329e+04 7.738313590037404488e-03
5.199628869999999733e+04 9.811030393661936480e-03
5.154462249999999767e+04 9.980987925648533710e-03
5.109687969999999768e+04 1.018347768667294227e-02
5.065302629999999772e+04 1.012124824100111078e-02
5.021302840000000288e+04 9.975393436966619939e-03
4.977685250000000087e+04 9.759131062378283844e-03
4.934446549999999843e+04 9.520674025946116587e-03
4.891583439999999973e+04 9.201248647956752902e-03
4.849092659999999887e+04 8.842504783873383900e-03
4.806970979999999690e+04 8.571255242653915904e-03
4.765215189999999711e+04 8.178554643509630337e-03
4.723822110000000248e+04 7.926122480169082302e-03
4.682788590000000113e+04 8.251252393395931001e-03
4.642111510000000271e+04 7.589717208073427576e-03
4.601787769999999728e+04 8.009355756890879086e-03
4.561814299999999639e+04 7.880270699041156540e-03
4.522188070000000153e+04 7.723695302784308082e-03
4.482906049999999959e+04 7.570004310897529912e-03
4.443965249999999651e+04 7.419145531486761973e-03
4.405362709999999788e+04 7.271069565812408875e-03
4.367095489999999700e+04 7.125725930025619305e-03
4.329160680000000139e+04 6.966444120876593912e-03
4.291555389999999898e+04 6.781145591277494555e-03
4.254276759999999922e+04 6.570716267980186535e-03
4.217321949999999924e+04 6.323245861337038927e-03
4.180688150000000314e+04 6.127222716285393722e-03
4.144372570000000269e+04 6.157367809763262048e-03
4.108372449999999662e+04 6.324114374459060585e-03
4.072685040000000299e+04 6.366319302976047520e-03
4.037307630000000063e+04 6.324252565323444999e-03
4.002237520000000222e+04 6.262464538730413283e-03
3.967472060000000056e+04 6.142760218945468240e-03
3.933008580000000075e+04 6.051420716741512558e-03
3.898844470000000001e+04 5.958516508353037255e-03
3.864977120000000286e+04 5.797547025843155857e-03
3.831403970000000118e+04 5.761022017760562310e-03
3.798122449999999662e+04 5.667940951281993933e-03
3.765130030000000261e+04 5.576412669162482579e-03
3.732424199999999837e+04 5.477785763239117513e-03
3.700002459999999701e+04 5.325404814283635907e-03
3.667862359999999899e+04 5.308727782150486803e-03
3.636001449999999750e+04 5.218721545764378085e-03
3.604417289999999775e+04 5.130254077049572342e-03
3.573107489999999962e+04 5.043300694233939993e-03
3.542069670000000042e+04 4.956103111261390623e-03
3.511301449999999750e+04 4.862999352730072375e-03
3.480800499999999738e+04 4.761341287875624911e-03
3.450564499999999680e+04 4.596121628981640096e-03
3.420591150000000198e+04 4.563005112610226885e-03
3.390878149999999732e+04 4.455311507953176910e-03
3.361423260000000300e+04 4.349730331376745925e-03
3.332224240000000282e+04 4.246227176304883874e-03
3.303278839999999764e+04 4.144755070397088299e-03
3.274584890000000087e+04 4.045285306223162305e-03
3.246140179999999964e+04 3.936396612230541429e-03
3.217942559999999867e+04 3.800117675902285955e-03
3.189989870000000155e+04 3.665240407698530482e-03
3.162279999999999927e+04 9.533699206290185968e-03
3.085853619999999864e+04 8.235510805145193278e-03
3.011274320000000080e+04 6.743483851882502676e-03
2.938497460000000137e+04 4.965990795178646007e-03
2.867479490000000078e+04 3.262380404350743481e-03
2.798177880000000005e+04 3.663919815436828160e-03
2.730551160000000164e+04 1.098185103368995615e-02
2.664558859999999913e+04 2.441667471855810817e-02
2.600161469999999827e+04 2.989732749686573390e-02
2.537320439999999871e+04 2.316824674246797944e-02
2.475998159999999916e+04 1.435765634227761933e-02
2.416157920000000013e+04 9.616535684431447989e-03
2.357763910000000033e+04 7.980918126824866621e-03
2.300781179999999949e+04 7.290744948959095376e-03
2.245175609999999870e+04 7.028646888323769083e-03
2.190913920000000144e+04 6.753829444595197719e-03
2.137963639999999941e+04 6.515630023190233273e-03
2.086293059999999969e+04 6.331371467983728726e-03
2.035871270000000004e+04 6.125737653751888584e-03
1.986668079999999827e+04 5.942654689152258168e-03
1.938654030000000057e+04 5.752489538054121609e-03
1.891800400000000081e+04 5.569028646594940089e-03
1.846079130000000077e+04 5.354827476153951708e-03
1.801462849999999889e+04 5.198682239938371731e-03
1.757924870000000010e+04 5.044516852450494498e-03
1.715439119999999821e+04 4.877242322660367557e-03
1.673980169999999998e+04 4.715565667831789556e-03
1.633523209999999926e+04 4.556572610952850863e-03
1.594044009999999980e+04 4.402827558273350941e-03
1.555518959999999970e+04 4.253913198942386661e-03
1.517924979999999960e+04 4.099997512885967393e-03
1.481239580000000024e+04 3.940738210668147910e-03
1.445440790000000015e+04 3.780179270188600924e-03
1.410507200000000012e+04 3.620113677570984886e-03
1.376417879999999968e+04 3.575366325241009433e-03
1.343152440000000024e+04 3.450758430503294422e-03
1.310690960000000086e+04 3.314715888806898068e-03
1.279014019999999982e+04 3.186587973412553093e-03
1.248102649999999994e+04 3.079674096673968870e-03
1.217938349999999991e+04 2.966864156955570549e-03
1.188503060000000005e+04 2.856691325334136979e-03
1.159779169999999976e+04 2.743116156964073987e-03
1.131749480000000040e+04 2.552454831625104725e-03
1.104397210000000086e+04 2.556168883274581669e-03
1.077705999999999949e+04 2.458529408127597786e-03
1.051659870000000046e+04 2.362288414913087976e-03
1.026243219999999928e+04 2.249967482259708149e-03
1.001440840000000026e+04 2.139558485230937199e-03
9.772378960000000006e+03 2.031828585098667279e-03
9.536198879999999917e+03 1.886351712524566128e-03
9.305726819999999861e+03 1.807076059645889915e-03
9.080824839999999313e+03 1.688167196918895652e-03
8.861358319999999367e+03 1.551204124870236368e-03
8.647195900000000620e+03 1.406099476641834356e-03
8.438209380000000237e+03 1.264694484105539527e-03
8.234273670000000493e+03 1.144496782374253329e-03
8.035266709999999875e+03 1.083027263712772834e-03
7.841069370000000163e+03 1.126002423402302881e-03
7.651565419999999904e+03 1.297158381868084975e-03
7.466641419999999925e+03 1.545807117046767414e-03
7.286186690000000453e+03 1.782634715411656086e-03
7.110093209999999999e+03 1.934341400797505222e-03
6.938255580000000009e+03 1.953548361526337776e-03
6.770570950000000266e+03 1.845439389160936049e-03
6.606938940000000002e+03 1.635573409255332072e-03
6.447261599999999817e+03 1.347441144237114443e-03
6.291443369999999959e+03 1.183791573499736209e-03
6.139390980000000127e+03 1.324732150385220459e-03
5.991013399999999820e+03 1.452119589078676443e-03
5.846221840000000157e+03 1.428379829217517371e-03
5.704929610000000139e+03 1.325813363837194435e-03
5.567052150000000438e+03 1.212964563921202672e-03
5.432506940000000213e+03 1.113453986935409191e-03
5.301213420000000042e+03 1.025397813260499899e-03
5.173093029999999999e+03 9.540249646055134515e-04
5.048069069999999556e+03 8.926540777465747983e-04
4.926066700000000310e+03 8.411447708016935726e-04
4.807012899999999718e+03 7.978761904833384013e-04
4.690836400000000140e+03 7.593103406138904110e-04
4.577467679999999746e+03 7.247918415019077810e-04
4.466838859999999841e+03 6.918842649531104817e-04
4.358883740000000216e+03 6.588149427032744627e-04
4.253537690000000111e+03 6.236393750821656815e-04
4.150737650000000031e+03 5.755889291577558683e-04
4.050422099999999773e+03 5.142827860485910379e-04
3.952530990000000202e+03 5.276676730026418983e-04
3.857005720000000110e+03 5.920541234691368854e-04
3.763789119999999912e+03 5.941787606451865962e-04
3.672825389999999970e+03 5.615693930397249421e-04
3.584060089999999946e+03 5.294512066976042467e-04
3.497440070000000105e+03 5.013742750241089157e-04
3.412913500000000113e+03 4.779095960207360152e-04
3.330429770000000190e+03 4.557285263865883682e-04
3.249939530000000104e+03 4.359689777887125299e-04
3.171394580000000133e+03 4.183086200552168545e-04
3.094747919999999795e+03 4.020571793409490904e-04
3.019953660000000127e+03 3.869356166657046464e-04
2.946967039999999997e+03 3.727041137844983856e-04
2.875744369999999890e+03 3.590617685890749086e-04
2.806243019999999888e+03 3.459704994269870940e-04
2.738421380000000227e+03 3.334062950714002690e-04
2.672238870000000134e+03 3.213695065991991197e-04
2.607655859999999848e+03 3.098886040674497864e-04
2.544633710000000065e+03 2.988652043365802005e-04
2.483134680000000117e+03 2.882157399688436094e-04
2.423121970000000147e+03 2.779587025567811136e-04
2.364559650000000147e+03 2.674284178440450646e-04
2.307412670000000162e+03 2.585209355393156515e-04
2.251646830000000136e+03 2.493404229347235060e-04
2.197228750000000218e+03 2.405285436678569885e-04
2.144125849999999900e+03 2.320170211615453330e-04
2.092306349999999838e+03 2.238056260374978997e-04
2.041739219999999932e+03 2.158799633044886784e-04
1.992394209999999930e+03 2.082236740353309154e-04
1.944241780000000063e+03 2.008455871167723057e-04
1.897253099999999904e+03 1.937262824905066759e-04
1.851400039999999990e+03 1.868630850249900085e-04
1.806655179999999973e+03 1.802385209290581275e-04
1.762991710000000012e+03 1.738477569501039742e-04
1.720383499999999913e+03 1.676823785573279524e-04
1.678805049999999937e+03 1.617280091989911585e-04
1.638231479999999920e+03 1.550513180123837503e-04
1.598638500000000022e+03 1.502825053948815797e-04
1.560002400000000080e+03 1.449115430939312995e-04
1.522300070000000005e+03 1.398618889190498540e-04
1.485508929999999964e+03 1.349301691230767736e-04
1.449606960000000072e+03 1.301654170030556599e-04
1.414572679999999991e+03 1.255695598157581386e-04
1.380385109999999941e+03 1.211248142764355867e-04
1.347023779999999988e+03 1.168356669709133696e-04
1.314468740000000025e+03 1.126940245602198133e-04
1.282700499999999920e+03 1.086946743787774709e-04
1.251700029999999970e+03 1.048289320805006791e-04
1.221448789999999917e+03 1.010760452377548459e-04
1.191928660000000036e+03 9.725734420554552973e-05
1.163121979999999894e+03 7.742420891050904577e-05
1.135011500000000069e+03 8.721419933346869901e-05
1.107580400000000054e+03 8.349794604890076188e-05
1.080812249999999949e+03 8.131580150567926685e-05
1.054691049999999905e+03 7.946577321676146410e-05
1.029201139999999896e+03 7.698796194456774297e-05
1.004327279999999973e+03 7.470893810156880102e-05
9.800545710000000099e+02 7.228818551508415298e-05
9.563684879999999566e+02 6.991364577734004266e-05
9.332548540000000230e+02 6.756934400456120877e-05
9.106998330000000124e+02 6.526632638494345379e-05
8.886899250000000166e+02 6.302081252397829212e-05
8.672119549999999890e+02 6.083343702395905932e-05
8.462530669999999873e+02 5.871011627095279142e-05
8.258007159999999658e+02 5.665175241092848725e-05
8.058426610000000210e+02 5.465862953207326454e-05
7.863669539999999643e+02 5.273121786122127842e-05
7.673619380000000092e+02 5.086795353891992826e-05
7.488162379999999985e+02 4.906788224066964209e-05
7.307187529999999924e+02 4.732979075331140935e-05
7.130586499999999432e+02 4.565138878686915435e-05
6.958253590000000486e+02 4.403185386469377982e-05
6.790085639999999785e+02 4.246839323666923424e-05
6.625981990000000224e+02 4.096023802906081804e-05
6.465844429999999647e+02 3.950465178954683438e-05
6.309577080000000251e+02 3.810078488833033920e-05
6.157086430000000519e+02 3.674595242528179082e-05
6.008281190000000151e+02 3.543944850324057277e-05
5.863072290000000066e+02 3.417862840281854080e-05
5.721372820000000274e+02 3.296288778127592309e-05
5.583097960000000057e+02 3.178972614343208969e-05
5.448164950000000317e+02 3.065840883874404509e-05
5.316493010000000368e+02 2.956706768882655243e-05
5.188003340000000208e+02 2.851426180160380122e-05
5.062619020000000205e+02 2.749909472524361185e-05
4.940265009999999961e+02 2.651938708721254513e-05
4.820868060000000241e+02 2.557472084425777830e-05
4.704356710000000135e+02 2.466392176531328228e-05
4.590661230000000046e+02 2.378508113163196088e-05
4.479713550000000168e+02 2.293739906915977147e-05
4.371447269999999889e+02 2.211969891383365060e-05
4.265797580000000266e+02 2.133110164380013350e-05
4.162701250000000073e+02 2.057045985455717158e-05
4.062096559999999954e+02 1.983683561840230740e-05
3.963923300000000154e+02 1.912928215159055996e-05
3.868122700000000123e+02 1.844681910177378649e-05
3.774637420000000247e+02 1.778862643523265591e-05
3.683411510000000249e+02 1.715378226672799076e-05
3.594390359999999873e+02 1.654150734901571100e-05
3.507520680000000084e+02 1.595099428962717556e-05
3.422750469999999723e+02 1.538142254336229966e-05
3.340029010000000085e+02 1.483216885985702525e-05
3.259306770000000029e+02 1.430235759237966046e-05
3.180535429999999906e+02 1.379148052842025592e-05
3.103667849999999930e+02 1.329868633258902524e-05
3.028658009999999763e+02 1.282345835124433293e-05
2.955461030000000164e+02 1.236516668693802998e-05
2.884033069999999839e+02 1.192309592589760565e-05
2.814331399999999803e+02 1.149684359047224175e-05
2.746314280000000281e+02 1.108571360330861721e-05
2.679941010000000006e+02 1.068919851329261694e-05
2.615171859999999810e+02 1.030687593463544041e-05
2.551968060000000094e+02 9.938106203703812733e-06
2.490291770000000042e+02 9.582467382611565196e-06
2.430106089999999881e+02 9.239561406059001341e-06
2.371374979999999937e+02 8.908828209541770203e-06
2.314063289999999995e+02 8.589860681585541707e-06
2.258136709999999994e+02 8.282309259781821693e-06
2.203561779999999999e+02 7.985731810733572489e-06
2.150305820000000097e+02 7.699663576619249862e-06
2.098336960000000033e+02 7.423832892380670437e-06
2.047624089999999910e+02 7.157878362669287924e-06
1.998136849999999924e+02 6.901386724715861658e-06
1.949845630000000085e+02 6.654033909506283688e-06
1.902721510000000080e+02 6.415531517072215176e-06
1.856736300000000028e+02 6.185518115276646116e-06
1.811862460000000112e+02 5.963730351958389672e-06
1.768073139999999910e+02 5.749873141836057599e-06
1.725342129999999941e+02 5.543630479115054901e-06
1.683643840000000012e+02 5.344768621834329619e-06
1.642953329999999994e+02 5.153023903646882065e-06
1.603246220000000051e+02 4.968105854175183544e-06
1.564498769999999865e+02 4.789813399184960949e-06
1.526687760000000083e+02 4.617906444055254025e-06
1.489790580000000091e+02 4.452127083680320131e-06
1.453785129999999981e+02 4.292276811426365281e-06
1.418649870000000135e+02 4.138158031843160680e-06
1.384363759999999957e+02 3.989551967461011898e-06
1.350906290000000070e+02 3.846246527715844930e-06
1.318257409999999936e+02 3.708077614396245846e-06
1.286397599999999954e+02 3.574865505468701428e-06
1.255307779999999980e+02 3.446420248905635682e-06
1.224969349999999935e+02 3.322567949110468611e-06
1.195364129999999960e+02 3.203151939017579671e-06
1.166474419999999981e+02 3.088010280510815010e-06
1.138282920000000047e+02 2.976997077301317916e-06
1.110772759999999977e+02 2.869958423549730420e-06
1.083927460000000025e+02 2.766759584323321218e-06
1.057730959999999953e+02 2.667255194909052865e-06
1.032167589999999961e+02 2.571320766608143396e-06
1.007222029999999933e+02 2.478825933888635645e-06
9.828793640000000664e+01 2.389644297881310279e-06
9.591250110000000006e+01 2.303665418618788256e-06
9.359447570000000383e+01 2.220767675438331645e-06
9.133247260000000267e+01 2.140843286133891352e-06
8.912513789999999858e+01 2.063790500085362174e-06
8.697115039999999908e+01 1.989499127952997699e-06
8.486922069999999962e+01 1.917875078791339583e-06
8.281809060000000500e+01 1.848821485473037932e-06
8.081653260000000216e+01 1.782246307957214158e-06
7.886334840000000668e+01 1.718063699056019204e-06
7.695736909999999398e+01 1.656184225154312222e-06
7.509745370000000264e+01 1.596525927195593048e-06
7.328248899999999821e+01 1.539008733262761291e-06
7.151138860000000363e+01 1.483560636646783991e-06
6.978309230000000696e+01 1.430106806887987619e-06
6.809656579999999337e+01 1.378569731973648722e-06
6.645079939999999397e+01 1.328885260143403096e-06
6.484480809999999451e+01 1.280988750226017563e-06
6.327763060000000195e+01 1.234815225932769283e-06
6.174832880000000301e+01 1.190299279198304696e-06
6.025598750000000337e+01 1.147385438024648157e-06
5.879971319999999935e+01 1.106012718696618797e-06
5.737863430000000164e+01 1.066129297863554030e-06
5.599190020000000345e+01 1.027679281265043849e-06
5.463868089999999711e+01 9.906129837170270175e-07
5.331816640000000262e+01 9.548805085824295701e-07
5.202956619999999788e+01 9.204327237499718869e-07
5.077210910000000155e+01 8.872257315283310935e-07
4.954504239999999982e+01 8.552120483402967147e-07
4.834763159999999971e+01 8.243513185285873206e-07
4.717915990000000193e+01 7.946026983272423130e-07
4.603892799999999852e+01 7.659232436747690810e-07
4.492625340000000023e+01 7.382762359982177057e-07
4.384047009999999744e+01 7.116259632040456252e-07
4.278092809999999702e+01 6.859353354952063033e-07
4.174699319999999858e+01 6.611684477851032071e-07
4.073804659999999700e+01 6.372945942366457586e-07
3.975348439999999783e+01 6.142818201064806209e-07
3.879271719999999846e+01 5.920979451771601948e-07
3.785516989999999993e+01 5.707121639226937064e-07
3.694028140000000349e+01 5.500981714421026712e-07
3.604750400000000354e+01 5.302263334784377090e-07
3.517630340000000189e+01 5.110708329462119658e-07
3.432615799999999950e+01 4.926053934305157508e-07
3.349655909999999892e+01 4.748061133849260063e-07
3.268701010000000196e+01 4.576478997874518296e-07
3.189702630000000028e+01 4.411086660733994173e-07
3.112613490000000027e+01 4.251654395663383650e-07
3.037387460000000061e+01 4.097971826623101742e-07
2.963979499999999945e+01 3.949835603356579849e-07
2.892345669999999913e+01 3.807034318365752861e-07
2.822443090000000154e+01 3.669389029169269458e-07
2.754229929999999982e+01 3.536707478728733546e-07
2.687665360000000092e+01 3.408808523032928914e-07
2.622709520000000083e+01 3.285532980263179089e-07
2.559323549999999869e+01 3.166696086355210880e-07
2.497469489999999936e+01 3.052150788389623797e-07
2.437110339999999908e+01 2.941744752474464085e-07
2.378209950000000106e+01 2.835319570120329006e-07
2.320733069999999998e+01 2.732730713648501056e-07
2.264645300000000105e+01 2.633848378506171572e-07
2.209913069999999991e+01 2.538542151887941184e-07
2.156503610000000037e+01 2.446666293714339866e-07
2.104384960000000149e+01 2.358110509761789117e-07
2.053525919999999871e+01 2.272757004649316732e-07
2.003896040000000056e+01 2.190485243853156967e-07
1.955465630000000132e+01 2.111181789984737648e-07
1.908205690000000132e+01 2.034744907266630441e-07
1.862087939999999975e+01 1.961067141446581845e-07
1.817084759999999832e+01 1.890050936219954413e-07
1.773169229999999885e+01 1.821603512911392139e-07
1.730315050000000099e+01 1.755623361580336322e-07
1.688496579999999980e+01 1.692030595343577083e-07
1.647688780000000008e+01 1.630737811817272607e-07
1.607867230000000092e+01 1.571654847078917452e-07
1.569008089999999989e+01 1.514709423805949534e-07
1.531088109999999958e+01 1.459825676739595078e-07
1.494084579999999995e+01 1.406921711507382861e-07
1.457975350000000070e+01 1.355928252168641935e-07
1.422738820000000004e+01 1.306782379099615793e-07
1.388353889999999957e+01 1.259414754637572935e-07
1.354799979999999948e+01 1.213753698928229678e-07
1.322057000000000038e+01 1.169745596546040704e-07
1.290105359999999912e+01 1.127332881723548533e-07
1.258925930000000015e+01 1.086455271145427537e-07
1.228500050000000066e+01 1.047051889264348387e-07
1.198809510000000067e+01 1.009078074504907084e-07
1.169836530000000074e+01 9.724748062587436992e-08
1.141563769999999955e+01 9.371963741581685303e-08
1.113974310000000045e+01 9.031926984007049461e-08
1.087051639999999963e+01 8.704197799538091005e-08
1.060779639999999979e+01 8.388357817215140276e-08
1.035142590000000062e+01 8.083925040829275749e-08
1.010125129999999949e+01 7.790518026018183945e-08
9.857122979999999757e+00 7.507699456133354762e-08
9.618894790000000583e+00 7.235164932132870717e-08
9.386424129999999977e+00 6.972479555835136850e-08
9.159571850000000737e+00 6.719285599761787069e-08
8.938202159999999452e+00 6.475291010602699379e-08
8.722182569999999302e+00 6.240110094540982487e-08
8.511383759999999299e+00 6.013440312680308918e-08
8.305679570000000567e+00 5.794973115848559817e-08
8.104946860000000086e+00 5.584373380834687259e-08
7.909065479999999759e+00 5.381494006491411348e-08
7.717918189999999790e+00 5.185931976137641667e-08
7.531390570000000118e+00 4.997515084297147456e-08
7.349370969999999836e+00 4.815855517393532562e-08
7.171750450000000221e+00 4.640794750114562118e-08
6.998422680000000007e+00 4.472088783642759276e-08
6.829283919999999952e+00 4.309469050633539488e-08
6.664232929999999833e+00 4.152749221980574784e-08
6.503170909999999694e+00 4.001723707594709134e-08
6.346001450000000155e+00 3.856184709188806542e-08
6.192630489999999988e+00 3.715906739811815126e-08
6.042966220000000277e+00 3.580712650171502987e-08
5.896919050000000162e+00 3.450428467161035295e-08
5.754401559999999805e+00 3.324825641394855808e-08
5.615328459999999744e+00 3.203849939945950278e-08
5.479616499999999668e+00 3.087230913420084555e-08
5.347184430000000432e+00 2.974785194877383151e-08
5.217953009999999558e+00 2.866527254099474833e-08
5.091844860000000139e+00 2.762160325423170467e-08
4.968784509999999877e+00 2.661558634197407950e-08
4.848698299999999684e+00 2.564608423902493591e-08
4.731514350000000313e+00 2.471184395492385108e-08
4.617162519999999937e+00 2.381125637871214921e-08
4.505574349999999839e+00 2.294350468143404310e-08
4.396683059999999976e+00 2.210744545925758166e-08
4.290423470000000350e+00 2.130097399700718604e-08
4.186731980000000242e+00 2.052467932620093151e-08
4.085546510000000353e+00 1.977645950473568554e-08
3.986806510000000081e+00 1.905554009639503705e-08
3.890452869999999841e+00 1.836065728341719896e-08
3.796427909999999795e+00 1.769083743856465620e-08
3.704675359999999973e+00 1.704544273044242229e-08
3.615140300000000195e+00 1.642354426600975303e-08
3.527769140000000192e+00 1.582428594927013647e-08
3.442509569999999908e+00 1.524672142268886739e-08
3.359310559999999946e+00 1.469024389634523267e-08
3.278122320000000034e+00 1.415388648283166863e-08
3.198896250000000219e+00 1.363710301535727944e-08
3.121584920000000096e+00 1.313901441257889655e-08
3.046142060000000207e+00 1.265907085408930267e-08
2.972522520000000057e+00 1.219659319183496402e-08
2.900682220000000200e+00 1.175088848629206678e-08
2.830578169999999893e+00 1.132151546363373210e-08
2.762168400000000190e+00 1.090763887833413451e-08
2.695411959999999940e+00 1.050891597077654742e-08
2.630268909999999849e+00 1.012431655418537775e-08
2.566700239999999855e+00 9.751208798051888231e-09
2.504667899999999836e+00 9.392331241788787704e-09
2.444134769999999790e+00 9.048010105832922918e-09
2.385064620000000080e+00 8.717616511461388979e-09
2.327422069999999898e+00 8.400539485798603288e-09
2.271172640000000076e+00 8.095371969005933033e-09
2.216282660000000071e+00 7.799277639154501689e-09
2.162719259999999810e+00 7.513685687271322615e-09
2.110450390000000009e+00 7.238477413857305169e-09
2.059444759999999874e+00 6.973362235441200486e-09
2.009671840000000209e+00 6.717891018241267447e-09
1.961101830000000046e+00 6.471695256212958163e-09
1.913705680000000076e+00 6.234501800271557691e-09
1.867455000000000087e+00 6.005904464670776376e-09
1.822322109999999995e+00 5.785242673463901816e-09
1.778280000000000083e+00 5.519352730481458752e-09
1.735717739999999898e+00 5.319210387289276770e-09
1.694174180000000085e+00 5.125905919420204454e-09
1.653624949999999982e+00 4.939344801563994541e-09
1.614046249999999905e+00 4.759535428316740804e-09
1.575414840000000094e+00 4.586868092375567049e-09
1.537708059999999932e+00 4.419991476061333327e-09
1.500903770000000081e+00 4.259365208689653999e-09
1.464980369999999921e+00 4.104381146364214266e-09
1.429916780000000109e+00 3.955109814264400386e-09
1.395692420000000045e+00 3.811160315519625510e-09
1.362287210000000082e+00 3.672300464023328959e-09
1.329681530000000000e+00 3.538568123825877437e-09
1.297856249999999934e+00 3.409733826524911958e-09
1.266792700000000105e+00 3.285530212809188731e-09
1.236472629999999961e+00 3.165824647339718046e-09
1.206878270000000031e+00 3.050439291276356234e-09
1.177992219999999923e+00 2.939213517364186695e-09
1.149797560000000107e+00 2.832019871955336214e-09
1.122277710000000095e+00 2.728708097498865970e-09
1.095416549999999933e+00 2.629110139985717936e-09
1.069198290000000107e+00 2.532970800769144006e-09
1.043607549999999939e+00 2.440471225627598400e-09
1.018629309999999899e+00 2.351551796224003601e-09
9.942489180000000371e-01 2.265665096642215176e-09
9.704520570000000346e-01 2.182876488755560216e-09
9.472247609999999707e-01 2.103083061440239034e-09
9.245533999999999697e-01 2.026178584825124021e-09
9.024246670000000137e-01 1.951951345110571880e-09
8.808255739999999445e-01 1.880677132839085692e-09
8.597434440000000233e-01 1.811807073123637633e-09
8.391659049999999898e-01 1.745500812937755427e-09
8.190808800000000112e-01 1.681715644875495873e-09
7.994765799999999922e-01 1.620079600477630143e-09
7.803414990000000495e-01 1.560672613743056165e-09
7.616644070000000433e-01 1.502997842000747009e-09
7.434343420000000258e-01 1.447622643576087475e-09
7.256406039999999669e-01 1.394490347340822075e-09
7.082727509999999782e-01 1.343504027086888802e-09
6.913205890000000409e-01 1.294570890997531265e-09
6.747741689999999792e-01 1.247169950187756485e-09
6.586237799999999920e-01 1.200990630413698378e-09
6.428599409999999903e-01 1.156679086327652530e-09
6.274734029999999851e-01 1.114164458000532842e-09
6.124551339999999566e-01 1.073368777918855279e-09
5.977963200000000477e-01 1.034217728380737074e-09
5.834883579999999847e-01 9.964377439230221220e-10
5.695228490000000532e-01 9.595030708731673795e-10
5.558915979999999868e-01 9.240166306162730907e-10
5.425866049999999996e-01 8.899718253754993022e-10
5.296000600000000391e-01 8.573060651801508970e-10
5.169243409999999539e-01 8.259595545761335176e-10
5.045520100000000507e-01 7.956167512644598070e-10
4.924758040000000170e-01 7.657261846197635449e-10
4.806886369999999742e-01 7.370113991026662547e-10
4.691835899999999837e-01 7.094752143984299003e-10
4.579539100000000196e-01 6.830660983645940295e-10
4.469930069999999978e-01 6.577349851735126511e-10
4.362944480000000014e-01 6.334349816028126826e-10
4.258519539999999770e-01 6.101213330612902797e-10
4.156593960000000143e-01 5.877513293880414349e-10
4.057107910000000150e-01 5.662839830003339873e-10
3.960003020000000262e-01 5.456805324402909660e-10
3.865222280000000232e-01 5.259035423096864472e-10
3.772710080000000188e-01 5.066899844236079038e-10
3.682412110000000127e-01 4.879236643219383346e-10
3.594275379999999909e-01 4.698817790384593068e-10
3.508248150000000121e-01 4.524397717491792327e-10
3.424279949999999850e-01 4.356958478416566791e-10
3.342321480000000067e-01 4.195688129584390192e-10
3.262324650000000270e-01 4.040148779707670955e-10
3.184242509999999915e-01 3.889977575425351672e-10
3.108029219999999815e-01 3.745767308430297807e-10
3.033640060000000194e-01 3.606817392247613522e-10
2.961031370000000162e-01 3.472886411461001886e-10
2.890160529999999950e-01 3.343729789355262847e-10
2.820985950000000075e-01 3.219530980426194749e-10
2.753467030000000260e-01 3.099690381817132701e-10
2.687564150000000263e-01 2.984293891772215850e-10
2.623238609999999915e-01 2.872153153757206154e-10
2.560452679999999925e-01 2.764451267628987043e-10
2.499169499999999988e-01 2.661169858541147690e-10
2.439353099999999885e-01 2.562115576363075233e-10
2.380968380000000051e-01 2.467105101781637089e-10
2.323981059999999932e-01 2.375885214950333426e-10
2.268357709999999916e-01 2.287067499590639970e-10
2.214065679999999980e-01 2.201422050615035944e-10
2.161073099999999969e-01 2.119288131834687811e-10
2.109348869999999876e-01 2.040464558963208252e-10
2.058862640000000133e-01 1.963960425227079317e-10
2.009584769999999965e-01 1.890260534017011182e-10
1.961486339999999884e-01 1.819587138416943345e-10
1.914539120000000039e-01 1.751782706675559566e-10
1.868715569999999937e-01 1.685964493579809474e-10
1.823988769999999870e-01 1.622482139503343426e-10
1.780332490000000045e-01 1.561613059007499826e-10
1.737721110000000069e-01 1.503243802909578329e-10
1.696129600000000071e-01 1.446965715139159859e-10
1.655533570000000121e-01 1.391986461455275154e-10
1.615909180000000001e-01 1.339201155743186949e-10
1.577233190000000007e-01 1.288600732940147490e-10
1.539482879999999887e-01 1.240088100008410017e-10
1.502636109999999914e-01 1.193572482811871017e-10
1.466671250000000093e-01 1.148966473692359725e-10
1.431567189999999878e-01 1.106160565646598780e-10
1.397303330000000121e-01 1.064001235200047807e-10
1.363859560000000026e-01 1.023018900803485931e-10
1.331216249999999934e-01 9.837513474363704703e-11
1.299354239999999938e-01 9.461227793496366759e-11
1.268254829999999889e-01 9.100608296677124846e-11
1.237899769999999955e-01 8.754964100310633816e-11
1.208271249999999936e-01 8.423641450056307038e-11
1.179351869999999969e-01 8.106007597923017436e-11
1.151124659999999966e-01 7.801464283849515249e-11
1.123573050000000045e-01 7.509434900853153360e-11
1.096680879999999969e-01 7.229377429456800922e-11
1.070432359999999999e-01 6.960769111106553843e-11
1.044812080000000060e-01 6.703105799709265744e-11
1.019805020000000007e-01 6.456651468796946981e-11
9.953964819999999714e-02 6.357909759099921289e-11
9.715721550000000484e-02 6.390735484037370368e-11
9.483180500000000512e-02 6.523460241553354526e-11
9.256205210000000017e-02 6.651192958132431748e-11
9.034662470000000278e-02 6.851641871691964686e-11
8.818422239999999801e-02 7.078357424274762319e-11
8.607357620000000153e-02 7.343848582916498488e-11
8.401344719999999378e-02 7.611861014915284286e-11
8.200262649999999487e-02 7.906224292815837373e-11
8.003993369999999608e-02 8.193937321355405579e-11
7.812421710000000408e-02 8.500182462887780942e-11
7.625435210000000574e-02 8.793967091759167226e-11
7.442924150000000683e-02 9.097900048674065047e-11
7.264781400000000500e-02 9.393109126195657959e-11
7.090902409999999545e-02 9.731599333624160376e-11
6.921185130000000185e-02 1.004784311775892061e-10
6.755529949999999895e-02 1.033054408669871489e-10
6.593839649999999608e-02 1.058173461896887436e-10
6.436019319999999877e-02 1.080333807978936370e-10
6.281976340000000603e-02 1.103355430457141587e-10
6.131620310000000101e-02 1.129721760397999384e-10
5.984862979999999721e-02 1.153072136598150790e-10
5.841618209999999839e-02 1.173480302150382930e-10
5.701801940000000152e-02 1.191930970338808802e-10
5.565332099999999865e-02 1.212952871885218647e-10
5.432128590000000201e-02 1.232066735672146958e-10
5.302113249999999833e-02 1.248446043998489498e-10
5.175209769999999931e-02 1.262264119534534967e-10
5.051343650000000157e-02 1.273684499623757340e-10
4.930442210000000186e-02 1.284394183330125341e-10
4.812434489999999759e-02 1.296755268259524567e-10
4.697251219999999672e-02 1.306973029620921985e-10
4.584824810000000250e-02 1.314995096533830697e-10
4.475089270000000286e-02 1.320966182640545474e-10
4.367980199999999674e-02 1.325023436793589619e-10
4.263434730000000006e-02 1.328453253572953872e-10
4.161391510000000266e-02 1.331345601651639079e-10
4.061790629999999930e-02 1.332528082124794325e-10
3.964573660000000194e-02 1.332119391939698851e-10
3.869683530000000288e-02 1.330231352485073157e-10
3.777064549999999826e-02 1.327115453594223385e-10
3.686662360000000221e-02 1.323006381858555586e-10
3.598423900000000120e-02 1.317696135475056296e-10
3.512297379999999858e-02 1.311266361552844067e-10
3.428232259999999809e-02 1.303802955150086097e-10
3.346179199999999715e-02 1.294994937927549356e-10
3.266090029999999672e-02 1.284903062806655832e-10
3.187917769999999706e-02 1.274064139375571571e-10
3.111616509999999905e-02 1.262542241431144847e-10
3.037141499999999883e-02 1.250399289204639666e-10
2.964448999999999904e-02 1.237691859208507171e-10
2.893496359999999865e-02 1.223918085453687471e-10
2.824241939999999965e-02 1.208668451590596194e-10
2.756645090000000090e-02 1.193092959944149091e-10
2.690666140000000026e-02 1.177258808927132631e-10
2.626266359999999966e-02 1.161201823292804495e-10
2.563407960000000166e-02 1.144723471099232409e-10
2.502054050000000057e-02 1.126743381313486755e-10
2.442168609999999934e-02 1.108526806194219295e-10
2.383716489999999910e-02 1.090331841062874613e-10
2.326663409999999918e-02 1.072178505443001641e-10
2.270975860000000110e-02 1.053233688836143348e-10
2.216621159999999924e-02 1.033327611376479764e-10
2.163567419999999977e-02 1.013642380670287746e-10
2.111783490000000013e-02 9.941895659315535462e-11
2.061238979999999860e-02 9.749746427478673290e-11
2.011904239999999858e-02 9.553346299304335375e-11
1.963750289999999926e-02 9.346206220536175985e-11
1.916748890000000149e-02 9.142586289395845457e-11
1.870872440000000136e-02 8.942887373911240900e-11
1.826094030000000035e-02 8.747067336549037751e-11
1.782387360000000157e-02 8.554165634185987468e-11
1.739726789999999912e-02 8.349912225939918043e-11
1.698087280000000129e-02 8.145159836625890769e-11
1.657444389999999934e-02 7.945539198054418724e-11
1.617774270000000084e-02 7.750918690350734098e-11
1.579053630000000139e-02 7.561163675465645256e-11
1.541259759999999944e-02 7.376154462217701492e-11
1.504370460000000083e-02 7.186322159797094830e-11
1.468364089999999941e-02 6.989605681326506646e-11
1.433219510000000030e-02 6.798713649363728860e-11
1.398916099999999996e-02 6.613506075801930030e-11
1.365433729999999957e-02 6.433796443939982300e-11
1.332752740000000061e-02 6.259399038310302993e-11
1.300853960000000059e-02 6.090144455505868731e-11
1.269718650000000067e-02 5.924058001952388502e-11
1.239328559999999975e-02 5.747613117952331929e-11
1.209665839999999985e-02 5.573562250069144159e-11
1.180713079999999929e-02 5.405402313554595031e-11
1.152453290000000040e-02 5.242911969493902395e-11
1.124869879999999996e-02 5.085875311336402058e-11
1.097946669999999916e-02 4.934091002352146519e-11
1.071667850000000005e-02 4.787358700180487060e-11
1.046018010000000081e-02 4.645495643145291285e-11
1.020982079999999993e-02 4.508112951419978659e-11
9.965453710000000617e-03 4.367182362916294605e-11
9.726935449999999858e-03 4.227079744287396153e-11
9.494126009999999394e-03 4.092013071427642050e-11
9.266888750000000508e-03 3.961782236087509806e-11
9.045090299999999223e-03 3.836195713807827014e-11
8.828600480000000500e-03 3.713092944777285869e-11
8.617292250000000223e-03 3.588300710403189534e-11
8.411041580000000462e-03 3.467753507685564689e-11
8.209727409999999226e-03 3.351730756222182871e-11
8.013231600000000204e-03 3.240046931315554708e-11
7.821438820000000194e-03 3.132524147655644085e-11
7.634236509999999670e-03 3.028671557000023067e-11
7.451514789999999673e-03 2.924211537640834402e-11
7.273166430000000196e-03 2.822349345577150339e-11
7.099086749999999717e-03 2.724432647613121965e-11
6.929173579999999694e-03 2.630295639977681590e-11
6.763327199999999602e-03 2.539780040592651737e-11
6.601450269999999815e-03 2.450154248111360672e-11
6.443447790000000029e-03 2.358822089062694178e-11
6.289227009999999625e-03 2.271065670206196033e-11
6.138697440000000227e-03 2.186890175129471098e-11
5.991770720000000154e-03 2.106139651394265056e-11
5.848360619999999621e-03 2.028665479470295482e-11
5.708382970000000153e-03 1.954325757878517715e-11
5.571755609999999581e-03 1.882984588637371103e-11
5.438398369999999926e-03 1.814513074810959370e-11
5.308232960000000035e-03 1.748787072402984023e-11
5.181182999999999796e-03 1.685688772439464554e-11
5.057173919999999670e-03 1.625105334924158627e-11
4.936132939999999907e-03 1.566929210043319805e-11
4.817989009999999912e-03 1.511057250978330192e-11
4.702672800000000028e-03 1.457035485462224082e-11
4.590116630000000073e-03 1.401179332839677590e-11
4.480254430000000371e-03 1.346554659325963090e-11
4.373021730000000058e-03 1.294234717143638118e-11
4.268355599999999923e-03 1.244117491951431590e-11
4.166194590000000045e-03 1.196104839475680673e-11
4.066478759999999672e-03 1.150103874391136193e-11
3.969149580000000226e-03 1.106025547585565996e-11
3.874149930000000096e-03 1.063785177404397608e-11
3.781424040000000084e-03 1.023301345718928783e-11
3.690917509999999853e-03 9.844972170603073236e-12
3.602577200000000104e-03 9.467799723548043923e-12
3.516351280000000207e-03 9.092005584012460354e-12
3.432189129999999901e-03 8.731409037092188347e-12
3.350041360000000079e-03 8.386205446868778742e-12
3.269859759999999959e-03 8.055706963381802479e-12
3.191597269999999799e-03 7.739257543983133544e-12
3.115207950000000153e-03 7.436229547906756708e-12
3.040646970000000174e-03 7.146025477810513959e-12
2.967870569999999947e-03 6.868074656359937774e-12
2.896836040000000129e-03 6.601153975951166294e-12
2.827501689999999904e-03 6.333331914626562941e-12
2.759826820000000139e-03 6.072684102013189462e-12
2.693771709999999951e-03 5.823432277173313316e-12
2.629297599999999829e-03 5.585060445885787296e-12
2.566366650000000051e-03 5.357076266550128202e-12
2.504941919999999905e-03 5.139009151750543029e-12
2.444987359999999891e-03 4.930410185806963132e-12
2.386467790000000068e-03 4.730853621279579352e-12
2.329348849999999822e-03 4.539930053324720450e-12
2.273597019999999951e-03 4.357249840752367686e-12
2.219179590000000188e-03 4.182443735674321345e-12
2.166064609999999828e-03 4.015156464779839425e-12
2.114220909999999821e-03 3.853072592692771030e-12
2.063618069999999857e-03 3.691377245003148934e-12
2.014226379999999820e-03 3.536298207187262036e-12
1.966016860000000151e-03 3.388087258743885516e-12
1.918961210000000089e-03 3.246430536559781036e-12
1.873031810000000061e-03 3.111028336452477306e-12
1.828201709999999983e-03 2.981596527285627009e-12
1.784444590000000075e-03 2.857861104343327013e-12
1.741734790000000086e-03 2.739566388984711796e-12
1.700047209999999915e-03 2.626460426072544618e-12
1.659357420000000033e-03 2.518311648776383126e-12
1.619641509999999920e-03 2.414892620963239787e-12
1.580876180000000087e-03 2.315383842582692022e-12
1.543038679999999933e-03 2.217469813544382302e-12
1.506106809999999911e-03 2.123568753297440899e-12
1.470058879999999952e-03 2.033845744529906947e-12
1.434873740000000000e-03 1.948109838412831543e-12
1.400530739999999953e-03 1.866178833261447545e-12
1.367009719999999918e-03 1.787647392874397688e-12
1.334291009999999996e-03 1.709775357939632275e-12
1.302355409999999929e-03 1.634599535904471246e-12
1.271184170000000044e-03 1.562843327881265291e-12
1.240758989999999956e-03 1.494347147525183003e-12
1.211062030000000043e-03 1.428960866437485633e-12
1.182075859999999912e-03 1.366541323209462863e-12
1.153783449999999959e-03 1.307250177567655670e-12
1.126168209999999902e-03 1.251882244692932580e-12
1.099213919999999936e-03 1.199115176143329896e-12
1.072904769999999917e-03 1.148689549106462345e-12
1.047225319999999958e-03 1.100498295609801941e-12
1.022160499999999993e-03 1.054439971151987783e-12
9.976955860000000925e-04 1.010416195684666072e-12
9.738162300000000179e-04 9.674220873094248620e-13
9.505084150000000500e-04 9.247307196001520903e-13
9.277584609999999909e-04 8.839523939476047376e-13
9.055530159999999580e-04 8.450319480594270127e-13
8.838790469999999871e-04 8.078831269085693909e-13
8.627238350000000517e-04 7.724239236340183503e-13
8.420749620000000067e-04 7.385759716061611173e-13
8.219203090000000303e-04 7.062645716359368011e-13
8.022480490000000013e-04 6.754187344031054002e-13
7.830466339999999845e-04 6.459705182902307806e-13
7.643047960000000102e-04 6.178553792984192242e-13
7.460115340000000178e-04 5.910116074390071448e-13
7.281561129999999677e-04 5.653805327304357616e-13
7.107280529999999942e-04 5.409061556302185349e-13
6.937171249999999874e-04 5.175351236095613385e-13
6.771133439999999469e-04 4.952164273829859136e-13
6.609069679999999853e-04 4.739017151895649473e-13
6.450884829999999548e-04 4.533062908575261484e-13
6.296486049999999810e-04 4.334130575396774831e-13
6.145782740000000537e-04 4.144237154559353086e-13
5.998686439999999578e-04 3.962963906438878536e-13
5.855110810000000408e-04 3.789911135601473884e-13
5.714971600000000318e-04 3.624699203441430651e-13
5.578186549999999489e-04 3.466965203371238074e-13
5.444675379999999948e-04 3.316363284014159416e-13
5.314359740000000349e-04 3.172564363026514857e-13
5.187163139999999501e-04 3.033793534905778294e-13
5.063010919999999743e-04 2.898274536374434704e-13
4.941830230000000520e-04 2.768876394551039251e-13
4.823549939999999822e-04 2.645414273080206268e-13
4.708100640000000155e-04 2.527612527765401117e-13
4.595414550000000218e-04 2.415206889658747716e-13
4.485425550000000212e-04 2.307946835585810124e-13
4.378069080000000063e-04 2.205592773564428938e-13
4.273282139999999975e-04 2.107917036669551938e-13
4.171003220000000155e-04 2.014701888389126936e-13
4.071172299999999741e-04 1.925740497390830027e-13
3.973730779999999781e-04 1.840835013179277860e-13
3.878621479999999990e-04 1.758558185699812644e-13
3.785788570000000108e-04 1.678872878508071552e-13
3.695177569999999901e-04 1.602872717761799694e-13
3.606735309999999865e-04 1.530385991425585284e-13
3.520409859999999876e-04 1.461247816809174488e-13
3.436150570000000119e-04 1.395301946167935701e-13
3.353907989999999778e-04 1.332399478938631248e-13
3.273633839999999864e-04 1.272397883255004267e-13
3.195281019999999931e-04 1.215162171942717926e-13
3.118803530000000012e-04 1.160562950855418593e-13
3.044156490000000004e-04 1.108477127905559315e-13
2.971296099999999824e-04 1.058787902399847679e-13
2.900179580000000193e-04 1.011383139188265025e-13
2.830765199999999804e-04 9.661564918851682018e-14
2.763012219999999900e-04 9.230065447629659850e-14
2.696880870000000017e-04 8.818363224990589551e-14
2.632332350000000151e-04 8.425540397435593024e-14
2.569328759999999954e-04 8.050715184250125462e-14
2.507833130000000242e-04 7.693050932820870664e-14
2.447809369999999940e-04 7.351750044131434393e-14
2.389222249999999959e-04 7.023170821414821029e-14
2.332037389999999980e-04 6.703894326556901886e-14
2.276221210000000013e-04 6.399237883889921219e-14
2.221740969999999962e-04 6.108694020462885609e-14
2.168564689999999948e-04 5.831602942130301797e-14
2.116661150000000039e-04 5.567332776851334723e-14
2.065999899999999931e-04 5.315286005318213281e-14
2.016551200000000013e-04 5.074889185294981029e-14
1.968286039999999921e-04 4.845601343943197049e-14
1.921176069999999908e-04 4.626899097321958581e-14
1.875193660000000061e-04 4.418290131192478028e-14
1.830311820000000078e-04 4.219303629171073211e-14
1.786504200000000079e-04 4.029412914937213694e-14
1.743745100000000030e-04 3.845622717315951122e-14
1.702009409999999975e-04 3.669067318313831715e-14
1.661272649999999884e-04 3.500735771498901961e-14
1.621510899999999925e-04 3.340240620196002654e-14
1.582700830000000080e-04 3.187214946759248519e-14
1.544819660000000029e-04 3.041307982359740531e-14
1.507845159999999965e-04 2.902186851775282899e-14
1.471755619999999900e-04 2.769531748646640822e-14
1.436529870000000130e-04 2.643040884655362890e-14
1.402147230000000075e-04 2.522424952055568358e-14
1.368587519999999867e-04 2.407408154014839955e-14
1.335831050000000123e-04 2.297729018898752291e-14
1.303858589999999889e-04 2.193137545584308429e-14
1.272651369999999900e-04 2.093394749604037713e-14
1.242191080000000134e-04 1.998273553760524251e-14
1.212459850000000033e-04 1.907559489176754257e-14
1.183440210000000014e-04 1.821043596573225706e-14
1.155115150000000012e-04 1.738531890209666534e-14
1.127468029999999975e-04 1.659835117442897297e-14
1.100482640000000030e-04 1.584777240867838534e-14
1.074143119999999987e-04 1.512862826172115741e-14
1.048434030000000014e-04 1.442913680520382410e-14
1.023340279999999963e-04 1.376081710220263135e-14
9.988471279999999492e-05 1.312376170500400009e-14
9.749402110000000106e-05 1.251650883002004076e-14
9.516054939999999849e-05 1.193765457603913905e-14
9.288292819999999781e-05 1.138586391075110057e-14
9.065982069999999819e-05 1.085986332472286914e-14
8.848992230000000297e-05 1.035844201120092475e-14
8.637195929999999500e-05 9.880443561376018186e-15
8.430468869999999441e-05 9.424767406713170787e-15
8.228689719999999477e-05 8.990364793304286232e-15
8.031740049999999578e-05 8.576235533872061353e-15
7.839504280000000522e-05 8.181428018171173965e-15
7.651869580000000230e-05 7.805034335627529924e-15
7.468725829999999888e-05 7.446190435763029981e-15
7.289965529999999430e-05 7.104071611656099076e-15
7.115483770000000097e-05 6.777893181446579598e-15
6.945178139999999914e-05 6.466906247962178109e-15
6.778948700000000320e-05 6.170398797905685980e-15
6.616697879999999788e-05 5.887691301960842947e-15
6.458330450000000452e-05 5.618136038957032935e-15
6.303753470000000175e-05 5.361116362089009086e-15
6.152876219999999874e-05 5.116045229144586102e-15
6.005610130000000007e-05 4.882361112207151281e-15
5.861868789999999721e-05 4.659531284642842408e-15
5.721567830000000310e-05 4.446756173812556472e-15
5.584624900000000145e-05 4.240695381582001090e-15
5.450959639999999949e-05 4.043418929379774614e-15
5.320493579999999802e-05 3.855393454542671979e-15
5.193150169999999973e-05 3.676184292160277177e-15
5.068854660000000315e-05 3.505375971750228446e-15
4.947534100000000265e-05 3.342572572432018462e-15
4.829117300000000223e-05 3.187398196305234674e-15
4.713534739999999745e-05 3.039492999621014522e-15
4.600718589999999898e-05 2.898514950688391318e-15
4.490602639999999752e-05 2.764138177008631084e-15
4.383122259999999785e-05 2.636051974356944599e-15
4.278214369999999706e-05 2.513960373121125276e-15
4.175817399999999827e-05 2.397581219496118231e-15
4.075871260000000243e-05 2.286646482797207718e-15
3.978317270000000019e-05 2.180899270880108182e-15
3.883098190000000056e-05 2.080095888477500788e-15
3.790158139999999753e-05 1.984004272400649984e-15
3.699442559999999738e-05 1.892402600467884910e-15
3.610898209999999838e-05 1.805079710939765846e-15
3.524473129999999778e-05 1.721834799022194226e-15
3.440116590000000062e-05 1.642476118131127898e-15
3.357779080000000113e-05 1.566820986718624307e-15
3.277412280000000156e-05 1.494695559779067889e-15
3.198969019999999886e-05 1.425375929262497730e-15
3.122403260000000176e-05 1.358696506723752594e-15
3.047670059999999873e-05 1.295152553842833828e-15
2.974725570000000044e-05 1.234596962441097471e-15
2.903526969999999942e-05 1.176888709788955564e-15
2.834032470000000061e-05 1.121893365543488441e-15
2.766201290000000108e-05 1.069483115416096130e-15
2.699993620000000049e-05 1.019536277309322731e-15
2.635370589999999958e-05 9.719364016508567398e-16
2.572294279999999837e-05 9.265728226311706785e-16
2.510727679999999985e-05 8.833405126401656722e-16
2.450634639999999838e-05 8.421386501178435524e-16
2.391979900000000154e-05 8.028717431939851467e-16
2.334729030000000003e-05 7.654485211454672661e-16
2.278848430000000150e-05 7.297820315047858288e-16
2.224305310000000024e-05 6.957896998599105962e-16
2.171067650000000108e-05 6.633924731364492968e-16
2.119104210000000073e-05 6.325154320902626927e-16
2.068384479999999995e-05 6.030866018786512670e-16
2.018878710000000164e-05 5.750380474753693254e-16
1.970557839999999942e-05 5.483048258769547522e-16
1.923393500000000137e-05 5.228247557051920647e-16
1.877358020000000115e-05 4.985390861207644463e-16
1.832424369999999868e-05 4.753913304256217929e-16
1.788566190000000168e-05 4.533281503850500584e-16
1.745757729999999891e-05 4.322982479813340459e-16
1.703973879999999896e-05 4.122534140540753304e-16
1.663190090000000025e-05 3.931467643254831807e-16
1.623382450000000068e-05 3.749344812862238441e-16
1.584527590000000166e-05 3.575744787672790540e-16
1.546602700000000120e-05 3.410266255063613920e-16
1.509585520000000072e-05 3.252526584141535376e-16
1.473454330000000007e-05 3.102158483993443245e-16
1.438187919999999940e-05 2.954507686942764023e-16
1.403765590000000083e-05 2.810147388172048251e-16
1.370167149999999999e-05 2.672726309128705516e-16
1.337372869999999988e-05 2.541912925701431537e-16
1.305363500000000059e-05 2.417390646495309713e-16
1.274120269999999929e-05 2.298862423673071965e-16
1.243624820000000082e-05 2.186039222755855903e-16
1.213859270000000033e-05 2.079984114705812544e-16
1.184806140000000070e-05 1.985472583467327693e-16
1.156448390000000045e-05 1.896199381939009594e-16
1.128769359999999917e-05 1.811036601371022071e-16
1.101752820000000062e-05 1.729794395941594679e-16
1.075382899999999959e-05 1.652287956982123758e-16
1.049644140000000025e-05 1.578345056062791180e-16
1.024521419999999960e-05 1.507798464997360419e-16
