1501
  3.399999999996e-04
  3.299999999999e-04
  3.399999999996e-04
  3.300000000017e-04
  3.399999999996e-04
  3.299999999999e-04
  3.399999999996e-04
  3.399999999996e-04
  3.299999999999e-04
  3.400000000013e-04
  3.299999999999e-04
  3.399999999996e-04
  3.299999999999e-04
  3.399999999996e-04
  3.299999999999e-04
  3.399999999996e-04
  3.400000000013e-04
  3.299999999999e-04
  3.399999999996e-04
  3.299999999999e-04
  3.399999999996e-04
  3.299999999999e-04
  3.399999999996e-04
  3.300000000017e-04
  3.399999999996e-04
  3.399999999996e-04
  3.299999999999e-04
  3.399999999996e-04
  3.299999999999e-04
  3.400000000013e-04
  3.299999999999e-04
  3.399999999996e-04
  3.299999999999e-04
  3.399999999996e-04
  3.299999999999e-04
  3.399999999996e-04
  3.400000000013e-04
  3.299999999999e-04
  3.399999999996e-04
  3.299999999999e-04
  3.399999999996e-04
  3.299999999999e-04
  3.399999999996e-04
  3.300000000017e-04
  3.399999999996e-04
  3.299999999999e-04
  3.399999999996e-04
  3.299999999999e-04
  3.399999999996e-04
  3.400000000013e-04
  3.299999999999e-04
  3.399999999996e-04
  3.299999999999e-04
  3.399999999996e-04
  3.299999999999e-04
  3.399999999996e-04
  3.299999999999e-04
  3.400000000013e-04
  3.299999999999e-04
  3.399999999996e-04
  3.299999999999e-04
  3.399999999996e-04
  3.299999999999e-04
  3.400000000013e-04
  3.299999999999e-04
  3.399999999996e-04
  3.299999999999e-04
  3.399999999996e-04
  3.299999999999e-04
  3.399999999996e-04
  3.299999999999e-04
  3.400000000013e-04
  3.399999999996e-04
  3.299999999999e-04
  3.399999999996e-04
  3.299999999999e-04
  3.399999999996e-04
  3.299999999999e-04
  3.400000000013e-04
  3.299999999999e-04
  3.399999999996e-04
  3.299999999999e-04
  3.399999999996e-04
  3.299999999999e-04
  3.400000000013e-04
  3.299999999999e-04
  3.399999999996e-04
  3.299999999999e-04
  3.399999999996e-04
  3.299999999999e-04
  3.399999999996e-04
  3.299999999999e-04
  3.400000000013e-04
  3.299999999999e-04
  3.399999999996e-04
  3.299999999999e-04
  3.399999999996e-04
  3.299999999999e-04
  3.400000000013e-04
  3.299999999999e-04
  3.399999999996e-04
  3.299999999999e-04
  3.399999999996e-04
  3.299999999999e-04
  3.399999999996e-04
  3.299999999999e-04
  3.299999999999e-04
  3.400000000013e-04
  3.299999999999e-04
  3.399999999996e-04
  3.299999999999e-04
  3.399999999996e-04
  3.299999999999e-04
  3.400000000013e-04
  3.299999999999e-04
  3.399999999996e-04
  3.299999999999e-04
  3.399999999996e-04
  3.299999999999e-04
  3.399999999996e-04
  3.299999999999e-04
  3.400000000013e-04
  3.299999999999e-04
  3.399999999996e-04
  3.299999999999e-04
  3.399999999996e-04
  3.299999999999e-04
  3.299999999999e-04
  3.399999999996e-04
  3.300000000017e-04
  3.399999999996e-04
  3.299999999999e-04
  3.399999999996e-04
  3.299999999999e-04
  3.399999999996e-04
  3.299999999999e-04
  3.400000000013e-04
  3.299999999999e-04
  3.399999999996e-04
  3.299999999999e-04
  3.399999999996e-04
  3.299999999999e-04
  3.299999999999e-04
  3.399999999996e-04
  3.300000000017e-04
  3.399999999996e-04
  3.299999999999e-04
  3.399999999996e-04
  3.299999999999e-04
  3.399999999996e-04
  3.299999999999e-04
  3.400000000013e-04
  3.299999999999e-04
  3.299999999999e-04
  3.399999999996e-04
  3.299999999999e-04
  3.399999999996e-04
  3.299999999999e-04
  3.399999999996e-04
  3.299999999999e-04
  3.400000000013e-04
  3.299999999999e-04
  3.299999999999e-04
  3.399999999996e-04
  3.299999999999e-04
  3.399999999996e-04
  3.299999999999e-04
  3.400000000013e-04
  3.299999999999e-04
  3.399999999996e-04
  3.299999999999e-04
  3.299999999999e-04
  3.399999999996e-04
  3.299999999999e-04
  3.399999999996e-04
  3.300000000017e-04
  3.399999999996e-04
  3.299999999999e-04
  3.299999999999e-04
  3.399999999996e-04
  3.299999999999e-04
  3.399999999996e-04
  3.299999999999e-04
  3.400000000013e-04
  3.299999999999e-04
  3.299999999999e-04
  3.399999999996e-04
  3.299999999999e-04
  3.399999999996e-04
  3.299999999999e-04
  3.299999999999e-04
  3.400000000013e-04
  3.299999999999e-04
  3.399999999996e-04
  3.299999999999e-04
  3.399999999996e-04
  3.299999999999e-04
  3.299999999999e-04
  3.399999999996e-04
  3.299999999999e-04
  3.400000000013e-04
  3.299999999999e-04
  3.299999999999e-04
  3.399999999996e-04
  3.299999999999e-04
  3.399999999996e-04
  3.299999999999e-04
  3.299999999999e-04
  3.400000000013e-04
  3.299999999999e-04
  3.399999999996e-04
  3.299999999999e-04
  3.299999999999e-04
  3.399999999996e-04
  3.299999999999e-04
  3.399999999996e-04
  3.299999999999e-04
  3.400000000013e-04
  3.299999999999e-04
  3.299999999999e-04
  3.399999999996e-04
  3.299999999999e-04
  3.299999999999e-04
  3.399999999996e-04
  3.299999999999e-04
  3.400000000013e-04
  3.299999999999e-04
  3.299999999999e-04
  3.399999999996e-04
  3.299999999999e-04
  3.399999999996e-04
  3.299999999999e-04
  3.299999999999e-04
  3.400000000013e-04
  3.299999999999e-04
  3.399999999996e-04
  3.299999999999e-04
  3.299999999999e-04
  3.399999999996e-04
  3.299999999999e-04
  3.299999999999e-04
  3.399999999996e-04
  3.299999999999e-04
  3.400000000013e-04
  3.299999999999e-04
  3.299999999999e-04
  3.399999999996e-04
  3.299999999999e-04
  3.299999999999e-04
  3.399999999996e-04
  3.299999999999e-04
  3.400000000013e-04
  3.299999999999e-04
  3.299999999999e-04
  3.399999999996e-04
  3.299999999999e-04
  3.299999999999e-04
  3.399999999996e-04
  3.299999999999e-04
  3.400000000013e-04
  3.299999999999e-04
  3.299999999999e-04
  3.399999999996e-04
  3.299999999999e-04
  3.299999999999e-04
  3.399999999996e-04
  3.299999999999e-04
  3.299999999999e-04
  3.399999999996e-04
  3.299999999999e-04
  3.300000000017e-04
  3.399999999996e-04
  3.299999999999e-04
  3.399999999996e-04
  3.299999999999e-04
  3.299999999999e-04
  3.399999999996e-04
  3.299999999999e-04
  3.299999999999e-04
  3.400000000013e-04
  3.299999999999e-04
  3.299999999999e-04
  3.399999999996e-04
  3.299999999999e-04
  3.299999999999e-04
  3.399999999996e-04
  3.299999999999e-04
  3.299999999999e-04
  3.400000000013e-04
  3.299999999999e-04
  3.299999999999e-04
  3.399999999996e-04
  3.299999999999e-04
  3.299999999999e-04
  3.399999999996e-04
  3.299999999999e-04
  3.299999999999e-04
  3.400000000013e-04
  3.299999999999e-04
  3.299999999999e-04
  3.399999999996e-04
  3.299999999999e-04
  3.299999999999e-04
  3.399999999996e-04
  3.299999999999e-04
  3.299999999999e-04
  3.399999999996e-04
  3.300000000017e-04
  3.299999999999e-04
  3.399999999996e-04
  3.299999999999e-04
  3.299999999999e-04
  3.399999999996e-04
  3.299999999999e-04
  3.299999999999e-04
  3.399999999996e-04
  3.299999999999e-04
  3.299999999999e-04
  3.400000000013e-04
  3.299999999999e-04
  3.299999999999e-04
  3.399999999996e-04
  3.299999999999e-04
  3.299999999999e-04
  3.399999999996e-04
  3.299999999999e-04
  3.299999999999e-04
  3.299999999999e-04
  3.400000000013e-04
  3.299999999999e-04
  3.299999999999e-04
  3.399999999996e-04
  3.299999999999e-04
  3.299999999999e-04
  3.399999999996e-04
  3.299999999999e-04
  3.299999999999e-04
  3.400000000013e-04
  3.299999999999e-04
  3.299999999999e-04
  3.299999999999e-04
  3.399999999996e-04
  3.299999999999e-04
  3.299999999999e-04
  3.399999999996e-04
  3.299999999999e-04
  3.299999999999e-04
  3.400000000013e-04
  3.299999999999e-04
  3.299999999999e-04
  3.299999999999e-04
  3.399999999996e-04
  3.299999999999e-04
  3.299999999999e-04
  3.399999999996e-04
  3.299999999999e-04
  3.299999999999e-04
  3.299999999999e-04
  3.400000000013e-04
  3.299999999999e-04
  3.299999999999e-04
  3.399999999996e-04
  3.299999999999e-04
  3.299999999999e-04
  3.299999999999e-04
  3.399999999996e-04
  3.299999999999e-04
  3.299999999999e-04
  3.400000000013e-04
  3.299999999999e-04
  3.299999999999e-04
  3.299999999999e-04
  3.399999999996e-04
  3.299999999999e-04
  3.299999999999e-04
  3.299999999999e-04
  3.399999999996e-04
  3.299999999999e-04
  3.299999999999e-04
  3.400000000013e-04
  3.299999999999e-04
  3.299999999999e-04
  3.299999999999e-04
  3.399999999996e-04
  3.299999999999e-04
  3.299999999999e-04
  3.299999999999e-04
  3.399999999996e-04
  3.299999999999e-04
  3.299999999999e-04
  3.400000000013e-04
  3.299999999999e-04
  3.299999999999e-04
  3.299999999999e-04
  3.399999999996e-04
  3.299999999999e-04
  3.299999999999e-04
  3.299999999999e-04
  3.399999999996e-04
  3.299999999999e-04
  3.299999999999e-04
  3.299999999999e-04
  3.400000000013e-04
  3.299999999999e-04
  3.299999999999e-04
  3.299999999999e-04
  3.399999999996e-04
  3.299999999999e-04
  3.299999999999e-04
  3.299999999999e-04
  3.399999999996e-04
  3.299999999999e-04
  3.299999999999e-04
  3.299999999999e-04
  3.400000000013e-04
  3.299999999999e-04
  3.299999999999e-04
  3.299999999999e-04
  3.399999999996e-04
  3.299999999999e-04
  3.299999999999e-04
  3.299999999999e-04
  3.299999999999e-04
  3.399999999996e-04
  3.299999999999e-04
  3.299999999999e-04
  3.299999999999e-04
  3.400000000013e-04
  3.299999999999e-04
  3.299999999999e-04
  3.299999999999e-04
  3.399999999996e-04
  3.299999999999e-04
  3.299999999999e-04
  3.299999999999e-04
  3.299999999999e-04
  3.399999999996e-04
  3.299999999999e-04
  3.300000000017e-04
  3.299999999999e-04
  3.399999999996e-04
  3.299999999999e-04
  3.299999999999e-04
  3.299999999999e-04
  3.299999999999e-04
  3.399999999996e-04
  3.299999999999e-04
  3.299999999999e-04
  3.299999999999e-04
  3.400000000013e-04
  3.299999999999e-04
  3.299999999999e-04
  3.299999999999e-04
  3.299999999999e-04
  3.399999999996e-04
  3.299999999999e-04
  3.299999999999e-04
  3.299999999999e-04
  3.299999999999e-04
  3.399999999996e-04
  3.299999999999e-04
  3.299999999999e-04
  3.299999999999e-04
  3.400000000013e-04
  3.299999999999e-04
  3.299999999999e-04
  3.299999999999e-04
  3.299999999999e-04
  3.399999999996e-04
  3.299999999999e-04
  3.299999999999e-04
  3.299999999999e-04
  3.299999999999e-04
  3.399999999996e-04
  3.299999999999e-04
  3.299999999999e-04
  3.299999999999e-04
  3.300000000017e-04
  3.299999999999e-04
  3.399999999996e-04
  3.299999999999e-04
  3.299999999999e-04
  3.299999999999e-04
  3.299999999999e-04
  3.399999999996e-04
  3.299999999999e-04
  3.299999999999e-04
  3.299999999999e-04
  3.299999999999e-04
  3.400000000013e-04
  3.299999999999e-04
  3.299999999999e-04
  3.299999999999e-04
  3.299999999999e-04
  3.299999999999e-04
  3.399999999996e-04
  3.299999999999e-04
  3.299999999999e-04
  3.299999999999e-04
  3.299999999999e-04
  3.399999999996e-04
  3.299999999999e-04
  3.299999999999e-04
  3.299999999999e-04
  3.299999999999e-04
  3.299999999999e-04
  3.400000000013e-04
  3.299999999999e-04
  3.299999999999e-04
  3.299999999999e-04
  3.299999999999e-04
  3.299999999999e-04
  3.399999999996e-04
  3.299999999999e-04
  3.299999999999e-04
  3.299999999999e-04
  3.299999999999e-04
  3.299999999999e-04
  3.400000000013e-04
  3.299999999999e-04
  3.299999999999e-04
  3.299999999999e-04
  3.299999999999e-04
  3.299999999999e-04
  3.299999999999e-04
  3.399999999996e-04
  3.299999999999e-04
  3.299999999999e-04
  3.299999999999e-04
  3.299999999999e-04
  3.299999999999e-04
  3.399999999996e-04
  3.299999999999e-04
  3.299999999999e-04
  3.300000000017e-04
  3.299999999999e-04
  3.299999999999e-04
  3.299999999999e-04
  3.399999999996e-04
  3.299999999999e-04
  3.299999999999e-04
  3.299999999999e-04
  3.299999999999e-04
  3.299999999999e-04
  3.299999999999e-04
  3.399999999996e-04
  3.299999999999e-04
  3.299999999999e-04
  3.299999999999e-04
  3.299999999999e-04
  3.299999999999e-04
  3.299999999999e-04
  3.400000000013e-04
  3.299999999999e-04
  3.299999999999e-04
  3.299999999999e-04
  3.299999999999e-04
  3.299999999999e-04
  3.299999999999e-04
  3.299999999999e-04
  3.399999999996e-04
  3.299999999999e-04
  3.299999999999e-04
  3.299999999999e-04
  3.299999999999e-04
  3.299999999999e-04
  3.299999999999e-04
  3.299999999999e-04
  3.400000000013e-04
  3.299999999999e-04
  3.299999999999e-04
  3.299999999999e-04
  3.299999999999e-04
  3.299999999999e-04
  3.299999999999e-04
  3.299999999999e-04
  3.399999999996e-04
  3.299999999999e-04
  3.299999999999e-04
  3.299999999999e-04
  3.299999999999e-04
  3.299999999999e-04
  3.299999999999e-04
  3.299999999999e-04
  3.299999999999e-04
  3.400000000013e-04
  3.299999999999e-04
  3.299999999999e-04
  3.299999999999e-04
  3.299999999999e-04
  3.299999999999e-04
  3.299999999999e-04
  3.299999999999e-04
  3.299999999999e-04
  3.299999999999e-04
  3.399999999996e-04
  3.299999999999e-04
  3.299999999999e-04
  3.299999999999e-04
  3.299999999999e-04
  3.301800000000e-01
  3.224000000000e-01
  3.147900000000e-01
  3.073700000000e-01
  3.001200000000e-01
  2.930400000000e-01
  2.861300000000e-01
  2.793800000000e-01
  2.727900000000e-01
  2.663600000000e-01
  2.600700000000e-01
  2.539500000000e-01
  2.479500000000e-01
  2.421000000000e-01
  2.364010000000e-01
  2.308200000000e-01
  2.253770000000e-01
  2.200610000000e-01
  2.148710000000e-01
  2.098040000000e-01
  2.048550000000e-01
  2.000240000000e-01
  1.953070000000e-01
  1.907010000000e-01
  1.862020000000e-01
  1.818120000000e-01
  1.775230000000e-01
  1.733370000000e-01
  1.692490000000e-01
  1.652570000000e-01
  1.613590000000e-01
  1.575540000000e-01
  1.538380000000e-01
  1.502100000000e-01
  1.466670000000e-01
  1.432080000000e-01
  1.398310000000e-01
  1.365330000000e-01
  1.333130000000e-01
  1.301690000000e-01
  1.270980000000e-01
  1.241010000000e-01
  1.211750000000e-01
  1.183160000000e-01
  1.155260000000e-01
  1.128020000000e-01
  1.101410000000e-01
  1.075430000000e-01
  1.050080000000e-01
  1.025300000000e-01
  1.001130000000e-01
  9.775100000000e-02
  9.544600000000e-02
  9.319500000000e-02
  9.099700000000e-02
  8.885100000000e-02
  8.675500000000e-02
  8.470900000000e-02
  8.271200000000e-02
  8.076000000000e-02
  7.885600000000e-02
  7.699700000000e-02
  7.518000000000e-02
  7.340700000000e-02
  7.167600000000e-02
  6.998600000000e-02
  6.833500000000e-02
  6.672300000000e-02
  6.515000000000e-02
  6.361300000000e-02
  6.211300000000e-02
  6.064800000000e-02
  5.921700000000e-02
  5.782100000000e-02
  3.336400000000e-02
  2.309400000000e-02
  4.801200000000e-02
  7.113000000000e-03
  3.038500000000e-02
  2.344100000000e-02
  5.255600000000e-02
  5.645000000000e-03
  4.567200000000e-02
  5.010700000000e-02
  4.103800000000e-02
  7.886000000000e-03
  3.839000000000e-02
  9.381000000000e-03
  1.426900000000e-02
  2.260600000000e-02
  9.769000000000e-03
  2.638300000000e-02
  9.412000000000e-03
  9.750000000000e-03
  2.331400000000e-02
  2.115600000000e-02
  1.720100000000e-02
  2.622000000000e-02
  2.369300000000e-02
  1.870400000000e-02
  4.744000000000e-03
  1.933100000000e-02
  1.732200000000e-02
  2.970500000000e-02
  1.071600000000e-02
  1.668100000000e-02
  1.321300000000e-02
  9.574000000000e-03
  3.131200000000e-02
  7.224000000000e-03
  2.358800000000e-02
  1.404000000000e-02
  3.473100000000e-02
  2.010000000000e-03
  9.933000000000e-03
  2.095300000000e-02
  4.988000000000e-03
  1.176000000000e-02
  7.522000000000e-03
  1.574600000000e-02
  1.828800000000e-02
  1.591300000000e-02
  9.675000000000e-03
  5.300000000000e-03
  6.909000000000e-03
  1.151200000000e-02
  9.194000000000e-03
  1.641300000000e-02
  7.000000000000e-03
  2.170200000000e-02
  1.013700000000e-02
  1.066200000000e-02
  5.486000000000e-03
  1.493900000000e-02
  3.700000000000e-03
  1.785100000000e-02
  8.804000000000e-03
  1.084400000000e-02
  8.118000000000e-03
  8.920000000000e-03
  1.756000000000e-03
  6.355000000000e-03
  1.039900000000e-02
  6.032000000000e-03
  6.154000000000e-03
  2.050000000000e-03
  2.919000000000e-03
  3.285000000000e-03
  6.294000000000e-03
  1.370900000000e-02
  1.083000000000e-02
  1.366000000000e-02
  3.100000000000e-03
  1.216000000000e-02
  3.096000000000e-03
  9.353000000000e-03
  2.331000000000e-03
  7.228000000000e-03
  9.799000000000e-03
  9.278000000000e-03
  5.446000000000e-03
  6.890000000000e-03
  1.334800000000e-02
  2.091600000000e-02
  4.162000000000e-03
  1.361200000000e-02
  7.700000000000e-03
  3.175000000000e-03
  5.337000000000e-03
  1.036750000000e-02
  8.205000000000e-03
  4.191200000000e-03
  9.615500000000e-03
  6.279500000000e-03
  3.259300000000e-03
  1.697600000000e-03
  6.006300000000e-03
  5.129200000000e-03
  3.967500000000e-03
  5.994300000000e-03
  2.501200000000e-03
  1.011820000000e-02
  9.638000000000e-03
  1.655200000000e-03
  9.009300000000e-03
  1.106790000000e-02
  4.096200000000e-03
  9.362200000000e-03
  7.761400000000e-03
  1.147880000000e-02
  7.259500000000e-03
  1.981100000000e-03
  2.774100000000e-03
  5.563300000000e-03
  1.011010000000e-02
  8.275000000001e-04
  9.556999999999e-04
  4.559600000000e-03
  2.195900000000e-03
  8.192500000000e-03
  4.383200000000e-03
  4.223999999998e-04
  2.883600000000e-03
  1.137200000000e-03
  1.526700000000e-02
  1.077420000000e-02
  4.951600000000e-03
  3.107000000000e-03
  1.147300000000e-03
  9.486900000000e-03
  1.976200000000e-03
  5.778300000000e-03
  3.042600000000e-03
  1.558000000000e-03
  3.212900000000e-03
  1.014150000000e-02
  7.282000000000e-03
  4.214800000000e-03
  3.781900000000e-03
  1.268000000000e-03
  9.848000000000e-04
  1.298500000000e-03
  9.088000000000e-03
  3.091800000000e-03
  3.639700000000e-03
  3.305500000000e-03
  1.432200000000e-03
  7.224100000000e-03
  1.100300000000e-03
  2.479900000000e-03
  1.172400000000e-03
  5.111999999999e-04
  4.266100000000e-03
  5.488000000000e-04
  8.741500000000e-03
  2.252500000000e-03
  3.197900000000e-03
  6.455000000001e-04
  6.423400000000e-03
  5.668400000000e-03
  1.589700000000e-03
  4.931800000000e-03
  1.922800000000e-03
  2.459500000000e-03
  1.886800000000e-03
  2.768800000000e-03
  7.388000000000e-03
  5.611000000000e-04
  2.637000000000e-04
  5.832100000000e-03
  7.024000000000e-04
  4.452000000000e-04
  6.400400000000e-03
  5.603000000000e-03
  1.871300000000e-03
  9.593999999999e-04
  5.422600000000e-03
  7.088100000000e-03
  1.420000000000e-03
  3.439000000000e-04
  2.097000000000e-04
  6.228000000000e-04
  1.319130000000e-02
  1.806000000000e-04
  1.479999999999e-04
  1.530800000000e-03
  8.486999999999e-04
  7.987500000000e-03
  2.086000000000e-03
  1.356100000000e-03
  9.283800000000e-03
  5.465000000000e-04
  1.737200000000e-03
  7.817999999999e-04
  1.134200000000e-03
  4.986500000000e-03
  6.311800000000e-03
  9.986000000000e-04
  3.678000000000e-04
  5.008000000001e-04
  4.390400000000e-03
  7.210000000000e-04
  8.668000000001e-04
  6.343700000000e-03
  1.244000000000e-04
  4.086000000000e-04
  2.630000000000e-04
  2.211000000001e-04
  6.401999999999e-04
  1.142750000000e-02
  6.229000000000e-04
  4.541000000000e-04
  1.792400000000e-03
  9.386300000000e-03
  1.568000000001e-04
  3.099000000000e-04
  3.171700000000e-03
  5.137000000000e-03
  1.106500000000e-03
  2.084800000000e-03
  5.302000000000e-04
  4.559000000000e-04
  9.985700000000e-03
  7.127000000000e-04
  1.818000000000e-04
  7.879999999999e-05
  2.067800000000e-03
  9.080500000000e-03
  7.940000000000e-04
  5.014000000000e-04
  5.960000000000e-04
  1.203300000000e-03
  1.984200000000e-03
  2.208000000000e-03
  3.741400000000e-03
  1.116000000000e-04
  9.932100000000e-03
  7.136000000000e-04
  2.313999999999e-04
  2.511000000001e-04
  6.897000000000e-04
  2.286000000000e-03
  7.393700000000e-03
  8.868000000000e-04
  5.586000000001e-04
  1.487900000000e-03
  2.633000000001e-04
  1.371500000000e-03
  5.802000000000e-03
  8.673700000000e-03
  1.451900000000e-03
  9.261000000000e-04
  7.969000000000e-04
  8.163700000000e-03
  4.175000000000e-04
  8.478000000000e-04
  2.982400000000e-03
  4.682500000000e-03
  7.233000000000e-04
  9.301300000000e-03
  1.246000000000e-04
  1.864000000000e-04
  7.353100000000e-03
  1.664000000000e-03
  5.260000000001e-05
  6.070000000002e-05
  1.985100000000e-03
  3.744600000000e-03
  1.639800000000e-03
  1.503800000000e-03
  1.662700000000e-03
  2.289700000000e-03
  5.180000000005e-05
  4.770300000000e-03
  1.307000000000e-04
  1.174900000000e-03
  5.157000000000e-04
  1.846400000000e-03
  8.890000000000e-04
  1.446400000000e-03
  1.047300000000e-03
  1.517200000000e-03
  5.777100000000e-03
  1.191500000000e-03
  1.551000000000e-04
  3.238000000000e-04
  2.406000000000e-04
  3.398999999999e-04
  3.376000000000e-04
  3.722900000000e-03
  3.664000000000e-03
  1.679999999999e-04
  2.270000000000e-04
  1.203000000000e-04
  2.660000000000e-04
  5.370000000000e-03
  9.019000000000e-04
  4.208000000000e-04
  1.662000000000e-04
  2.122000000000e-04
  1.218000000000e-04
  2.043000000000e-04
  5.785000000000e-04
  2.393600000000e-03
  2.843100000000e-03
  2.550800000000e-03
  7.560000000006e-05
  3.833400000000e-03
  1.251200000000e-03
  6.720000000000e-04
  8.947000000000e-04
  8.769000000000e-04
  7.520000000000e-05
  1.025000000000e-04
  1.030000000000e-04
  1.565400000000e-03
  1.878000000000e-04
  1.048000000000e-04
  1.107000000000e-04
  1.413500000000e-03
  1.659700000000e-03
  2.101900000000e-03
  5.477000000000e-04
  6.610100000000e-03
  3.280000000000e-05
  2.409999999997e-05
  3.480000000000e-05
  7.055000000000e-04
  5.729000000000e-03
  1.929000000000e-04
  2.009000000000e-04
  2.501000000000e-04
  6.428900000000e-03
  2.881999999999e-04
  1.308000000000e-04
  6.360000000000e-05
  4.790900000000e-03
  1.421000000000e-04
  1.815500000000e-03
  1.547900000000e-03
  1.476500000000e-03
  1.205000000000e-04
  1.231999999999e-04
  1.376000000000e-04
  1.880000000000e-04
  3.610000000000e-04
  3.489000000000e-04
  4.286000000000e-04
  1.857100000000e-03
  2.063600000000e-03
  1.012000000000e-04
  3.411100000000e-03
  1.668000000000e-04
  4.849000000000e-04
  1.331999999999e-04
  7.320000000005e-05
  4.637300000000e-03
  2.177000000000e-04
  1.007000000000e-04
  1.054000000000e-04
  1.221000000000e-03
  7.180000000001e-05
  3.711600000000e-03
  5.869999999997e-05
  2.292000000000e-03
  4.989999999999e-05
  9.039999999999e-05
  2.220000000003e-05
  4.120000000002e-05
  5.785600000000e-03
  9.567000000000e-04
  1.469500000000e-03
  2.731000000000e-04
  4.669000000000e-04
  5.796000000000e-04
  6.542000000000e-04
  1.448100000000e-03
  3.400000000001e-05
  1.130000000002e-05
  1.689999999999e-05
  3.590000000001e-05
  5.612100000000e-03
  3.760000000000e-05
  6.740000000000e-05
  3.999999999998e-05
  7.679999999999e-05
  5.353700000000e-03
  4.216700000000e-03
  1.052400000000e-03
  6.959999999998e-05
  1.053000000000e-04
  3.545300000000e-03
  1.510800000000e-03
  1.609000000000e-04
  9.860000000000e-05
  6.358000000000e-04
  3.210000000000e-04
  9.332000000000e-04
  1.396500000000e-03
  1.903800000000e-03
  5.003700000000e-03
  2.219999999997e-05
  2.280000000002e-05
  1.909999999999e-05
  5.420000000000e-05
  4.793500000000e-03
  1.007000000000e-04
  4.640300000000e-03
  9.060000000000e-05
  4.019999999999e-05
  6.049999999999e-05
  4.490200000000e-03
  1.055000000000e-04
  1.219000000000e-04
  2.698600000000e-03
  3.920000000002e-05
  3.409999999998e-05
  1.834500000000e-03
  1.234000000000e-03
  2.210200000000e-03
  4.643000000000e-04
  5.893000000000e-04
  2.385100000000e-03
  3.514000000000e-04
  1.235700000000e-03
  4.195000000000e-04
  4.670000000001e-05
  7.960000000001e-05
  8.690000000000e-05
  4.820000000000e-05
  4.859999999998e-05
  3.978100000000e-03
  1.959500000000e-03
  1.554300000000e-03
  5.106000000000e-04
  8.090000000002e-05
  2.800000000000e-05
  5.369999999999e-05
  1.020500000000e-03
  1.278000000000e-03
  9.167000000000e-04
  8.730000000000e-04
  3.290000000000e-05
  3.320000000001e-05
  1.224000000000e-04
  8.019999999997e-05
  1.362000000000e-04
  4.699000000000e-04
  3.743000000000e-04
  1.007600000000e-03
  1.589200000000e-03
  1.459000000000e-04
  3.759400000000e-03
  8.659999999999e-05
  1.570000000004e-05
  3.599999999998e-05
  3.805700000000e-03
  3.681900000000e-03
  3.409999999998e-05
  3.628300000000e-03
  3.542800000000e-03
  3.459200000000e-03
  2.168900000000e-03
  1.208800000000e-03
  2.815000000000e-04
  2.279000000000e-04
  3.088000000000e-04
  2.880000000000e-04
  3.842000000000e-04
  6.382000000000e-04
  1.169300000000e-03
  6.713000000000e-04
  1.081900000000e-03
  1.467000000000e-03
  1.043800000000e-03
  7.877000000000e-04
  8.743000000000e-04
  2.433000000000e-04
  1.952000000000e-04
  3.487000000000e-04
  1.023000000000e-04
  5.629999999998e-05
  7.670000000001e-05
  1.193000000000e-04
  1.023000000000e-04
  1.566000000000e-04
  5.802000000000e-04
  1.527700000000e-03
  2.607500000000e-03
  2.173000000000e-04
  3.049999999999e-05
  6.800000000001e-05
  3.519999999999e-05
  3.920000000000e-05
  2.487800000000e-03
  2.104000000000e-04
  5.690000000001e-05
  3.320000000000e-05
  5.959999999999e-05
  5.770000000001e-05
  2.129999999999e-05
  2.858000000000e-03
  2.790600000000e-03
  2.724700000000e-03
  2.700000000000e-05
  9.300000000004e-06
  1.640000000000e-05
  2.607800000000e-03
  2.597700000000e-03
  2.497100000000e-03
  1.689999999999e-05
  2.250000000001e-05
  2.232500000000e-03
  1.390000000000e-04
  1.780000000000e-05
  3.630000000000e-05
  1.130000000001e-05
  3.969999999999e-05
  2.418200000000e-03
  2.361240000000e-03
  4.366000000000e-05
  2.235040000000e-03
  2.682000000001e-05
  2.251130000000e-03
  5.390000000001e-05
  2.144150000000e-03
  2.960000000002e-05
  2.274999999999e-05
  2.625000000001e-05
  1.837999999998e-05
  2.049230000000e-03
  2.095590000000e-03
  1.293090000000e-03
  7.530700000000e-04
  6.759500000000e-04
  7.037600000000e-04
  1.195000000000e-04
  1.512700000000e-04
  1.246700000000e-04
  2.227600000000e-04
  6.007800000000e-04
  7.315400000000e-04
  4.266700000000e-04
  8.828000000000e-05
  2.107000000001e-05
  1.274000000000e-05
  2.140000000000e-05
  6.569999999997e-06
  1.168000000000e-05
  1.912000000000e-05
  1.094000000000e-05
  8.816200000000e-04
  1.023160000000e-03
  1.817440000000e-03
  2.134999999999e-05
  2.107000000001e-05
  1.020430000000e-03
  7.955600000000e-04
  5.755500000000e-04
  4.325100000000e-04
  4.587300000000e-04
  1.085300000000e-04
  1.152000000000e-04
  8.265000000002e-05
  7.418000000000e-04
  9.895400000000e-04
  1.690510000000e-03
  1.650650000000e-03
  1.611710000000e-03
  1.573700000000e-03
  1.536590000000e-03
  1.934000000001e-05
  1.481000000000e-03
  1.464970000000e-03
  1.398380000000e-03
  4.480000000001e-06
  2.840000000004e-06
  7.089999999994e-06
  1.762000000000e-05
  3.870000000003e-06
  1.175000000000e-05
  1.381050000000e-03
  1.363740000000e-03
  1.287360000000e-03
  4.421000000000e-05
  1.300170000000e-03
  5.163000000000e-05
  1.217880000000e-03
  5.870000000000e-05
  3.742000000000e-05
  8.560000000005e-06
  2.049000000000e-05
  1.187000000000e-05
  1.136000000000e-05
  1.091160000000e-03
  1.210330000000e-03
  1.181790000000e-03
  1.153910000000e-03
  1.126700000000e-03
  1.054830000000e-03
  1.784000000000e-05
  1.493000000000e-05
  5.579999999998e-06
  6.949999999999e-06
  1.074180000000e-03
  1.048850000000e-03
  1.024110000000e-03
  9.999500000000e-04
  9.763800000000e-04
  9.533400000000e-04
  9.308600000000e-04
  9.089100000000e-04
  8.874700000000e-04
  8.665500000000e-04
  8.461000000000e-04
  8.261500000000e-04
  8.066700000000e-04
  7.876400000000e-04
  7.690600000000e-04
  7.509300000000e-04
  7.332100000000e-04
  7.159300000000e-04
  6.990400000000e-04
  6.825500000000e-04
  6.664500000000e-04
  1.661000000000e-04
  2.021000000000e-04
  2.825400000000e-04
  1.397700000000e-04
  2.169100000000e-04
  2.787100000000e-04
  1.684500000000e-04
  1.686600000000e-04
  2.833000000000e-04
  2.376600000000e-04
  3.681100000000e-04
  5.914800000000e-04
  5.775400000000e-04
  5.639100000000e-04
  5.349900000000e-04
  3.260000000001e-06
  2.159999999998e-06
  1.021000000000e-05
  5.020000000001e-06
  5.326100000000e-04
  5.249500000000e-04
  5.125700000000e-04
  5.004800000000e-04
  4.886800000000e-04
  4.771500000000e-04
  4.659000000000e-04
  4.549100000000e-04
  4.441800000000e-04
  4.337000000000e-04
  4.234800000000e-04
  4.134900000000e-04
  4.037400000000e-04
  3.942100000000e-04
  3.849200000000e-04
  3.758400000000e-04
  3.669800000000e-04
  3.583200000000e-04
  3.498700000000e-04
  3.416200000000e-04
  3.335600000000e-04
  3.256900000000e-04
  3.180200000000e-04
  3.105100000000e-04
  3.031900000000e-04
  2.960400000000e-04
  2.890600000000e-04
  2.822400000000e-04
  2.755800000000e-04
  2.506700000000e-04
  6.459999999998e-06
  1.196000000000e-05
  2.627400000000e-04
  2.565400000000e-04
  2.504900000000e-04
  2.445800000000e-04
  2.388190000000e-04
  2.331830000000e-04
  2.176070000000e-04
  1.007600000000e-05
  2.223140000000e-04
  2.170710000000e-04
  2.119510000000e-04
  2.069520000000e-04
  2.020710000000e-04
  1.973060000000e-04
  1.926520000000e-04
  1.881090000000e-04
  1.836720000000e-04
  1.793410000000e-04
  1.751100000000e-04
  1.709810000000e-04
  1.669490000000e-04
  1.630110000000e-04
  1.591660000000e-04
  1.554130000000e-04
  1.517470000000e-04
  1.481690000000e-04
  1.446740000000e-04
  1.412620000000e-04
  1.379300000000e-04
  1.346770000000e-04
  1.315010000000e-04
  1.284000000000e-04
  1.253710000000e-04
  1.224150000000e-04
  1.195270000000e-04
  1.167090000000e-04
  1.139560000000e-04
  1.112680000000e-04
  1.086440000000e-04
  1.060820000000e-04
  1.035800000000e-04
  1.011370000000e-04
  9.875200000000e-05
  9.642300000000e-05
  9.414900000000e-05
  9.192800000000e-05
  8.976000000000e-05
  8.764400000000e-05
  8.557600000000e-05
  8.355800000000e-05
  8.158700000000e-05
  7.966300000000e-05
  7.778500000000e-05
  7.595000000000e-05
  7.415800000000e-05
  7.241000000000e-05
  7.070200000000e-05
  6.903400000000e-05
  6.740600000000e-05
  6.581700000000e-05
  6.426400000000e-05
  6.274900000000e-05
  6.126800000000e-05
  5.982400000000e-05
  5.841300000000e-05
  5.703500000000e-05
  5.569000000000e-05
  5.437700000000e-05
  3.876400000000e-05
  1.433000000000e-05
  1.715700000000e-05
  3.468500000000e-05
  4.941000000000e-06
  4.567800000000e-05
  3.995300000000e-05
  9.473000000000e-06
  3.253700000000e-05
  1.572300000000e-05
  4.403600000000e-05
  3.085000000000e-06
  9.978000000000e-06
  3.603200000000e-05
  1.173100000000e-05
  3.319500000000e-05
  1.594200000000e-05
  2.792300000000e-05
  2.206100000000e-05
  2.077000000000e-05
  2.720300000000e-05
  1.461800000000e-05
  3.335000000000e-05
  7.485000000000e-06
  2.360700000000e-05
  1.626400000000e-05
  1.726100000000e-05
  2.167100000000e-05
  1.946600000000e-05
  1.854700000000e-05
  4.719000000000e-06
  3.239700000000e-05
  9.718000000000e-06
  2.652300000000e-05
  2.986700000000e-05
  5.520000000000e-06
  1.503500000000e-05
  1.865800000000e-05
  8.590000000002e-07
  4.714000000000e-06
  2.902300000000e-05
  2.717300000000e-05
  5.768000000000e-06
  1.231800000000e-05
  1.984600000000e-05
  1.675800000000e-05
  1.464800000000e-05
  1.301500000000e-05
  1.765000000000e-05
  2.158900000000e-05
  8.353000000000e-06
  1.860900000000e-05
  1.062700000000e-05
  7.288000000000e-06
  2.125800000000e-05
  1.004700000000e-05
  5.961000000000e-06
  1.186500000000e-05
  1.013000000000e-06
  2.852000000000e-06
  9.960000000001e-07
  6.699000000000e-06
  1.565600000000e-05
  2.040500000000e-05
  6.168000000000e-06
  1.815100000000e-05
  5.271000000000e-06
  2.525000000000e-06
  1.029000000000e-05
  4.323000000000e-06
  1.072200000000e-05
  1.586600000000e-05
  8.872000000000e-06
  9.564000000000e-06
  6.172000000000e-06
  8.418000000000e-06
  1.000000000000e-03
