1501
  2.753852684780e-01
  2.753842316810e-01
  2.753832420110e-01
  2.753822523410e-01
  2.753812155450e-01
  2.753802258750e-01
  2.753792362050e-01
  2.753781994080e-01
  2.753771626110e-01
  2.753761729420e-01
  2.753751361450e-01
  2.753741464750e-01
  2.753731568050e-01
  2.753721200080e-01
  2.753711303390e-01
  2.753701406690e-01
  2.753691038720e-01
  2.753680670750e-01
  2.753670774050e-01
  2.753660406080e-01
  2.753650509390e-01
  2.753640612690e-01
  2.753630715990e-01
  2.753620348020e-01
  2.753610451330e-01
  2.753600083360e-01
  2.753589715390e-01
  2.753579818690e-01
  2.753569921990e-01
  2.753560025300e-01
  2.753549657330e-01
  2.753539760630e-01
  2.753529392660e-01
  2.753519024690e-01
  2.753509127990e-01
  2.753498760030e-01
  2.753489334600e-01
  2.753478966630e-01
  2.753468598660e-01
  2.753458701960e-01
  2.753448334000e-01
  2.753438437300e-01
  2.753428069330e-01
  2.753418172630e-01
  2.753408275930e-01
  2.753397907970e-01
  2.753388011270e-01
  2.753377643300e-01
  2.753367746600e-01
  2.753357378630e-01
  2.753347953210e-01
  2.753337585240e-01
  2.753327217270e-01
  2.753317320570e-01
  2.753306952600e-01
  2.753297055910e-01
  2.753287159210e-01
  2.753276791240e-01
  2.753266894540e-01
  2.753256997840e-01
  2.753246629880e-01
  2.753236733180e-01
  2.753226836480e-01
  2.753216468510e-01
  2.753206100540e-01
  2.753196675120e-01
  2.753185835880e-01
  2.753175939180e-01
  2.753166042480e-01
  2.753155674510e-01
  2.753145777820e-01
  2.753135409850e-01
  2.753125041880e-01
  2.753115145180e-01
  2.753105248480e-01
  2.753095351780e-01
  2.753084983820e-01
  2.753075087120e-01
  2.753064719150e-01
  2.753054822450e-01
  2.753044925750e-01
  2.753035029060e-01
  2.753024661090e-01
  2.753014293120e-01
  2.753004396420e-01
  2.752994028450e-01
  2.752984603030e-01
  2.752974235060e-01
  2.752964338360e-01
  2.752953970390e-01
  2.752944073690e-01
  2.752934177000e-01
  2.752923809030e-01
  2.752913912330e-01
  2.752903544360e-01
  2.752893176390e-01
  2.752883279700e-01
  2.752873383000e-01
  2.752863015030e-01
  2.752853118330e-01
  2.752843221630e-01
  2.752832853670e-01
  2.752822956970e-01
  2.752813060270e-01
  2.752802692300e-01
  2.752792795600e-01
  2.752782898910e-01
  2.752773002210e-01
  2.752762162970e-01
  2.752752266270e-01
  2.752742369570e-01
  2.752732001610e-01
  2.752722104910e-01
  2.752711736940e-01
  2.752701840240e-01
  2.752691943540e-01
  2.752682046850e-01
  2.752671678880e-01
  2.752661782180e-01
  2.752651414210e-01
  2.752641046240e-01
  2.752631620820e-01
  2.752621252850e-01
  2.752611356150e-01
  2.752600988180e-01
  2.752591091480e-01
  2.752581194790e-01
  2.752570826820e-01
  2.752560930120e-01
  2.752551033420e-01
  2.752540665450e-01
  2.752530768760e-01
  2.752520400790e-01
  2.752510504090e-01
  2.752500607390e-01
  2.752490239420e-01
  2.752480342730e-01
  2.752469974760e-01
  2.752460078060e-01
  2.752450181360e-01
  2.752440284670e-01
  2.752429916700e-01
  2.752420020000e-01
  2.752409652030e-01
  2.752399755330e-01
  2.752389387360e-01
  2.752379961940e-01
  2.752369593970e-01
  2.752359226000e-01
  2.752349329300e-01
  2.752338961330e-01
  2.752329064640e-01
  2.752319167940e-01
  2.752309271240e-01
  2.752299374540e-01
  2.752289006580e-01
  2.752279109880e-01
  2.752268741910e-01
  2.752258373940e-01
  2.752248948510e-01
  2.752238109270e-01
  2.752228212580e-01
  2.752218787150e-01
  2.752208419180e-01
  2.752198051210e-01
  2.752188154520e-01
  2.752178257820e-01
  2.752168361120e-01
  2.752157993150e-01
  2.752148096450e-01
  2.752137728490e-01
  2.752127831790e-01
  2.752117463820e-01
  2.752108038390e-01
  2.752097670420e-01
  2.752087773730e-01
  2.752077405760e-01
  2.752067037790e-01
  2.752057141090e-01
  2.752047715670e-01
  2.752036876430e-01
  2.752027451000e-01
  2.752017083030e-01
  2.752006715060e-01
  2.751996818360e-01
  2.751986921670e-01
  2.751977024970e-01
  2.751967128270e-01
  2.751956760300e-01
  2.751946863610e-01
  2.751936966910e-01
  2.751926598940e-01
  2.751916230970e-01
  2.751906334270e-01
  2.751896437580e-01
  2.751886540880e-01
  2.751876172910e-01
  2.751866276210e-01
  2.751855908240e-01
  2.751846011550e-01
  2.751835643580e-01
  2.751826218150e-01
  2.751816321450e-01
  2.751805953480e-01
  2.751796056790e-01
  2.751785688820e-01
  2.751775320850e-01
  2.751765424150e-01
  2.751755527450e-01
  2.751745630760e-01
  2.751735262790e-01
  2.751725366090e-01
  2.751715469390e-01
  2.751705572700e-01
  2.751695204730e-01
  2.751684836760e-01
  2.751675411330e-01
  2.751665043360e-01
  2.751654675390e-01
  2.751644778700e-01
  2.751634882000e-01
  2.751624514030e-01
  2.751614617330e-01
  2.751604720640e-01
  2.751594823940e-01
  2.751584455970e-01
  2.751574559270e-01
  2.751564662570e-01
  2.751554765880e-01
  2.751544397910e-01
  2.751534029940e-01
  2.751524133240e-01
  2.751514707820e-01
  2.751504339850e-01
  2.751493971880e-01
  2.751484075180e-01
  2.751473707210e-01
  2.751463810510e-01
  2.751453913820e-01
  2.751444017120e-01
  2.751433649150e-01
  2.751423752450e-01
  2.751413855760e-01
  2.751403959060e-01
  2.751393591090e-01
  2.751383694390e-01
  2.751373326420e-01
  2.751363901000e-01
  2.751353533030e-01
  2.751343636330e-01
  2.751333268360e-01
  2.751323371660e-01
  2.751313003700e-01
  2.751303107000e-01
  2.751293210300e-01
  2.751282842330e-01
  2.751272945630e-01
  2.751263520210e-01
  2.751253152240e-01
  2.751242784270e-01
  2.751232887570e-01
  2.751222990880e-01
  2.751212622910e-01
  2.751202726210e-01
  2.751192829510e-01
  2.751182461540e-01
  2.751172564850e-01
  2.751163139420e-01
  2.751152771450e-01
  2.751142403480e-01
  2.751132506780e-01
  2.751122138820e-01
  2.751112242120e-01
  2.751102345420e-01
  2.751092448720e-01
  2.751082080750e-01
  2.751072184060e-01
  2.751062287360e-01
  2.751052390660e-01
  2.751042022690e-01
  2.751032126000e-01
  2.751022229300e-01
  2.751011861330e-01
  2.751001964630e-01
  2.750992067930e-01
  2.750981699970e-01
  2.750971332000e-01
  2.750961906570e-01
  2.750952009870e-01
  2.750941641900e-01
  2.750931273940e-01
  2.750921377240e-01
  2.750911480540e-01
  2.750901583840e-01
  2.750891687150e-01
  2.750881319180e-01
  2.750871422480e-01
  2.750861054510e-01
  2.750851157810e-01
  2.750841261120e-01
  2.750831364420e-01
  2.750821467720e-01
  2.750811571020e-01
  2.750801203050e-01
  2.750791306360e-01
  2.750781409660e-01
  2.750771041690e-01
  2.750761144990e-01
  2.750751248300e-01
  2.750740880330e-01
  2.750730512360e-01
  2.750721086930e-01
  2.750711190230e-01
  2.750700822270e-01
  2.750690454300e-01
  2.750680557600e-01
  2.750670660900e-01
  2.750660764200e-01
  2.750650867510e-01
  2.750640499540e-01
  2.750630602840e-01
  2.750620234870e-01
  2.750610338170e-01
  2.750600441480e-01
  2.750590544780e-01
  2.750580648080e-01
  2.750570280110e-01
  2.750560383420e-01
  2.750550486720e-01
  2.750540590020e-01
  2.750530222050e-01
  2.750520325350e-01
  2.750510428660e-01
  2.750500531960e-01
  2.750490163990e-01
  2.750480267290e-01
  2.750470370600e-01
  2.750460473900e-01
  2.750449634660e-01
  2.750440209230e-01
  2.750430312530e-01
  2.750420415840e-01
  2.750409576600e-01
  2.750400151170e-01
  2.750389783200e-01
  2.750379886500e-01
  2.750369518540e-01
  2.750360093110e-01
  2.750349725140e-01
  2.750339828440e-01
  2.750329460470e-01
  2.750320035050e-01
  2.750309667080e-01
  2.750299770380e-01
  2.750289402410e-01
  2.750279505720e-01
  2.750269609020e-01
  2.750259712320e-01
  2.750249815620e-01
  2.750239447650e-01
  2.750229550960e-01
  2.750219654260e-01
  2.750209757560e-01
  2.750199389590e-01
  2.750189492900e-01
  2.750179124930e-01
  2.750169699500e-01
  2.750159331530e-01
  2.750149434830e-01
  2.750139538140e-01
  2.750129641440e-01
  2.750119273470e-01
  2.750109376770e-01
  2.750099480080e-01
  2.750089583380e-01
  2.750079215410e-01
  2.750069318710e-01
  2.750059422010e-01
  2.750049525320e-01
  2.750039628620e-01
  2.750029260650e-01
  2.750019363950e-01
  2.750009467260e-01
  2.749999099290e-01
  2.749989202590e-01
  2.749979305890e-01
  2.749969409190e-01
  2.749959041230e-01
  2.749949144530e-01
  2.749939247830e-01
  2.749928879860e-01
  2.749918511890e-01
  2.749909086470e-01
  2.749899189770e-01
  2.749889293070e-01
  2.749878453830e-01
  2.749869028410e-01
  2.749859131710e-01
  2.749849235010e-01
  2.749838395770e-01
  2.749828970340e-01
  2.749819073650e-01
  2.749808705680e-01
  2.749798808980e-01
  2.749788441010e-01
  2.749779015590e-01
  2.749768647620e-01
  2.749758750920e-01
  2.749748382950e-01
  2.749738957520e-01
  2.749728589560e-01
  2.749718692860e-01
  2.749708324890e-01
  2.749698899460e-01
  2.749688531490e-01
  2.749678634800e-01
  2.749668266830e-01
  2.749658841400e-01
  2.749648944700e-01
  2.749638576740e-01
  2.749628680040e-01
  2.749619254610e-01
  2.749608886640e-01
  2.749598518670e-01
  2.749588621980e-01
  2.749579196550e-01
  2.749568828580e-01
  2.749558931890e-01
  2.749548563920e-01
  2.749539138490e-01
  2.749528770520e-01
  2.749518873820e-01
  2.749508505850e-01
  2.749498137890e-01
  2.749488712460e-01
  2.749478815760e-01
  2.749468919070e-01
  2.749458551100e-01
  2.749449125670e-01
  2.749438757700e-01
  2.749428861000e-01
  2.749418493040e-01
  2.749409067610e-01
  2.749398699640e-01
  2.749388802940e-01
  2.749378906250e-01
  2.749369009550e-01
  2.749358641580e-01
  2.749348744880e-01
  2.749338848180e-01
  2.749328951490e-01
  2.749318583520e-01
  2.749308686820e-01
  2.749298790120e-01
  2.749288893430e-01
  2.749278996730e-01
  2.749268628760e-01
  2.749258732060e-01
  2.749248835360e-01
  2.749238467400e-01
  2.749228570700e-01
  2.749218674000e-01
  2.749208777300e-01
  2.749198880610e-01
  2.749188512640e-01
  2.749178615940e-01
  2.749168719240e-01
  2.749158822540e-01
  2.749148454580e-01
  2.749138557880e-01
  2.749128661180e-01
  2.749118764480e-01
  2.749108867790e-01
  2.749098499820e-01
  2.749088603120e-01
  2.749078706420e-01
  2.749068809720e-01
  2.749058441760e-01
  2.749048545060e-01
  2.749039119630e-01
  2.749028751660e-01
  2.749018383690e-01
  2.749008487000e-01
  2.748998590300e-01
  2.748989164870e-01
  2.748978796900e-01
  2.748968428940e-01
  2.748958532240e-01
  2.748949106810e-01
  2.748938738840e-01
  2.748928370870e-01
  2.748918474180e-01
  2.748909048750e-01
  2.748899152050e-01
  2.748889255360e-01
  2.748878887390e-01
  2.748868519420e-01
  2.748859093990e-01
  2.748849197290e-01
  2.748839300600e-01
  2.748828932630e-01
  2.748819035930e-01
  2.748809139230e-01
  2.748799242540e-01
  2.748788874570e-01
  2.748778977870e-01
  2.748769081170e-01
  2.748759184470e-01
  2.748748816510e-01
  2.748738919810e-01
  2.748729023110e-01
  2.748719126410e-01
  2.748709229720e-01
  2.748698861750e-01
  2.748688965050e-01
  2.748679068350e-01
  2.748669171650e-01
  2.748658803690e-01
  2.748648906990e-01
  2.748639010290e-01
  2.748629113590e-01
  2.748618745620e-01
  2.748609320200e-01
  2.748599423500e-01
  2.748589526800e-01
  2.748579158830e-01
  2.748568790870e-01
  2.748559365440e-01
  2.748549468740e-01
  2.748539572040e-01
  2.748529675350e-01
  2.748519778650e-01
  2.748509410680e-01
  2.748499513980e-01
  2.748489617290e-01
  2.748479720590e-01
  2.748469352620e-01
  2.748459455920e-01
  2.748449559220e-01
  2.748439662530e-01
  2.748429294560e-01
  2.748419397860e-01
  2.748409501160e-01
  2.748399604470e-01
  2.748390179040e-01
  2.748379811070e-01
  2.748369443100e-01
  2.748359546400e-01
  2.748350120980e-01
  2.748340224280e-01
  2.748329856310e-01
  2.748319959610e-01
  2.748309591650e-01
  2.748300166220e-01
  2.748289798250e-01
  2.748279901550e-01
  2.748270004860e-01
  2.748260108160e-01
  2.748250211460e-01
  2.748239843490e-01
  2.748229946790e-01
  2.748220050100e-01
  2.748210153400e-01
  2.748199785430e-01
  2.748189888730e-01
  2.748179992040e-01
  2.748170566610e-01
  2.748160669910e-01
  2.748150301940e-01
  2.748139933970e-01
  2.748130508550e-01
  2.748120611850e-01
  2.748110715150e-01
  2.748100347180e-01
  2.748090450490e-01
  2.748080553790e-01
  2.748070657090e-01
  2.748060289120e-01
  2.748050392430e-01
  2.748040495730e-01
  2.748030599030e-01
  2.748020702330e-01
  2.748010334360e-01
  2.748000908940e-01
  2.747991012240e-01
  2.747980644270e-01
  2.747970276300e-01
  2.747960850880e-01
  2.747950954180e-01
  2.747941057480e-01
  2.747931160780e-01
  2.747921264090e-01
  2.747910896120e-01
  2.747900999420e-01
  2.747891102720e-01
  2.747881206030e-01
  2.747870838060e-01
  2.747860941360e-01
  2.747851044660e-01
  2.747841147970e-01
  2.742386182570e-01
  2.732219917900e-01
  2.723184233100e-01
  2.715243311550e-01
  2.708343428320e-01
  2.702363466680e-01
  2.697592787220e-01
  2.695206740590e-01
  2.696008373090e-01
  2.699547149340e-01
  2.705634560840e-01
  2.713988316050e-01
  2.724346388140e-01
  2.736421772890e-01
  2.749888350530e-01
  2.764479381520e-01
  2.780294304090e-01
  2.797550374330e-01
  2.816347030470e-01
  2.836917080550e-01
  2.859441021480e-01
  2.883626665040e-01
  2.909644140170e-01
  2.938025040920e-01
  2.968532317810e-01
  3.000432201420e-01
  3.033391502930e-01
  3.067559615350e-01
  3.102548211120e-01
  3.138113642970e-01
  3.174212082670e-01
  3.210525422080e-01
  3.246687954680e-01
  3.282824096080e-01
  3.318266054850e-01
  3.353253236800e-01
  3.388057565480e-01
  3.422700719380e-01
  3.456987120900e-01
  3.490467648480e-01
  3.523054174380e-01
  3.553758442680e-01
  3.582966424580e-01
  3.609851038920e-01
  3.633320821360e-01
  3.654080322510e-01
  3.671568258230e-01
  3.685885480590e-01
  3.697677631270e-01
  3.707606846470e-01
  3.716811246400e-01
  3.724421806760e-01
  3.731469197910e-01
  3.736931703650e-01
  3.741126489570e-01
  3.744026693200e-01
  3.745428725350e-01
  3.744026693200e-01
  3.738860617120e-01
  3.731761386130e-01
  3.723406688370e-01
  3.715117026050e-01
  3.704797126930e-01
  3.693530915030e-01
  3.682239725740e-01
  3.668496040570e-01
  3.653313092820e-01
  3.638042488610e-01
  3.621268057650e-01
  3.604655272750e-01
  3.588125431600e-01
  3.569818897610e-01
  3.550795088700e-01
  3.530948911350e-01
  3.511329240420e-01
  3.509497453120e-01
  3.490183175230e-01
  3.488776518590e-01
  3.471802312990e-01
  3.465937189580e-01
  3.448811034970e-01
  3.433143149040e-01
  3.427673919170e-01
  3.408107803310e-01
  3.388334707380e-01
  3.388518940100e-01
  3.369747179560e-01
  3.366651054410e-01
  3.353208666920e-01
  3.351516793270e-01
  3.344448003670e-01
  3.334985002960e-01
  3.330335478830e-01
  3.327663221030e-01
  3.315889348480e-01
  3.313574306420e-01
  3.298261955140e-01
  3.297236954250e-01
  3.280460129230e-01
  3.281738314130e-01
  3.271698323030e-01
  3.264155210910e-01
  3.264026521970e-01
  3.249824427820e-01
  3.248351628460e-01
  3.235621072330e-01
  3.234880452200e-01
  3.232022172550e-01
  3.219957766430e-01
  3.219831225650e-01
  3.207300041250e-01
  3.203860341340e-01
  3.193034658730e-01
  3.186441573130e-01
  3.179825587770e-01
  3.179858520740e-01
  3.179326061720e-01
  3.172129063480e-01
  3.167954053080e-01
  3.166128311280e-01
  3.159872508720e-01
  3.157310477170e-01
  3.151458415230e-01
  3.151386177290e-01
  3.150122218540e-01
  3.150491914080e-01
  3.146184842620e-01
  3.146220167680e-01
  3.144491913690e-01
  3.141659086820e-01
  3.140699774610e-01
  3.137494826120e-01
  3.137549146820e-01
  3.137041787470e-01
  3.135930426630e-01
  3.135927793180e-01
  3.135967967260e-01
  3.135916620030e-01
  3.136180989350e-01
  3.136263722820e-01
  3.137008040480e-01
  3.137839779910e-01
  3.137981067370e-01
  3.138243945160e-01
  3.138235262700e-01
  3.139411517250e-01
  3.139632507600e-01
  3.141423373950e-01
  3.141735621860e-01
  3.141772102220e-01
  3.146295822210e-01
  3.147400776320e-01
  3.148411227650e-01
  3.152561846260e-01
  3.153079978470e-01
  3.154186314350e-01
  3.155794799930e-01
  3.158883219610e-01
  3.159983643310e-01
  3.160883085350e-01
  3.166564126100e-01
  3.167812349550e-01
  3.170407545780e-01
  3.179417873390e-01
  3.182989257400e-01
  3.190983224560e-01
  3.192976622280e-01
  3.193649667790e-01
  3.203018070140e-01
  3.202679438360e-01
  3.205871075980e-01
  3.216659914280e-01
  3.217621080400e-01
  3.215740283260e-01
  3.221772001190e-01
  3.227152816390e-01
  3.231788654700e-01
  3.229062427870e-01
  3.234361349960e-01
  3.234733254190e-01
  3.241727461800e-01
  3.247729073410e-01
  3.248343225020e-01
  3.257332088460e-01
  3.262423184160e-01
  3.264495589380e-01
  3.281317191520e-01
  3.280796532190e-01
  3.278230827360e-01
  3.296729860200e-01
  3.298772709530e-01
  3.297475406700e-01
  3.312781506430e-01
  3.313721267760e-01
  3.316474041020e-01
  3.317242453560e-01
  3.317745649380e-01
  3.332997705610e-01
  3.333440545000e-01
  3.336668481020e-01
  3.335215584390e-01
  3.337422291000e-01
  3.352728972790e-01
  3.353968272100e-01
  3.355250776110e-01
  3.374551967040e-01
  3.377089081900e-01
  3.377821541330e-01
  3.398276053560e-01
  3.393191675070e-01
  3.400872185290e-01
  3.405033125640e-01
  3.419229144910e-01
  3.421860913910e-01
  3.419806898290e-01
  3.423023130820e-01
  3.441770070730e-01
  3.446066211290e-01
  3.453246513340e-01
  3.450148079990e-01
  3.452081880680e-01
  3.468753479940e-01
  3.465956530520e-01
  3.475720603900e-01
  3.480609595240e-01
  3.492133625280e-01
  3.497273666970e-01
  3.492197886620e-01
  3.499713878780e-01
  3.502517659190e-01
  3.501797482010e-01
  3.508385854900e-01
  3.513311732730e-01
  3.515890893280e-01
  3.523794123320e-01
  3.526412163750e-01
  3.536468519200e-01
  3.541558497190e-01
  3.543729132020e-01
  3.553643410270e-01
  3.568616827380e-01
  3.571393768110e-01
  3.570143818490e-01
  3.570184229720e-01
  3.569257514710e-01
  3.571154009230e-01
  3.591661267890e-01
  3.598203567640e-01
  3.598597039080e-01
  3.601772169770e-01
  3.600062411260e-01
  3.599700192670e-01
  3.615708858960e-01
  3.625227613790e-01
  3.631542637840e-01
  3.632234254080e-01
  3.641381856420e-01
  3.652271816330e-01
  3.649412100120e-01
  3.643953004040e-01
  3.644811420640e-01
  3.670044479080e-01
  3.673345042400e-01
  3.669922857720e-01
  3.673661987420e-01
  3.700598908220e-01
  3.700103018450e-01
  3.697561312450e-01
  3.699788035020e-01
  3.707136517710e-01
  3.722708463580e-01
  3.731760371050e-01
  3.731191395820e-01
  3.731579565100e-01
  3.735078193600e-01
  3.744365502020e-01
  3.755581296720e-01
  3.761427142060e-01
  3.761966668780e-01
  3.762278636620e-01
  3.778205087380e-01
  3.777548470690e-01
  3.778929374800e-01
  3.779086780240e-01
  3.784935399150e-01
  3.785359320640e-01
  3.798038248140e-01
  3.797807151310e-01
  3.802564167670e-01
  3.806399304660e-01
  3.835508073730e-01
  3.836369519480e-01
  3.835782400140e-01
  3.832386405820e-01
  3.855907444420e-01
  3.858870868260e-01
  3.859114288100e-01
  3.856924531230e-01
  3.866070088270e-01
  3.868721031010e-01
  3.885418471790e-01
  3.886171277490e-01
  3.888227758200e-01
  3.887193020620e-01
  3.908161535850e-01
  3.908167983780e-01
  3.925705404900e-01
  3.913702949520e-01
  3.939903853750e-01
  3.939548019330e-01
  3.940959070060e-01
  3.942776589050e-01
  3.945795532590e-01
  3.933255208670e-01
  3.951916663000e-01
  3.950229569210e-01
  3.972189506840e-01
  3.972627542350e-01
  3.973723688080e-01
  3.990224951360e-01
  3.991036466050e-01
  4.009039868900e-01
  3.999163418010e-01
  4.021666287990e-01
  4.022610465580e-01
  4.024626439550e-01
  4.024117159650e-01
  4.018663699440e-01
  4.034802310520e-01
  4.056096834700e-01
  4.069669812580e-01
  4.075452769950e-01
  4.075605953130e-01
  4.090195262790e-01
  4.116410244540e-01
  4.116490788000e-01
  4.124946241370e-01
  4.110696802230e-01
  4.121616746690e-01
  4.146169882150e-01
  4.150829029360e-01
  4.172327483910e-01
  4.173607542180e-01
  4.188419042750e-01
  4.197073573830e-01
  4.197080538130e-01
  4.194881441660e-01
  4.207462716330e-01
  4.208773137940e-01
  4.212727008620e-01
  4.223454765640e-01
  4.230193002820e-01
  4.238515182850e-01
  4.242454177700e-01
  4.252732024420e-01
  4.257396807990e-01
  4.267524288260e-01
  4.261409791680e-01
  4.268053267710e-01
  4.264314229980e-01
  4.271793206770e-01
  4.275120444090e-01
  4.295346574290e-01
  4.298938487670e-01
  4.298032750430e-01
  4.299210469940e-01
  4.298893976350e-01
  4.299261347270e-01
  4.299775880500e-01
  4.320003244610e-01
  4.334418029200e-01
  4.329203458170e-01
  4.330441047160e-01
  4.329629141750e-01
  4.329694941460e-01
  4.353232987380e-01
  4.364773498710e-01
  4.366768398760e-01
  4.368403682040e-01
  4.369858025300e-01
  4.370238923690e-01
  4.370812212090e-01
  4.372247431710e-01
  4.378460140500e-01
  4.388780510880e-01
  4.399779040680e-01
  4.407835423710e-01
  4.413527117940e-01
  4.424407120450e-01
  4.428578829520e-01
  4.431809526550e-01
  4.435048985420e-01
  4.437563217850e-01
  4.448571182110e-01
  4.449211520100e-01
  4.446282258580e-01
  4.447518619980e-01
  4.448734105760e-01
  4.449584446790e-01
  4.450580929860e-01
  4.451606430950e-01
  4.462433549440e-01
  4.487486824300e-01
  4.483694233450e-01
  4.480846659920e-01
  4.480840120100e-01
  4.480817216860e-01
  4.525413179070e-01
  4.512648499080e-01
  4.525623062220e-01
  4.523007030340e-01
  4.525860730650e-01
  4.546863542240e-01
  4.541526825650e-01
  4.546597586440e-01
  4.546731915490e-01
  4.573692973930e-01
  4.574179350410e-01
  4.588449584920e-01
  4.598169018850e-01
  4.602073193550e-01
  4.607040514090e-01
  4.607122393260e-01
  4.608467401570e-01
  4.609219079310e-01
  4.610486799130e-01
  4.612125880740e-01
  4.613924723330e-01
  4.619248204030e-01
  4.628381441990e-01
  4.641831582070e-01
  4.643161994100e-01
  4.643292740370e-01
  4.644725117180e-01
  4.644213120250e-01
  4.650623091400e-01
  4.666891461580e-01
  4.666526532630e-01
  4.666670350730e-01
  4.666639560540e-01
  4.675834291030e-01
  4.689873238190e-01
  4.692983383130e-01
  4.694326193500e-01
  4.706971062400e-01
  4.714833807200e-01
  4.714833778640e-01
  4.714837725020e-01
  4.714828375560e-01
  4.727789763140e-01
  4.751175838040e-01
  4.745968342340e-01
  4.754044000920e-01
  4.755217045640e-01
  4.759246415330e-01
  4.761712242260e-01
  4.766815755900e-01
  4.772979261260e-01
  4.772986160300e-01
  4.772977746550e-01
  4.772979150180e-01
  4.784837132280e-01
  4.806354695340e-01
  4.813190836480e-01
  4.812413850110e-01
  4.811674854760e-01
  4.812793263520e-01
  4.837373772870e-01
  4.851056604100e-01
  4.851884216460e-01
  4.851928297010e-01
  4.863756540390e-01
  4.875306400500e-01
  4.880575213730e-01
  4.881239706280e-01
  4.884849644500e-01
  4.886006693330e-01
  4.888519189030e-01
  4.894326936630e-01
  4.903530839180e-01
  4.921545149980e-01
  4.930232649120e-01
  4.930237784240e-01
  4.930237644320e-01
  4.944507879460e-01
  4.948004334000e-01
  4.950666073500e-01
  4.973840566530e-01
  4.978654667840e-01
  4.978655810350e-01
  4.978660911200e-01
  4.999187703050e-01
  5.010097932350e-01
  5.010179536320e-01
  5.020072532530e-01
  5.025057296310e-01
  5.025052858820e-01
  5.032487965910e-01
  5.047400250720e-01
  5.046965697620e-01
  5.057810400650e-01
  5.060845914710e-01
  5.075544866830e-01
  5.067867986010e-01
  5.077550915250e-01
  5.067504785510e-01
  5.090658537700e-01
  5.092563097840e-01
  5.093472526720e-01
  5.094237571500e-01
  5.095710818490e-01
  5.099619000150e-01
  5.116917775010e-01
  5.127378040360e-01
  5.132112818460e-01
  5.133231175440e-01
  5.133286927590e-01
  5.133308591130e-01
  5.138429369090e-01
  5.144695770930e-01
  5.151198050000e-01
  5.156419736100e-01
  5.159737486110e-01
  5.159712928500e-01
  5.159464928800e-01
  5.160350138820e-01
  5.160986355080e-01
  5.165100553610e-01
  5.166242745740e-01
  5.170199583810e-01
  5.176552324910e-01
  5.171149783780e-01
  5.193984561830e-01
  5.191728361050e-01
  5.203132566700e-01
  5.203132148210e-01
  5.216945110270e-01
  5.239737927550e-01
  5.250532616440e-01
  5.262234283030e-01
  5.284459437940e-01
  5.306609189450e-01
  5.329069980020e-01
  5.326761949050e-01
  5.339895081980e-01
  5.341558669700e-01
  5.343311798970e-01
  5.345262862180e-01
  5.347458986480e-01
  5.354559200500e-01
  5.354655299360e-01
  5.362723464170e-01
  5.369069050290e-01
  5.376492843950e-01
  5.385561271780e-01
  5.391843318330e-01
  5.397540988450e-01
  5.401377136900e-01
  5.402880492380e-01
  5.404746726760e-01
  5.406292496650e-01
  5.406834458660e-01
  5.407291591830e-01
  5.407965509800e-01
  5.408724256600e-01
  5.409610246660e-01
  5.420118462780e-01
  5.416325862810e-01
  5.434322266770e-01
  5.437919360820e-01
  5.437801696350e-01
  5.437602475450e-01
  5.441781334470e-01
  5.441352760390e-01
  5.455392959240e-01
  5.454008330490e-01
  5.454075111760e-01
  5.454094207900e-01
  5.454026497480e-01
  5.454121821760e-01
  5.454118197740e-01
  5.475376157780e-01
  5.496550377680e-01
  5.517385282240e-01
  5.528342340160e-01
  5.528342231250e-01
  5.528345691700e-01
  5.537926435370e-01
  5.558343471670e-01
  5.579334425930e-01
  5.582184604730e-01
  5.582185087170e-01
  5.599062958370e-01
  5.608344181650e-01
  5.609053122470e-01
  5.609056977190e-01
  5.609062967190e-01
  5.609022534420e-01
  5.620900025180e-01
  5.641739642440e-01
  5.663687552080e-01
  5.662625756890e-01
  5.665006306950e-01
  5.683621523640e-01
  5.697986463770e-01
  5.704722789840e-01
  5.721430654530e-01
  5.721439355050e-01
  5.721445758870e-01
  5.721439899230e-01
  5.725638893790e-01
  5.746319458540e-01
  5.763318214640e-01
  5.773728597850e-01
  5.783552419780e-01
  5.785811994210e-01
  5.792485195940e-01
  5.793903722570e-01
  5.795345812780e-01
  5.797164920030e-01
  5.805892864670e-01
  5.808899071210e-01
  5.809333551360e-01
  5.810216686410e-01
  5.818207531050e-01
  5.818175953090e-01
  5.818178907680e-01
  5.818188063540e-01
  5.818176448590e-01
  5.818193068730e-01
  5.818172199420e-01
  5.823735196410e-01
  5.834032474500e-01
  5.849597426150e-01
  5.859193649670e-01
  5.859175601070e-01
  5.865805586130e-01
  5.876018035390e-01
  5.885615964160e-01
  5.889897423000e-01
  5.891975281900e-01
  5.897908587680e-01
  5.899199871060e-01
  5.900345060340e-01
  5.905691911110e-01
  5.914744967200e-01
  5.931015397110e-01
  5.950950173460e-01
  5.970781270130e-01
  5.990452134550e-01
  6.009934490450e-01
  6.021475924800e-01
  6.029345911490e-01
  6.048361952960e-01
  6.067057285770e-01
  6.076298916130e-01
  6.076346043260e-01
  6.076512583850e-01
  6.076534551790e-01
  6.076713634880e-01
  6.076817314570e-01
  6.086054232220e-01
  6.104410249690e-01
  6.122412391280e-01
  6.128666583950e-01
  6.140589748060e-01
  6.153356487810e-01
  6.158490368240e-01
  6.172697732870e-01
  6.172846209110e-01
  6.172898477950e-01
  6.172895396260e-01
  6.172898012150e-01
  6.172888862130e-01
  6.176093946350e-01
  6.192830172620e-01
  6.209645132910e-01
  6.223872813720e-01
  6.238727285370e-01
  6.253288001400e-01
  6.252464844010e-01
  6.252463488210e-01
  6.252471053390e-01
  6.252467416020e-01
  6.276744741830e-01
  6.296948142830e-01
  6.314347479550e-01
  6.330620477840e-01
  6.350018004900e-01
  6.365683063200e-01
  6.383897699280e-01
  6.401612787770e-01
  6.417786819080e-01
  6.433744065590e-01
  6.450907766650e-01
  6.467482378580e-01
  6.484184233750e-01
  6.501772078990e-01
  6.520420284670e-01
  6.535991088710e-01
  6.551613732590e-01
  6.565794286270e-01
  6.582453727030e-01
  6.598175337880e-01
  6.613595335100e-01
  6.622672020510e-01
  6.625301714410e-01
  6.629708101150e-01
  6.634670588030e-01
  6.638874328100e-01
  6.644713379610e-01
  6.649968054700e-01
  6.653757076020e-01
  6.658790253600e-01
  6.665303223090e-01
  6.673687139670e-01
  6.702552507320e-01
  6.810671570950e-01
  6.823311067440e-01
  6.803036975750e-01
  6.839810275960e-01
  6.840234420140e-01
  6.841200526320e-01
  6.842392842730e-01
  6.884350127340e-01
  6.931218058980e-01
  6.873449621970e-01
  6.841275929730e-01
  6.931599788740e-01
  6.903106725420e-01
  6.856432015010e-01
  6.901348883440e-01
  6.947448642850e-01
  6.992690688480e-01
  7.015486081680e-01
  6.991988494230e-01
  7.001263113580e-01
  7.026344172630e-01
  7.049945439760e-01
  7.032447136080e-01
  7.000919085530e-01
  7.090521899440e-01
  7.170265717570e-01
  7.189140133480e-01
  7.204032306830e-01
  7.244693595340e-01
  7.363732015190e-01
  7.321699327170e-01
  7.237709354550e-01
  7.213608539830e-01
  7.302146280580e-01
  7.324050971000e-01
  7.355842933480e-01
  7.484344997860e-01
  7.525556303580e-01
  7.525557157150e-01
  7.487271076040e-01
  7.478929573870e-01
  7.455992799280e-01
  7.388921466640e-01
  7.355263269770e-01
  7.476045393460e-01
  7.612966155330e-01
  7.646937795400e-01
  7.705069111320e-01
  7.586530239060e-01
  7.506970216740e-01
  7.754840074220e-01
  7.799969014740e-01
  7.664544491490e-01
  7.579720368650e-01
  7.604499814060e-01
  7.669016856210e-01
  7.771570205680e-01
  7.762955366160e-01
  7.634001397980e-01
  7.786570771430e-01
  7.729853269440e-01
  7.744019684980e-01
  7.847067869320e-01
  7.881272740900e-01
  7.792471088220e-01
  8.016537031910e-01
  8.305167144880e-01
  8.350484593920e-01
  8.108788390570e-01
  8.126362097670e-01
  8.029435727620e-01
  7.979961665640e-01
  7.955356590620e-01
  7.956619597730e-01
  8.001786239950e-01
  8.068075262220e-01
  8.167937652520e-01
  8.267309920660e-01
  8.315035566080e-01
  8.379656287920e-01
  8.533215331120e-01
  8.202331032620e-01
  8.390999788320e-01
  8.386107992140e-01
  8.534662134040e-01
  8.574385592650e-01
  8.285571683870e-01
  8.380683659370e-01
  8.479363158690e-01
  8.551156629840e-01
  8.616903690110e-01
  8.665826364660e-01
  8.561793223280e-01
  8.473533532600e-01
  8.426274445770e-01
  8.426693877230e-01
  8.461558528650e-01
  8.468670012690e-01
  8.472892603620e-01
  8.477068067410e-01
  8.570964162950e-01
  8.829842918200e-01
  9.061138163770e-01
  9.044356192470e-01
  8.967218504670e-01
  8.892177974200e-01
  8.645778483190e-01
  8.272315489980e-01
  1.216133695360e+00
  6.785583721590e-01
  1.005144952980e+00
  1.357741432960e+00
  8.509888078990e-01
  8.962239836220e-01
  1.533408147960e+00
  7.892392308780e-01
  1.116758348820e+00
  9.769518402070e-01
  1.882859248210e+00
  1.541816133410e+00
  9.008925217570e-01
  1.209617694210e+00
  8.386410686450e-01
  1.320723044580e+00
  8.514507789460e-01
  7.921149711420e-01
  1.169176765950e+00
  8.270887153450e-01
  1.222222403440e+00
  8.692610759250e-01
  1.271569486240e+00
  1.288207080370e+00
  8.003077459800e-01
  1.157781306410e+00
  8.190127697810e-01
  7.969263087070e-01
  1.268590491070e+00
  1.601883025700e+00
  8.733348161840e-01
  1.320651388270e+00
  8.312374018570e-01
  8.028778180110e-01
  1.343849781380e+00
  1.300194256810e+00
  8.726829280450e-01
  2.446153049570e+00
  1.872896846270e+00
  9.705573315660e-01
  9.467513618080e-01
  1.514473251890e+00
  1.453798612030e+00
  9.538806584500e-01
  1.131261805570e+00
  8.013119275290e-01
  1.390313956820e+00
  8.538021019730e-01
  8.779337027530e-01
  1.178607452480e+00
  1.223225834620e+00
  7.951608465040e-01
  1.576877961500e+00
  9.675804208880e-01
  8.769298248300e-01
  1.242421459600e+00
  1.824996083370e+00
  6.028832469930e-01
  7.920039518750e-01
  1.075292675830e+00
  1.747476463420e+00
  9.555882418340e-01
  9.550673724250e-01
  1.518082822600e+00
  1.069495229570e+00
  1.660207082300e+00
  2.728741464370e+00
  7.828411857970e-01
  1.859510037510e+00
  1.104642199570e+00
  7.554390164390e-01
  1.288939861530e+00
  8.307237537100e-01
  1.199435511320e+00
  1.754606925000e+00
  1.218092595060e+00
