599
 -1.428719635096e-02
 -2.841214845596e-03
  6.988260704067e-03
  1.140067693084e-02
  1.097173341135e-02
  1.016201555981e-02
  9.416574666573e-03
  8.877148365109e-03
  8.108835678743e-03
  7.343211606855e-03
  6.505604898004e-03
  5.700061590679e-03
  5.026104651525e-03
  4.206795955667e-03
  3.446663916146e-03
  2.772888600380e-03
  2.370730057800e-03
  2.089583273121e-03
  1.810067528867e-03
  1.620519843221e-03
  1.548248753638e-03
  1.386442901726e-03
  1.177731643620e-03
  1.086842391116e-03
  1.106749952999e-03
  9.790655981063e-04
  7.091742874983e-04
  5.713335535377e-04
  3.897281914139e-04
  1.979775494881e-04
  3.270766273482e-04
 -3.556741876836e-04
 -4.172753415453e-04
 -1.379583354001e-03
 -3.176065272877e-04
 -7.430299728526e-04
 -7.921829950648e-04
 -1.028249045503e-03
  2.202558782471e-06
 -3.399500403261e-04
 -1.230054237818e-03
 -4.302496138667e-04
 -9.561697808750e-04
 -5.070271480608e-04
 -5.421588324533e-04
 -3.458489521014e-04
  5.714986164534e-04
  6.523679342780e-04
  5.140687606272e-04
  4.930606153089e-04
  4.990247939958e-04
  3.802689333094e-04
  3.690486958601e-04
  3.542457595787e-04
  3.578097002062e-04
  3.313323695938e-04
  4.226156234617e-04
  3.199923737010e-04
  2.411893560922e-04
  2.948938781504e-04
  3.346382073200e-04
  5.617686432053e-04
  3.824280479052e-04
  3.342043997379e-04
  2.951183178770e-04
  4.275430146643e-04
  4.215633927720e-04
  5.978086634680e-04
  3.337641237253e-04
  4.257759966340e-04
  4.783461670899e-04
  4.110861323479e-04
  4.437827077020e-04
  2.323795260123e-04
  2.848335425031e-04
  4.953883311497e-04
  3.193085868932e-04
  5.406170909577e-04
  9.830804857361e-05
  2.822335880080e-04
  9.249493130991e-04
  9.831123505692e-04
  1.084140591369e-03
  9.648142876639e-05
  8.033827180040e-04
  3.406896144790e-04
  1.188299145705e-03
  3.210684023833e-05
  6.464116083494e-04
  5.447203597631e-04
  9.887046933205e-05
  1.428450680553e-03
  9.458745549296e-05
  4.859631914690e-04
  6.398442510103e-06
  1.187064002595e-06
  1.246725106728e-03
  9.606090758038e-04
  2.350045534871e-03
  1.048825212157e-04
  2.019307977197e-04
  9.055826056910e-04
  5.523892568506e-04
  1.185121945067e-03
  2.490079190033e-03
  4.069615767189e-03
  2.040640638018e-03
  9.164821103606e-04
  5.757482188670e-04
  3.724896605546e-04
  2.410775339597e-04
  1.853779345810e-04
  2.241086756062e-04
  5.508978349395e-03
  1.018775496335e-04
  8.987549754841e-05
  2.944291706720e-04
  2.929579482959e-04
  6.169233010503e-05
  5.896267929048e-05
  5.695318747378e-05
  5.348374418535e-05
  3.231179794245e-04
  6.113466795680e-04
  4.775070685384e-05
  4.654957976796e-05
  4.715483285367e-05
  4.669523974543e-05
  4.701955638392e-05
  4.844758832800e-05
  4.956205236573e-05
  2.798563429897e-04
  1.299527080548e-03
  1.360680732600e-03
  6.000949980001e-05
  5.676045790998e-05
  5.868024260003e-05
  4.550595453643e-04
  6.894669830004e-05
  7.077805220002e-05
  7.862388179997e-05
  8.958494740002e-05
  3.064250696700e-03
  4.539594295631e-04
  1.193141004000e-04
  1.310001714000e-04
  1.493539108081e-04
  1.818897770000e-04
  2.115948531000e-04
  2.943645841600e-04
  4.742675142434e-03
  3.804709518000e-04
  5.276377437999e-04
  6.012688552999e-04
  6.641050510001e-04
  1.126188526400e-03
  1.918075572000e-03
  3.273380838620e-03
  2.041565368900e-03
  1.556636447000e-03
  4.438916297000e-03
  1.323109269800e-03
  1.025283015000e-03
  9.054470859999e-04
  1.126275270100e-03
  1.934220331100e-03
  1.640746784100e-03
  1.316807433750e-03
  1.023760385000e-03
  7.983786478809e-04
  5.464932536101e-04
  3.992314310499e-04
  3.496276140000e-04
  3.226400471000e-04
  2.958858496677e-04
  2.741991126460e-04
  2.649087688000e-04
  8.274435486900e-04
  2.591586875628e-04
  2.659305295000e-04
  2.800367418001e-04
  2.984289297100e-04
  3.305306192000e-04
  5.458792599099e-04
  1.611741797200e-03
  1.334329986900e-03
  9.469250774999e-04
  5.676880235600e-04
  3.821225137000e-04
  3.233715262805e-04
  2.885992907100e-04
  2.688448230000e-04
  2.572505407200e-04
  2.534378843000e-04
  2.491245733300e-04
  2.477492776300e-04
  2.480500766037e-04
  2.490027280000e-04
  2.502172606000e-04
  2.533346017001e-04
  2.573781815191e-04
  2.625916784000e-04
  2.671089667999e-04
  2.707085783000e-04
  2.742817006949e-04
  2.833414924001e-04
  1.007177776750e-03
  2.923019669999e-04
  3.049062688300e-04
  3.071528029200e-04
  3.083327701301e-04
  3.148347097001e-04
  3.339509772001e-04
  3.387404615000e-04
  3.384364665000e-04
  3.403683495000e-04
  3.702881853701e-04
  3.734072786000e-04
  3.738480783000e-04
  3.774334161001e-04
  4.196462059740e-03
  8.679043214490e-04
  1.630081668910e-03
  3.329487641360e-03
  4.559106614000e-04
  4.658374279000e-04
  4.714550399000e-04
  4.751648903200e-04
  5.474669163499e-04
  5.526055882299e-04
  5.609969457000e-04
  5.589824345802e-04
  8.124297901070e-02
  1.207863149290e-02
  1.792897715660e-02
  3.526302121740e-02
  1.442976961500e-03
  1.637889309700e-03
  1.422093219600e-03
  1.473984041400e-03
  6.970523474000e-04
  6.959336052000e-04
  6.946664841998e-04
  6.962944915999e-04
  7.167301500469e-04
  7.178367958111e-04
  7.175278041289e-04
  7.199659895198e-04
  7.626734301202e-04
  7.733362136000e-04
  7.770183701999e-04
  7.888615799001e-04
  8.271446140000e-04
  8.326838042999e-04
  8.350918243000e-04
  8.356344312000e-04
  9.035358468900e-04
  9.027782439002e-04
  9.040673522800e-04
  9.022258116300e-04
  9.636747221500e-04
  9.813458154900e-04
  9.844589825200e-04
  9.946327507999e-04
  1.049085167100e-03
  1.056863798700e-03
  1.062063853500e-03
  1.073800516600e-03
  1.134479601600e-03
  1.137275605000e-03
  1.139310094900e-03
  1.142189845000e-03
  1.220812065500e-03
  1.222468960800e-03
  1.229826792700e-03
  1.235971703800e-03
  1.311661456800e-03
  1.312761561600e-03
  1.322864101100e-03
  1.324421950300e-03
  1.410685503700e-03
  1.408085631600e-03
  1.418964060700e-03
  1.428680441100e-03
  1.519244309100e-03
  1.513400019400e-03
  1.516727918700e-03
  1.523865914000e-03
  1.612611054700e-03
  1.622604249700e-03
  1.624371661100e-03
  1.637049814100e-03
  1.718025108400e-03
  1.747081964300e-03
  1.750566631600e-03
  1.757044895200e-03
  1.843325979400e-03
  1.848725769500e-03
  1.863200030100e-03
  1.839952311800e-03
  1.961510798200e-03
  1.967449722900e-03
  1.984026983100e-03
  1.976285667400e-03
  2.087916799230e-03
  2.103879005000e-03
  2.107157198100e-03
  2.099107042500e-03
  2.219064722300e-03
  2.235787466766e-03
  2.255071232420e-03
  2.253449539800e-03
  2.366459289900e-03
  2.372015523600e-03
  2.362659723100e-03
  2.423181142500e-03
  2.504772951500e-03
  2.529245664400e-03
  2.504395331000e-03
  2.526956458100e-03
  2.638337636700e-03
  2.666734608200e-03
  2.708793195600e-03
  2.689237044400e-03
  2.801656497700e-03
  2.820009070900e-03
  2.842650707700e-03
  2.840311882300e-03
  2.980651485200e-03
  2.986147121700e-03
  2.999578781000e-03
  3.006001633800e-03
  3.122875344300e-03
  3.152548017340e-03
  3.156272490330e-03
  3.179903530400e-03
  3.321393018200e-03
  3.372205501500e-03
  3.381327358500e-03
  3.382543865500e-03
  3.518805792800e-03
  3.539106374800e-03
  3.556586682900e-03
  3.546211839600e-03
  3.697624239900e-03
  3.743046853600e-03
  3.737343539000e-03
  3.802328545760e-03
  3.901902003500e-03
  3.923567904070e-03
  3.908919787530e-03
  3.993478919600e-03
  4.092242148930e-03
  4.173730402600e-03
  4.160980140980e-03
  4.208809903200e-03
  4.341780640080e-03
  4.368970267630e-03
  4.425675875920e-03
  4.452144871600e-03
  4.567697228200e-03
  4.632363842600e-03
  4.661832397600e-03
  4.656911044300e-03
  4.826951209900e-03
  4.850755088560e-03
  4.870450694880e-03
  4.924331074439e-03
  5.119973792600e-03
  5.117417208300e-03
  5.144076582500e-03
  5.195661506100e-03
  5.323589930400e-03
  5.364480713000e-03
  5.364814371900e-03
  5.436861866500e-03
  5.592483300271e-03
  5.738368580200e-03
  5.738996592900e-03
  5.735471212300e-03
  5.939860645190e-03
  5.970111403700e-03
  6.036667154600e-03
  6.035868911800e-03
  6.250718104585e-03
  6.334710309900e-03
  6.440683683900e-03
  6.441085129800e-03
  6.555242279300e-03
  6.620972509100e-03
  6.693810938042e-03
  6.718205504500e-03
  7.011782399077e-03
  6.998446342635e-03
  6.949837327240e-03
  7.036030906100e-03
  7.267879634350e-03
  7.391127009060e-03
  7.438606635178e-03
  7.486995225300e-03
  7.654415232100e-03
  7.779748157300e-03
  7.788185251148e-03
  7.792380398400e-03
  8.039259962200e-03
  8.050501783400e-03
  8.067123619500e-03
  8.219679537700e-03
  8.501736520700e-03
  8.547214011570e-03
  8.517676887200e-03
  8.598165138100e-03
  8.838102527700e-03
  8.868262093300e-03
  9.013816919390e-03
  9.113453418400e-03
  9.304169290200e-03
  9.418374764800e-03
  9.454981319000e-03
  9.523247414100e-03
  9.865509587800e-03
  9.903855259700e-03
  9.894420907900e-03
  9.955912243600e-03
  1.018641855030e-02
  1.043464790320e-02
  1.044279829560e-02
  1.041341910040e-02
  1.086979735490e-02
  1.102129046945e-02
  1.095996024940e-02
  1.122244817310e-02
  1.143278443180e-02
  1.160182520060e-02
  1.162190208070e-02
  1.162523629920e-02
  1.183689415680e-02
  1.189149511520e-02
  1.196152025310e-02
  1.220178182241e-02
  1.260455129100e-02
  1.284148549280e-02
  1.288195174390e-02
  1.296632754500e-02
  1.328049501765e-02
  1.330554641270e-02
  1.357579543050e-02
  1.364818411200e-02
  1.372618267690e-02
  1.378341947770e-02
  1.387471366370e-02
  1.415750494992e-02
  1.462364192410e-02
  1.491182539322e-02
  1.499685194260e-02
  1.507839129590e-02
  1.530662336528e-02
  1.568528364430e-02
  1.569235487600e-02
  1.570370812510e-02
  1.591976570290e-02
  1.598434714420e-02
  1.610246958130e-02
  1.643903757580e-02
  1.702355806369e-02
  1.711942187620e-02
  1.744867532820e-02
  1.750348791620e-02
  1.771062136161e-02
  1.794653489378e-02
  1.801854451330e-02
  1.822843324560e-02
  1.873295085330e-02
  1.888130636270e-02
  1.883813320084e-02
  1.888053694671e-02
  1.950767101750e-02
  1.975209466270e-02
  1.988709193635e-02
  2.012878200350e-02
  2.048512795690e-02
  2.072510309860e-02
  2.084635784881e-02
  2.111963331082e-02
  2.149524822921e-02
  2.175535668800e-02
  2.194777548870e-02
  2.222248801830e-02
  2.255017706359e-02
  2.289175574940e-02
  2.317522842883e-02
  2.339774350000e-02
  2.367350198700e-02
  2.420175632190e-02
  2.428644570690e-02
  2.427717983670e-02
  2.474710393480e-02
  2.479908526800e-02
  2.488254449730e-02
  2.543692113500e-02
  2.674885787000e-02
  2.844084569900e-02
  3.023616772200e-02
  3.213482653100e-02
  3.416466636200e-02
  3.631994376300e-02
  3.861070798300e-02
  4.104565303100e-02
  4.363406052000e-02
  4.637377492800e-02
  4.930058294000e-02
  5.238941703300e-02
  5.568916560100e-02
  5.919564124400e-02
  6.292392266900e-02
  6.688963562500e-02
  7.110430578600e-02
  7.558469171000e-02
  8.033978847200e-02
  8.540040768700e-02
  9.078036737100e-02
  9.656361736900e-02
  1.028193727590e-01
  1.092609407260e-01
  1.161105986010e-01
  1.233942163400e-01
  1.311309048400e-01
  1.393500651910e-01
  1.480978771650e-01
  1.574060484300e-01
  1.672949644530e-01
  1.777975703010e-01
  1.889758721570e-01
  2.008558719460e-01
  2.134830795690e-01
  2.268937010530e-01
  2.411669382290e-01
  2.563381697480e-01
  2.724691345780e-01
  2.896090207780e-01
  3.078093722750e-01
  3.271773369580e-01
  3.477681751070e-01
  3.696586000850e-01
  3.929279339150e-01
  4.176449702240e-01
  4.439112787590e-01
  4.718543906920e-01
  5.015720116230e-01
  5.331423728020e-01
  5.666636700110e-01
  6.023341127690e-01
  6.402571421360e-01
  6.805670372890e-01
  7.234209583360e-01
  7.689582431530e-01
  8.173337181480e-01
  8.687959443780e-01
  9.234854879350e-01
  9.815576816220e-01
  1.043352640370e+00
  1.109042598735e+00
  1.178870395175e+00
  1.253107326349e+00
  1.331939843637e+00
  1.415744364256e+00
  1.504876197507e+00
  1.599677926255e+00
  1.700377151723e+00
  1.807305888102e+00
  1.921097260105e+00
  2.042053399171e+00
  2.170647242833e+00
  2.307339809449e+00
  2.452545970567e+00
  2.606901856745e+00
  2.771069910717e+00
  2.945460612709e+00
  3.130751116917e+00
  3.327874382740e+00
  3.537420153771e+00
  3.760189542978e+00
  3.996984489155e+00
  4.248404189801e+00
  4.515795991618e+00
  4.800151400116e+00
  5.102562416192e+00
  5.423674171990e+00
  5.764875285240e+00
  6.127875617550e+00
  6.513750869930e+00
  6.923928447590e+00
  7.360015661100e+00
  7.823230655280e+00
  8.315640972620e+00
  8.839333413850e+00
  9.395489539990e+00
  9.986729791190e+00
  1.061552990349e+01
