599
  2.225680317690e-01
  2.295535697490e-01
  2.372624859740e-01
  2.473121565900e-01
  2.556136189560e-01
  2.630768876590e-01
  2.706935993850e-01
  2.760760079460e-01
  2.847197157290e-01
  2.918489602920e-01
  2.990279371030e-01
  3.031989416830e-01
  3.081198790740e-01
  3.086776618300e-01
  3.102797514010e-01
  3.126979358830e-01
  3.144323051400e-01
  3.128377286560e-01
  3.163690665020e-01
  3.068937285000e-01
  3.123400680380e-01
  3.035778805660e-01
  2.877608409030e-01
  2.896005973300e-01
  2.943390788110e-01
  2.821864818450e-01
  2.841367837780e-01
  2.887611710060e-01
  3.030383867510e-01
  2.659958675810e-01
  2.524448758280e-01
  2.765329538370e-01
  2.550641175190e-01
  2.368421536910e-01
  2.257687058840e-01
  2.449809452330e-01
  2.441320182300e-01
  2.356301784080e-01
  2.364524535710e-01
  2.319610882920e-01
  1.922829787500e-01
  1.882771757890e-01
  2.357072256330e-01
  1.997705630250e-01
  1.527230675770e-01
  2.142956004190e-01
  2.161520176990e-01
  3.266733797750e-01
  3.096698051110e-01
  2.005881324240e-01
  1.308762929060e-01
  1.376178833250e-01
  2.396035546460e-01
  2.087640128650e-01
  2.564807858580e-01
  2.606878417930e-01
  3.164211848890e-01
  3.441954536880e-01
  4.475363654910e-01
  2.409980254500e-01
  1.525293373190e-01
  2.786362218780e-01
  1.536757239150e-01
  1.679759402340e-01
  2.355723740110e-01
  1.869385137950e-01
  2.257081842360e-01
  2.843750465150e-01
  2.301869433270e-01
  3.627305415140e-01
  6.639321983760e-01
  1.247782545540e-01
  2.613133437690e-01
  2.135528881750e-01
  3.980008569210e-01
  4.574742573440e-01
  2.254139997670e-01
  1.316234780950e-01
  1.816510626000e-01
  2.441961392080e-01
  2.783165190660e-01
  3.321993357560e-01
  4.092902678920e-01
  7.671633514180e-01
  2.241838925470e-01
  4.558534354300e-01
  2.611366326800e-01
  1.896584358900e-01
  2.762162918440e-01
  3.284950887150e-01
  3.511808436460e-01
  5.015200905420e-01
  3.536047068380e-01
  3.924776123110e-01
  4.085914898560e-01
  4.963798049890e-01
  5.020032397170e-01
  5.750837014970e-01
  6.975969430360e-01
  9.258861769620e-01
  1.209769042470e+00
  1.505718000080e+00
  2.140200227420e+00
  3.412238948560e+00
  5.654277290490e+00
  6.519559602510e+00
  1.830056787390e+00
  4.648192431840e-01
  1.604613392860e-01
  5.885738827130e-02
  3.836928970850e-02
  4.565600823110e-02
  6.701596124910e-02
  9.273973369180e-02
  9.993684592340e-02
  1.177253184470e-01
  1.434940868750e-01
  1.651238655520e-01
  1.767293807930e-01
  1.846376843460e-01
  1.933283588500e-01
  2.027457221090e-01
  2.191724666070e-01
  2.323192331580e-01
  2.441470170980e-01
  2.577932840220e-01
  2.681967795040e-01
  2.754077044120e-01
  2.859897166120e-01
  2.962606520060e-01
  3.033439465140e-01
  3.129200320640e-01
  3.275964331020e-01
  3.471362285820e-01
  3.484483915030e-01
  3.559365334320e-01
  3.637110045360e-01
  3.807649968860e-01
  3.962702982160e-01
  4.050919059900e-01
  4.154894546690e-01
  4.294379878290e-01
  4.812255057410e-01
  4.713401442510e-01
  4.940783144680e-01
  5.189425997370e-01
  5.487263090550e-01
  5.880545515570e-01
  6.231280018490e-01
  6.538816014950e-01
  7.238709442650e-01
  8.183332931660e-01
  9.683692932010e-01
  1.038909656520e+00
  1.137475246800e+00
  1.516778764400e+00
  2.019560989910e+00
  2.085924032310e+00
  1.904291362920e+00
  1.502445199600e+00
  1.190040013520e+00
  1.036091962520e+00
  9.094193399680e-01
  7.836602631000e-01
  8.056091603500e-01
  1.025581066820e+00
  8.995212356750e-01
  7.942973190420e-01
  7.010834153260e-01
  6.308504024020e-01
  5.549369646830e-01
  5.135990319670e-01
  5.014579473100e-01
  4.959469307330e-01
  4.918736896440e-01
  4.905189141350e-01
  4.914984279940e-01
  4.946029142330e-01
  4.987102702120e-01
  5.056977209080e-01
  5.134585002160e-01
  5.213512917450e-01
  5.318898252470e-01
  5.838587910840e-01
  7.524868855000e-01
  6.552188825480e-01
  5.896191827420e-01
  5.375651130380e-01
  5.190982841840e-01
  5.172297305020e-01
  5.187599886290e-01
  5.222600629110e-01
  5.261559347670e-01
  5.292009923220e-01
  5.349946842790e-01
  5.408317200540e-01
  5.442803816200e-01
  5.488294142160e-01
  5.529979933940e-01
  5.577064909910e-01
  5.632173226460e-01
  5.690228103790e-01
  5.738173929070e-01
  5.772286147770e-01
  5.802782112780e-01
  5.848838724670e-01
  5.923316425600e-01
  5.961980871200e-01
  6.045587399360e-01
  6.061068313890e-01
  6.069763089450e-01
  6.113466753640e-01
  6.231239389710e-01
  6.256143529300e-01
  6.254278287290e-01
  6.265397233330e-01
  6.414169218430e-01
  6.426198656370e-01
  6.428657973970e-01
  6.437866509620e-01
  6.633377750700e-01
  6.600706475810e-01
  6.618660766590e-01
  6.637733402590e-01
  6.751059649990e-01
  6.778665449610e-01
  6.797606698740e-01
  6.804949469860e-01
  6.927678185860e-01
  6.932220258220e-01
  6.938301583480e-01
  6.939271862060e-01
  7.979407929600e-01
  7.219926120780e-01
  7.283164964530e-01
  7.520800179830e-01
  7.260598595210e-01
  7.258718870420e-01
  7.268192833560e-01
  7.273540049020e-01
  7.402665420630e-01
  7.403737205660e-01
  7.412318968730e-01
  7.408576230300e-01
  7.546017834470e-01
  7.547992637160e-01
  7.548492138100e-01
  7.556776061510e-01
  7.671656394850e-01
  7.695978813180e-01
  7.704713447930e-01
  7.731943592240e-01
  7.811072893550e-01
  7.821613163290e-01
  7.826546492220e-01
  7.827453587490e-01
  7.952159905990e-01
  7.950860325780e-01
  7.952938799690e-01
  7.949758793840e-01
  8.051472169540e-01
  8.078458906060e-01
  8.083295722700e-01
  8.098028480970e-01
  8.176257908760e-01
  8.186954390200e-01
  8.193958341990e-01
  8.209958726480e-01
  8.287677471790e-01
  8.291007240270e-01
  8.292536855250e-01
  8.296894820980e-01
  8.387915863710e-01
  8.388987694730e-01
  8.397190486460e-01
  8.403730535300e-01
  8.481044380800e-01
  8.482075731990e-01
  8.492209519080e-01
  8.493726523990e-01
  8.572594522100e-01
  8.570637645620e-01
  8.579780300420e-01
  8.588008769470e-01
  8.661046762130e-01
  8.656588228750e-01
  8.659147264870e-01
  8.664449627780e-01
  8.729424388430e-01
  8.736396012650e-01
  8.737861966590e-01
  8.746015318800e-01
  8.798380918010e-01
  8.815754810960e-01
  8.818002863290e-01
  8.821899784510e-01
  8.871041016980e-01
  8.873430269900e-01
  8.881561875420e-01
  8.869044015210e-01
  8.931223375020e-01
  8.934286765420e-01
  8.942296821250e-01
  8.938526869050e-01
  8.988804610630e-01
  8.995498388470e-01
  8.996884816150e-01
  8.993401774620e-01
  9.042233516620e-01
  9.048066752610e-01
  9.055296512570e-01
  9.054426492800e-01
  9.094120079880e-01
  9.095957019560e-01
  9.092860110220e-01
  9.112535801330e-01
  9.137415231480e-01
  9.144688372560e-01
  9.137289286300e-01
  9.143873137920e-01
  9.174720343590e-01
  9.182133920100e-01
  9.192619440100e-01
  9.187863214280e-01
  9.215111816300e-01
  9.219302589270e-01
  9.224396487530e-01
  9.224130011900e-01
  9.253894409690e-01
  9.255066316210e-01
  9.257785471500e-01
  9.259138614060e-01
  9.281361054050e-01
  9.286700029980e-01
  9.287367280170e-01
  9.291529119230e-01
  9.315130278330e-01
  9.322944924860e-01
  9.324497288660e-01
  9.324698943100e-01
  9.344518032290e-01
  9.347264702850e-01
  9.349644241360e-01
  9.348203903480e-01
  9.367959933820e-01
  9.373425965010e-01
  9.372863582530e-01
  9.380619760600e-01
  9.391699635240e-01
  9.394122767340e-01
  9.392445512840e-01
  9.401491882040e-01
  9.411434620920e-01
  9.419374077890e-01
  9.418067440860e-01
  9.422542381660e-01
  9.434475759820e-01
  9.436703725470e-01
  9.441480625450e-01
  9.443656388420e-01
  9.452682099180e-01
  9.457538701240e-01
  9.459707696650e-01
  9.459355617390e-01
  9.471168118120e-01
  9.472708598370e-01
  9.473960572290e-01
  9.477615247210e-01
  9.489521721020e-01
  9.489378004860e-01
  9.490956977410e-01
  9.494004215440e-01
  9.501050158020e-01
  9.503304854190e-01
  9.503324075380e-01
  9.507049699900e-01
  9.514879685020e-01
  9.521713424790e-01
  9.521736242620e-01
  9.521538884950e-01
  9.530570271000e-01
  9.531867178210e-01
  9.534579635580e-01
  9.534570719070e-01
  9.543101411530e-01
  9.546249789200e-01
  9.550171424640e-01
  9.550175251020e-01
  9.554176530360e-01
  9.556432829260e-01
  9.558899815900e-01
  9.559681902490e-01
  9.569002909600e-01
  9.568588516960e-01
  9.567053784450e-01
  9.569764161500e-01
  9.576557435420e-01
  9.579977471850e-01
  9.581283285100e-01
  9.582584432150e-01
  9.587037366780e-01
  9.590265485780e-01
  9.590473534960e-01
  9.590574024450e-01
  9.596613021660e-01
  9.596892011170e-01
  9.597240272880e-01
  9.600859954590e-01
  9.607142293410e-01
  9.608136231790e-01
  9.607468710800e-01
  9.609244531060e-01
  9.614279847650e-01
  9.614923349000e-01
  9.617822495890e-01
  9.619812150360e-01
  9.623526170630e-01
  9.625664926460e-01
  9.626346464460e-01
  9.627617544970e-01
  9.633841688810e-01
  9.634515477460e-01
  9.634349188890e-01
  9.635443958940e-01
  9.639424118750e-01
  9.643548144410e-01
  9.643705351070e-01
  9.643184426230e-01
  9.650610154960e-01
  9.652977902780e-01
  9.652005458530e-01
  9.656105933850e-01
  9.659266009100e-01
  9.661799576210e-01
  9.662107897390e-01
  9.662166439430e-01
  9.665247626870e-01
  9.666041147840e-01
  9.667057226010e-01
  9.670479782670e-01
  9.676108926120e-01
  9.679345016770e-01
  9.679891708310e-01
  9.681034987260e-01
  9.685238333880e-01
  9.685554229270e-01
  9.689113432070e-01
  9.690067504820e-01
  9.691088028940e-01
  9.691842819570e-01
  9.693014145610e-01
  9.696621563230e-01
  9.702480081460e-01
  9.706059653630e-01
  9.707111335600e-01
  9.708107260730e-01
  9.710893957690e-01
  9.715467419760e-01
  9.715550153860e-01
  9.715685359850e-01
  9.718277429240e-01
  9.719052274650e-01
  9.720458661600e-01
  9.724419925030e-01
  9.731245034590e-01
  9.732351521030e-01
  9.736161956120e-01
  9.736796401700e-01
  9.739160288390e-01
  9.741842613780e-01
  9.742661492360e-01
  9.745048335890e-01
  9.750730244740e-01
  9.752396212190e-01
  9.751918849080e-01
  9.752401007060e-01
  9.759388006650e-01
  9.762093407530e-01
  9.763585318780e-01
  9.766252294490e-01
  9.770161675650e-01
  9.772792820950e-01
  9.774121668340e-01
  9.777094810990e-01
  9.781179122340e-01
  9.783996778440e-01
  9.786074772810e-01
  9.789040718780e-01
  9.792568827830e-01
  9.796231761810e-01
  9.799265653650e-01
  9.801646495920e-01
  9.804587279090e-01
  9.810207048970e-01
  9.811112273520e-01
  9.811013176150e-01
  9.815997226880e-01
  9.816548473660e-01
  9.817434902450e-01
  9.823292899320e-01
  9.837103682460e-01
  9.854813729530e-01
  9.873500770250e-01
  9.893188314170e-01
  9.914159835120e-01
  9.936374472050e-01
  9.959923069020e-01
  9.984923623240e-01
  1.001146766350e+00
  1.003954698880e+00
  1.006953244560e+00
  1.010117355980e+00
  1.013498216440e+00
  1.017092264730e+00
  1.020915851550e+00
  1.024986273840e+00
  1.029317256010e+00
  1.033925528340e+00
  1.038823508130e+00
  1.044043749960e+00
  1.049602245080e+00
  1.055588060730e+00
  1.062075677930e+00
  1.068769893540e+00
  1.075903842780e+00
  1.083508598890e+00
  1.091606622940e+00
  1.100232800510e+00
  1.109440693870e+00
  1.119268138760e+00
  1.129743137140e+00
  1.140906580330e+00
  1.152832118280e+00
  1.165556878070e+00
  1.179137712340e+00
  1.193623254400e+00
  1.209113314270e+00
  1.225658515060e+00
  1.243342708870e+00
  1.262236527020e+00
  1.282415389950e+00
  1.304022035150e+00
  1.327142582690e+00
  1.351891586120e+00
  1.378390645590e+00
  1.406753059470e+00
  1.437137189610e+00
  1.469736977290e+00
  1.504720399450e+00
  1.542235075650e+00
  1.582463149030e+00
  1.625721395800e+00
  1.672217976210e+00
  1.722211961720e+00
  1.776003571020e+00
  1.833880845710e+00
  1.896163808160e+00
  1.963312839440e+00
  2.035649665680e+00
  2.113522089980e+00
  2.197549045670e+00
  2.288112850810e+00
  2.385699357820e+00
  2.490837956370e+00
  2.603922000610e+00
  2.725632926000e+00
  2.856617080470e+00
  2.997496927500e+00
  3.148704462850e+00
  3.310829631160e+00
  3.484934177250e+00
  3.671553901870e+00
  3.871484978970e+00
  4.085502054190e+00
  4.314304259410e+00
  4.558938760490e+00
  4.820501577630e+00
  5.099673413270e+00
  5.397562869010e+00
  5.715706772030e+00
  6.055070392780e+00
  6.416975875930e+00
  6.802734091250e+00
  7.213328621210e+00
  7.650980919270e+00
  8.117324848070e+00
  8.614151499440e+00
  9.142532631600e+00
  9.704750360640e+00
  1.030362906770e+01
  1.094095939970e+01
  1.161908704560e+01
  1.234067948850e+01
  1.310775090670e+01
  1.392372790940e+01
  1.479207895570e+01
  1.571474787820e+01
  1.669609507730e+01
  1.774022841210e+01
