# upper_energy mg_flux
1.420000000000000000e+07 2.481870434910017978e-02
1.416609859999999963e+07 2.475947867753937673e-02
1.413227809999999963e+07 2.470032621447219509e-02
1.409853840000000037e+07 2.464139337688860468e-02
1.406487919999999925e+07 2.458253374779590869e-02
1.403130040000000037e+07 2.452389374418816742e-02
1.399780169999999925e+07 2.446532694907132405e-02
1.396438300000000000e+07 2.440690657094444702e-02
1.393104409999999963e+07 2.434863260980345279e-02
1.389778480000000075e+07 2.429050506565242837e-02
1.386460490000000037e+07 2.423245072999366187e-02
1.383150430000000075e+07 2.417468922831210801e-02
1.379848259999999963e+07 2.411692772662782716e-02
1.376553980000000075e+07 2.405938585042850450e-02
1.373267559999999963e+07 2.400191718272006933e-02
1.369988990000000037e+07 2.394466814049523579e-02
1.366718240000000037e+07 2.388741909827039878e-02
1.363455309999999963e+07 2.383046289002004742e-02
1.360200159999999963e+07 2.377350668176969606e-02
1.356952790000000037e+07 2.371677009900293592e-02
1.353713169999999925e+07 2.366017993322069163e-02
1.350481280000000075e+07 2.360366297593616269e-02
1.347257109999999963e+07 2.354729243563614613e-02
1.344040640000000037e+07 2.349114152081972426e-02
1.340831840000000037e+07 2.343499060600330239e-02
1.337630709999999963e+07 2.337905931666774476e-02
1.334437219999999925e+07 2.332327444431942995e-02
1.331251350000000000e+07 2.326756278046610005e-02
1.328073090000000037e+07 2.321199753360137646e-02
1.324902419999999925e+07 2.315657870372253568e-02
1.321739319999999925e+07 2.310137949932591916e-02
1.318583759999999963e+07 2.304610708643568123e-02
1.315435750000000000e+07 2.299120071601492080e-02
1.312295240000000037e+07 2.293622113710053548e-02
1.309162240000000037e+07 2.288146118366837789e-02
1.306036719999999925e+07 2.282692085571572105e-02
1.302918650000000000e+07 2.277238052776442770e-02
1.299808030000000075e+07 2.271798661680174414e-02
1.296704840000000037e+07 2.266373912282629993e-02
1.293609059999999963e+07 2.260971125433172343e-02
1.290520659999999963e+07 2.255561017734352552e-02
1.287439650000000000e+07 2.250187514282479817e-02
1.284365980000000075e+07 2.244806689981381290e-02
1.281299659999999963e+07 2.239455149077594978e-02
1.278240650000000000e+07 2.234103608173945016e-02
1.275188950000000000e+07 2.228774029818381824e-02
1.272144530000000075e+07 2.223444451462954635e-02
1.269107390000000037e+07 2.218144156504976358e-02
1.266077490000000037e+07 2.212843861546998081e-02
1.263054830000000075e+07 2.207565529137242577e-02
1.260039380000000075e+07 2.202294517576849214e-02
1.257031130000000075e+07 2.197030826865954342e-02
1.254030069999999925e+07 2.191796419552371686e-02
1.251036159999999963e+07 2.186554691389563584e-02
1.248049409999999963e+07 2.181334925774841560e-02
1.245069790000000037e+07 2.176129801858980514e-02
1.242097280000000075e+07 2.170931998792617612e-02
1.239131869999999925e+07 2.165748837424706641e-02
1.236173540000000037e+07 2.160580317755929347e-02
1.233222269999999925e+07 2.155426439785602943e-02
1.230278040000000037e+07 2.150272561815549585e-02
1.227340850000000000e+07 2.145147967242945139e-02
1.224410659999999963e+07 2.140016051820841855e-02
1.221487480000000075e+07 2.134913419796596531e-02
1.218571269999999925e+07 2.129818108621440650e-02
1.215662019999999925e+07 2.124730118295782913e-02
1.212759719999999925e+07 2.119656769668849805e-02
1.209864350000000000e+07 2.114598062740777329e-02
1.206975890000000037e+07 2.109546676662066994e-02
1.204094330000000075e+07 2.104509932282217638e-02
1.201219650000000000e+07 2.099487829600955868e-02
1.198351830000000075e+07 2.094473047769328938e-02
1.195490859999999963e+07 2.089480228485652430e-02
1.192636709999999963e+07 2.084487409201975922e-02
1.189789380000000075e+07 2.079509231617296394e-02
1.186948850000000000e+07 2.074545695731204453e-02
1.184115100000000000e+07 2.069589480694611350e-02
1.181288119999999925e+07 2.064655228205968668e-02
1.178467880000000075e+07 2.059720975717598337e-02
1.175654380000000075e+07 2.054801364927952290e-02
1.172847600000000000e+07 2.049903716686393013e-02
1.170047509999999963e+07 2.045006068444833389e-02
1.167254109999999963e+07 2.040123061901998394e-02
1.164467380000000075e+07 2.035247376208798240e-02
1.161687309999999963e+07 2.030393653063548159e-02
1.158913869999999925e+07 2.025547250767660568e-02
1.156147050000000000e+07 2.020708169321270772e-02
1.153386840000000037e+07 2.015891050423104097e-02
1.150633209999999963e+07 2.011073931524801420e-02
1.147886159999999963e+07 2.006271454325359027e-02
1.145145669999999925e+07 2.001476297975142773e-02
1.142411730000000075e+07 1.996703104173421645e-02
1.139684309999999963e+07 1.991937231220790305e-02
1.136963400000000000e+07 1.987185999967019945e-02
1.134248980000000075e+07 1.982434768713385240e-02
1.131541050000000000e+07 1.977705500007700956e-02
1.128839580000000075e+07 1.972983552151651512e-02
1.126144559999999963e+07 1.968268925144691858e-02
1.123455980000000075e+07 1.963568939836865188e-02
1.120773819999999925e+07 1.958890917076852589e-02
1.118098050000000000e+07 1.954205573467613852e-02
1.115428680000000075e+07 1.949542192406598234e-02
1.112765680000000075e+07 1.944886132194944411e-02
1.110109040000000037e+07 1.940244713682015565e-02
1.107458740000000037e+07 1.935617936867947003e-02
1.104814759999999963e+07 1.930991160053742092e-02
1.102177100000000000e+07 1.926379024938397813e-02
1.099545740000000037e+07 1.921781531521914513e-02
1.096920659999999963e+07 1.917198679804018799e-02
1.094301840000000037e+07 1.912615828086259781e-02
1.091689280000000075e+07 1.908047618067361395e-02
1.089082959999999963e+07 1.903501370596413084e-02
1.086482850000000000e+07 1.898947802276238633e-02
1.083888959999999963e+07 1.894416196504150954e-02
1.081301259999999963e+07 1.889899232430787904e-02
1.078719730000000075e+07 1.885382268357697205e-02
1.076144369999999925e+07 1.880879945983058091e-02
1.073575159999999963e+07 1.876392265307279608e-02
1.071012080000000075e+07 1.871911905481136312e-02
1.068455119999999925e+07 1.867438866504082459e-02
1.065904269999999925e+07 1.862987790075251032e-02
1.063359500000000000e+07 1.858536713646556301e-02
1.060820809999999963e+07 1.854100278916449504e-02
1.058288180000000075e+07 1.849671165035977546e-02
1.055761600000000000e+07 1.845256692854093522e-02
1.053241050000000000e+07 1.840849541521707988e-02
1.050726519999999925e+07 1.836457031887910735e-02
1.048217990000000037e+07 1.832071843103747974e-02
1.045715450000000000e+07 1.827701296018173494e-02
1.043218880000000075e+07 1.823330748932735362e-02
1.040728280000000075e+07 1.818982164395519657e-02
1.038243619999999925e+07 1.814640900707393742e-02
1.035764890000000037e+07 1.810306957868902666e-02
1.033292080000000075e+07 1.805980335879773732e-02
1.030825180000000075e+07 1.801675676438867571e-02
1.028364159999999963e+07 1.797371016997825061e-02
1.025909019999999925e+07 1.793080999255506833e-02
1.023459740000000037e+07 1.788798302362823792e-02
1.021016309999999963e+07 1.784530247168728684e-02
1.018578709999999963e+07 1.780269512823995370e-02
1.016146930000000075e+07 1.776016099328897244e-02
1.013720959999999963e+07 1.771777327532250354e-02
1.011300780000000075e+07 1.767553197434737142e-02
1.008886369999999925e+07 1.763321746487452740e-02
1.006477740000000037e+07 1.759119578938025952e-02
1.004074850000000000e+07 1.754917411388463161e-02
1.001677700000000000e+07 1.750732813877450833e-02
9.992862660000000149e+06 1.777988053909769148e-02
9.969005470000000671e+06 1.837375219179148561e-02
9.945205230000000447e+06 1.896318602785578705e-02
9.921461810000000522e+06 1.954828215505964584e-02
9.897775080000000075e+06 2.020901005405670303e-02
9.874144900000000373e+06 2.093431192829402904e-02
9.850571130000000820e+06 2.160025827202477142e-02
9.827053650000000373e+06 2.214018590393239741e-02
9.803592310000000522e+06 2.267144742726796142e-02
9.780186980000000447e+06 2.319865128122729908e-02
9.756837529999999329e+06 2.372015014271332267e-02
9.733543830000000075e+06 2.420162409101832279e-02
9.710305740000000224e+06 2.466479038930807083e-02
9.687123130000000820e+06 2.512437466745846143e-02
9.663995859999999404e+06 2.558037597678882932e-02
9.640923810000000522e+06 2.603283675210149584e-02
9.617906839999999851e+06 2.648176665516393385e-02
9.594944820000000298e+06 2.692717416429614430e-02
9.572037630000000820e+06 2.736911493064754508e-02
9.549185119999999180e+06 2.780757400597859419e-02
9.526387169999999925e+06 2.824258317166847623e-02
9.503643650000000373e+06 2.867416249648651119e-02
9.480954429999999702e+06 2.910234494754732060e-02
9.458319369999999180e+06 2.952711177524798558e-02
9.435738359999999404e+06 2.995998128713249845e-02
9.413211259999999776e+06 3.042417325426746005e-02
9.390737929999999702e+06 3.088704961995844198e-02
9.368318269999999553e+06 3.134631071259501994e-02
9.345952119999999180e+06 3.180302560372437470e-02
9.323639380000000820e+06 3.230954312755415087e-02
9.301379900000000373e+06 3.284125744902624544e-02
9.279173570000000298e+06 3.336881792721816536e-02
9.257020250000000000e+06 3.389221933251776453e-02
9.234919820000000298e+06 3.441148511236431784e-02
9.212872160000000149e+06 3.492667066595181447e-02
9.190877130000000820e+06 3.543776887820733468e-02
9.168934609999999404e+06 3.594480295478719861e-02
9.147044480000000447e+06 3.644781284859751475e-02
9.125206609999999404e+06 3.694680559139355142e-02
9.103420880000000820e+06 3.744182151422219273e-02
9.081687160000000149e+06 3.793286695011470477e-02
9.060005330000000075e+06 3.841998260644780006e-02
9.038375259999999776e+06 3.892050679238856503e-02
9.016796830000000075e+06 3.948865520193931000e-02
8.995269910000000149e+06 4.006005495297712549e-02
8.973794400000000373e+06 4.062696630605314857e-02
8.952370150000000373e+06 4.118934147780768662e-02
8.930997050000000745e+06 4.174722509141636645e-02
8.909674980000000447e+06 4.230066322235090381e-02
8.888403810000000522e+06 4.284966269628239649e-02
8.867183419999999925e+06 4.339689111773694513e-02
8.846013699999999255e+06 4.399858152111527781e-02
8.824894519999999553e+06 4.461956649081050968e-02
8.803825759999999776e+06 4.523560560809931214e-02
8.782807300000000745e+06 4.584672777402389043e-02
8.761839019999999553e+06 4.645296179111337714e-02
8.740920800000000745e+06 4.705433636368020617e-02
8.720052519999999553e+06 4.765088009797721624e-02
8.699234060000000522e+06 4.824262150251187181e-02
8.678465300000000745e+06 4.886945277934705983e-02
8.657746130000000820e+06 4.954018760020955509e-02
8.637076419999999925e+06 5.020567338267009627e-02
8.616456060000000522e+06 5.086581269126921878e-02
8.595884939999999478e+06 5.152071148375446386e-02
8.575362919999999925e+06 5.217032724661172655e-02
8.554889890000000596e+06 5.281466379344584156e-02
8.534465750000000000e+06 5.345385507352333476e-02
8.514090359999999404e+06 5.409698670597258563e-02
8.493763619999999180e+06 5.481068283016372195e-02
8.473485410000000149e+06 5.553550837293479842e-02
8.453255619999999180e+06 5.625459008557334717e-02
8.433074109999999404e+06 5.696782367555948412e-02
8.412940789999999106e+06 5.767532562269174490e-02
8.392855539999999106e+06 5.837713056286340796e-02
8.372818240000000224e+06 5.907324325072921267e-02
8.352828780000000261e+06 5.976372659335673493e-02
8.332887040000000037e+06 6.048234104942790124e-02
8.312992910000000149e+06 6.124670140564313775e-02
8.293146269999999553e+06 6.200541678515276989e-02
8.273347019999999553e+06 6.275802580176829959e-02
8.253595040000000037e+06 6.350456579871152640e-02
8.233890209999999963e+06 6.425123861544038140e-02
8.214232429999999702e+06 6.506870621339072569e-02
8.194621580000000075e+06 6.590246419342399298e-02
8.175057540000000037e+06 6.672944109818551572e-02
8.155540219999999739e+06 6.754981176264859832e-02
8.136069490000000224e+06 6.836351282090756543e-02
8.116645250000000000e+06 6.917065297755399522e-02
8.097267379999999888e+06 6.997123647269508362e-02
8.077935769999999553e+06 7.076526491418162756e-02
8.058650320000000298e+06 7.155288705206311328e-02
8.039410900000000373e+06 7.236644640229347725e-02
8.020217429999999702e+06 7.329869373918017350e-02
8.001069769999999553e+06 7.423579093732385337e-02
7.981967830000000075e+06 7.516538901779870607e-02
7.962911490000000224e+06 7.608745422453752627e-02
7.943900650000000373e+06 7.700211042125619521e-02
7.924935190000000410e+06 7.790927976361659846e-02
7.906015019999999553e+06 7.880916990610645212e-02
7.887140009999999776e+06 7.970165893413068414e-02
7.868310070000000298e+06 8.058691561640031475e-02
7.849525080000000075e+06 8.150703456787097845e-02
7.830784940000000410e+06 8.259237237356804873e-02
7.812089540000000037e+06 8.368764127858398238e-02
7.793438769999999553e+06 8.477410222398215622e-02
7.774832530000000261e+06 8.585185153465504926e-02
7.756270709999999963e+06 8.692089423943481774e-02
7.737753209999999963e+06 8.798132769633876249e-02
7.719279919999999925e+06 8.903320386572997902e-02
7.700850730000000447e+06 9.007657452773781825e-02
7.682465530000000261e+06 9.111139125094665225e-02
7.664124230000000447e+06 9.213780141389381340e-02
7.645826719999999739e+06 9.315580490578392880e-02
7.627572900000000373e+06 9.416555420264213772e-02
7.609362650000000373e+06 9.516694474895295852e-02
7.591195879999999888e+06 9.616012868108576861e-02
7.573072480000000447e+06 9.714510250259678070e-02
7.554992349999999627e+06 9.812816120582279478e-02
7.536955379999999888e+06 9.922472952094335552e-02
7.518961480000000447e+06 1.003595381890306365e-01
7.501010530000000261e+06 1.014850265187882683e-01
7.483102440000000410e+06 1.026013031928677405e-01
7.465237110000000335e+06 1.037084805187960118e-01
7.447414429999999702e+06 1.048066150783219241e-01
7.429634290000000037e+06 1.059279728119254943e-01
7.411896610000000335e+06 1.070964867321589492e-01
7.394201269999999553e+06 1.082565058086214227e-01
7.376548179999999702e+06 1.094678771920297722e-01
7.358937240000000224e+06 1.107199703953303388e-01
7.341368339999999851e+06 1.119618555169126645e-01
7.323841379999999888e+06 1.131935276079127639e-01
7.306356269999999553e+06 1.144151092820619164e-01
7.288912910000000149e+06 1.156267941015272083e-01
7.271511179999999702e+06 1.168283098729963748e-01
7.254151009999999776e+06 1.180200486552337447e-01
7.236832280000000261e+06 1.192317136601397515e-01
7.219554889999999665e+06 1.205663683275078613e-01
7.202318759999999776e+06 1.219062858951251299e-01
7.185123769999999553e+06 1.232351128887038266e-01
7.167969839999999851e+06 1.245531270978337546e-01
7.150856860000000335e+06 1.258603234442776109e-01
7.133784730000000447e+06 1.271566167915143541e-01
7.116753370000000112e+06 1.284423688128424335e-01
7.099762660000000149e+06 1.297188388083221899e-01
7.082812519999999553e+06 1.310541063919488658e-01
7.065902849999999627e+06 1.324415390905108736e-01
7.049033549999999814e+06 1.338873003181749177e-01
7.032204519999999553e+06 1.353251585476747121e-01
7.015415669999999925e+06 1.367512349811716710e-01
6.998666900000000373e+06 1.381655181950162403e-01
6.981958120000000112e+06 1.395681598232284271e-01
6.965289230000000447e+06 1.409592311697356881e-01
6.948660129999999888e+06 1.423386306551243097e-01
6.932070740000000224e+06 1.437833470490900156e-01
6.915520950000000186e+06 1.453881024552599877e-01
6.899010669999999925e+06 1.469861659021797495e-01
6.882539809999999590e+06 1.485711897177528773e-01
6.866108269999999553e+06 1.501430698845051814e-01
6.849715969999999739e+06 1.517022505029181623e-01
6.833362790000000037e+06 1.532483481347140797e-01
6.817048660000000149e+06 1.547817153523725620e-01
6.800773480000000447e+06 1.563024314290475669e-01
6.784537150000000373e+06 1.578103793423079326e-01
6.768339589999999851e+06 1.593058268823845935e-01
6.752180700000000186e+06 1.607888525219768883e-01
6.736060379999999888e+06 1.622593315133090408e-01
6.719978549999999814e+06 1.637174352057472193e-01
6.703935120000000112e+06 1.651634442265963176e-01
6.687929980000000447e+06 1.666185120190409319e-01
6.671963059999999590e+06 1.682151778998091651e-01
6.656034259999999776e+06 1.698287783210257196e-01
6.640143490000000224e+06 1.714301558240532708e-01
6.624290650000000373e+06 1.730617478898159312e-01
6.608475669999999925e+06 1.747023389734776444e-01
6.592698440000000410e+06 1.763367968062768965e-01
6.576958870000000112e+06 1.779944863858214932e-01
6.561256889999999665e+06 1.796769075115959846e-01
6.545592389999999665e+06 1.813533096628633101e-01
6.529965290000000037e+06 1.830243094081541178e-01
6.514375490000000224e+06 1.847230399292706937e-01
6.498822919999999925e+06 1.864222838785660474e-01
6.483307480000000447e+06 1.881244242379423171e-01
6.467829080000000075e+06 1.898397491017326244e-01
6.452387629999999888e+06 1.915534090740098061e-01
6.436983049999999814e+06 1.932742534364106091e-01
6.421615240000000224e+06 1.949955623672060545e-01
6.406284129999999888e+06 1.967189486016679423e-01
6.390989610000000335e+06 1.984459816304077751e-01
6.375731620000000112e+06 2.002041228845599097e-01
6.360510040000000037e+06 2.019674500265290495e-01
6.345324809999999590e+06 2.037159169074024001e-01
6.330175839999999851e+06 2.054498881886519523e-01
6.315063019999999553e+06 2.071772760754753140e-01
6.299986290000000037e+06 2.089400248848685693e-01
6.284945559999999590e+06 2.107259421689198775e-01
6.269940730000000447e+06 2.125318717903632859e-01
6.254971730000000447e+06 2.143229550743387113e-01
6.240038459999999963e+06 2.160985811951696978e-01
6.225140849999999627e+06 2.178925761934661920e-01
6.210278799999999814e+06 2.197085132999535284e-01
6.195452230000000447e+06 2.215238986372084773e-01
6.180661070000000298e+06 2.233512835527337592e-01
6.165905209999999963e+06 2.252039581963586334e-01
6.151184580000000075e+06 2.270459947745711304e-01
6.136499099999999627e+06 2.288723768899196542e-01
6.121848679999999702e+06 2.307012374138488753e-01
6.107233230000000447e+06 2.325488242395273852e-01
6.092652679999999702e+06 2.344072378124059386e-01
6.078106940000000410e+06 2.362705527496201663e-01
6.063595919999999925e+06 2.381234213602262950e-01
6.049119549999999814e+06 2.399928323133924124e-01
6.034677740000000224e+06 2.418719278846878651e-01
6.020270410000000149e+06 2.437568397929302522e-01
6.005897469999999739e+06 2.456329054189282934e-01
5.991558849999999627e+06 2.475248947906391883e-01
5.977254459999999963e+06 2.494070569212657185e-01
5.962984230000000447e+06 2.512970376286287610e-01
5.948748059999999590e+06 2.531869563771866893e-01
5.934545879999999888e+06 2.550907662557029831e-01
5.920377599999999627e+06 2.569831116887690281e-01
5.906243150000000373e+06 2.588746361599164603e-01
5.892142450000000186e+06 2.607728805610752820e-01
5.878075410000000149e+06 2.626702459995702843e-01
5.864041950000000186e+06 2.645765410161740050e-01
5.850042000000000000e+06 2.664858681061189061e-01
5.836075469999999739e+06 2.684000724276378036e-01
5.822142290000000037e+06 2.703213424230729300e-01
5.808242370000000112e+06 2.722458643372508980e-01
5.794375639999999665e+06 2.741649416655675964e-01
5.780542009999999776e+06 2.760771978771471846e-01
5.766741410000000149e+06 2.779736000028699139e-01
5.752973750000000000e+06 2.798551994074700566e-01
5.739238969999999739e+06 2.817652376966052752e-01
5.725536969999999739e+06 2.836752526801564755e-01
5.711867690000000410e+06 2.855686353150354018e-01
5.698231040000000037e+06 2.874450730984621782e-01
5.684626950000000186e+06 2.893048767030983459e-01
5.671055339999999851e+06 2.911481498583819438e-01
5.657516129999999888e+06 2.930107206404603537e-01
5.644009240000000224e+06 2.949182486047824403e-01
5.630534599999999627e+06 2.968413597761211942e-01
5.617092129999999888e+06 2.987634450884957271e-01
5.603681750000000000e+06 3.006895810468602215e-01
5.590303389999999665e+06 3.026552369434445944e-01
5.576956969999999739e+06 3.046065413752155893e-01
5.563642410000000149e+06 3.065402971213416761e-01
5.550359639999999665e+06 3.084568397261400197e-01
5.537108580000000075e+06 3.104000190393754743e-01
5.523889160000000149e+06 3.123967292834474718e-01
5.510701299999999814e+06 3.143766892219901354e-01
5.497544919999999925e+06 3.163388013628827267e-01
5.484419950000000186e+06 3.182831701284479786e-01
5.471326320000000298e+06 3.202103919288344924e-01
5.458263940000000410e+06 3.221206536778910001e-01
5.445232759999999776e+06 3.240454571157063146e-01
5.432232679999999702e+06 3.259669402114814263e-01
5.419263639999999665e+06 3.278711300391601857e-01
5.406325559999999590e+06 3.297610805814827351e-01
5.393418370000000112e+06 3.316520637076821876e-01
5.380542000000000000e+06 3.335394839367557540e-01
5.367696370000000112e+06 3.354197476339702000e-01
5.354881400000000373e+06 3.373072799912886222e-01
5.342097030000000261e+06 3.391919542485382078e-01
5.329343179999999702e+06 3.410589552364221011e-01
5.316619790000000037e+06 3.429257698653081499e-01
5.303926759999999776e+06 3.448104203758177722e-01
5.291264040000000037e+06 3.466872457707013688e-01
5.278631549999999814e+06 3.485781114153417848e-01
5.266029230000000447e+06 3.504584579786660381e-01
5.253456980000000447e+06 3.523706163446684303e-01
5.240914759999999776e+06 3.542886653953580267e-01
5.228402469999999739e+06 3.561950871888439618e-01
5.215920059999999590e+06 3.581544673583701988e-01
5.203467450000000186e+06 3.601428355897814404e-01
5.191044570000000298e+06 3.621699295619957293e-01
5.178651349999999627e+06 3.642237999407647586e-01
5.166287719999999739e+06 3.663066702019180942e-01
5.153953599999999627e+06 3.684140364777463983e-01
5.141648929999999702e+06 3.705448124100349516e-01
5.129373629999999888e+06 3.726974646283351400e-01
5.117127650000000373e+06 3.748520638950461614e-01
5.104910900000000373e+06 3.770338114834412835e-01
5.092723309999999590e+06 3.792212224958208533e-01
5.080564830000000075e+06 3.814289305196265079e-01
5.068435370000000112e+06 3.836220920963530068e-01
5.056334860000000335e+06 3.858408932242289313e-01
5.044263250000000000e+06 3.880849721093230231e-01
5.032220459999999963e+06 3.903117216195431394e-01
5.020206419999999925e+06 3.925396634173260457e-01
5.008221059999999590e+06 3.948038529004502251e-01
4.996264309999999590e+06 3.970785864091753159e-01
4.984336110000000335e+06 3.993744335493262798e-01
4.972436389999999665e+06 4.016592895314892164e-01
4.960565080000000075e+06 4.039365856640693142e-01
4.948722110000000335e+06 4.062086638976477593e-01
4.936907419999999925e+06 4.084603443045092819e-01
4.925120929999999702e+06 4.106994269171778122e-01
4.913362580000000075e+06 4.129350362773925864e-01
4.901632299999999814e+06 4.151503392030788109e-01
4.889930030000000261e+06 4.173667627840352834e-01
4.878255690000000410e+06 4.196017537719042845e-01
4.866609230000000447e+06 4.218189911785330537e-01
4.854990570000000298e+06 4.240151005484588120e-01
4.843399660000000149e+06 4.262119107546965546e-01
4.831836410000000149e+06 4.284218100095247284e-01
4.820300769999999553e+06 4.306317298235904922e-01
4.808792669999999925e+06 4.328259013626819529e-01
4.797312040000000037e+06 4.350500584759080525e-01
4.785858830000000075e+06 4.372837062711033562e-01
4.774432959999999963e+06 4.395123084371723721e-01
4.763034360000000335e+06 4.417457952193069581e-01
4.751662980000000447e+06 4.439676169787559745e-01
4.740318750000000000e+06 4.461861763682427040e-01
4.729001599999999627e+06 4.483942204871810278e-01
4.717711469999999739e+06 4.506107273350756781e-01
4.706448299999999814e+06 4.528232538940527574e-01
4.695212009999999776e+06 4.550487238264025458e-01
4.684002549999999814e+06 4.572760488325733896e-01
4.672819860000000335e+06 4.595002614129106711e-01
4.661663860000000335e+06 4.617235384104204643e-01
4.650534490000000224e+06 4.639473209054586489e-01
4.639431690000000410e+06 4.661737229306514574e-01
4.628355410000000149e+06 4.683884776808804884e-01
4.617305559999999590e+06 4.706070930204114822e-01
4.606282099999999627e+06 4.728281583142301403e-01
4.595284950000000186e+06 4.750590474354908777e-01
4.584314059999999590e+06 4.773100719826481320e-01
4.573369360000000335e+06 4.795567268342039724e-01
4.562450790000000037e+06 4.817945250346769015e-01
4.551558290000000037e+06 4.840128918561987792e-01
4.540691790000000037e+06 4.862318688026648905e-01
4.529851240000000224e+06 4.884493956738159559e-01
4.519036559999999590e+06 4.906608860160884822e-01
4.508247709999999963e+06 4.928703122765991096e-01
4.497484610000000335e+06 4.950872981540632711e-01
4.486747209999999963e+06 4.973059261980930512e-01
4.476035450000000186e+06 4.995375820452906401e-01
4.465349250000000000e+06 5.017604403539325242e-01
4.454688570000000298e+06 5.039883486201229834e-01
4.444053349999999627e+06 5.062126491125332750e-01
4.433443509999999776e+06 5.084375624162709162e-01
4.422859000000000000e+06 5.106629663100502592e-01
4.412299759999999776e+06 5.128872175748114826e-01
4.401765730000000447e+06 5.151129283379191071e-01
4.391256860000000335e+06 5.173609153952758444e-01
4.380773070000000298e+06 5.196076466687559181e-01
4.370314309999999590e+06 5.218451394855478931e-01
4.359880509999999776e+06 5.240724454382276187e-01
4.349471629999999888e+06 5.263127244147906003e-01
4.339087599999999627e+06 5.285430691525541125e-01
4.328728360000000335e+06 5.307558847713454986e-01
4.318393849999999627e+06 5.329650279635577137e-01
4.308084019999999553e+06 5.351795308658361394e-01
4.297798799999999814e+06 5.373889483703249148e-01
4.287538129999999888e+06 5.395963519461421942e-01
4.277301959999999963e+06 5.418006854933875571e-01
4.267090230000000447e+06 5.440053581331797394e-01
4.256902879999999888e+06 5.462030446717105470e-01
4.246739849999999627e+06 5.483983029946293275e-01
4.236601080000000075e+06 5.505931776764083629e-01
4.226486519999999553e+06 5.527848690615285721e-01
4.216396110000000335e+06 5.549752654398246721e-01
4.206329790000000037e+06 5.571614668254573077e-01
4.196287490000000224e+06 5.593709774197277440e-01
4.186269180000000168e+06 5.615801597481416829e-01
4.176274779999999795e+06 5.637771303214647034e-01
4.166304250000000000e+06 5.659820340632131241e-01
4.156357509999999776e+06 5.681812111861698211e-01
4.146434529999999795e+06 5.703733553881636942e-01
4.136535229999999981e+06 5.725605543077758597e-01
4.126659569999999832e+06 5.747389827399818074e-01
4.116807490000000224e+06 5.769191194514238230e-01
4.106978919999999925e+06 5.790946009115947035e-01
4.097173819999999832e+06 5.812703378752954730e-01
4.087392140000000130e+06 5.834418925599260675e-01
4.077633799999999814e+06 5.856013550544145740e-01
4.067898759999999776e+06 5.877658869597957025e-01
4.058186959999999963e+06 5.899233600615952922e-01
4.048498350000000093e+06 5.920803511841191691e-01
4.038832870000000112e+06 5.942323494814344409e-01
4.029190470000000205e+06 5.963791086121552620e-01
4.019571080000000075e+06 5.985176453836312804e-01
4.009974660000000149e+06 6.006759429285636331e-01
4.000401160000000149e+06 6.028713080029868276e-01
3.990850509999999776e+06 6.050453147949157451e-01
3.981322649999999907e+06 6.071953514094819981e-01
3.971817549999999814e+06 6.093241028793126013e-01
3.962335140000000130e+06 6.114304397974339444e-01
3.952875370000000112e+06 6.135165353750869910e-01
3.943438180000000168e+06 6.156146899575150044e-01
3.934023520000000019e+06 6.177139005100769076e-01
3.924631339999999851e+06 6.198226411956153648e-01
3.915261589999999851e+06 6.219239140620074213e-01
3.905914200000000186e+06 6.240221208359352234e-01
3.896589129999999888e+06 6.261158952931765720e-01
3.887286319999999832e+06 6.282056209177875328e-01
3.878005720000000205e+06 6.302838915232253925e-01
3.868747279999999795e+06 6.323602780312320704e-01
3.859510939999999944e+06 6.344305318327203569e-01
3.850296649999999907e+06 6.364924873444370856e-01
3.841104359999999870e+06 6.385543425432721465e-01
3.831934020000000019e+06 6.406237961830890670e-01
3.822785569999999832e+06 6.426849209005093266e-01
3.813658959999999963e+06 6.447326681885748867e-01
3.804554140000000130e+06 6.467794124703438730e-01
3.795471060000000056e+06 6.488291700230022219e-01
3.786409669999999925e+06 6.508728484674207726e-01
3.777369899999999907e+06 6.529132775388002408e-01
3.768351720000000205e+06 6.549530470142472804e-01
3.759355069999999832e+06 6.569808760849952245e-01
3.750379899999999907e+06 6.590182474685075675e-01
3.741426149999999907e+06 6.610632070277582262e-01
3.732493779999999795e+06 6.631073052837802573e-01
3.723582740000000224e+06 6.651314042019653705e-01
3.714692970000000205e+06 6.671397469714110962e-01
3.705824419999999925e+06 6.691481763751570000e-01
3.696977049999999814e+06 6.711533702826414372e-01
3.688150799999999814e+06 6.731490694253966511e-01
3.679345620000000112e+06 6.751385625097442444e-01
3.670561470000000205e+06 6.771253732456027352e-01
3.661798279999999795e+06 6.791019810115426214e-01
3.653056020000000019e+06 6.810764685936659957e-01
3.644334629999999888e+06 6.830652669769875507e-01
3.635634060000000056e+06 6.850475978220821327e-01
3.626954259999999776e+06 6.870220349746901656e-01
3.618295180000000168e+06 6.889798479293653966e-01
3.609656779999999795e+06 6.909449617389099574e-01
3.601039000000000000e+06 6.929183974657977529e-01
3.592441799999999814e+06 6.948725634248987815e-01
3.583865120000000112e+06 6.968133930854484293e-01
3.575308910000000149e+06 6.987551337439925625e-01
3.566773129999999888e+06 7.006808434165567867e-01
3.558257740000000224e+06 7.026080228790934079e-01
3.549762669999999925e+06 7.045485545139815731e-01
3.541287879999999888e+06 7.064832317365768999e-01
3.532833330000000075e+06 7.083944623358974235e-01
3.524398959999999963e+06 7.102898093267103752e-01
3.515984729999999981e+06 7.121911626743886448e-01
3.507590580000000075e+06 7.140927098691487451e-01
3.499216479999999981e+06 7.159741035891822314e-01
3.490862359999999870e+06 7.178242815407412936e-01
3.482528200000000186e+06 7.196645992647345835e-01
3.474213930000000168e+06 7.214987883933072776e-01
3.465919509999999776e+06 7.233247064904728685e-01
3.457644890000000130e+06 7.251267027341894433e-01
3.449390029999999795e+06 7.269053634955437992e-01
3.441154870000000112e+06 7.286619934311404645e-01
3.432939379999999888e+06 7.303990369862229937e-01
3.424743500000000000e+06 7.321275281100204646e-01
3.416567189999999944e+06 7.338462532760400281e-01
3.408410390000000130e+06 7.355526166601377147e-01
3.400273069999999832e+06 7.372610019819660909e-01
3.392155180000000168e+06 7.389724182140181563e-01
3.384056669999999925e+06 7.406686038895687885e-01
3.375977490000000224e+06 7.423466962148183024e-01
3.367917609999999870e+06 7.440105392997005129e-01
3.359876959999999963e+06 7.456564062887014455e-01
3.351855509999999776e+06 7.472832152063507705e-01
3.343853209999999963e+06 7.488936912970302062e-01
3.335870020000000019e+06 7.504925632023896620e-01
3.327905879999999888e+06 7.520774925273406852e-01
3.319960759999999776e+06 7.536533030945515854e-01
3.312034609999999870e+06 7.552142274963475899e-01
3.304127379999999888e+06 7.567629578582926175e-01
3.296239029999999795e+06 7.583037047375992268e-01
3.288369509999999776e+06 7.598353696784370115e-01
3.280518779999999795e+06 7.613520037839907051e-01
3.272686790000000037e+06 7.628604660785650582e-01
3.264873500000000000e+06 7.643627546146670726e-01
3.257078870000000112e+06 7.658548907255895433e-01
3.249302839999999851e+06 7.673317410326503385e-01
3.241545379999999888e+06 7.688056024964528001e-01
3.233806439999999944e+06 7.702736158143953515e-01
3.226085970000000205e+06 7.717224680670955461e-01
3.218383939999999944e+06 7.731691952232003784e-01
3.210700290000000037e+06 7.746038259338126064e-01
3.203034990000000224e+06 7.760508665313728960e-01
3.195387990000000224e+06 7.775337026471074164e-01
3.187759250000000000e+06 7.790105440995392927e-01
3.180148709999999963e+06 7.804663924490207183e-01
3.172556350000000093e+06 7.819072355047574918e-01
3.164982120000000112e+06 7.833345934670485899e-01
3.157425959999999963e+06 7.847430364576954975e-01
3.149887850000000093e+06 7.861364147846389150e-01
3.142367729999999981e+06 7.875141056172137999e-01
3.134865569999999832e+06 7.888789164906195861e-01
3.127381319999999832e+06 7.902268930612790232e-01
3.119914939999999944e+06 7.915712556785989840e-01
3.112466379999999888e+06 7.929013202757873024e-01
3.105035600000000093e+06 7.942182436122877665e-01
3.097622569999999832e+06 7.955257531918040748e-01
3.090227229999999981e+06 7.968214417930887805e-01
3.082849549999999814e+06 7.981104831368962538e-01
3.075489479999999981e+06 7.993878826591104270e-01
3.068146990000000224e+06 8.006526585222951686e-01
3.060822020000000019e+06 8.019078892589532881e-01
3.053514540000000037e+06 8.031541006803268878e-01
3.046224509999999776e+06 8.043907106441965382e-01
3.038951879999999888e+06 8.056212014819753575e-01
3.031696620000000112e+06 8.068418041839393595e-01
3.024458669999999925e+06 8.080463035147918971e-01
3.017238009999999776e+06 8.092436152276227812e-01
3.010034580000000075e+06 8.104383751986442563e-01
3.002848359999999870e+06 8.116414430531290192e-01
2.995679279999999795e+06 8.128493845182149791e-01
2.988527330000000075e+06 8.140618554980590948e-01
2.981392450000000186e+06 8.152558487124172970e-01
2.974274600000000093e+06 8.164253090705260174e-01
2.967173750000000000e+06 8.175761533734440256e-01
2.960089850000000093e+06 8.187101213156232626e-01
2.953022859999999870e+06 8.198427635692734361e-01
2.945972740000000224e+06 8.209793870552462014e-01
2.938939459999999963e+06 8.220962304749536154e-01
2.931922970000000205e+06 8.231975048911666093e-01
2.924923229999999981e+06 8.242842208749244781e-01
2.917940189999999944e+06 8.253541691073239539e-01
2.910973839999999851e+06 8.264088968787661749e-01
2.904024109999999870e+06 8.274541018469656617e-01
2.897090970000000205e+06 8.284804576822855093e-01
2.890174390000000130e+06 8.294980460239622655e-01
2.883274319999999832e+06 8.305049099212961083e-01
2.876390720000000205e+06 8.314915767888936271e-01
2.869523560000000056e+06 8.324722795524825969e-01
2.862672790000000037e+06 8.334408013394447590e-01
2.855838379999999888e+06 8.344005947377178822e-01
2.849020279999999795e+06 8.353440378065724037e-01
2.842218470000000205e+06 8.362845498818349821e-01
2.835432890000000130e+06 8.372141266136635673e-01
2.828663509999999776e+06 8.381307364101270307e-01
2.821910290000000037e+06 8.390374939107488883e-01
2.815173189999999944e+06 8.399352372277402168e-01
2.808452180000000168e+06 8.408217011604683933e-01
2.801747220000000205e+06 8.417184547754321677e-01
2.795058259999999776e+06 8.426457265801424734e-01
2.788385270000000019e+06 8.435740477328892428e-01
2.781728220000000205e+06 8.445075468315856870e-01
2.775087049999999814e+06 8.454313411506184650e-01
2.768461750000000000e+06 8.463662253669532731e-01
2.761852250000000000e+06 8.472932888117346018e-01
2.755258540000000037e+06 8.482257910889147157e-01
2.748680569999999832e+06 8.491530885114411120e-01
2.742118310000000056e+06 8.500759453054067549e-01
2.735571709999999963e+06 8.509960540485639324e-01
2.729040740000000224e+06 8.519102304393071368e-01
2.722525370000000112e+06 8.528181627725359704e-01
2.716025549999999814e+06 8.537167962064640125e-01
2.709541240000000224e+06 8.546120132185426321e-01
2.703072419999999925e+06 8.555008196919464680e-01
2.696619040000000037e+06 8.563770915205128897e-01
2.690181069999999832e+06 8.572417915239817221e-01
2.683758470000000205e+06 8.581062923286326694e-01
2.677351200000000186e+06 8.589646386644427256e-01
2.670959229999999981e+06 8.598095458117420709e-01
2.664582520000000019e+06 8.606480047533368039e-01
2.658221029999999795e+06 8.614751558119981834e-01
2.651874729999999981e+06 8.622927173860883698e-01
2.645543580000000075e+06 8.631017816208683691e-01
2.639227549999999814e+06 8.639026676080173717e-01
2.632926600000000093e+06 8.646941002687466016e-01
2.626640689999999944e+06 8.654776309179393889e-01
2.620369779999999795e+06 8.662515672087308660e-01
2.614113850000000093e+06 8.670181255635523998e-01
2.607872850000000093e+06 8.677706022129556551e-01
2.601646759999999776e+06 8.685366055272693009e-01
2.595435520000000019e+06 8.693385479093531654e-01
2.589239120000000112e+06 8.701447248671694279e-01
2.583057509999999776e+06 8.709462050749953166e-01
2.576890660000000149e+06 8.717441619267988218e-01
2.570738529999999795e+06 8.725359522206889151e-01
2.564601089999999851e+06 8.733275888239416807e-01
2.558478299999999814e+06 8.741087090559150896e-01
2.552370129999999888e+06 8.748894215960192344e-01
2.546276540000000037e+06 8.756629445924897226e-01
2.540197500000000000e+06 8.764302758761642886e-01
2.534132970000000205e+06 8.771890240954757223e-01
2.528082919999999925e+06 8.779383373029876481e-01
2.522047319999999832e+06 8.786861121654210294e-01
2.516026120000000112e+06 8.794227650628683168e-01
2.510019299999999814e+06 8.801494037713313290e-01
2.504026819999999832e+06 8.808762221107633295e-01
2.498048649999999907e+06 8.816216999709082236e-01
2.492084750000000000e+06 8.823522853615985984e-01
2.486135089999999851e+06 8.830595393597033826e-01
2.480199629999999888e+06 8.837439359331704658e-01
2.474278339999999851e+06 8.844013022877416086e-01
2.468371189999999944e+06 8.850324718226922904e-01
2.462478149999999907e+06 8.856355435135815357e-01
2.456599169999999925e+06 8.862182009563940310e-01
2.450734229999999981e+06 8.867865320281356212e-01
2.444883279999999795e+06 8.873351784811898124e-01
2.439046310000000056e+06 8.878691811846471937e-01
2.433223279999999795e+06 8.883914814251970826e-01
2.427414140000000130e+06 8.888956833272811942e-01
2.421618879999999888e+06 8.893859651355801033e-01
2.415837450000000186e+06 8.898670179581714690e-01
2.410069819999999832e+06 8.903349552110546572e-01
2.404315959999999963e+06 8.907928840998816655e-01
2.398575839999999851e+06 8.912686473552082767e-01
2.392849419999999925e+06 8.917432850017216195e-01
2.387136680000000168e+06 8.922135879550618931e-01
2.381437569999999832e+06 8.926713848052350020e-01
2.375752069999999832e+06 8.931265416695683967e-01
2.370080149999999907e+06 8.935832688483020814e-01
2.364421759999999776e+06 8.940252519729473546e-01
2.358776890000000130e+06 8.944639087640547936e-01
2.353145490000000224e+06 8.948957417162377581e-01
2.347527529999999795e+06 8.953152355119455841e-01
2.341922990000000224e+06 8.957328213725359589e-01
2.336331830000000075e+06 8.961393267659992778e-01
2.330754009999999776e+06 8.965351397062637506e-01
2.325189520000000019e+06 8.969279304174451184e-01
2.319638299999999814e+06 8.973083250525484278e-01
2.314100350000000093e+06 8.976834200031363897e-01
2.308575609999999870e+06 8.980649939686761174e-01
2.303064060000000056e+06 8.984490589785519843e-01
2.297565669999999925e+06 8.988310829818633163e-01
2.292080410000000149e+06 8.992058731775472991e-01
2.286608240000000224e+06 8.995798552762903633e-01
2.281149140000000130e+06 8.999504629330962180e-01
2.275703069999999832e+06 9.003149544640313140e-01
2.270270000000000000e+06 9.006774601924958379e-01
2.264849910000000149e+06 9.010382584354250657e-01
2.259442750000000000e+06 9.013900239955563443e-01
2.254048500000000000e+06 9.017344254361214784e-01
2.248667140000000130e+06 9.020709515066283046e-01
2.243298620000000112e+06 9.024046715125894069e-01
2.237942910000000149e+06 9.027278119045007987e-01
2.232599990000000224e+06 9.030431207174557384e-01
2.227269830000000075e+06 9.033491540451977775e-01
2.221952399999999907e+06 9.036473364881814074e-01
2.216647649999999907e+06 9.039374359207564824e-01
2.211355580000000075e+06 9.042228633622608758e-01
2.206076140000000130e+06 9.044983833710272814e-01
2.200809299999999814e+06 9.047733430136648547e-01
2.195555029999999795e+06 9.050509438197579248e-01
2.190313310000000056e+06 9.053250924543581046e-01
2.185084109999999870e+06 9.055986723527011950e-01
2.179867390000000130e+06 9.058715451470989999e-01
2.174663120000000112e+06 9.061391864511669780e-01
2.169471279999999795e+06 9.064052157320632297e-01
2.164291830000000075e+06 9.066678038528565020e-01
2.159124750000000000e+06 9.069306619488756160e-01
2.153970009999999776e+06 9.071921491796264281e-01
2.148827569999999832e+06 9.074583911316912443e-01
2.143697410000000149e+06 9.077292275052570858e-01
2.138579490000000224e+06 9.079993828349279816e-01
2.133473799999999814e+06 9.082745868473642847e-01
2.128380290000000037e+06 9.085511013001250635e-01
2.123298950000000186e+06 9.088338321900396588e-01
2.118229729999999981e+06 9.091058879421409777e-01
2.113172620000000112e+06 9.093836361662281931e-01
2.108127580000000075e+06 9.096538671284714050e-01
2.103094589999999851e+06 9.099177585531557089e-01
2.098073609999999870e+06 9.101775250946744222e-01
2.093064620000000112e+06 9.104319289148815608e-01
2.088067590000000084e+06 9.106767376343132270e-01
2.083082489999999991e+06 9.109247652711506271e-01
2.078109290000000037e+06 9.111593730223188636e-01
2.073147959999999963e+06 9.113851146131844994e-01
2.068198479999999981e+06 9.116084492449192389e-01
2.063260810000000056e+06 9.118164333381174602e-01
2.058334939999999944e+06 9.120175062441867597e-01
2.053420820000000065e+06 9.122112521135670171e-01
2.048518429999999935e+06 9.124001743319332114e-01
2.043627750000000000e+06 9.125795333122947994e-01
2.038748750000000000e+06 9.127543527560469938e-01
2.033881389999999898e+06 9.129151511472863856e-01
2.029025649999999907e+06 9.130686293204290926e-01
2.024181510000000009e+06 9.132121618253277173e-01
2.019348929999999935e+06 9.133463065961090477e-01
2.014527889999999898e+06 9.134785005587230389e-01
2.009718360000000102e+06 9.135974633540167034e-01
2.004920310000000056e+06 9.137072826014417393e-01
2.000133719999999972e+06 9.138117366328818436e-01
1.995358550000000047e+06 9.139087670210456205e-01
1.990594780000000028e+06 9.140200825744012603e-01
1.985842389999999898e+06 9.141363003970754963e-01
1.981101340000000084e+06 9.142581982089030834e-01
1.976371620000000112e+06 9.143904607718090771e-01
1.971653179999999935e+06 9.145345326721717738e-01
1.966946010000000009e+06 9.146892307124228072e-01
1.962250080000000075e+06 9.148465783541616103e-01
1.957565350000000093e+06 9.150026267308404293e-01
1.952891820000000065e+06 9.151594732973216129e-01
1.948229439999999944e+06 9.153131260330775731e-01
1.943578189999999944e+06 9.154631727962492249e-01
1.938938040000000037e+06 9.156096040049815921e-01
1.934308979999999981e+06 9.157548046794430352e-01
1.929690959999999963e+06 9.158912576403279715e-01
1.925083969999999972e+06 9.160216387467287058e-01
1.920487979999999981e+06 9.161482050852194359e-01
1.915902959999999963e+06 9.162650927727943317e-01
1.911328889999999898e+06 9.163790302261076715e-01
1.906765739999999991e+06 9.164829251474680971e-01
1.902213479999999981e+06 9.165780829260471441e-01
1.897672090000000084e+06 9.166701091534673607e-01
1.893141550000000047e+06 9.167530132398421516e-01
1.888621820000000065e+06 9.168279243749516416e-01
1.884112879999999888e+06 9.168969184546879037e-01
1.879614699999999953e+06 9.169579675789903961e-01
1.875127260000000009e+06 9.170059147592819482e-01
1.870650540000000037e+06 9.170484780218560728e-01
1.866184510000000009e+06 9.170858080266657275e-01
1.861729129999999888e+06 9.171105849151774958e-01
1.857284399999999907e+06 9.171323412442469181e-01
1.852850270000000019e+06 9.171453399016019636e-01
1.848426739999999991e+06 9.171660506126249057e-01
1.844013760000000009e+06 9.171839606056292338e-01
1.839611320000000065e+06 9.172079903134605638e-01
1.835219379999999888e+06 9.172353167543267904e-01
1.830837939999999944e+06 9.172674600543975210e-01
1.826466949999999953e+06 9.173023793440068241e-01
1.822106399999999907e+06 9.173364873234303163e-01
1.817756260000000009e+06 9.173651149519852499e-01
1.813416510000000009e+06 9.173917351093090478e-01
1.809087120000000112e+06 9.174151069645212209e-01
1.804768060000000056e+06 9.174326159908305911e-01
1.800459310000000056e+06 9.174423702263860836e-01
1.796160850000000093e+06 9.174493463924677794e-01
1.791872659999999916e+06 9.174652049880862581e-01
1.787594699999999953e+06 9.174748079069179330e-01
1.783326949999999953e+06 9.174847931788910893e-01
1.779069399999999907e+06 9.175015063737100851e-01
1.774822000000000000e+06 9.175163605615567208e-01
1.770584750000000000e+06 9.175341128936206347e-01
1.766357620000000112e+06 9.175555412626640317e-01
1.762140570000000065e+06 9.175671875429819435e-01
1.757933600000000093e+06 9.175759876035063378e-01
1.753736669999999925e+06 9.175853244261331643e-01
1.749549750000000000e+06 9.175768686255129092e-01
1.745372840000000084e+06 9.175775798931772309e-01
1.741205889999999898e+06 9.175577481974586114e-01
1.737048899999999907e+06 9.175349439476673252e-01
1.732901830000000075e+06 9.175038639879561364e-01
1.728764649999999907e+06 9.174548625842743332e-01
1.724637360000000102e+06 9.174001665058849619e-01
1.720519919999999925e+06 9.173288790169410456e-01
1.716412310000000056e+06 9.172478254897542538e-01
1.712314510000000009e+06 9.171592493337876739e-01
1.708226489999999991e+06 9.170663122442035409e-01
1.704148229999999981e+06 9.169596647496156550e-01
1.700079709999999963e+06 9.168424715353656884e-01
1.696020889999999898e+06 9.167081184168667241e-01
1.691971770000000019e+06 9.165626871486831639e-01
1.687932320000000065e+06 9.164160690697721323e-01
1.683902510000000009e+06 9.162561631894730052e-01
1.679882320000000065e+06 9.160904523113606590e-01
1.675871729999999981e+06 9.159113642361412788e-01
1.671870719999999972e+06 9.157304650694263470e-01
1.667879250000000000e+06 9.155368429765098348e-01
1.663897320000000065e+06 9.153347608664632595e-01
1.659924889999999898e+06 9.151297455383196056e-01
1.655961949999999953e+06 9.149137498006156832e-01
1.652008469999999972e+06 9.146923323120537130e-01
1.648064419999999925e+06 9.144591041506808793e-01
1.644129790000000037e+06 9.142178858993712520e-01
1.640204560000000056e+06 9.139735593997182495e-01
1.636288699999999953e+06 9.137230236570731412e-01
1.632382179999999935e+06 9.134560980485709747e-01
1.628485000000000000e+06 9.131908395663899114e-01
1.624597110000000102e+06 9.129127827185918864e-01
1.620718510000000009e+06 9.126305916148914621e-01
1.616849169999999925e+06 9.123426806994604510e-01
1.612989070000000065e+06 9.120456742983018561e-01
1.609138179999999935e+06 9.117421641697587287e-01
1.605296479999999981e+06 9.114224994933683988e-01
1.601463959999999963e+06 9.111053137563974724e-01
1.597640590000000084e+06 9.107771951402006128e-01
1.593826340000000084e+06 9.104309202261463563e-01
1.590021199999999953e+06 9.100774412121557244e-01
1.586225149999999907e+06 9.097191365721986056e-01
1.582438159999999916e+06 9.093538545055479538e-01
1.578660209999999963e+06 9.089864834478142974e-01
1.574891280000000028e+06 9.086068204698375395e-01
1.571131350000000093e+06 9.082299741787495106e-01
1.567380389999999898e+06 9.078369976345361803e-01
1.563638389999999898e+06 9.074437905163836859e-01
1.559905320000000065e+06 9.070418096209293957e-01
1.556181169999999925e+06 9.066355166090820372e-01
1.552465899999999907e+06 9.062177947084009144e-01
1.548759510000000009e+06 9.057938401705019071e-01
1.545061969999999972e+06 9.053649538077828129e-01
1.541373250000000000e+06 9.049315476716340845e-01
1.537693340000000084e+06 9.044900536954398884e-01
1.534022209999999963e+06 9.040377398816237253e-01
1.530359850000000093e+06 9.035851109679637894e-01
1.526706229999999981e+06 9.031249108868799613e-01
1.523061340000000084e+06 9.026535254283664100e-01
1.519425149999999907e+06 9.021797916986374899e-01
1.515797639999999898e+06 9.016989063932355775e-01
1.512178790000000037e+06 9.012162538994152872e-01
1.508568570000000065e+06 9.007198665955836736e-01
1.504966979999999981e+06 9.002173519042525607e-01
1.501373989999999991e+06 8.997014638841750456e-01
1.497789570000000065e+06 8.991452843417350183e-01
1.494213719999999972e+06 8.985845154113510924e-01
1.490646389999999898e+06 8.980178404292531447e-01
1.487087590000000084e+06 8.974513513167844403e-01
1.483537280000000028e+06 8.968818386971197931e-01
1.479995449999999953e+06 8.963137222139156979e-01
1.476462070000000065e+06 8.957420544403792428e-01
1.472937129999999888e+06 8.951673838854016241e-01
1.469420610000000102e+06 8.945916731986501835e-01
1.465912479999999981e+06 8.940077913468357229e-01
1.462412729999999981e+06 8.934252214604385678e-01
1.458921330000000075e+06 8.928396359886729972e-01
1.455438260000000009e+06 8.922416838449878096e-01
1.451963520000000019e+06 8.916466079195027872e-01
1.448497060000000056e+06 8.910336902731839093e-01
1.445038889999999898e+06 8.903829163540707414e-01
1.441588969999999972e+06 8.897115255183222216e-01
1.438147290000000037e+06 8.890466976717608105e-01
1.434713820000000065e+06 8.883741283851338544e-01
1.431288550000000047e+06 8.877024308014894727e-01
1.427871459999999963e+06 8.870383095501764847e-01
1.424462520000000019e+06 8.863652833095589934e-01
1.421061729999999981e+06 8.856997990603107107e-01
1.417669050000000047e+06 8.850273408176763112e-01
1.414284479999999981e+06 8.843544298383371194e-01
1.410907979999999981e+06 8.836755048504617571e-01
1.407539540000000037e+06 8.829945924888554787e-01
1.404179149999999907e+06 8.823085096903362512e-01
1.400826780000000028e+06 8.815938280908814928e-01
1.397482409999999916e+06 8.808098516926257116e-01
1.394146030000000028e+06 8.800317758481380759e-01
1.390817620000000112e+06 8.792669838188014175e-01
1.387497139999999898e+06 8.785012996731265122e-01
1.384184600000000093e+06 8.777508879792627061e-01
1.380879969999999972e+06 8.770087762980877111e-01
1.377583219999999972e+06 8.762759548277581079e-01
1.374294350000000093e+06 8.755519646976126502e-01
1.371013320000000065e+06 8.748250854719767933e-01
1.367740129999999888e+06 8.741007546667817207e-01
1.364474760000000009e+06 8.733763038747852647e-01
1.361217179999999935e+06 8.726519187768695396e-01
1.357967379999999888e+06 8.719228304704054189e-01
1.354725340000000084e+06 8.712014190243436706e-01
1.351491030000000028e+06 8.704697350390462329e-01
1.348264449999999953e+06 8.697371909408443402e-01
1.345045570000000065e+06 8.689982337269214208e-01
1.341834379999999888e+06 8.682606179842852212e-01
1.338630850000000093e+06 8.675148229151066204e-01
1.335434969999999972e+06 8.667651382502278290e-01
1.332246719999999972e+06 8.660146019019285824e-01
1.329066090000000084e+06 8.652605883187443059e-01
1.325893040000000037e+06 8.644948872361615244e-01
1.322727580000000075e+06 8.637345636034726715e-01
1.319569659999999916e+06 8.629606053820577660e-01
1.316419290000000037e+06 8.621861121549121432e-01
1.313276439999999944e+06 8.614074471527431998e-01
1.310141100000000093e+06 8.606231919120517215e-01
1.307013229999999981e+06 8.598331247923771681e-01
1.303892840000000084e+06 8.590463007437449949e-01
1.300779889999999898e+06 8.582193812055903814e-01
1.297674379999999888e+06 8.573432449159934521e-01
1.294576280000000028e+06 8.564795329268970470e-01
1.291485580000000075e+06 8.556396067015565876e-01
1.288402260000000009e+06 8.548215247966988173e-01
1.285326300000000047e+06 8.540310101970151058e-01
1.282257679999999935e+06 8.532660040779187494e-01
1.279196389999999898e+06 8.525308449795034882e-01
1.276142399999999907e+06 8.518106439316008860e-01
1.273095709999999963e+06 8.510994499771976640e-01
1.270056290000000037e+06 8.503952634271860767e-01
1.267024129999999888e+06 8.496984838917218674e-01
1.263999209999999963e+06 8.490050860390638832e-01
1.260981510000000009e+06 8.483149927188680106e-01
1.257971010000000009e+06 8.476344549912829818e-01
1.254967699999999953e+06 8.469307305346223114e-01
1.251971560000000056e+06 8.462243744725840289e-01
1.248982570000000065e+06 8.454786428255713915e-01
1.246000719999999972e+06 8.447387401463196666e-01
1.243025989999999991e+06 8.440028109504413845e-01
1.240058360000000102e+06 8.432746371839654476e-01
1.237097820000000065e+06 8.425581830899558922e-01
1.234144340000000084e+06 8.418447926890110233e-01
1.231197919999999925e+06 8.411508678724740617e-01
1.228258520000000019e+06 8.404538187282982742e-01
1.225326149999999907e+06 8.397633216169864134e-01
1.222400780000000028e+06 8.390746828944452007e-01
1.219482389999999898e+06 8.383812245646472538e-01
1.216570969999999972e+06 8.376934627690393320e-01
1.213666500000000000e+06 8.370060346994095957e-01
1.210768959999999963e+06 8.363096882639768914e-01
1.207878350000000093e+06 8.356168568799126062e-01
1.204994629999999888e+06 8.349219171822686025e-01
1.202117800000000047e+06 8.342234887862263193e-01
1.199247830000000075e+06 8.334766634623266279e-01
1.196384719999999972e+06 8.327189746775132129e-01
1.193528439999999944e+06 8.319591409927660219e-01
1.190678979999999981e+06 8.312111924598634127e-01
1.187836330000000075e+06 8.304692336876913217e-01
1.185000459999999963e+06 8.297302928035534819e-01
1.182171360000000102e+06 8.289954347446386596e-01
1.179349020000000019e+06 8.282715943608186526e-01
1.176533409999999916e+06 8.275356848978736579e-01
1.173724530000000028e+06 8.267621745085752538e-01
1.170922350000000093e+06 8.259794237626106872e-01
1.168126860000000102e+06 8.252016275182644245e-01
1.165338050000000047e+06 8.244304001275224447e-01
1.162555899999999907e+06 8.236671799202208710e-01
1.159780379999999888e+06 8.229016526951576926e-01
1.157011500000000000e+06 8.221453874973053688e-01
1.154249219999999972e+06 8.213888515799122603e-01
1.151493540000000037e+06 8.206378786032445527e-01
1.148744429999999935e+06 8.198779679251158026e-01
1.146001899999999907e+06 8.191278222288649324e-01
1.143265899999999907e+06 8.183674612282613170e-01
1.140536439999999944e+06 8.176083640678410980e-01
1.137813500000000000e+06 8.168470791732721503e-01
1.135097060000000056e+06 8.160843527862891023e-01
1.132387100000000093e+06 8.153207903815764546e-01
1.129683610000000102e+06 8.145505910214575485e-01
1.126986580000000075e+06 8.137810587678231400e-01
1.124295979999999981e+06 8.130050109206562459e-01
1.121611810000000056e+06 8.122233768593524195e-01
1.118934050000000047e+06 8.114450627997717991e-01
1.116262679999999935e+06 8.106587065129382541e-01
1.113597689999999944e+06 8.098709268578052622e-01
1.110939060000000056e+06 8.090800678311638183e-01
1.108286780000000028e+06 8.082817903441869012e-01
1.105640830000000075e+06 8.074818374770678098e-01
1.103001199999999953e+06 8.066851860329354862e-01
1.100367860000000102e+06 8.058438379167489618e-01
1.097740820000000065e+06 8.049474051388197937e-01
1.095120050000000047e+06 8.040479547952028572e-01
1.092505530000000028e+06 8.031393829314396049e-01
1.089897260000000009e+06 8.022291317795572363e-01
1.087295209999999963e+06 8.013110849038728167e-01
1.084699379999999888e+06 8.003937961881270047e-01
1.082109739999999991e+06 7.994651615266052946e-01
1.079526290000000037e+06 7.985376706560536331e-01
1.076949000000000000e+06 7.976010998547111708e-01
1.074377870000000112e+06 7.966642925829400257e-01
1.071812870000000112e+06 7.957200029885405090e-01
1.069254000000000000e+06 7.947736149323756383e-01
1.066701239999999991e+06 7.937786603794442231e-01
1.064154570000000065e+06 7.927468359438381018e-01
1.061613979999999981e+06 7.917069870654709351e-01
1.059079459999999963e+06 7.906727018045771604e-01
1.056550989999999991e+06 7.896288809822904486e-01
1.054028560000000056e+06 7.885849309715644573e-01
1.051512139999999898e+06 7.875285106407732272e-01
1.049001739999999991e+06 7.864717384499440023e-01
1.046497329999999958e+06 7.854118998835718513e-01
1.043998900000000023e+06 7.843468473637263960e-01
1.041506430000000051e+06 7.832843915528427958e-01
1.039019910000000033e+06 7.822071138619383079e-01
1.036539329999999958e+06 7.811314176253894015e-01
1.034064670000000042e+06 7.800599144532527340e-01
1.031595920000000042e+06 7.789775052438955294e-01
1.029133069999999949e+06 7.778981693122583030e-01
1.026676089999999967e+06 7.768108798734795206e-01
1.024224979999999981e+06 7.757232932417590376e-01
1.021779719999999972e+06 7.746319101952908737e-01
1.019340300000000047e+06 7.735368797404809094e-01
1.016906699999999953e+06 7.724374950811012663e-01
1.014478910000000033e+06 7.713427231042432330e-01
1.012056920000000042e+06 7.702389515511728346e-01
1.009640719999999972e+06 7.691390045670241093e-01
1.007230280000000028e+06 7.680340532120788488e-01
1.004825589999999967e+06 7.669221938122332549e-01
1.002426650000000023e+06 7.658139668597191418e-01
1.000033430000000051e+06 7.646676256582145559e-01
9.976459250000000466e+05 7.634747136028553482e-01
9.952641219999999739e+05 7.622640759430332480e-01
9.928880050000000047e+05 7.610402506329778660e-01
9.905175609999999870e+05 7.597939524968615466e-01
9.881527759999999544e+05 7.585249311658395222e-01
9.857936369999999879e+05 7.572432314676742493e-01
9.834401300000000047e+05 7.559366020617577231e-01
9.810922419999999693e+05 7.546139894617608368e-01
9.787499590000000317e+05 7.532781875945571137e-01
9.764132680000000400e+05 7.519527342495431199e-01
9.740821559999999590e+05 7.506484777362789629e-01
9.717566099999999860e+05 7.493587509838673943e-01
9.694366149999999907e+05 7.480896686033970955e-01
9.671221589999999851e+05 7.468482940244824952e-01
9.648132290000000503e+05 7.456282887240801571e-01
9.625098109999999870e+05 7.444305197024573273e-01
9.602118930000000400e+05 7.432389974456793391e-01
9.579194599999999627e+05 7.420672681223964284e-01
9.556325010000000475e+05 7.409425825108939545e-01
9.533510010000000475e+05 7.398605845179193619e-01
9.510749490000000224e+05 7.388194632292504060e-01
9.488043299999999581e+05 7.378273068357944497e-01
9.465391319999999832e+05 7.368836800237620333e-01
9.442793419999999460e+05 7.359885039135973805e-01
9.420249479999999749e+05 7.351220952779153883e-01
9.397759350000000559e+05 7.342559248431830277e-01
9.375322920000000158e+05 7.333832633742189966e-01
9.352940050000000047e+05 7.325105423364290935e-01
9.330610629999999655e+05 7.316378029076906486e-01
9.308334510000000009e+05 7.307586457734482899e-01
9.286111570000000065e+05 7.298677998582431270e-01
9.263941689999999944e+05 7.289643856881616868e-01
9.241824740000000456e+05 7.280444152503386945e-01
9.219760590000000084e+05 7.271181430132495072e-01
9.197749109999999637e+05 7.261802260775838125e-01
9.175790189999999711e+05 7.252475550121382231e-01
9.153883689999999478e+05 7.242986453932062085e-01
9.132029499999999534e+05 7.233536959959863122e-01
9.110227469999999739e+05 7.223983634238978491e-01
9.088477500000000000e+05 7.214383533841487450e-01
9.066779459999999963e+05 7.204752476088271962e-01
9.045133209999999963e+05 7.195020281274108198e-01
9.023538649999999907e+05 7.185079665687690298e-01
9.001995640000000130e+05 7.174941671009227306e-01
8.980504070000000065e+05 7.164541747205658284e-01
8.959063800000000047e+05 7.154070588927398111e-01
8.937674719999999506e+05 7.143704236806808217e-01
8.916336709999999730e+05 7.133250093147756044e-01
8.895049629999999888e+05 7.122748799936089448e-01
8.873813379999999888e+05 7.112243745269520856e-01
8.852627830000000540e+05 7.101730344319587829e-01
8.831492859999999637e+05 7.091202092376405197e-01
8.810408349999999627e+05 7.080655887102127455e-01
8.789374170000000158e+05 7.070071467701138923e-01
8.768390209999999497e+05 7.059484460258471650e-01
8.747456350000000093e+05 7.048899313503940167e-01
8.726572469999999739e+05 7.038227995711036078e-01
8.705738440000000410e+05 7.027621605269205318e-01
8.684954159999999683e+05 7.017009318621512115e-01
8.664219490000000224e+05 7.006323217333818576e-01
8.643534329999999609e+05 6.995659749814270301e-01
8.622898560000000289e+05 6.984973823260337555e-01
8.602312040000000270e+05 6.974249815002309116e-01
8.581774679999999935e+05 6.963514215034662946e-01
8.561286350000000093e+05 6.952760003458131610e-01
8.540846940000000177e+05 6.942010768857039826e-01
8.520456319999999832e+05 6.931234730429557400e-01
8.500114379999999655e+05 6.920088052845243531e-01
8.479821010000000242e+05 6.908462949921344576e-01
8.459576080000000075e+05 6.896748467925734039e-01
8.439379490000000224e+05 6.884887511944201011e-01
8.419231119999999646e+05 6.872953307684867008e-01
8.399130849999999627e+05 6.860790135583844096e-01
8.379078560000000289e+05 6.848571019837018659e-01
8.359074159999999683e+05 6.836155429979545728e-01
8.339117510000000475e+05 6.823654669017185093e-01
8.319208499999999767e+05 6.811082839604386541e-01
8.299347029999999795e+05 6.798438523829943847e-01
8.279532970000000205e+05 6.785725328882635798e-01
8.259766219999999739e+05 6.772971232030553512e-01
8.240046659999999683e+05 6.760150425786454198e-01
8.220374179999999469e+05 6.747304580034193533e-01
8.200748660000000382e+05 6.734410023387338295e-01
8.181170000000000000e+05 6.721473485066991049e-01
8.161638079999999609e+05 6.708545633942329944e-01
8.142152800000000279e+05 6.695570041610682255e-01
8.122714030000000494e+05 6.682569136344149729e-01
8.103321670000000158e+05 6.669576525526724753e-01
8.083975609999999870e+05 6.656562092397063646e-01
8.064675740000000224e+05 6.643532941800739389e-01
8.045421940000000177e+05 6.630487668685746128e-01
8.026214109999999637e+05 6.617433683756084317e-01
8.007052140000000363e+05 6.604117237019102582e-01
7.987935910000000149e+05 6.590594951518659039e-01
7.968865330000000540e+05 6.577007847818963082e-01
7.949840270000000019e+05 6.563562345125406594e-01
7.930860640000000130e+05 6.550159614403630037e-01
7.911926310000000522e+05 6.536828627646386058e-01
7.893037190000000410e+05 6.523580485298424714e-01
7.874193170000000391e+05 6.510445249633013409e-01
7.855394139999999898e+05 6.497411425241096383e-01
7.836639980000000214e+05 6.484413276455911479e-01
7.817930609999999870e+05 6.471470317746547130e-01
7.799265890000000363e+05 6.458539533145941647e-01
7.780645740000000224e+05 6.445675449612632280e-01
7.762070050000000047e+05 6.432831479981570011e-01
7.743538699999999953e+05 6.419929996343886058e-01
7.725051589999999851e+05 6.406855989707421761e-01
7.706608619999999646e+05 6.393732978807897815e-01
7.688209679999999935e+05 6.380690840834180033e-01
7.669854669999999460e+05 6.367734915246772154e-01
7.651543479999999981e+05 6.354891490324493519e-01
7.633275999999999767e+05 6.342107026554720806e-01
7.615052140000000363e+05 6.329407557160101616e-01
7.596871790000000037e+05 6.316883996457146599e-01
7.578734840000000549e+05 6.304363008541625790e-01
7.560641189999999478e+05 6.291893401800362495e-01
7.542590729999999749e+05 6.279460903433653485e-01
7.524583379999999888e+05 6.267041835094985247e-01
7.506619009999999544e+05 6.254630985025796397e-01
7.488697530000000261e+05 6.242040813293736612e-01
7.470818839999999618e+05 6.229566866032023587e-01
7.452982830000000540e+05 6.217255861229631364e-01
7.435189399999999441e+05 6.205094634539846110e-01
7.417438460000000196e+05 6.193107556604280362e-01
7.399729889999999432e+05 6.181313741309296672e-01
7.382063599999999860e+05 6.169706981911527999e-01
7.364439490000000224e+05 6.158254841938158863e-01
7.346857449999999953e+05 6.146909651232048688e-01
7.329317389999999432e+05 6.135583942437029537e-01
7.311819209999999730e+05 6.124394383362019578e-01
7.294362800000000279e+05 6.113273256736931893e-01
7.276948059999999823e+05 6.102217404504373111e-01
7.259574910000000382e+05 6.091216938704882011e-01
7.242243229999999749e+05 6.080235726146047126e-01
7.224952920000000158e+05 6.069303252161173390e-01
7.207703900000000140e+05 6.058433469406185878e-01
7.190496060000000289e+05 6.047566829712065495e-01
7.173329300000000512e+05 6.036736328478136127e-01
7.156203530000000028e+05 6.025934118490258173e-01
7.139118639999999432e+05 6.015139827210598256e-01
7.122074540000000270e+05 6.004360277791520595e-01
7.105071130000000121e+05 5.993587106694385769e-01
7.088108320000000531e+05 5.982820065102743001e-01
7.071185999999999767e+05 5.972076431292111520e-01
7.054304080000000540e+05 5.961335069297870604e-01
7.037462469999999739e+05 5.950596649074635369e-01
7.020661069999999600e+05 5.939840578565175333e-01
7.003899780000000028e+05 5.928993485422139331e-01
6.987178499999999767e+05 5.917961610801422134e-01
6.970497149999999674e+05 5.907032063279212819e-01
6.953855620000000345e+05 5.896152349234348167e-01
6.937253819999999832e+05 5.885424418968322469e-01
6.920691659999999683e+05 5.874782125724020698e-01
6.904169039999999804e+05 5.864259892122699602e-01
6.887685860000000102e+05 5.853882386063560261e-01
6.871242040000000270e+05 5.843591793695707137e-01
6.854837469999999739e+05 5.833350133669661375e-01
6.838472070000000531e+05 5.823163775823990695e-01
6.822145740000000224e+05 5.813034625579061032e-01
6.805858390000000363e+05 5.802958200914833942e-01
6.789609919999999693e+05 5.792921045031863558e-01
6.773400250000000233e+05 5.782886299659989460e-01
6.757229279999999562e+05 5.772920725067847147e-01
6.741096909999999916e+05 5.762973298091311758e-01
6.725003050000000512e+05 5.753029595861844925e-01
6.708947619999999879e+05 5.743111247911740769e-01
6.692930520000000251e+05 5.733181020325992527e-01
6.676951659999999683e+05 5.723304228652148495e-01
6.661010949999999721e+05 5.713421299205451165e-01
6.645108299999999581e+05 5.703564286324801502e-01
6.629243610000000335e+05 5.693707235751443996e-01
6.613416800000000512e+05 5.683853679915723545e-01
6.597627770000000019e+05 5.673996309372465463e-01
6.581876439999999711e+05 5.664124634754780230e-01
6.566162709999999497e+05 5.654303351193411542e-01
6.550486500000000233e+05 5.644470054788467417e-01
6.534847719999999972e+05 5.634601292341402390e-01
6.519246269999999786e+05 5.624614625999848627e-01
6.503682070000000531e+05 5.614537721035892659e-01
6.488155019999999786e+05 5.604421589887487176e-01
6.472665050000000047e+05 5.594293168236846858e-01
6.457212060000000056e+05 5.584194373250739307e-01
6.441795960000000196e+05 5.574127069250155442e-01
6.426416659999999683e+05 5.564090046070704343e-01
6.411074080000000540e+05 5.554064618026453015e-01
6.395768129999999655e+05 5.544047104951238536e-01
6.380498730000000214e+05 5.534053328055329457e-01
6.365265770000000484e+05 5.524052307629601088e-01
6.350069189999999944e+05 5.514068373584026794e-01
6.334908880000000354e+05 5.504088855984942130e-01
6.319784769999999553e+05 5.494115495824201112e-01
6.304696770000000251e+05 5.484128033045514439e-01
6.289644790000000503e+05 5.474156451767105969e-01
6.274628739999999525e+05 5.464221413085061929e-01
6.259648549999999814e+05 5.454268965793662716e-01
6.244704109999999637e+05 5.444308830560693480e-01
6.229795359999999637e+05 5.434355188968864603e-01
6.214922199999999721e+05 5.424408621840083322e-01
6.200084549999999581e+05 5.414451393217356578e-01
6.185282319999999600e+05 5.404499411564828160e-01
6.170515429999999469e+05 5.394558810589781261e-01
6.155783800000000047e+05 5.384605426239528203e-01
6.141087340000000549e+05 5.374680021558337906e-01
6.126425960000000196e+05 5.364686356584521532e-01
6.111799590000000317e+05 5.354735383105957425e-01
6.097208129999999655e+05 5.344830649348522034e-01
6.082651509999999544e+05 5.334890959459757109e-01
6.068129649999999674e+05 5.324954533908720089e-01
6.053642449999999953e+05 5.315009614227468315e-01
6.039189849999999860e+05 5.305066563778210176e-01
6.024771739999999991e+05 5.295079318338583585e-01
6.010388059999999823e+05 5.285139691078479807e-01
5.996038719999999739e+05 5.275042375550554885e-01
5.981723630000000121e+05 5.264777106250388972e-01
5.967442730000000447e+05 5.254462001724450326e-01
5.953195910000000149e+05 5.244086181400594571e-01
5.938983109999999870e+05 5.233605496209309260e-01
5.924804239999999991e+05 5.223108301563894607e-01
5.910659229999999516e+05 5.212528391194128918e-01
5.896547979999999516e+05 5.201895707106628519e-01
5.882470420000000158e+05 5.191180012005893740e-01
5.868426480000000447e+05 5.180443057958943331e-01
5.854416060000000289e+05 5.169626521935872798e-01
5.840439089999999851e+05 5.158690655307103246e-01
5.826495479999999516e+05 5.147758939620572516e-01
5.812585169999999925e+05 5.136808260894650813e-01
5.798708070000000298e+05 5.125827518747154699e-01
5.784864100000000326e+05 5.114837742879699833e-01
5.771053179999999702e+05 5.103829565617336028e-01
5.757275230000000447e+05 5.092846569741559248e-01
5.743530169999999925e+05 5.081819107573579686e-01
5.729817929999999469e+05 5.070842579204383194e-01
5.716138429999999935e+05 5.059883491566576907e-01
5.702491589999999851e+05 5.048846099165742451e-01
5.688877330000000075e+05 5.037738816772502348e-01
5.675295570000000298e+05 5.026656814844568943e-01
5.661746230000000214e+05 5.015589973864449380e-01
5.648229250000000466e+05 5.004542886469871554e-01
5.634744529999999795e+05 4.993553082800834542e-01
5.621292010000000009e+05 4.982576936322253847e-01
5.607871609999999637e+05 4.971665439385925533e-01
5.594483240000000224e+05 4.960748033411229163e-01
5.581126840000000084e+05 4.949865411936146820e-01
5.567802330000000075e+05 4.939012859605667050e-01
5.554509620000000577e+05 4.928169225018363409e-01
5.541248660000000382e+05 4.917352448340652771e-01
5.528019350000000559e+05 4.906531027082997043e-01
5.514821629999999423e+05 4.895637435938326454e-01
5.501655409999999683e+05 4.884666762056406042e-01
5.488520629999999655e+05 4.873595132749114489e-01
5.475417210000000196e+05 4.862448500100024495e-01
5.462345069999999832e+05 4.851189954450122466e-01
5.449304139999999898e+05 4.839836741096124606e-01
5.436294340000000084e+05 4.828353223675253547e-01
5.423315600000000559e+05 4.816824360291120932e-01
5.410367850000000326e+05 4.805221090779288051e-01
5.397451010000000242e+05 4.793473923031623674e-01
5.384565010000000475e+05 4.781654783745217241e-01
5.371709769999999553e+05 4.769775232030666334e-01
5.358885230000000447e+05 4.757839550499460279e-01
5.346091300000000047e+05 4.745833956385678842e-01
5.333327909999999683e+05 4.733796462745670786e-01
5.320595000000000000e+05 4.721729114498192104e-01
5.307892489999999525e+05 4.709624685708444503e-01
5.295220300000000279e+05 4.697420727428487375e-01
5.282578370000000577e+05 4.685223948175740727e-01
5.269966609999999637e+05 4.672986337008070423e-01
5.257384969999999739e+05 4.660739170248753283e-01
5.244833370000000577e+05 4.648499470200238570e-01
5.232311730000000098e+05 4.636251116708986486e-01
5.219819990000000107e+05 4.624001833353142410e-01
5.207358059999999823e+05 4.611698901871861822e-01
5.194925900000000256e+05 4.599414494638189854e-01
5.182523410000000149e+05 4.587064868527018224e-01
5.170150530000000144e+05 4.574754051207643446e-01
5.157807189999999828e+05 4.562467239302070432e-01
5.145493319999999949e+05 4.550204913089778702e-01
5.133208850000000093e+05 4.537998160058542840e-01
5.120953699999999953e+05 4.525791341595341022e-01
5.108727820000000065e+05 4.513640046892186120e-01
5.096531120000000228e+05 4.501461724177622803e-01
5.084363539999999921e+05 4.489366631651602324e-01
5.072225009999999893e+05 4.477307908835174155e-01
5.060115470000000205e+05 4.465256329820204151e-01
5.048034830000000075e+05 4.453227500326018551e-01
5.035983030000000144e+05 4.441221302803831095e-01
5.023960009999999893e+05 4.429244835168435479e-01
5.011965680000000284e+05 4.417266998270286127e-01
5.000000000000000000e+05 1.937660976704025373e-01
4.994749990000000107e+05 4.194144989439992782e-02
4.993613499999999767e+05 2.803284407175522797e-02
4.992853869999999879e+05 3.461000464406575883e-02
4.991915989999999874e+05 9.803623369769485230e-01
4.965340000000000000e+05 9.902435890724829992e-01
4.938479000000000233e+05 1.933517307788881062e-02
4.937954369999999763e+05 1.095199361764886525e+00
4.908230219999999972e+05 2.090157099185372680e-01
4.902555999999999767e+05 8.985687426263790079e-02
4.900116500000000233e+05 1.069289555173123796e-01
4.897213420000000042e+05 3.108595933756320040e+00
4.812777249999999767e+05 8.551617356725225993e-02
4.810453499999999767e+05 8.383380931514694545e-02
4.808175420000000158e+05 4.084205135184398650e+00
4.697134000000000233e+05 1.942687767575108637e-01
4.691848229999999749e+05 1.710231799939457009e-01
4.687194500000000116e+05 3.606807124724040886e-02
4.686212999999999884e+05 3.050021152716710371e-01
4.677912320000000182e+05 1.105943297004126302e+00
4.647800999999999767e+05 1.203652217403411440e-01
4.644522500000000000e+05 5.254343987932692805e-02
4.643091250000000000e+05 7.113121424140623761e-01
4.623710179999999818e+05 1.506797606107317389e+00
4.582619490000000224e+05 1.242628474264728250e-01
4.579228499999999767e+05 2.927626129761229934e-01
4.571237989999999991e+05 5.156103961297085758e-02
4.569830499999999884e+05 6.595566862675295017e-01
4.551820499999999884e+05 8.402073921884143162e-03
4.551590999999999767e+05 1.354372605060607970e+00
4.514572999999999884e+05 9.966786159813312285e-02
4.511847000000000116e+05 6.952892158200675299e-01
4.492822999999999884e+05 4.816932517394441060e-01
4.479635999999999767e+05 1.215932963740891548e+00
4.446321930000000284e+05 1.552621545637323797e+00
4.403727249999999767e+05 6.300383793331673088e-01
4.386422000000000116e+05 2.278923116433821949e-01
4.380159319999999716e+05 8.738640762395876171e-01
4.356128400000000256e+05 2.622497176829091670e-01
4.348911500000000233e+05 7.940208097781056851e-02
4.346725929999999935e+05 2.195504256174494184e+00
4.286199500000000116e+05 1.211404956320043941e-02
4.285865000000000000e+05 3.666111381677752967e-01
4.275739170000000158e+05 3.026213734166792513e+00
4.191940499999999884e+05 5.676768880060667488e-02
4.190365000000000000e+05 9.486188151427521476e-02
4.187731979999999749e+05 3.570260790831641384e-01
4.177819359999999870e+05 2.377523373371259741e+00
4.111700800000000163e+05 2.143104378826504508e+00
4.051954579999999842e+05 4.532577139199699401e-01
4.039301730000000098e+05 1.819828426780908670e-01
4.034219990000000107e+05 1.984438737838217504e-01
4.028677519999999786e+05 3.552502926913880810e-01
4.018752750000000233e+05 6.052024550121545138e-02
4.017061620000000112e+05 2.255703180244817752e+00
3.953955740000000224e+05 3.021258694042838311e+00
3.869222989999999991e+05 4.573178172108948586e-02
3.867938750000000000e+05 2.336420257096431641e+00
3.802262569999999832e+05 3.493351913681167487e-01
3.792432000000000116e+05 4.344387686932765086e-02
3.791209249999999884e+05 5.358547050925108884e-02
3.789700999999999767e+05 3.781859632431046059e-01
3.779054440000000177e+05 2.165928709653227591e-01
3.772955499999999884e+05 8.251795629078868127e-03
3.772723119999999763e+05 1.417260469319544733e-02
3.772324000000000233e+05 6.485077865297385509e-03
3.772141369999999879e+05 1.112596253330358609e+00
3.740793879999999772e+05 1.065558701448965362e-01
3.737790000000000000e+05 2.072377660305263491e-02
3.737205750000000116e+05 5.990189834841158634e-01
3.720313670000000275e+05 1.222973484744092953e+00
3.685801979999999749e+05 1.041599431950222199e+00
3.656389089999999851e+05 1.187585389771724786e+00
3.622833969999999972e+05 7.587642628006761036e-01
3.601382010000000009e+05 4.174640233861026672e-01
3.589573900000000140e+05 2.567571616702051807e-01
3.582309239999999991e+05 7.033164131283707599e-02
3.580318989999999758e+05 7.346217892235637481e-02
3.578240000000000000e+05 1.113718364213355655e-01
3.575087920000000158e+05 2.968764848326098660e-01
3.566684000000000233e+05 5.779160708736909013e-01
3.550317409999999800e+05 3.891908215876156429e-01
3.539290000000000000e+05 3.764905481320916097e-02
3.538222999999999884e+05 9.412031563488982427e-03
3.537956250000000000e+05 1.757124753541868672e-02
3.537458250000000116e+05 8.564997283928678720e-03
3.537215499999999884e+05 2.309712425082142626e-02
3.536560869999999995e+05 7.212012850622949722e-01
3.516112029999999795e+05 4.090295996766021291e-01
3.504507229999999981e+05 1.988233748432254380e-02
3.503942999999999884e+05 5.184634337795385184e-02
3.502471620000000112e+05 2.065233208709643664e-02
3.501885489999999991e+05 3.132472982974993658e-01
3.492993460000000196e+05 6.471397614922769215e-02
3.491155999999999767e+05 1.346974306913089059e-01
3.487330999999999767e+05 4.264070704102333742e-02
3.486120000000000000e+05 1.331215442706596974e+00
3.448281250000000000e+05 1.231219603207163622e-02
3.447930999999999767e+05 3.014259751367189683e-02
3.447073499999999767e+05 1.311125607492297229e-02
3.446700499999999884e+05 1.009303374827142052e+00
3.417970000000000000e+05 1.643108355718681662e-02
3.417502000000000116e+05 2.018877503142179897e-01
3.411750999999999767e+05 2.654469944497659523e-02
3.410994749999999767e+05 3.148844474787044351e-02
3.410097619999999879e+05 3.652331108344027827e-02
3.409057000000000116e+05 8.724778888003191513e-02
3.406570979999999981e+05 4.811119893079353338e-02
3.405200000000000000e+05 8.412182774888464776e-01
3.381216689999999944e+05 2.271450100794166982e+00
3.316340989999999874e+05 5.809122220093806965e-02
3.314679369999999763e+05 3.354670269430906626e-02
3.313719749999999767e+05 2.916268358096131205e-02
3.312885499999999884e+05 7.417949642393126264e-02
3.310763319999999949e+05 2.869527890112289481e-01
3.302551830000000191e+05 1.781324147299991667e+00
3.251496599999999744e+05 1.164748530321398912e+00
3.218030750000000116e+05 1.572855893410194522e-02
3.217578369999999995e+05 1.517334130224551769e+00
3.173888090000000084e+05 4.966613217202145991e-01
3.159568470000000088e+05 3.741275621595336887e-01
3.148776250000000000e+05 2.274477557593731353e-02
3.148120000000000000e+05 1.176644741588289168e-02
3.147780499999999884e+05 2.606250589832350556e-02
3.147028499999999767e+05 1.118928538913828950e-02
3.146705640000000130e+05 1.831019139899063911e-02
3.146177299999999814e+05 1.634600756222318596e-01
3.141460200000000186e+05 4.456589161240834818e-01
3.128595499999999884e+05 1.137722295744209890e-02
3.128267000000000116e+05 5.242685913801591047e-02
3.126753209999999963e+05 2.970707465312851236e-01
3.118174000000000233e+05 2.543768729553772673e-02
3.117439249999999884e+05 9.285087373895775653e-02
3.114757170000000042e+05 8.159692771194680672e-02
3.112399990000000107e+05 5.428340285472274540e-02
3.110831749999999884e+05 6.317608787446780949e-02
3.109006500000000233e+05 3.442033227270566154e-02
3.108012000000000116e+05 4.318410684811432865e-02
3.106764239999999991e+05 2.786849720868443958e-01
3.098710729999999749e+05 9.882569512485019914e-01
3.070135499999999884e+05 1.515848790645045116e-02
3.069697000000000116e+05 3.018666298257102754e-01
3.060963499999999767e+05 7.597700798635316499e-02
3.058765000000000000e+05 4.386234607716300027e-01
3.046070000000000000e+05 2.836053176063021986e-02
3.045249000000000233e+05 2.212487890452335959e-02
3.044608499999999767e+05 1.148536458185133759e-02
3.044275999999999767e+05 2.872443941292728842e-01
3.035959249999999884e+05 1.067957892289462564e-02
3.035650000000000000e+05 7.684369910980289875e-01
3.013390860000000102e+05 2.275876896088180612e-01
3.006795580000000191e+05 2.291838161677289265e-01
3.000152750000000233e+05 4.657149522460471772e-03
3.000017750000000233e+05 2.165546137240698804e-02
2.999390000000000000e+05 4.795014396489514184e-03
2.999250999999999767e+05 2.219190740685492713e+00
2.934855740000000224e+05 4.292176079000980388e-02
2.933609099999999744e+05 8.311801420562965614e-02
2.931194859999999753e+05 3.175387188764942220e-02
2.930272500000000000e+05 7.807245675672379592e-01
2.907587000000000116e+05 1.285818487376540024e-02
2.907213250000000116e+05 7.646630643485846646e-02
2.904990499999999884e+05 1.138655911265388544e-02
2.904659500000000116e+05 2.889603218444119354e-02
2.903819500000000116e+05 6.862676628101994740e-03
2.903620000000000000e+05 4.188926678966238826e-01
2.891440129999999772e+05 1.129322363007325275e-01
2.888155619999999763e+05 3.140027073441009620e-02
2.887242310000000289e+05 1.075620313113560655e+00
2.855937750000000233e+05 2.969398252787854020e-02
2.855072999999999884e+05 5.088888584574987606e-01
2.840248250000000116e+05 2.399525063751332260e-02
2.839549000000000233e+05 3.045820847501976014e-01
2.830671250000000000e+05 1.059914616047106378e-02
2.830362249999999767e+05 4.328692876805960155e-01
2.817739000000000233e+05 1.275114672086746337e+00
2.780510270000000019e+05 6.706845568739853158e-01
2.760898449999999721e+05 1.042260693734726185e-01
2.757848599999999860e+05 1.570551313238609248e-01
2.753251699999999837e+05 1.563677206875028425e+00
2.707400800000000163e+05 2.376594333399810466e-01
2.700418109999999870e+05 5.471438119458001126e-02
2.698810000000000000e+05 6.800421809153199548e-02
2.696810999999999767e+05 3.876843500668584325e-02
2.695671250000000000e+05 6.278721022209658997e-01
2.677197500000000000e+05 1.950592543877907245e-02
2.676623119999999763e+05 9.462968564916435232e-02
2.673836230000000214e+05 7.935104613507168447e-02
2.671498800000000047e+05 1.964659053832778016e-02
2.670920000000000000e+05 3.493415054437562506e-02
2.669890750000000116e+05 1.867159344214874145e-02
2.669340599999999977e+05 1.082634814187594552e+00
2.637394349999999977e+05 6.430087536635065160e-02
2.635493989999999758e+05 1.222934746222571478e+00
2.599283999999999942e+05 1.817049312948786424e-02
2.598745000000000000e+05 9.253961275655548935e-01
2.571254729999999981e+05 3.164909209151785530e-01
2.561835000000000000e+05 1.487677269811007487e-02
2.561392000000000116e+05 8.331192537944819287e-01
2.536552000000000116e+05 1.691595643025301660e-02
2.536047000000000116e+05 2.985014589792301873e-02
2.535155810000000056e+05 1.740969855835429111e-02
2.534636000000000058e+05 2.071001104519564429e+00
2.472608759999999893e+05 7.957805923240888202e-01
2.448668999999999942e+05 3.525317831918143435e-02
2.447607000000000116e+05 4.092791195588542097e-01
2.435268610000000044e+05 6.185876386636462998e-01
2.416592000000000116e+05 2.613113053490554935e-02
2.415802369999999937e+05 1.257814249771108450e+00
2.377747330000000075e+05 9.306582471234775555e-01
2.349531499999999942e+05 9.942804474146452534e-03
2.349229750000000058e+05 2.165584987738397582e-02
2.348572500000000000e+05 1.028799726583405454e-02
2.348260249999999942e+05 7.335505170337059955e-01
2.325978999999999942e+05 9.121085822271016164e-03
2.325701749999999884e+05 1.290022933577538410e-02
2.325309619999999995e+05 9.132948114118084881e-03
2.325032000000000116e+05 1.265728928053549529e+00
2.286525260000000126e+05 8.969364113222312307e-01
2.259202500000000000e+05 4.040188659660168269e-02
2.257970750000000116e+05 1.141581582931463723e+00
2.223114880000000121e+05 5.998343262951357779e-01
2.204751959999999963e+05 9.976877884644079486e-02
2.201693990000000049e+05 9.429113675285148710e-02
2.198802909999999974e+05 4.523108629880992493e-02
2.197415709999999963e+05 2.071950603486487907e-01
2.191058250000000116e+05 4.739022007568998163e-01
2.176498820000000123e+05 2.010893218672613170e+00
2.114446020000000135e+05 2.322114709436615132e-01
2.107252939999999944e+05 1.629008085967345240e-02
2.106748120000000054e+05 8.507695164366703144e-01
2.080345000000000000e+05 2.115552926893564736e-02
2.079687500000000000e+05 6.449030216114465253e-01
2.059623500000000058e+05 7.947273675644831240e-03
2.059376000000000058e+05 8.354519358284550057e-01
2.033325480000000098e+05 5.487993409242274412e-01
2.016179370000000054e+05 2.416592166092036004e-02
2.015423750000000000e+05 1.828352955612093211e+00
1.958103999999999942e+05 3.612019826784852727e-02
1.956968500000000058e+05 5.252284640313961694e-02
1.955317119999999995e+05 7.860760184122070893e-01
1.930568999999999942e+05 2.325177284140665657e-02
1.929836000000000058e+05 9.150729838070840172e-01
1.900942999999999884e+05 6.519789869753346290e-01
1.880301549999999988e+05 3.102897905138681245e-01
1.870462500000000000e+05 1.717908009091052846e-01
1.865011359999999986e+05 3.036608747268405017e-01
1.855369640000000072e+05 9.774746314889228849e-01
1.824284750000000058e+05 4.434181833464386630e-02
1.822872999999999884e+05 2.717875198692009109e-01
1.814216969999999856e+05 5.640290937882920519e-02
1.812420000000000000e+05 5.994674504902311116e-03
1.812228999999999942e+05 2.694002510565034550e-02
1.811370620000000054e+05 2.295254141785496582e-02
1.810639249999999884e+05 7.767483865691242328e-02
1.808163940000000002e+05 3.110700700536759844e-01
1.798247000000000116e+05 8.090259910532006382e-03
1.797988999999999942e+05 1.730891025418170373e-02
1.797437000000000116e+05 5.894926365242542793e-03
1.797248999999999942e+05 1.273132149083712417e+00
1.756607999999999884e+05 5.575742535788485998e-01
1.738793880000000063e+05 2.919189781026834338e-02
1.737861000000000058e+05 1.710070993378394466e-02
1.737314500000000116e+05 2.469617639193852701e-02
1.736525249999999942e+05 1.321217438484501537e-02
1.736102999999999884e+05 7.055483749890987255e-01
1.713540000000000000e+05 4.117531807408004729e-01
1.700354219999999914e+05 2.938542599432850677e-01
1.690932999999999884e+05 3.017504300191499109e-02
1.689965000000000000e+05 5.406453820253410980e-02
1.688230370000000112e+05 8.244590728954113990e-02
1.685584459999999963e+05 2.628789358638798368e-01
1.677142319999999891e+05 1.573420882553260014e-01
1.672085199999999895e+05 8.298118819755156972e-01
1.645358740000000107e+05 1.560784264550162635e-02
1.644855119999999879e+05 8.261913712395780873e-01
1.618143999999999942e+05 5.062661486172295548e-03
1.617980000000000000e+05 1.111272256224002039e-02
1.617620000000000000e+05 5.494401922041427903e-03
1.617442000000000116e+05 2.932131144629067654e-01
1.607935789999999979e+05 1.892227895183224096e+00
1.546247470000000030e+05 1.802996295415044248e+00
1.486925819999999949e+05 1.718131772534648327e+00
1.429880039999999863e+05 9.468934348533271095e-01
1.398207550000000047e+05 1.470430066474921749e-01
1.393273420000000042e+05 1.776808998842067944e-01
1.387305469999999914e+05 1.142895735993938178e-01
1.383463440000000119e+05 2.508224917870258142e-01
1.375022809999999881e+05 4.969121178145008422e-01
1.358266499999999942e+05 4.162003429938736926e-02
1.356861000000000058e+05 1.848623963387409086e-01
1.350614420000000100e+05 8.364326203282901329e-01
1.322270180000000109e+05 1.640929694337889821e-01
1.316692300000000105e+05 3.762121418243025150e-01
1.303878969999999972e+05 1.869608177420483963e-01
1.297497489999999962e+05 6.198240270319545914e-02
1.295379750000000058e+05 9.111451705659512346e-02
1.292264689999999973e+05 6.043362466433069846e-01
1.271541389999999956e+05 1.742144994962923077e-01
1.265546499999999942e+05 1.440135252539526296e-02
1.265050500000000029e+05 3.391522120557032838e-01
1.253350000000000000e+05 3.563584689573384701e-02
1.252118369999999995e+05 5.655425533973522031e-03
1.251922869999999966e+05 6.960233893754714032e-03
1.251682250000000058e+05 5.830021225948570085e-03
1.251480690000000031e+05 3.451996844102721979e-02
1.250286999999999971e+05 2.214678212498782106e-01
1.242618999999999942e+05 1.466924129163814892e-02
1.242110500000000029e+05 1.186939510160818154e-02
1.241698999999999942e+05 8.479323482414275609e-03
1.241405000000000000e+05 2.109886643587230437e-01
1.234081260000000038e+05 1.377132340098394803e-01
1.229292489999999962e+05 2.320205060981043316e-02
1.228485000000000000e+05 2.698090938405348430e-02
1.227545749999999971e+05 1.992463700199393478e-02
1.226851970000000001e+05 1.174662006398154296e-01
1.222758819999999978e+05 1.335460963048819893e+00
1.175847780000000057e+05 1.262909369292714246e+00
1.130736480000000010e+05 9.075409196632427955e-02
1.127462749999999942e+05 1.459088913963767914e-02
1.126936000000000058e+05 1.086832121778910309e+00
1.087355869999999995e+05 7.505253627324455223e-01
1.059595749999999971e+05 1.058366018853288369e-02
1.059201619999999966e+05 3.629294879807327678e-01
1.045639550000000017e+05 4.779487684333426634e-01
1.027637500000000000e+05 8.035172548735565815e-03
1.027333429999999935e+05 1.727950508647141392e-02
1.026679370000000054e+05 7.075118806178144239e-03
1.026411499999999942e+05 5.486542201078541403e-01
1.005523680000000022e+05 9.969917981430599374e-01
9.669468489999999292e+04 1.371992900113502833e-02
9.664105490000000282e+04 5.694251633390000171e-03
9.661879249999999593e+04 6.348704471208767297e-02
9.637042740000000049e+04 1.231728353461947027e-02
9.632220990000000165e+04 8.495556088352942403e-01
9.298500149999999849e+04 6.619823595805174321e-01
9.037467750000000524e+04 3.518097038099544330e-03
9.036076119999999355e+04 1.128238494298291344e-02
9.031612750000000233e+04 3.518899099295437569e-03
9.030220500000000175e+04 2.231907776427826673e-01
8.941763980000000447e+04 8.602717399581485402e-01
8.598713959999999497e+04 1.516234167791291054e-01
8.537913240000000224e+04 5.252344815293791269e-01
8.325633520000000135e+04 6.007138623415490819e-02
8.301193429999999353e+04 7.941680944985772539e-02
8.268825029999999970e+04 3.068658602914210373e-02
8.256297999999999593e+04 3.724784103122601997e-01
8.103247289999999339e+04 3.373379247752216620e-02
8.089296110000000044e+04 6.058602035112437868e-03
8.086788999999999942e+04 2.114244696675746972e-03
8.085913999999999942e+04 8.247938916178219892e-03
8.082500000000000000e+04 2.115421946043195313e-03
8.081624249999999302e+04 6.472909277321345356e-03
8.078944239999999991e+04 3.061579911216036898e-01
7.951592260000000533e+04 5.736368764172675716e-01
7.709687989999999991e+04 6.921873600237864882e-03
7.706741490000000340e+04 1.411053213037014864e-01
7.646530100000000675e+04 1.971741428520465689e-01
7.561856660000000556e+04 2.089324382764440047e-01
7.471241879999999946e+04 2.033610977203125780e-01
7.382117600000000675e+04 3.491290677733279585e-02
7.366732550000000629e+04 3.072935316392109636e-02
7.353171619999999530e+04 6.306531632073547611e-01
7.071067810000000463e+04 5.932916418409817094e-01
6.799786890000000130e+04 5.563570476928860753e-01
6.538913650000000052e+04 5.226871988347695508e-01
6.288048780000000261e+04 4.900064165574796737e-01
6.046808320000000094e+04 2.431463668110115106e-01
5.924935869999999704e+04 1.303954688887301117e-03
5.924279000000000087e+04 4.267469741873847373e-03
5.922129000000000087e+04 1.286800588931917393e-03
5.921480619999999908e+04 2.105511181843567614e-01
5.814823030000000290e+04 4.329633492851144849e-01
5.591737840000000142e+04 4.068429470591019559e-01
5.377211290000000008e+04 2.983426123445068745e-01
5.216935970000000088e+04 2.423461691282512154e-03
5.215626000000000204e+04 5.986593831919717265e-03
5.212389620000000286e+04 2.354993959077799487e-03
5.211116350000000239e+04 7.427666178203332081e-02
5.170915039999999863e+04 3.644294458520850877e-01
4.972533320000000094e+04 3.458891276105849899e-01
4.781762500000000000e+04 3.118416781670239057e-01
4.606822499999999854e+04 1.082360622075869208e-03
4.606209999999999854e+04 3.152686694953199184e-03
4.604425740000000224e+04 1.132039997120556528e-03
4.603784999999999854e+04 9.669555679090377498e-03
4.598310590000000229e+04 3.077584485236474210e-01
4.421896790000000328e+04 2.885884974104134804e-01
4.252251090000000113e+04 2.698534623617137584e-01
4.089113840000000346e+04 2.515128288606994778e-01
3.932235339999999997e+04 2.359248604553343120e-01
3.781375460000000021e+04 2.207667619455605246e-01
3.636303310000000056e+04 2.058953823168373498e-01
3.496796839999999793e+04 1.918365368485441258e-01
3.362642530000000261e+04 1.779029937439555731e-01
3.233635029999999824e+04 1.645978547106830836e-01
3.109576900000000023e+04 1.534884729305733275e-01
2.990278240000000005e+04 1.435538042215969423e-01
2.875556469999999899e+04 1.337866805331343056e-01
2.765235989999999947e+04 5.113898878250658364e-02
2.722357180000000153e+04 7.458926518835574948e-02
2.659147950000000128e+04 5.297442474492619624e-02
2.613718609999999899e+04 4.368443227950424834e-02
2.575895430000000124e+04 2.152460267418207160e-02
2.557129959999999846e+04 1.104716263774192936e-01
2.459025890000000072e+04 1.008390110937408130e-01
2.364685570000000007e+04 8.841069898661998994e-02
2.280893500000000131e+04 1.672968282451440429e-03
2.279302000000000044e+04 5.597506795164175313e-03
2.273964610000000175e+04 8.793614828844477371e-02
2.186724150000000009e+04 8.035072709094961962e-02
2.102830659999999989e+04 7.734728284575528856e-02
2.022155740000000151e+04 7.359126368732073209e-02
1.944575909999999931e+04 6.599848460734812627e-02
1.869972420000000056e+04 5.923206669054138090e-02
1.798231079999999929e+04 5.610513019914749322e-02
1.729242099999999846e+04 5.478962887519379238e-02
1.662899870000000010e+04 5.198214010603477431e-02
1.599102859999999964e+04 4.876507407251447906e-02
1.537753420000000006e+04 4.490373654285317179e-02
1.478757639999999992e+04 3.987395938568651099e-02
1.422025230000000010e+04 3.669877313198065955e-02
1.367469349999999940e+04 3.304945571615935246e-02
1.315006500000000051e+04 3.079038812776719453e-02
1.264556389999999919e+04 3.063546145777724938e-02
1.216041790000000037e+04 2.892384536190358707e-02
1.169388450000000012e+04 2.621060135885248249e-02
1.124524959999999919e+04 3.312806190856113636e-03
1.118597479999999996e+04 6.642717578693146377e-04
1.117401490000000013e+04 1.965197839153763962e-02
1.081382660000000033e+04 2.203681351256887161e-02
1.039895499999999993e+04 2.117049343447399354e-02
1.000000000000000000e+04 2.681424991813530778e-01
