2466
  3.094653027497e-05
  3.068787034476e-05
  3.022396651177e-05
  2.968894286646e-05
  2.913308053076e-05
  2.858951266707e-05
  2.808743716339e-05
  2.762800572302e-05
  2.718889841652e-05
  2.676351979413e-05
  2.636020271831e-05
  2.597870084999e-05
  2.563739904412e-05
  2.540783312016e-05
  2.527057590952e-05
  2.528101422833e-05
  2.538126678317e-05
  2.553471140498e-05
  2.567615867465e-05
  2.578913328035e-05
  2.584090911768e-05
  2.588970333403e-05
  2.593814120316e-05
  2.598470242895e-05
  2.602988854184e-05
  2.607243783337e-05
  2.611358522735e-05
  2.615245503652e-05
  2.619072478926e-05
  2.622882831384e-05
  2.626690824305e-05
  2.630579872915e-05
  2.634456751073e-05
  2.638368971880e-05
  2.642400271389e-05
  2.646989865051e-05
  2.651623107884e-05
  2.656467207010e-05
  2.661210624177e-05
  2.664677394936e-05
  2.667679118331e-05
  2.664529208491e-05
  2.656671218368e-05
  2.642827313656e-05
  2.614102188634e-05
  2.585404981631e-05
  2.561286974008e-05
  2.538692396526e-05
  2.509706206419e-05
  2.470704307322e-05
  2.431359143492e-05
  2.382730599623e-05
  2.331624942048e-05
  2.294237651886e-05
  2.296360604906e-05
  2.298620576381e-05
  2.294344727624e-05
  2.282376029691e-05
  2.267561746487e-05
  2.244263875137e-05
  2.214075954458e-05
  2.181189983412e-05
  2.149175361406e-05
  2.122547874065e-05
  2.094812112570e-05
  2.079736013838e-05
  2.074695561954e-05
  2.072059890038e-05
  2.095085642209e-05
  2.129848886590e-05
  2.164355840022e-05
  2.200213240266e-05
  2.246243157613e-05
  2.293812176841e-05
  2.337664776712e-05
  2.377114434000e-05
  2.416223188909e-05
  2.455023226388e-05
  2.493824420282e-05
  2.536773492532e-05
  2.580916799611e-05
  2.624805141532e-05
  2.668432156700e-05
  2.711473515161e-05
  2.753156494356e-05
  2.794457946544e-05
  2.834996320875e-05
  2.870202036387e-05
  2.903743051993e-05
  2.936951159754e-05
  2.969824650819e-05
  3.002371271214e-05
  3.034586982608e-05
  3.066477135491e-05
  3.098039719386e-05
  3.126726688747e-05
  3.139621132659e-05
  3.149754666423e-05
  3.159755951779e-05
  3.169627743911e-05
  3.179364532462e-05
  3.188977338142e-05
  3.198463405772e-05
  3.207968759625e-05
  3.218052700231e-05
  3.228216540918e-05
  3.239190403060e-05
  3.250227634227e-05
  3.261116085946e-05
  3.271861268564e-05
  3.282465937253e-05
  3.292930092015e-05
  3.303256488028e-05
  3.313447880459e-05
  3.323504269321e-05
  3.333428409774e-05
  3.343220301830e-05
  3.354218960548e-05
  3.367711052672e-05
  3.381095692965e-05
  3.394304002060e-05
  3.407335979951e-05
  3.419428443153e-05
  3.428333168852e-05
  3.436813597594e-05
  3.445181064157e-05
  3.453438323722e-05
  3.461585376281e-05
  3.467382264547e-05
  3.471074199084e-05
  3.474719295652e-05
  3.478402964663e-05
  3.482097654379e-05
  3.485748261293e-05
  3.490140010291e-05
  3.495292187596e-05
  3.500378240702e-05
  3.505392659258e-05
  3.510343708783e-05
  3.515228634115e-05
  3.519942738590e-05
  3.523725593902e-05
  3.527271504170e-05
  3.530770576458e-05
  3.534225565945e-05
  3.537633717452e-05
  3.540995030991e-05
  3.544025723521e-05
  3.540625837533e-05
  3.534652618070e-05
  3.528756543509e-05
  3.522934858672e-05
  3.517195829084e-05
  3.511528434047e-05
  3.505935428740e-05
  3.500436099375e-05
  3.495272901371e-05
  3.490272258693e-05
  3.485373557489e-05
  3.480560266713e-05
  3.475534827459e-05
  3.470294484552e-05
  3.465120265844e-05
  3.460017681693e-05
  3.454736011159e-05
  3.447525718110e-05
  3.439976538526e-05
  3.432523790070e-05
  3.425170227914e-05
  3.417800134713e-05
  3.409986458325e-05
  3.402211354391e-05
  3.394535436763e-05
  3.386958705429e-05
  3.379577591524e-05
  3.373328854556e-05
  3.367452066220e-05
  3.361649667607e-05
  3.355924413891e-05
  3.350276305085e-05
  3.344675034246e-05
  3.339090294464e-05
  3.333577189227e-05
  3.328017246016e-05
  3.322300257832e-05
  3.316654904198e-05
  3.311274047364e-05
  3.306435960011e-05
  3.301683283082e-05
  3.296996730356e-05
  3.292370791482e-05
  3.287805466460e-05
  3.283427493335e-05
  3.283973017996e-05
  3.287003710525e-05
  3.289993075434e-05
  3.292946623066e-05
  3.295858843071e-05
  3.298732490628e-05
  3.301570320909e-05
  3.300380085292e-05
  3.210944348656e-05
  3.129220346922e-05
  3.080288438396e-05
  3.069391721151e-05
  3.073833063302e-05
  3.079638217088e-05
  3.077188866489e-05
  3.070265111637e-05
  3.064961399705e-05
  3.070499301519e-05
  3.080971721806e-05
  3.094673207224e-05
  3.106264228577e-05
  3.125660660788e-05
  3.140673609521e-05
  3.172983547098e-05
  3.232952686791e-05
  3.288863453669e-05
  3.315847637911e-05
  3.335489280697e-05
  3.354023343126e-05
  3.371400232036e-05
  3.390755336619e-05
  3.404787443046e-05
  3.394058791479e-05
  3.391970368806e-05
  3.410033296305e-05
  3.451085404244e-05
  3.502411559875e-05
  3.546089349623e-05
  3.568039829080e-05
  3.610039717234e-05
  3.666237022314e-05
  3.689717169683e-05
  3.727379866573e-05
  3.760993505019e-05
  3.781384052333e-05
  3.832712963138e-05
  3.873269575424e-05
  3.911450355137e-05
  3.948546031734e-05
  3.984509331400e-05
  4.021296428398e-05
  4.051035787666e-05
  4.068602783657e-05
  4.083207966489e-05
  4.099978716897e-05
  4.118532065545e-05
  4.150924658366e-05
  4.191599307334e-05
  4.222688702365e-05
  4.250995370621e-05
  4.284671875013e-05
  4.312887622488e-05
  4.345035004734e-05
  4.360990223336e-05
  4.335438730106e-05
  4.336460900045e-05
  4.365585855281e-05
  4.415942189300e-05
  4.465433398359e-05
  4.501396698024e-05
  4.536894373105e-05
  4.572852162418e-05
  4.606627853110e-05
  4.640634978499e-05
  4.673181861126e-05
  4.706918979364e-05
  4.738873499361e-05
  4.771472730309e-05
  4.816525352396e-05
  4.845953376891e-05
  4.870879445384e-05
  4.895204885722e-05
  4.916226871200e-05
  4.937111097922e-05
  4.955920677850e-05
  4.975292313484e-05
  4.992385419370e-05
  5.006764677851e-05
  5.016534528504e-05
  5.025626606100e-05
  5.032507196150e-05
  5.035586302638e-05
  5.039928085154e-05
  5.048149673597e-05
  5.058915142064e-05
  5.069216719114e-05
  5.081403837743e-05
  5.093726811748e-05
  5.105367999076e-05
  5.123896313607e-05
  5.146970359977e-05
  5.166749534623e-05
  5.183695749143e-05
  5.201678624688e-05
  5.220264662106e-05
  5.243002646796e-05
  5.272246141381e-05
  5.298771186726e-05
  5.316675142134e-05
  5.337332824947e-05
  5.360910295394e-05
  5.382879923413e-05
  5.403749039091e-05
  5.423189889464e-05
  5.448953424004e-05
  5.479243501767e-05
  5.503906965568e-05
  5.522074627463e-05
  5.541522006913e-05
  5.561640268238e-05
  5.580279722842e-05
  5.597623107591e-05
  5.612249331357e-05
  5.628351569528e-05
  5.640324021468e-05
  5.649123493719e-05
  5.661149593063e-05
  5.674350159843e-05
  5.684762885193e-05
  5.692410110174e-05
  5.701244021604e-05
  5.712119070960e-05
  5.723865519896e-05
  5.730362010544e-05
  5.765117851926e-05
  5.971058671013e-05
  6.017069145616e-05
  5.853543863274e-05
  5.620343090048e-05
  5.868397954045e-05
  6.032611589382e-05
  6.254215146321e-05
  6.473864407518e-05
  6.676080598726e-05
  6.605992056857e-05
  6.336220650532e-05
  5.868176617286e-05
  5.783440475309e-05
  6.206386705144e-05
  6.309278973813e-05
  6.376129390614e-05
  6.326837063433e-05
  6.253481136779e-05
  6.439331239367e-05
  6.590319827942e-05
  6.709750438883e-05
  6.784624020876e-05
  6.748882332399e-05
  6.707804730364e-05
  6.671174953455e-05
  6.642510089728e-05
  6.557284867568e-05
  6.335518406292e-05
  6.137653694488e-05
  6.234573372385e-05
  6.396633558171e-05
  6.513830244388e-05
  6.543885284465e-05
  6.511740037313e-05
  6.453887118488e-05
  6.484710157229e-05
  6.718283251016e-05
  6.859278160469e-05
  7.122260237662e-05
  7.336170679289e-05
  7.282173366663e-05
  7.178177299328e-05
  7.074079689682e-05
  7.031752896845e-05
  7.085949199672e-05
  7.114447932882e-05
  7.223319793567e-05
  7.519072812810e-05
  7.722097598312e-05
  7.893212615401e-05
  7.834111819834e-05
  7.718326057725e-05
  7.139358464079e-05
  6.709089131717e-05
  7.015921282299e-05
  7.229202537769e-05
  7.220633683423e-05
  7.191761658978e-05
  7.191588701879e-05
  7.362737197524e-05
  7.557094035988e-05
  7.746769171734e-05
  7.920998047582e-05
  7.882339295937e-05
  7.759053638412e-05
  7.617042330739e-05
  7.769552878536e-05
  7.857027908815e-05
  7.718991824274e-05
  7.573403074527e-05
  7.485620242663e-05
  7.414269610217e-05
  1.005915961073e-04
  2.062290171811e-04
  3.675195732679e-04
  4.795717845656e-04
  3.338161769586e-04
  2.383431575398e-03
  8.403901832986e-03
  2.469828002626e-02
  6.527733555240e-02
  1.685161178208e-01
  4.326732005807e-01
  1.597364669182e-04
  1.584013439491e-04
  1.560068151081e-04
  1.532451876798e-04
  1.503759973438e-04
  1.475702672892e-04
  1.449787080297e-04
  1.426072643033e-04
  1.403407275021e-04
  1.381450539438e-04
  1.360632553006e-04
  1.340940600459e-04
  1.323323651438e-04
  1.311474164826e-04
  1.304389369958e-04
  1.304928163856e-04
  1.310102892256e-04
  1.318023231479e-04
  1.325324304301e-04
  1.331155705820e-04
  1.333828215227e-04
  1.336346822533e-04
  1.338847036293e-04
  1.341250383498e-04
  1.343582751606e-04
  1.345779015109e-04
  1.347902916974e-04
  1.349909256920e-04
  1.351884623798e-04
  1.353851410492e-04
  1.355816979264e-04
  1.357824386489e-04
  1.359825511701e-04
  1.361844879701e-04
  1.363925712463e-04
  1.366294719488e-04
  1.368686256872e-04
  1.371186631786e-04
  1.373635037771e-04
  1.375424478163e-04
  1.376973875415e-04
  1.375347988880e-04
  1.371291936171e-04
  1.364146138541e-04
  1.349319112888e-04
  1.334506497656e-04
  1.322057524241e-04
  1.310394898588e-04
  1.295433119171e-04
  1.275301538960e-04
  1.254992776056e-04
  1.229892218029e-04
  1.203513050128e-04
  1.184214881367e-04
  1.185310684392e-04
  1.186477212128e-04
  1.184270150569e-04
  1.178092276977e-04
  1.170445599828e-04
  1.158419955521e-04
  1.142837879760e-04
  1.125863153419e-04
  1.109338190642e-04
  1.095593901014e-04
  1.081277554370e-04
  1.073495736101e-04
  1.070894009935e-04
  1.069533557193e-04
  1.081418741953e-04
  1.099362459024e-04
  1.117173886594e-04
  1.135682373255e-04
  1.159441600232e-04
  1.183995264241e-04
  1.206630626934e-04
  1.226993326145e-04
  1.247180062039e-04
  1.267207447494e-04
  1.287235429855e-04
  1.309404419392e-04
  1.332189836200e-04
  1.354843647840e-04
  1.377362570650e-04
  1.399579195489e-04
  1.421094666749e-04
  1.442413205507e-04
  1.463337866957e-04
  1.481509974011e-04
  1.498822814198e-04
  1.515963817598e-04
  1.532932102156e-04
  1.549731666133e-04
  1.566360425065e-04
  1.582821140712e-04
  1.599112775326e-04
  1.613920106202e-04
  1.620575821382e-04
  1.625806439698e-04
  1.630968795456e-04
  1.636064310796e-04
  1.641090141441e-04
  1.646051975944e-04
  1.650948392164e-04
  1.655854763340e-04
  1.661059783194e-04
  1.666306045012e-04
  1.671970414980e-04
  1.677667494088e-04
  1.683287777824e-04
  1.688834110458e-04
  1.694307914126e-04
  1.699709188829e-04
  1.705039356703e-04
  1.710299839884e-04
  1.715490638375e-04
  1.720613174307e-04
  1.725667447687e-04
  1.731344616884e-04
  1.738308819682e-04
  1.745217559151e-04
  1.752035281881e-04
  1.758761987870e-04
  1.765003745285e-04
  1.769600090689e-04
  1.773977427060e-04
  1.778296455830e-04
  1.782558599138e-04
  1.786763856981e-04
  1.789756032332e-04
  1.791661695338e-04
  1.793543182025e-04
  1.795444578621e-04
  1.797351663765e-04
  1.799235994724e-04
  1.801502880421e-04
  1.804162275811e-04
  1.806787539925e-04
  1.809375828488e-04
  1.811931407907e-04
  1.814452856053e-04
  1.816886131728e-04
  1.818838725240e-04
  1.820669015011e-04
  1.822475128459e-04
  1.824258487721e-04
  1.826017670659e-04
  1.827752677279e-04
  1.829317027507e-04
  1.827562110976e-04
  1.824478918887e-04
  1.821435546623e-04
  1.818430572045e-04
  1.815468261564e-04
  1.812542926634e-04
  1.809655989393e-04
  1.806817404792e-04
  1.804152320856e-04
  1.801571142977e-04
  1.799042584150e-04
  1.796558111558e-04
  1.793964134450e-04
  1.791259230689e-04
  1.788588458204e-04
  1.785954661273e-04
  1.783228425463e-04
  1.779506694054e-04
  1.775610039844e-04
  1.771763160415e-04
  1.767967477902e-04
  1.764163262572e-04
  1.760130083250e-04
  1.756116813842e-04
  1.752154741353e-04
  1.748243865778e-04
  1.744433961900e-04
  1.741208556153e-04
  1.738175138844e-04
  1.735180119222e-04
  1.732224919423e-04
  1.729309539451e-04
  1.726418335797e-04
  1.723535664966e-04
  1.720689969683e-04
  1.717820098079e-04
  1.714869164692e-04
  1.711955206856e-04
  1.709177774129e-04
  1.706680502308e-04
  1.704227316718e-04
  1.701808262408e-04
  1.699420495103e-04
  1.697064014804e-04
  1.694804239788e-04
  1.695085822832e-04
  1.696650173061e-04
  1.698193191242e-04
  1.699717721648e-04
  1.701220920005e-04
  1.702704208451e-04
  1.704169009121e-04
  1.703554646119e-04
  1.657390670838e-04
  1.615207255821e-04
  1.589950110292e-04
  1.584325560147e-04
  1.586618044303e-04
  1.589614486061e-04
  1.588350206649e-04
  1.584776377441e-04
  1.582038764539e-04
  1.584897259051e-04
  1.590302800164e-04
  1.597375085337e-04
  1.603358013899e-04
  1.613369855371e-04
  1.621119077553e-04
  1.637796473142e-04
  1.668750697779e-04
  1.697610115246e-04
  1.711538520839e-04
  1.721676932464e-04
  1.731243645190e-04
  1.740213060552e-04
  1.750203569974e-04
  1.757446511539e-04
  1.751908711725e-04
  1.750830732202e-04
  1.760154259574e-04
  1.781344094504e-04
  1.807837076716e-04
  1.830382207802e-04
  1.841712369873e-04
  1.863391419787e-04
  1.892398739457e-04
  1.904518469036e-04
  1.923958794276e-04
  1.941309120138e-04
  1.951834093237e-04
  1.978328497585e-04
  1.999262572905e-04
  2.018970316556e-04
  2.038117963368e-04
  2.056681112051e-04
  2.075669479569e-04
  2.091020021733e-04
  2.100087564520e-04
  2.107626310491e-04
  2.116282855810e-04
  2.125859523488e-04
  2.142579583171e-04
  2.163574585394e-04
  2.179621974477e-04
  2.194233005624e-04
  2.211615780953e-04
  2.226179881591e-04
  2.242773371119e-04
  2.251008964013e-04
  2.237820069437e-04
  2.238347682107e-04
  2.253381087814e-04
  2.279373477952e-04
  2.304919317205e-04
  2.323482465889e-04
  2.341805273489e-04
  2.360365577898e-04
  2.377799550143e-04
  2.395352981857e-04
  2.412152681189e-04
  2.429566743520e-04
  2.446060683490e-04
  2.462887403415e-04
  2.486142180651e-04
  2.501332021384e-04
  2.514198090956e-04
  2.526754134756e-04
  2.537605036805e-04
  2.548384832024e-04
  2.558093758405e-04
  2.568092800647e-04
  2.576915735944e-04
  2.584337866717e-04
  2.589380763002e-04
  2.594073813690e-04
  2.597625362556e-04
  2.599214702580e-04
  2.601455797116e-04
  2.605699528089e-04
  2.611256331654e-04
  2.616573688744e-04
  2.622864304379e-04
  2.629225044377e-04
  2.635233867073e-04
  2.644797612910e-04
  2.656707725650e-04
  2.666917126990e-04
  2.675664241483e-04
  2.684946448500e-04
  2.694539989116e-04
  2.706276637157e-04
  2.721371229229e-04
  2.735062641450e-04
  2.744304112321e-04
  2.754966972544e-04
  2.767136937302e-04
  2.778476983272e-04
  2.789248978634e-04
  2.799283747394e-04
  2.812582091170e-04
  2.828216897275e-04
  2.840947418385e-04
  2.850325006430e-04
  2.860363145299e-04
  2.870747572749e-04
  2.880368685672e-04
  2.889320807218e-04
  2.896870413871e-04
  2.905181893743e-04
  2.911361705038e-04
  2.915903721851e-04
  2.922111224285e-04
  2.928924950670e-04
  2.934299679092e-04
  2.938246941320e-04
  2.942806734577e-04
  2.948420100426e-04
  2.954483255924e-04
  2.957836544497e-04
  2.975776440368e-04
  3.082076754306e-04
  3.105825945537e-04
  3.021419226525e-04
  2.901048163059e-04
  3.029086451115e-04
  3.113848476763e-04
  3.228233414031e-04
  3.341609603973e-04
  3.445987379608e-04
  3.409809830945e-04
  3.270562131966e-04
  3.028972203891e-04
  2.985234014765e-04
  3.203545844394e-04
  3.256655667448e-04
  3.291161795589e-04
  3.265718613041e-04
  3.227854540891e-04
  3.323784645171e-04
  3.401720308620e-04
  3.463366715063e-04
  3.502014154200e-04
  3.483565394393e-04
  3.462362400196e-04
  3.443455236467e-04
  3.428659315840e-04
  3.384668678572e-04
  3.270199655097e-04
  3.168067979234e-04
  3.218094934710e-04
  3.301745415961e-04
  3.362238739202e-04
  3.377752226085e-04
  3.361159838626e-04
  3.331297942084e-04
  3.347207846246e-04
  3.467771090129e-04
  3.540548323923e-04
  3.676291580115e-04
  3.786705567980e-04
  3.758833816719e-04
  3.705154246759e-04
  3.651422263781e-04
  3.629574475729e-04
  3.657548939609e-04
  3.672259108775e-04
  3.728455413233e-04
  3.881114021337e-04
  3.985909168467e-04
  4.074233475016e-04
  4.043727462897e-04
  3.983962415267e-04
  3.685117158473e-04
  3.463025368653e-04
  3.621402683445e-04
  3.731491904776e-04
  3.727068925830e-04
  3.712166075214e-04
  3.712076800081e-04
  3.800418387231e-04
  3.900739406815e-04
  3.998643875513e-04
  4.088575460139e-04
  4.068621002084e-04
  4.004984739215e-04
  3.931682871934e-04
  4.010404123901e-04
  4.055556042893e-04
  3.984306063474e-04
  3.909157630673e-04
  3.863846833976e-04
  3.827017832992e-04
  5.192228667017e-04
  1.064490729262e-03
  1.897022950085e-03
  2.475401985926e-03
  1.723056388995e-03
  1.230254040155e-02
  4.337835535038e-02
  1.274849217440e-01
  3.369415200453e-01
  8.698283471618e-01
  2.233325926263e+00
  1.524983047718e-04
  1.512236804272e-04
  1.489376552257e-04
  1.463011658294e-04
  1.435619875394e-04
  1.408833939457e-04
  1.384092663941e-04
  1.361452802479e-04
  1.339814473639e-04
  1.318852666863e-04
  1.298978008929e-04
  1.280178360739e-04
  1.263359691134e-04
  1.252047142062e-04
  1.245283381551e-04
  1.245797761002e-04
  1.250738006168e-04
  1.258299449889e-04
  1.265269688119e-04
  1.270836850478e-04
  1.273388260071e-04
  1.275792741352e-04
  1.278179662556e-04
  1.280474106534e-04
  1.282700787700e-04
  1.284797531591e-04
  1.286825192777e-04
  1.288740619144e-04
  1.290626475931e-04
  1.292504141328e-04
  1.294380643992e-04
  1.296297089276e-04
  1.298207537206e-04
  1.300135401285e-04
  1.302121944965e-04
  1.304383604824e-04
  1.306666774120e-04
  1.309053849176e-04
  1.311391310179e-04
  1.313099665393e-04
  1.314578854579e-04
  1.313026642081e-04
  1.309154381888e-04
  1.302332382843e-04
  1.288177216395e-04
  1.274035807388e-04
  1.262150936146e-04
  1.251016780774e-04
  1.236732966680e-04
  1.217513611740e-04
  1.198125102813e-04
  1.174161930084e-04
  1.148978085319e-04
  1.130554377333e-04
  1.131600526073e-04
  1.132714194765e-04
  1.130607142113e-04
  1.124709207420e-04
  1.117409025284e-04
  1.105928300776e-04
  1.091052297918e-04
  1.074846749862e-04
  1.059070585166e-04
  1.045949092567e-04
  1.032281464655e-04
  1.024852265068e-04
  1.022368431305e-04
  1.021069624959e-04
  1.032416254584e-04
  1.049546885351e-04
  1.066551221070e-04
  1.084221029937e-04
  1.106903651549e-04
  1.130344711750e-04
  1.151954394906e-04
  1.171394396117e-04
  1.190666407462e-04
  1.209786289038e-04
  1.228906740473e-04
  1.250071183308e-04
  1.271824121155e-04
  1.293451417278e-04
  1.314949936809e-04
  1.336159856442e-04
  1.356700393971e-04
  1.377052922630e-04
  1.397029421801e-04
  1.414378093481e-04
  1.430906434380e-04
  1.447270724959e-04
  1.463470123130e-04
  1.479508445979e-04
  1.495383703499e-04
  1.511098532304e-04
  1.526651941669e-04
  1.540788305772e-04
  1.547142429546e-04
  1.552136032081e-04
  1.557064465249e-04
  1.561929086749e-04
  1.566727181187e-04
  1.571464179349e-04
  1.576138723537e-04
  1.580822771590e-04
  1.585791935610e-04
  1.590800472790e-04
  1.596208172324e-04
  1.601647098844e-04
  1.607012709832e-04
  1.612307720676e-04
  1.617533489069e-04
  1.622690015011e-04
  1.627778656201e-04
  1.632800770329e-04
  1.637756357401e-04
  1.642646775105e-04
  1.647472023447e-04
  1.652891942238e-04
  1.659540575084e-04
  1.666136257820e-04
  1.672645048072e-04
  1.679066945838e-04
  1.685025869576e-04
  1.689413940101e-04
  1.693592925582e-04
  1.697716245562e-04
  1.701785257740e-04
  1.705799962113e-04
  1.708656552580e-04
  1.710475863996e-04
  1.712272094599e-04
  1.714087332929e-04
  1.715908002042e-04
  1.717706948034e-04
  1.719871114004e-04
  1.722410003818e-04
  1.724916308950e-04
  1.727387314011e-04
  1.729827092082e-04
  1.732234285475e-04
  1.734557301770e-04
  1.736421417123e-04
  1.738168770704e-04
  1.739893043465e-04
  1.741595593105e-04
  1.743275061926e-04
  1.744931449935e-04
  1.746424914530e-04
  1.744749518791e-04
  1.741806035841e-04
  1.738900568355e-04
  1.736031758635e-04
  1.733203679767e-04
  1.730410900971e-04
  1.727654779944e-04
  1.724944820546e-04
  1.722400499952e-04
  1.719936283369e-04
  1.717522301502e-04
  1.715150408184e-04
  1.712673972344e-04
  1.710091636287e-04
  1.707541884911e-04
  1.705027433610e-04
  1.702424732126e-04
  1.698871644083e-04
  1.695151559541e-04
  1.691478994329e-04
  1.687855306138e-04
  1.684223471780e-04
  1.680373048509e-04
  1.676541632972e-04
  1.672759094459e-04
  1.669025432967e-04
  1.665388167827e-04
  1.662308915367e-04
  1.659412951746e-04
  1.656553645891e-04
  1.653732355497e-04
  1.650949080569e-04
  1.648188886454e-04
  1.645436838513e-04
  1.642720090641e-04
  1.639980261953e-04
  1.637163044647e-04
  1.634381127413e-04
  1.631729548906e-04
  1.629345436332e-04
  1.627003412304e-04
  1.624693972959e-04
  1.622414402908e-04
  1.620164702148e-04
  1.618007324652e-04
  1.618276148282e-04
  1.619769612877e-04
  1.621242712048e-04
  1.622698161182e-04
  1.624133244890e-04
  1.625549320866e-04
  1.626947746807e-04
  1.626361222527e-04
  1.582289082284e-04
  1.542017130589e-04
  1.517904465831e-04
  1.512534781758e-04
  1.514723386241e-04
  1.517584049790e-04
  1.516377058858e-04
  1.512965171101e-04
  1.510351608058e-04
  1.513080575186e-04
  1.518241174214e-04
  1.524992991884e-04
  1.530704815120e-04
  1.540262988538e-04
  1.547661069069e-04
  1.563582759366e-04
  1.593134350644e-04
  1.620686057061e-04
  1.633983322751e-04
  1.643662331031e-04
  1.652795545889e-04
  1.661358528806e-04
  1.670896336797e-04
  1.677811077880e-04
  1.672524213207e-04
  1.671495080331e-04
  1.680396129328e-04
  1.700625786134e-04
  1.725918287926e-04
  1.747441828153e-04
  1.758258584915e-04
  1.778955288834e-04
  1.806648195539e-04
  1.818218742019e-04
  1.836778164926e-04
  1.853342292907e-04
  1.863390346343e-04
  1.888684205829e-04
  1.908669692299e-04
  1.927484416048e-04
  1.945764422708e-04
  1.963486416690e-04
  1.981614361503e-04
  1.996269322279e-04
  2.004925986159e-04
  2.012123127820e-04
  2.020387417820e-04
  2.029530136540e-04
  2.045492557685e-04
  2.065536210268e-04
  2.080856441637e-04
  2.094805400969e-04
  2.111400508029e-04
  2.125304663421e-04
  2.141146249705e-04
  2.149008661960e-04
  2.136417397714e-04
  2.136921102593e-04
  2.151273297364e-04
  2.176087890484e-04
  2.200476167346e-04
  2.218198161328e-04
  2.235690704838e-04
  2.253409983428e-04
  2.270053967511e-04
  2.286811997978e-04
  2.302850450050e-04
  2.319475426400e-04
  2.335221974029e-04
  2.351286222306e-04
  2.373487252382e-04
  2.387988793616e-04
  2.400271861074e-04
  2.412258951005e-04
  2.422618164525e-04
  2.432909493289e-04
  2.442178477653e-04
  2.451724431815e-04
  2.460147572141e-04
  2.467233382805e-04
  2.472047769585e-04
  2.476528163373e-04
  2.479918780380e-04
  2.481436102404e-04
  2.483575645892e-04
  2.487627080056e-04
  2.492932087360e-04
  2.498008498261e-04
  2.504014066299e-04
  2.510086581146e-04
  2.515823125170e-04
  2.524953507578e-04
  2.536323935618e-04
  2.546070716845e-04
  2.554421472046e-04
  2.563283073044e-04
  2.572441900136e-04
  2.583646723708e-04
  2.598057332297e-04
  2.611128343532e-04
  2.619951054266e-04
  2.630130746728e-04
  2.641749252073e-04
  2.652575444863e-04
  2.662859327206e-04
  2.672439389006e-04
  2.685135142964e-04
  2.700061486787e-04
  2.712215147912e-04
  2.721167807923e-04
  2.730751087121e-04
  2.740664963474e-04
  2.749850113485e-04
  2.758396586223e-04
  2.765604096434e-04
  2.773538956990e-04
  2.779438741581e-04
  2.783774945315e-04
  2.789701166273e-04
  2.796206141267e-04
  2.801337323825e-04
  2.805105723176e-04
  2.809458897847e-04
  2.814817904419e-04
  2.820606319255e-04
  2.823807659767e-04
  2.840934642484e-04
  2.942418154578e-04
  2.965091195194e-04
  2.884509210323e-04
  2.769592538655e-04
  2.891829008831e-04
  2.972750200276e-04
  3.081951995968e-04
  3.190190753849e-04
  3.289838843902e-04
  3.255300613851e-04
  3.122362666447e-04
  2.891719938508e-04
  2.849963664413e-04
  3.058383097824e-04
  3.109086347613e-04
  3.142028894467e-04
  3.117738622612e-04
  3.081590290762e-04
  3.173173500042e-04
  3.247577653247e-04
  3.306430666960e-04
  3.343326868972e-04
  3.325714080547e-04
  3.305471860761e-04
  3.287421440138e-04
  3.273295969250e-04
  3.231298686234e-04
  3.122016614546e-04
  3.024512846414e-04
  3.072272923059e-04
  3.152132937684e-04
  3.209885118023e-04
  3.224695639980e-04
  3.208855105828e-04
  3.180346345820e-04
  3.195535322142e-04
  3.310635465927e-04
  3.380114934164e-04
  3.509707236115e-04
  3.615118018621e-04
  3.588509224147e-04
  3.537262044477e-04
  3.485964826790e-04
  3.465107030789e-04
  3.491813883650e-04
  3.505857488745e-04
  3.559507361750e-04
  3.705248527770e-04
  3.805295076901e-04
  3.889617131087e-04
  3.860493442406e-04
  3.803436537217e-04
  3.518132899736e-04
  3.306104788030e-04
  3.457305528137e-04
  3.562406260303e-04
  3.558183700455e-04
  3.543956144913e-04
  3.543870915118e-04
  3.628209466865e-04
  3.723984625254e-04
  3.817452734284e-04
  3.903309235718e-04
  3.884258976971e-04
  3.823506273491e-04
  3.753525944562e-04
  3.828680088798e-04
  3.871786032208e-04
  3.803764613642e-04
  3.732021392890e-04
  3.688763771023e-04
  3.653603608007e-04
  4.956952441630e-04
  1.016255303436e-03
  1.811062868626e-03
  2.363233729689e-03
  1.644979280045e-03
  1.174507356910e-02
  4.141274551984e-02
  1.217081786332e-01
  3.216736391224e-01
  8.304136866414e-01
  2.132126898314e+00
  3.419137779973e-04
  3.390559650804e-04
  3.339305080176e-04
  3.280192813224e-04
  3.218778176573e-04
  3.158721898786e-04
  3.103249918316e-04
  3.052489481488e-04
  3.003974563409e-04
  2.956976463600e-04
  2.912415841165e-04
  2.870265479250e-04
  2.832556634722e-04
  2.807192966594e-04
  2.792028057627e-04
  2.793181338783e-04
  2.804257775938e-04
  2.821211156460e-04
  2.836839005505e-04
  2.849321042719e-04
  2.855041513477e-04
  2.860432558840e-04
  2.865784233062e-04
  2.870928565715e-04
  2.875920968558e-04
  2.880622041308e-04
  2.885168224937e-04
  2.889462768844e-04
  2.893691015314e-04
  2.897900896012e-04
  2.902108169766e-04
  2.906404998171e-04
  2.910688380010e-04
  2.915010810295e-04
  2.919464805082e-04
  2.924535633038e-04
  2.929654686926e-04
  2.935006706097e-04
  2.940247486468e-04
  2.944077759772e-04
  2.947394223936e-04
  2.943914035481e-04
  2.935232108730e-04
  2.919936624163e-04
  2.888199573410e-04
  2.856493367974e-04
  2.829846506336e-04
  2.804882811600e-04
  2.772857322212e-04
  2.729765943143e-04
  2.686295306883e-04
  2.632567897041e-04
  2.576103639810e-04
  2.534796166840e-04
  2.537141718607e-04
  2.539638655673e-04
  2.534914469829e-04
  2.521690813763e-04
  2.505323203263e-04
  2.479582471937e-04
  2.446229246495e-04
  2.409895071052e-04
  2.374523608521e-04
  2.345104139796e-04
  2.314460190656e-04
  2.297803312391e-04
  2.292234352216e-04
  2.289322321258e-04
  2.314762400794e-04
  2.353170687980e-04
  2.391295811250e-04
  2.430912980210e-04
  2.481769288822e-04
  2.534326079309e-04
  2.582776771403e-04
  2.626362857610e-04
  2.669572296681e-04
  2.712440648263e-04
  2.755310277515e-04
  2.802762704084e-04
  2.851534585011e-04
  2.900024766828e-04
  2.948226220904e-04
  2.995780610203e-04
  3.041834189613e-04
  3.087466237629e-04
  3.132255196515e-04
  3.171152349414e-04
  3.208210253036e-04
  3.244900342308e-04
  3.281220729202e-04
  3.317179971939e-04
  3.352773608756e-04
  3.388007551161e-04
  3.422879577869e-04
  3.454574472213e-04
  3.468820941829e-04
  3.480017010606e-04
  3.491066964286e-04
  3.501973846943e-04
  3.512731570441e-04
  3.523352311047e-04
  3.533833024693e-04
  3.544335046789e-04
  3.555476322398e-04
  3.566705875881e-04
  3.578830384286e-04
  3.591024906170e-04
  3.603055048583e-04
  3.614926899648e-04
  3.626643503429e-04
  3.638204859924e-04
  3.649614013204e-04
  3.660874007324e-04
  3.671984842297e-04
  3.682949562171e-04
  3.693768166962e-04
  3.705920071947e-04
  3.720826855196e-04
  3.735614919929e-04
  3.750208164546e-04
  3.764606589042e-04
  3.777966987581e-04
  3.787805403645e-04
  3.797175033792e-04
  3.806419857297e-04
  3.815542918230e-04
  3.824544216583e-04
  3.830948928032e-04
  3.835027974291e-04
  3.839055271464e-04
  3.843125185530e-04
  3.847207275858e-04
  3.851240661155e-04
  3.856092899769e-04
  3.861785300150e-04
  3.867404642988e-04
  3.872944840153e-04
  3.878415023831e-04
  3.883812149974e-04
  3.889020544119e-04
  3.893200044501e-04
  3.897117755357e-04
  3.900983717114e-04
  3.904800973840e-04
  3.908566481468e-04
  3.912280240008e-04
  3.915628710818e-04
  3.911872335378e-04
  3.905272803813e-04
  3.898758506053e-04
  3.892326398030e-04
  3.885985611935e-04
  3.879723971515e-04
  3.873544520836e-04
  3.867468568337e-04
  3.861763991701e-04
  3.856239014861e-04
  3.850826668400e-04
  3.845508687938e-04
  3.839956314517e-04
  3.834166504076e-04
  3.828449751176e-04
  3.822812143957e-04
  3.816976672548e-04
  3.809010356082e-04
  3.800669619692e-04
  3.792435425556e-04
  3.784310817737e-04
  3.776167945538e-04
  3.767534978965e-04
  3.758944629298e-04
  3.750463865954e-04
  3.742092688921e-04
  3.733937640458e-04
  3.727033702455e-04
  3.720540713145e-04
  3.714129913571e-04
  3.707804347795e-04
  3.701564015830e-04
  3.695375432952e-04
  3.689205114467e-04
  3.683113941650e-04
  3.676971019740e-04
  3.670654586164e-04
  3.664417298261e-04
  3.658472240535e-04
  3.653126863492e-04
  3.647875852441e-04
  3.642697898939e-04
  3.637586914854e-04
  3.632542900187e-04
  3.627705881891e-04
  3.628308606643e-04
  3.631657077453e-04
  3.634959887300e-04
  3.638223124312e-04
  3.641440700355e-04
  3.644615659499e-04
  3.647751045806e-04
  3.646436009991e-04
  3.547622636312e-04
  3.457329598813e-04
  3.403267015512e-04
  3.391227740906e-04
  3.396134772681e-04
  3.402548616318e-04
  3.399842443091e-04
  3.392192709313e-04
  3.386332885392e-04
  3.392451454790e-04
  3.404021943480e-04
  3.419160075612e-04
  3.431966454442e-04
  3.453396667645e-04
  3.469983774421e-04
  3.505681517353e-04
  3.571938622539e-04
  3.633711820904e-04
  3.663525387396e-04
  3.685226522325e-04
  3.705703943382e-04
  3.724902857393e-04
  3.746287409628e-04
  3.761790829491e-04
  3.749937242813e-04
  3.747629842017e-04
  3.767586728064e-04
  3.812943287250e-04
  3.869651162499e-04
  3.917908715040e-04
  3.942160775912e-04
  3.988564493248e-04
  4.050654274308e-04
  4.076596393904e-04
  4.118208150921e-04
  4.155346292132e-04
  4.177874856742e-04
  4.234585776053e-04
  4.279394885204e-04
  4.321579047766e-04
  4.362564330511e-04
  4.402298502803e-04
  4.442942850341e-04
  4.475800481205e-04
  4.495209435662e-04
  4.511346020914e-04
  4.529875240768e-04
  4.550373970269e-04
  4.586163035124e-04
  4.631102557499e-04
  4.665451779905e-04
  4.696726497296e-04
  4.733934096158e-04
  4.765108359419e-04
  4.800626502548e-04
  4.818254679350e-04
  4.790024026329e-04
  4.791153374216e-04
  4.823332178722e-04
  4.878968543308e-04
  4.933649071680e-04
  4.973383243972e-04
  5.012602969379e-04
  5.052331053540e-04
  5.089648238718e-04
  5.127221125298e-04
  5.163180657763e-04
  5.200455226036e-04
  5.235760284662e-04
  5.271777654345e-04
  5.321554195009e-04
  5.354067846604e-04
  5.381607497005e-04
  5.408483541374e-04
  5.431709752558e-04
  5.454783760519e-04
  5.475565588008e-04
  5.496968404630e-04
  5.515853780015e-04
  5.531740751991e-04
  5.542535004262e-04
  5.552580416697e-04
  5.560182459699e-04
  5.563584420833e-04
  5.568381453812e-04
  5.577465103387e-04
  5.589359367340e-04
  5.600741099305e-04
  5.614206078211e-04
  5.627821157383e-04
  5.640682962260e-04
  5.661154032731e-04
  5.686647470277e-04
  5.708500557743e-04
  5.727223639710e-04
  5.747092080088e-04
  5.767626925886e-04
  5.792749064556e-04
  5.825058837660e-04
  5.854365123001e-04
  5.874146368201e-04
  5.896970078364e-04
  5.923019725689e-04
  5.947292942914e-04
  5.970350255387e-04
  5.991829544145e-04
  6.020294471718e-04
  6.053760565757e-04
  6.081010076484e-04
  6.101082678681e-04
  6.122569181112e-04
  6.144796909634e-04
  6.165390773588e-04
  6.184552670416e-04
  6.200712502814e-04
  6.218503114680e-04
  6.231730918373e-04
  6.241453044812e-04
  6.254740121020e-04
  6.269324811514e-04
  6.280829346052e-04
  6.289278408229e-04
  6.299038584909e-04
  6.311053919677e-04
  6.324032023192e-04
  6.331209692681e-04
  6.369609800638e-04
  6.597144205536e-04
  6.647979032766e-04
  6.467307575944e-04
  6.209654919258e-04
  6.483719167968e-04
  6.665151153906e-04
  6.909990587269e-04
  7.152670810424e-04
  7.376090047714e-04
  7.298652487083e-04
  7.000594643724e-04
  6.483474623307e-04
  6.389853612555e-04
  6.857147173569e-04
  6.970828041812e-04
  7.044687949097e-04
  6.990227156035e-04
  6.909179614363e-04
  7.114516723734e-04
  7.281336972387e-04
  7.413290283574e-04
  7.496014611839e-04
  7.456525287412e-04
  7.411140560989e-04
  7.370670029078e-04
  7.338999558219e-04
  7.244838185586e-04
  6.999818766819e-04
  6.781207276147e-04
  6.888289307437e-04
  7.067342047413e-04
  7.196827199375e-04
  7.230033611239e-04
  7.194517827075e-04
  7.130598835615e-04
  7.164653773379e-04
  7.422717789687e-04
  7.578496488432e-04
  7.869053118723e-04
  8.105392787823e-04
  8.045733675807e-04
  7.930833271906e-04
  7.815820678642e-04
  7.769055779569e-04
  7.828934746577e-04
  7.860421667576e-04
  7.980709108119e-04
  8.307472823679e-04
  8.531785439088e-04
  8.720842439808e-04
  8.655544727543e-04
  8.527618439817e-04
  7.887944151544e-04
  7.412559636133e-04
  7.751564167124e-04
  7.987208677787e-04
  7.977741350314e-04
  7.945841997241e-04
  7.945650905009e-04
  8.134744894625e-04
  8.349480699669e-04
  8.559043909756e-04
  8.751541267773e-04
  8.708829016319e-04
  8.572616443979e-04
  8.415714774250e-04
  8.584216564655e-04
  8.680863645337e-04
  8.528354014222e-04
  8.367499795614e-04
  8.270512639319e-04
  8.191680653679e-04
  1.111389624433e-03
  2.278528215297e-03
  4.060552335510e-03
  5.298564951378e-03
  3.688179230641e-03
  2.633342372478e-02
  9.285079135217e-02
  2.728797754960e-01
  7.212188319015e-01
  1.861855981449e+00
  4.780404372777e+00
  1.401798308668e-04
  1.390081678421e-04
  1.369068026722e-04
  1.344832830258e-04
  1.319653694662e-04
  1.295031467058e-04
  1.272288736754e-04
  1.251477672951e-04
  1.231587240191e-04
  1.212318681548e-04
  1.194049454280e-04
  1.176768399861e-04
  1.161308304982e-04
  1.150909558465e-04
  1.144692159486e-04
  1.145164988508e-04
  1.149706171657e-04
  1.156656818771e-04
  1.163064016658e-04
  1.168181476024e-04
  1.170526788424e-04
  1.172737041054e-04
  1.174931152072e-04
  1.177040255968e-04
  1.179087070782e-04
  1.181014444364e-04
  1.182878315589e-04
  1.184639018074e-04
  1.186372539544e-04
  1.188098531306e-04
  1.189823454258e-04
  1.191585093355e-04
  1.193341219549e-04
  1.195113355056e-04
  1.196939430155e-04
  1.199018398160e-04
  1.201117138119e-04
  1.203311390561e-04
  1.205460036662e-04
  1.207030394742e-04
  1.208390098315e-04
  1.206963270090e-04
  1.203403802464e-04
  1.197132869329e-04
  1.184121125746e-04
  1.171122028309e-04
  1.160197190534e-04
  1.149962427471e-04
  1.136832428112e-04
  1.119165569920e-04
  1.101343221624e-04
  1.079315740694e-04
  1.056166190901e-04
  1.039230709072e-04
  1.040192352244e-04
  1.041216061255e-04
  1.039279211630e-04
  1.033857698986e-04
  1.027147209326e-04
  1.016593872211e-04
  1.002919519780e-04
  9.880230198552e-05
  9.735212186577e-05
  9.614596510481e-05
  9.488960637226e-05
  9.420669783561e-05
  9.397837831600e-05
  9.385898915022e-05
  9.490199656209e-05
  9.647668221327e-05
  9.803975854294e-05
  9.966400664341e-05
  1.017490436318e-04
  1.039037979808e-04
  1.058902080819e-04
  1.076771761966e-04
  1.094487023095e-04
  1.112062443160e-04
  1.129638387052e-04
  1.149093213265e-04
  1.169088997171e-04
  1.188969288412e-04
  1.208731205347e-04
  1.228227834843e-04
  1.247109153432e-04
  1.265817650090e-04
  1.284180492085e-04
  1.300127776651e-04
  1.315320994931e-04
  1.330363414510e-04
  1.345254261324e-04
  1.359997044123e-04
  1.374589933647e-04
  1.389035353530e-04
  1.403332393078e-04
  1.416326853127e-04
  1.422167704914e-04
  1.426757935342e-04
  1.431288260640e-04
  1.435759928834e-04
  1.440170443874e-04
  1.444524797859e-04
  1.448821742764e-04
  1.453127423833e-04
  1.457695189835e-04
  1.462299148520e-04
  1.467270026113e-04
  1.472269608245e-04
  1.477201797110e-04
  1.482069088753e-04
  1.486872731198e-04
  1.491612724443e-04
  1.496290316515e-04
  1.500906755432e-04
  1.505462041202e-04
  1.509957421840e-04
  1.514392897352e-04
  1.519375007157e-04
  1.525486578228e-04
  1.531549476381e-04
  1.537532501032e-04
  1.543435652179e-04
  1.548913227310e-04
  1.552946839257e-04
  1.556788255585e-04
  1.560578502947e-04
  1.564318829371e-04
  1.568009234853e-04
  1.570635076295e-04
  1.572307427781e-04
  1.573958562871e-04
  1.575627170286e-04
  1.577300769797e-04
  1.578954400933e-04
  1.580943750389e-04
  1.583277554330e-04
  1.585581405708e-04
  1.587852808475e-04
  1.590095506700e-04
  1.592308252364e-04
  1.594443620569e-04
  1.596157156830e-04
  1.597763363074e-04
  1.599348352916e-04
  1.600913374383e-04
  1.602457179448e-04
  1.603979768117e-04
  1.605352593964e-04
  1.603812532967e-04
  1.601106818023e-04
  1.598436047738e-04
  1.595798974087e-04
  1.593199341140e-04
  1.590632156804e-04
  1.588098669105e-04
  1.585607614200e-04
  1.583268818166e-04
  1.581003655517e-04
  1.578784669737e-04
  1.576604372686e-04
  1.574327977825e-04
  1.571954237132e-04
  1.569610449002e-04
  1.567299109485e-04
  1.564906648438e-04
  1.561640570945e-04
  1.558220986560e-04
  1.554845082997e-04
  1.551514108280e-04
  1.548175645424e-04
  1.544636250781e-04
  1.541114328470e-04
  1.537637335006e-04
  1.534205270386e-04
  1.530861815434e-04
  1.528031298140e-04
  1.525369264020e-04
  1.522740926533e-04
  1.520147533702e-04
  1.517589085533e-04
  1.515051853760e-04
  1.512522110131e-04
  1.510024815110e-04
  1.507506303690e-04
  1.504916654933e-04
  1.502359454786e-04
  1.499922064894e-04
  1.497730535631e-04
  1.495577695095e-04
  1.493454807125e-04
  1.491359375672e-04
  1.489291400737e-04
  1.487308291397e-04
  1.487555400052e-04
  1.488928225898e-04
  1.490282331394e-04
  1.491620212584e-04
  1.492939373421e-04
  1.494241061930e-04
  1.495526526133e-04
  1.494987379980e-04
  1.454475289210e-04
  1.417456416209e-04
  1.395291518884e-04
  1.390355585948e-04
  1.392367399828e-04
  1.394996985338e-04
  1.393887492449e-04
  1.390751209397e-04
  1.388348764164e-04
  1.390857291397e-04
  1.395601028713e-04
  1.401807449566e-04
  1.407057884424e-04
  1.415843969852e-04
  1.422644449891e-04
  1.437280021455e-04
  1.464444500912e-04
  1.489770641759e-04
  1.501993783900e-04
  1.510890943417e-04
  1.519286397491e-04
  1.527157681692e-04
  1.535925046765e-04
  1.542281230442e-04
  1.537421426940e-04
  1.536475425128e-04
  1.544657467183e-04
  1.563253017303e-04
  1.586502447050e-04
  1.606287363566e-04
  1.616230366773e-04
  1.635255236978e-04
  1.660711172268e-04
  1.671347075737e-04
  1.688407309737e-04
  1.703633424298e-04
  1.712869818325e-04
  1.736120496095e-04
  1.754491599415e-04
  1.771786511623e-04
  1.788589900000e-04
  1.804880350722e-04
  1.821543960469e-04
  1.835015126106e-04
  1.842972523930e-04
  1.849588296493e-04
  1.857185015527e-04
  1.865589205762e-04
  1.880262218028e-04
  1.898686788932e-04
  1.912769486083e-04
  1.925591679502e-04
  1.940846270721e-04
  1.953627279363e-04
  1.968189217539e-04
  1.975416521618e-04
  1.963842351695e-04
  1.964305368414e-04
  1.977498224811e-04
  2.000308350285e-04
  2.022726596382e-04
  2.039017047103e-04
  2.055096581852e-04
  2.071384536525e-04
  2.086684056590e-04
  2.102088410625e-04
  2.116831312209e-04
  2.132113359942e-04
  2.146587936474e-04
  2.161354550502e-04
  2.181762230743e-04
  2.195092369728e-04
  2.206383238314e-04
  2.217402037779e-04
  2.226924457070e-04
  2.236384475184e-04
  2.244904731606e-04
  2.253679584821e-04
  2.261422322604e-04
  2.267935757241e-04
  2.272361248564e-04
  2.276479726106e-04
  2.279596456612e-04
  2.280991212738e-04
  2.282957928661e-04
  2.286682096984e-04
  2.291558577595e-04
  2.296224927315e-04
  2.301745378923e-04
  2.307327369525e-04
  2.312600528281e-04
  2.320993378704e-04
  2.331445328855e-04
  2.340404786771e-04
  2.348080986539e-04
  2.356226767116e-04
  2.364645764524e-04
  2.374945487368e-04
  2.388192039044e-04
  2.400207203062e-04
  2.408317234844e-04
  2.417674634388e-04
  2.428354622711e-04
  2.438306299724e-04
  2.447759472924e-04
  2.456565678637e-04
  2.468235897825e-04
  2.481956524791e-04
  2.493128440200e-04
  2.501357924245e-04
  2.510167087463e-04
  2.519280142933e-04
  2.527723336953e-04
  2.535579444631e-04
  2.542204748196e-04
  2.549498648363e-04
  2.554921861476e-04
  2.558907796316e-04
  2.564355310325e-04
  2.570334827906e-04
  2.575051524949e-04
  2.578515521381e-04
  2.582517056284e-04
  2.587443174223e-04
  2.592764013782e-04
  2.595706757128e-04
  2.611450260271e-04
  2.704736159956e-04
  2.725577722776e-04
  2.651504971429e-04
  2.545871012925e-04
  2.658233492893e-04
  2.732618050461e-04
  2.832998767960e-04
  2.932494239701e-04
  3.024092978656e-04
  2.992344670016e-04
  2.870145154351e-04
  2.658133233028e-04
  2.619749937889e-04
  2.811333712992e-04
  2.857941267026e-04
  2.888222788208e-04
  2.865894630493e-04
  2.832666280497e-04
  2.916851601810e-04
  2.985245552994e-04
  3.039344551147e-04
  3.073260360018e-04
  3.057070293471e-04
  3.038463195180e-04
  3.021870847392e-04
  3.008886400627e-04
  2.970281564732e-04
  2.869827055753e-04
  2.780199425163e-04
  2.824101549035e-04
  2.897510649286e-04
  2.950597736937e-04
  2.964211897870e-04
  2.949650926837e-04
  2.923445041059e-04
  2.937407085654e-04
  3.043209695805e-04
  3.107076767120e-04
  3.226200891131e-04
  3.323096825058e-04
  3.298637429824e-04
  3.251529883355e-04
  3.204376340828e-04
  3.185203391201e-04
  3.209752923883e-04
  3.222662117792e-04
  3.271978273372e-04
  3.405946792128e-04
  3.497911803522e-04
  3.575422509702e-04
  3.548651367823e-04
  3.496203392541e-04
  3.233945948383e-04
  3.039044995993e-04
  3.178032076583e-04
  3.274643005347e-04
  3.270761534493e-04
  3.257683249245e-04
  3.257604904123e-04
  3.335130775229e-04
  3.423169429326e-04
  3.509087392381e-04
  3.588008596572e-04
  3.570497175360e-04
  3.514651940154e-04
  3.450324466560e-04
  3.519407826166e-04
  3.559031767334e-04
  3.496504967682e-04
  3.430557004746e-04
  3.390793637369e-04
  3.358473634125e-04
  4.556540847602e-04
  9.341644601647e-04
  1.664769237882e-03
  2.172336964810e-03
  1.512101512218e-03
  1.079633264710e-02
  3.806751603822e-02
  1.118768626408e-01
  2.956895579527e-01
  7.633347158651e-01
  1.959898429295e+00
  5.872084224333e-05
  5.823003668868e-05
  5.734978214798e-05
  5.633457822064e-05
  5.527983301226e-05
  5.424841648547e-05
  5.329573144505e-05
  5.242396324061e-05
  5.159075994952e-05
  5.078360674827e-05
  5.001831518980e-05
  4.929441784732e-05
  4.864679986489e-05
  4.821120000004e-05
  4.795075532527e-05
  4.797056196811e-05
  4.816079054639e-05
  4.845195072979e-05
  4.872034601464e-05
  4.893471460265e-05
  4.903295892112e-05
  4.912554563294e-05
  4.921745617821e-05
  4.930580580482e-05
  4.939154616352e-05
  4.947228317066e-05
  4.955036008620e-05
  4.962411529921e-05
  4.969673190899e-05
  4.976903310193e-05
  4.984128952278e-05
  4.991508397014e-05
  4.998864748393e-05
  5.006288162225e-05
  5.013937527126e-05
  5.022646251593e-05
  5.031437800081e-05
  5.040629447030e-05
  5.049630050609e-05
  5.056208225837e-05
  5.061903976682e-05
  5.055927043011e-05
  5.041016557270e-05
  5.014747837082e-05
  4.960242097025e-05
  4.905789331229e-05
  4.860025566817e-05
  4.817152501304e-05
  4.762151391927e-05
  4.688145539131e-05
  4.613488343711e-05
  4.521215994351e-05
  4.424243337657e-05
  4.353301194935e-05
  4.357329484642e-05
  4.361617765987e-05
  4.353504370460e-05
  4.330793843078e-05
  4.302683835938e-05
  4.258476274831e-05
  4.201194889420e-05
  4.138793970782e-05
  4.078046431347e-05
  4.027520945303e-05
  3.974892516178e-05
  3.946285715756e-05
  3.936721490712e-05
  3.931720320196e-05
  3.975411536909e-05
  4.041374569632e-05
  4.106851291926e-05
  4.174890478363e-05
  4.262231950607e-05
  4.352493858772e-05
  4.435703885103e-05
  4.510559356186e-05
  4.584767967198e-05
  4.658390788871e-05
  4.732015804834e-05
  4.813511393312e-05
  4.897273034699e-05
  4.980550881340e-05
  5.063332862145e-05
  5.145003563114e-05
  5.224096748160e-05
  5.302465988161e-05
  5.379387292836e-05
  5.446189911685e-05
  5.509833773165e-05
  5.572845944147e-05
  5.635223182101e-05
  5.696980185060e-05
  5.758109290318e-05
  5.818620650394e-05
  5.878510450420e-05
  5.932943790357e-05
  5.957410914781e-05
  5.976639229951e-05
  5.995616604616e-05
  6.014348266722e-05
  6.032823760400e-05
  6.051063997377e-05
  6.069063749719e-05
  6.087100097547e-05
  6.106234310017e-05
  6.125520132378e-05
  6.146342965242e-05
  6.167286040423e-05
  6.187946807559e-05
  6.208335722496e-05
  6.228458013158e-05
  6.248313679545e-05
  6.267907949592e-05
  6.287246051210e-05
  6.306327984423e-05
  6.325158977131e-05
  6.343739029356e-05
  6.364608913564e-05
  6.390210071630e-05
  6.415607340536e-05
  6.440670022128e-05
  6.465398116396e-05
  6.488343487580e-05
  6.505240147346e-05
  6.521331706363e-05
  6.537208920373e-05
  6.552877017311e-05
  6.568335997165e-05
  6.579335555382e-05
  6.586340977430e-05
  6.593257524734e-05
  6.600247263000e-05
  6.607257912983e-05
  6.614184916134e-05
  6.622518231623e-05
  6.632294454935e-05
  6.641945208007e-05
  6.651460034979e-05
  6.660854619622e-05
  6.670123734036e-05
  6.679068716971e-05
  6.686246660605e-05
  6.692975002542e-05
  6.699614469713e-05
  6.706170290053e-05
  6.712637235627e-05
  6.719015306457e-05
  6.724766026048e-05
  6.718314764245e-05
  6.706980618714e-05
  6.695792855140e-05
  6.684746245589e-05
  6.673856473843e-05
  6.663102628195e-05
  6.652489936582e-05
  6.642054994467e-05
  6.632257859449e-05
  6.622769172116e-05
  6.613473918075e-05
  6.604340729772e-05
  6.594804991094e-05
  6.584861474119e-05
  6.575043427386e-05
  6.565361306762e-05
  6.555339370879e-05
  6.541657886174e-05
  6.527333366447e-05
  6.513191824165e-05
  6.499238487250e-05
  6.485253782783e-05
  6.470427382069e-05
  6.455674172340e-05
  6.441109167989e-05
  6.426732368995e-05
  6.412726752811e-05
  6.400869814588e-05
  6.389718646501e-05
  6.378708632437e-05
  6.367845000319e-05
  6.357127750169e-05
  6.346499374763e-05
  6.335902366931e-05
  6.325441285187e-05
  6.314891328689e-05
  6.304043380364e-05
  6.293331358137e-05
  6.283121216887e-05
  6.273940977240e-05
  6.264922803320e-05
  6.256030099653e-05
  6.247252410380e-05
  6.238589735501e-05
  6.230282559641e-05
  6.231317689178e-05
  6.237068408769e-05
  6.242740709464e-05
  6.248345047109e-05
  6.253870965846e-05
  6.259323693610e-05
  6.264708458324e-05
  6.262449993893e-05
  6.092746258602e-05
  5.937675490711e-05
  5.844827508864e-05
  5.824151057946e-05
  5.832578476124e-05
  5.843593718112e-05
  5.838946091097e-05
  5.825808310777e-05
  5.815744551484e-05
  5.826252684573e-05
  5.846124034741e-05
  5.872122515236e-05
  5.894116403736e-05
  5.930921009157e-05
  5.959407982860e-05
  6.020715881694e-05
  6.134506938724e-05
  6.240597259427e-05
  6.291799575548e-05
  6.329069466458e-05
  6.364237730764e-05
  6.397210265755e-05
  6.433936452268e-05
  6.460562284002e-05
  6.440204736628e-05
  6.436241968032e-05
  6.470516256835e-05
  6.548412367728e-05
  6.645803418066e-05
  6.728681743310e-05
  6.770332636961e-05
  6.850027154719e-05
  6.956661179819e-05
  7.001214608499e-05
  7.072679333716e-05
  7.136460996569e-05
  7.175151929007e-05
  7.272548207269e-05
  7.349504118345e-05
  7.421951902388e-05
  7.492340710247e-05
  7.560580840156e-05
  7.630384120207e-05
  7.686814363226e-05
  7.720147625181e-05
  7.747860865709e-05
  7.779683256790e-05
  7.814888116572e-05
  7.876352853200e-05
  7.953532738121e-05
  8.012524665322e-05
  8.066236386356e-05
  8.130137336935e-05
  8.183676536372e-05
  8.244675987510e-05
  8.274950912231e-05
  8.226467118096e-05
  8.228406678983e-05
  8.283671094301e-05
  8.379221914364e-05
  8.473131165378e-05
  8.541371295287e-05
  8.608727905540e-05
  8.676957579591e-05
  8.741046735537e-05
  8.805575037333e-05
  8.867332537876e-05
  8.931348502838e-05
  8.991981999100e-05
  9.053838830244e-05
  9.139325891014e-05
  9.195165378303e-05
  9.242462433020e-05
  9.288619799674e-05
  9.328508881968e-05
  9.368136567911e-05
  9.403827624899e-05
  9.440585178975e-05
  9.473019237503e-05
  9.500303788028e-05
  9.518842016832e-05
  9.536094175617e-05
  9.549150051003e-05
  9.554992635768e-05
  9.563231140179e-05
  9.578831551394e-05
  9.599258958598e-05
  9.618806134823e-05
  9.641931114072e-05
  9.665313878022e-05
  9.687402956138e-05
  9.722560313842e-05
  9.766343168488e-05
  9.803874025219e-05
  9.836029358324e-05
  9.870151749061e-05
  9.905418635573e-05
  9.948563815340e-05
  1.000405315831e-04
  1.005438426133e-04
  1.008835690161e-04
  1.012755472194e-04
  1.017229282053e-04
  1.021398004846e-04
  1.025357906129e-04
  1.029046794989e-04
  1.033935409105e-04
  1.039682931887e-04
  1.044362808287e-04
  1.047810110452e-04
  1.051500238200e-04
  1.055317665352e-04
  1.058854489880e-04
  1.062145385987e-04
  1.064920702543e-04
  1.067976091884e-04
  1.070247856942e-04
  1.071917551145e-04
  1.074199495764e-04
  1.076704294824e-04
  1.078680102765e-04
  1.080131158789e-04
  1.081807387803e-04
  1.083870921427e-04
  1.086099802561e-04
  1.087332507485e-04
  1.093927406043e-04
  1.133004544066e-04
  1.141735002042e-04
  1.110706184847e-04
  1.066456488051e-04
  1.113524739022e-04
  1.144684170755e-04
  1.186733303216e-04
  1.228411609317e-04
  1.266782001595e-04
  1.253482745835e-04
  1.202293794920e-04
  1.113482740514e-04
  1.097404112050e-04
  1.177657887252e-04
  1.197181629083e-04
  1.209866452693e-04
  1.200513265300e-04
  1.186594025378e-04
  1.221858962862e-04
  1.250508950474e-04
  1.273170832119e-04
  1.287378046166e-04
  1.280596083756e-04
  1.272801635178e-04
  1.265851158559e-04
  1.260412019095e-04
  1.244240587981e-04
  1.202160544527e-04
  1.164615842668e-04
  1.183006289240e-04
  1.213757105305e-04
  1.235995101170e-04
  1.241698025702e-04
  1.235598485721e-04
  1.224620931567e-04
  1.230469583352e-04
  1.274789927736e-04
  1.301543621159e-04
  1.351444301237e-04
  1.392033670014e-04
  1.381787714658e-04
  1.362054527740e-04
  1.342302073233e-04
  1.334270591504e-04
  1.344554305123e-04
  1.349961921428e-04
  1.370620287000e-04
  1.426739232263e-04
  1.465263054789e-04
  1.497732019272e-04
  1.486517681309e-04
  1.464547407387e-04
  1.354688678708e-04
  1.273045349509e-04
  1.331266552822e-04
  1.371736533930e-04
  1.370110599327e-04
  1.364632151250e-04
  1.364599332752e-04
  1.397074649770e-04
  1.433953734918e-04
  1.469944469984e-04
  1.503004287166e-04
  1.495668813895e-04
  1.472275439639e-04
  1.445328885306e-04
  1.474267663702e-04
  1.490865994461e-04
  1.464673736162e-04
  1.437048364495e-04
  1.420391628584e-04
  1.406852891948e-04
  1.908719069161e-04
  3.913182342670e-04
  6.973660275141e-04
  9.099843780744e-04
  6.334140496944e-04
  4.522546091377e-03
  1.594634969990e-02
  4.686482756604e-02
  1.238633245465e-01
  3.197582501847e-01
  8.209946164714e-01
