2466
  0.000000000000e+00
  0.000000000000e+00
  0.000000000000e+00
  0.000000000000e+00
  0.000000000000e+00
  0.000000000000e+00
  0.000000000000e+00
  0.000000000000e+00
  0.000000000000e+00
  0.000000000000e+00
  0.000000000000e+00
  0.000000000000e+00
  0.000000000000e+00
  0.000000000000e+00
  0.000000000000e+00
  0.000000000000e+00
  0.000000000000e+00
  0.000000000000e+00
  0.000000000000e+00
  0.000000000000e+00
  0.000000000000e+00
  0.000000000000e+00
  0.000000000000e+00
  0.000000000000e+00
  0.000000000000e+00
  0.000000000000e+00
  0.000000000000e+00
  0.000000000000e+00
  0.000000000000e+00
  0.000000000000e+00
  0.000000000000e+00
  0.000000000000e+00
  0.000000000000e+00
  0.000000000000e+00
  0.000000000000e+00
  0.000000000000e+00
  0.000000000000e+00
  0.000000000000e+00
  0.000000000000e+00
  0.000000000000e+00
  0.000000000000e+00
  0.000000000000e+00
  0.000000000000e+00
  0.000000000000e+00
  0.000000000000e+00
  0.000000000000e+00
  0.000000000000e+00
  0.000000000000e+00
  0.000000000000e+00
  0.000000000000e+00
  0.000000000000e+00
  0.000000000000e+00
  0.000000000000e+00
  0.000000000000e+00
  0.000000000000e+00
  0.000000000000e+00
  0.000000000000e+00
  0.000000000000e+00
  0.000000000000e+00
  0.000000000000e+00
  0.000000000000e+00
  0.000000000000e+00
  0.000000000000e+00
  0.000000000000e+00
  0.000000000000e+00
  0.000000000000e+00
  0.000000000000e+00
  0.000000000000e+00
  0.000000000000e+00
  0.000000000000e+00
  0.000000000000e+00
  0.000000000000e+00
  0.000000000000e+00
  0.000000000000e+00
  0.000000000000e+00
  0.000000000000e+00
  0.000000000000e+00
  0.000000000000e+00
  0.000000000000e+00
  0.000000000000e+00
  0.000000000000e+00
  0.000000000000e+00
  0.000000000000e+00
  0.000000000000e+00
  0.000000000000e+00
  0.000000000000e+00
  0.000000000000e+00
  0.000000000000e+00
  0.000000000000e+00
  0.000000000000e+00
  0.000000000000e+00
  0.000000000000e+00
  0.000000000000e+00
  0.000000000000e+00
  0.000000000000e+00
  0.000000000000e+00
  0.000000000000e+00
  0.000000000000e+00
  0.000000000000e+00
  0.000000000000e+00
  0.000000000000e+00
  0.000000000000e+00
  0.000000000000e+00
  0.000000000000e+00
  0.000000000000e+00
  0.000000000000e+00
  0.000000000000e+00
  0.000000000000e+00
  0.000000000000e+00
  0.000000000000e+00
  0.000000000000e+00
  0.000000000000e+00
  0.000000000000e+00
  0.000000000000e+00
  0.000000000000e+00
  0.000000000000e+00
  0.000000000000e+00
  0.000000000000e+00
  0.000000000000e+00
  0.000000000000e+00
  0.000000000000e+00
  0.000000000000e+00
  0.000000000000e+00
  0.000000000000e+00
  0.000000000000e+00
  0.000000000000e+00
  0.000000000000e+00
  0.000000000000e+00
  0.000000000000e+00
  0.000000000000e+00
  0.000000000000e+00
  0.000000000000e+00
  0.000000000000e+00
  0.000000000000e+00
  0.000000000000e+00
  0.000000000000e+00
  0.000000000000e+00
  0.000000000000e+00
  0.000000000000e+00
  0.000000000000e+00
  0.000000000000e+00
  0.000000000000e+00
  0.000000000000e+00
  0.000000000000e+00
  0.000000000000e+00
  0.000000000000e+00
  0.000000000000e+00
  0.000000000000e+00
  0.000000000000e+00
  0.000000000000e+00
  0.000000000000e+00
  0.000000000000e+00
  0.000000000000e+00
  0.000000000000e+00
  0.000000000000e+00
  3.059551408152e-08
  9.198281418959e-07
  4.141829362774e-06
  9.701764233916e-06
  3.800065946684e-05
  1.154692904367e-04
  1.673609247075e-04
  3.647181784697e-04
  1.840690060781e-04
  1.054325413244e-04
  2.464622606056e-04
  2.412335599934e-04
  2.210807645894e-04
  2.200450451624e-04
  3.453457861422e-04
  5.152482768572e-04
  7.873335813712e-04
  1.156800735370e-03
  8.217770082205e-04
  9.194970704590e-04
  1.498957780831e-03
  1.661803222496e-03
  1.416032812641e-03
  1.282379930566e-03
  1.273023663229e-03
  9.911893189651e-04
  9.434359062639e-04
  1.352309416486e-03
  1.366838567906e-03
  1.469250475141e-03
  2.745683117255e-03
  3.334914862631e-03
  3.551448151080e-03
  3.571746629343e-03
  5.286176784630e-03
  4.958338935881e-03
  3.477572659268e-03
  2.219948531124e-03
  2.242323418596e-03
  2.207818576424e-03
  3.240123882803e-03
  3.585238004636e-03
  2.557280617446e-03
  2.275091778227e-03
  2.813038872678e-03
  1.373978170575e-02
  1.429583318036e-02
  1.080327518237e-02
  2.306683534538e-02
  1.119870702086e-02
  1.463509713564e-02
  1.746248148508e-02
  1.077466135507e-02
  1.034455128324e-02
  1.041583590540e-02
  1.405455094515e-02
  2.216464711241e-02
  2.032030498232e-02
  1.482432202947e-02
  2.253790087811e-02
  2.455792510925e-02
  2.235698562026e-02
  2.040177597846e-02
  1.971996306226e-02
  2.076888821190e-02
  2.471584532769e-02
  2.664171844097e-02
  1.466544773113e-02
  1.292411480800e-02
  1.503143734960e-02
  1.335589309139e-02
  1.167041097701e-02
  1.691366273591e-02
  2.458466791160e-02
  3.281789180289e-02
  2.811652028997e-02
  1.588349354015e-02
  1.330423566374e-02
  1.328310879275e-02
  1.230428566324e-02
  1.275980739600e-02
  1.720993025230e-02
  1.526591819490e-02
  1.240800900185e-02
  1.070733016578e-02
  1.170481784032e-02
  1.355268492427e-02
  1.334642656212e-02
  1.239121262524e-02
  7.173835284593e-03
  3.704620822257e-03
  4.988358174280e-03
  4.994879624586e-03
  2.400435595629e-03
  4.166535461633e-03
  3.893382958769e-03
  2.104612269132e-03
  1.837710417849e-03
  1.933619442201e-03
  1.225573328003e-03
  2.376100559580e-03
  2.658323105813e-03
  1.622619389697e-03
  4.088275201437e-03
  6.013348487254e-03
  6.575855712052e-03
  2.904127793988e-03
  3.579553516634e-03
  3.188852086247e-03
  4.092822791839e-03
  2.797705037705e-03
  4.156249109224e-03
  2.361239479766e-03
  3.926210162848e-03
  1.541776543771e-03
  3.452783721136e-03
  3.522640079975e-03
  1.247116394920e-03
  3.154370953246e-03
  1.400702405501e-03
  3.967578381564e-03
  2.278930664371e-03
  3.693166150454e-03
  2.460922832760e-03
  3.254617898945e-03
  2.622503690084e-03
  2.333773119220e-03
  3.278855527436e-03
  2.104489152834e-03
  1.490155679660e-03
  1.540347994802e-03
  1.798857656487e-03
  1.110304194388e-03
  9.435910156601e-04
  1.135028289365e-03
  7.140371075074e-04
  9.058151648394e-04
  1.425532191963e-03
  1.219043593770e-03
  8.577778133908e-04
  6.934321239372e-04
  4.496787075388e-04
  4.359331013752e-04
  5.847975590823e-04
  6.879355953878e-04
  4.128238009049e-04
  3.034651065482e-04
  5.054823836003e-04
  3.962879395251e-04
  4.392649540413e-04
  3.373000932245e-04
  3.804167918931e-04
  5.629519859949e-04
  5.476961341999e-04
  3.602454290660e-04
  3.150854568959e-04
  4.212928310698e-04
  3.604176776220e-04
  3.862760993250e-04
  6.131020245422e-04
  9.972674363372e-04
  1.301490379401e-03
  6.510295569272e-04
  9.556081375574e-04
  1.469289323903e-03
  1.317438653253e-03
  9.027872466072e-04
  7.172866922064e-04
  1.050254005832e-03
  8.651088033447e-04
  8.899434459020e-04
  6.279722452416e-05
  9.377168542897e-04
  9.229534676863e-04
  7.555572934402e-04
  1.144023491736e-03
  1.414430586852e-03
  2.200273061320e-04
  4.612396421325e-04
  4.573059193046e-04
  4.533959056478e-04
  4.495570195042e-04
  4.017838967692e-04
  9.150148945174e-04
  1.418340600509e-03
  1.748914716121e-03
  4.675120033158e-04
  2.556996964352e-05
  4.493070734237e-04
  4.445403874293e-04
  4.398162636817e-04
  4.351344165283e-04
  1.080421212310e-04
  3.224527247381e-04
  4.259189759539e-04
  4.213853825328e-04
  4.911891812810e-04
  1.558560637316e-04
  3.291684188550e-04
  6.971047602308e-04
  7.087562467188e-04
  6.475748736158e-04
  1.009367683160e-03
  7.314027898744e-04
  5.281352111145e-04
  3.228340710438e-04
  1.972298241091e-04
  7.383090143178e-04
  5.756103981215e-04
  1.982890813156e-05
  2.797867288418e-04
  2.773504829714e-04
  2.749354325285e-04
  2.725203535204e-04
  3.187029622254e-04
  2.729440621160e-04
  5.803345218691e-04
  5.249153342925e-04
  4.433963485123e-05
  5.069506382903e-04
  2.385612507619e-04
  2.365698803494e-04
  2.334345281505e-04
  5.628782876078e-05
  1.751977198325e-04
  1.081734643257e-03
  6.953462824348e-04
  5.050016301678e-04
  9.185698419136e-05
  2.932813034448e-04
  2.898706106436e-04
  2.241980064095e-04
  2.470986947397e-04
  2.136691920192e-04
  2.362732871890e-04
  2.028861467584e-04
  2.011490072164e-04
  2.407644611895e-04
  3.417097133896e-04
  2.858032023692e-04
  2.822229747123e-04
  1.357093812946e-04
  3.852020453106e-04
  2.558691741604e-04
  3.573440549637e-04
  2.224009083734e-03
  1.319606471315e-04
  7.800905724376e-06
  4.400127927141e-07
  6.687802990845e-08
  1.016486433184e-08
  1.544969569243e-09
  2.348216289188e-10
  3.569087203046e-11
  5.424686904594e-12
  9.722816835209e-13
  0.000000000000e+00
  0.000000000000e+00
  0.000000000000e+00
  0.000000000000e+00
  0.000000000000e+00
  0.000000000000e+00
  0.000000000000e+00
  0.000000000000e+00
  0.000000000000e+00
  0.000000000000e+00
  0.000000000000e+00
  0.000000000000e+00
  0.000000000000e+00
  0.000000000000e+00
  0.000000000000e+00
  0.000000000000e+00
  0.000000000000e+00
  0.000000000000e+00
  0.000000000000e+00
  0.000000000000e+00
  0.000000000000e+00
  0.000000000000e+00
  0.000000000000e+00
  0.000000000000e+00
  0.000000000000e+00
  0.000000000000e+00
  0.000000000000e+00
  0.000000000000e+00
  0.000000000000e+00
  0.000000000000e+00
  0.000000000000e+00
  0.000000000000e+00
  0.000000000000e+00
  0.000000000000e+00
  0.000000000000e+00
  0.000000000000e+00
  0.000000000000e+00
  0.000000000000e+00
  0.000000000000e+00
  0.000000000000e+00
  0.000000000000e+00
  0.000000000000e+00
  0.000000000000e+00
  0.000000000000e+00
  0.000000000000e+00
  0.000000000000e+00
  0.000000000000e+00
  0.000000000000e+00
  0.000000000000e+00
  0.000000000000e+00
  0.000000000000e+00
  0.000000000000e+00
  0.000000000000e+00
  0.000000000000e+00
  0.000000000000e+00
  0.000000000000e+00
  0.000000000000e+00
  0.000000000000e+00
  0.000000000000e+00
  0.000000000000e+00
  0.000000000000e+00
  0.000000000000e+00
  0.000000000000e+00
  0.000000000000e+00
  0.000000000000e+00
  0.000000000000e+00
  0.000000000000e+00
  0.000000000000e+00
  0.000000000000e+00
  0.000000000000e+00
  0.000000000000e+00
  0.000000000000e+00
  0.000000000000e+00
  0.000000000000e+00
  0.000000000000e+00
  0.000000000000e+00
  0.000000000000e+00
  0.000000000000e+00
  0.000000000000e+00
  0.000000000000e+00
  0.000000000000e+00
  0.000000000000e+00
  0.000000000000e+00
  0.000000000000e+00
  0.000000000000e+00
  0.000000000000e+00
  0.000000000000e+00
  0.000000000000e+00
  0.000000000000e+00
  0.000000000000e+00
  0.000000000000e+00
  0.000000000000e+00
  0.000000000000e+00
  0.000000000000e+00
  0.000000000000e+00
  0.000000000000e+00
  0.000000000000e+00
  0.000000000000e+00
  0.000000000000e+00
  0.000000000000e+00
  0.000000000000e+00
  0.000000000000e+00
  0.000000000000e+00
  0.000000000000e+00
  0.000000000000e+00
  0.000000000000e+00
  0.000000000000e+00
  0.000000000000e+00
  0.000000000000e+00
  0.000000000000e+00
  0.000000000000e+00
  0.000000000000e+00
  0.000000000000e+00
  0.000000000000e+00
  0.000000000000e+00
  0.000000000000e+00
  0.000000000000e+00
  0.000000000000e+00
  0.000000000000e+00
  0.000000000000e+00
  0.000000000000e+00
  0.000000000000e+00
  0.000000000000e+00
  0.000000000000e+00
  0.000000000000e+00
  0.000000000000e+00
  0.000000000000e+00
  0.000000000000e+00
  0.000000000000e+00
  0.000000000000e+00
  0.000000000000e+00
  0.000000000000e+00
  0.000000000000e+00
  0.000000000000e+00
  0.000000000000e+00
  0.000000000000e+00
  0.000000000000e+00
  0.000000000000e+00
  0.000000000000e+00
  0.000000000000e+00
  0.000000000000e+00
  0.000000000000e+00
  2.054862714858e-10
  3.982707011059e-09
  1.380856565524e-08
  2.895270076267e-08
  4.972322829173e-08
  8.190894958410e-08
  1.227499202037e-07
  1.738872300731e-07
  2.629854597850e-07
  3.294117982891e-07
  4.097660561534e-07
  5.115880427248e-07
  6.335060232771e-07
  6.258540379392e-05
  1.762263789577e-04
  5.370797184767e-05
  3.845151132880e-05
  1.368151956614e-04
  2.027828688406e-04
  2.253816547280e-04
  4.739004515551e-04
  2.460422365041e-04
  1.845751061442e-04
  3.602733669556e-04
  3.504553943888e-04
  3.194063307752e-04
  3.087196722038e-04
  4.780491369738e-04
  6.509970660623e-04
  9.744402383106e-04
  1.402446154879e-03
  1.057165466073e-03
  1.157616382009e-03
  1.567861192232e-03
  1.970012396787e-03
  1.756959918348e-03
  1.596915714704e-03
  1.584053384248e-03
  1.266741429585e-03
  1.160224044909e-03
  1.749065539897e-03
  1.852201595983e-03
  1.946420573907e-03
  3.393724950202e-03
  4.037497816033e-03
  4.399402355823e-03
  4.435350693393e-03
  6.630447785674e-03
  6.150714182585e-03
  4.244636013188e-03
  2.773039198303e-03
  2.840789733705e-03
  2.815585830599e-03
  4.128835747044e-03
  4.574002321263e-03
  3.229088559220e-03
  2.916696409985e-03
  3.589476205120e-03
  1.724001095842e-02
  1.719425510771e-02
  1.310633952411e-02
  2.865662698268e-02
  1.361744034561e-02
  1.901274026436e-02
  2.300035047858e-02
  1.404552429283e-02
  1.474613446988e-02
  1.276845016503e-02
  1.635803760535e-02
  2.720559982449e-02
  2.807161286389e-02
  2.333125581690e-02
  3.066671338065e-02
  3.219537827827e-02
  2.985718125711e-02
  2.198155783462e-02
  2.240159521594e-02
  2.560883795747e-02
  3.229534606821e-02
  3.567645882879e-02
  2.021486622016e-02
  1.621319941900e-02
  1.740410777569e-02
  1.344469928078e-02
  1.105889802306e-02
  1.412279678236e-02
  1.734297269069e-02
  1.812282549308e-02
  1.356999106356e-02
  1.145429763862e-02
  1.093482373994e-02
  9.875698652827e-03
  8.399358569963e-03
  8.207668783216e-03
  7.701205528588e-03
  7.292762064448e-03
  7.325750771036e-03
  7.666451447499e-03
  8.577406826474e-03
  7.942403278620e-03
  7.704979777522e-03
  7.754094820463e-03
  4.945511273112e-03
  2.796804791588e-03
  3.765963295027e-03
  3.770884760682e-03
  2.509084166064e-03
  4.596189038858e-03
  4.294868388768e-03
  2.526814281509e-03
  3.428075596178e-03
  3.606984956991e-03
  2.286191523360e-03
  4.432391615820e-03
  4.605765780470e-03
  2.811322921577e-03
  7.083274646365e-03
  6.527331098900e-03
  6.139889503825e-03
  2.711588670211e-03
  3.032879635113e-03
  2.123503685236e-03
  2.725471486743e-03
  1.863033469059e-03
  2.767708210036e-03
  1.572384203454e-03
  2.602081770470e-03
  1.012054336774e-03
  2.266479650521e-03
  2.312334008019e-03
  8.186329334700e-04
  2.070595024049e-03
  9.194502061206e-04
  1.852918813962e-03
  1.014472733818e-03
  1.644023543440e-03
  1.095486821155e-03
  1.448802454281e-03
  1.167415040604e-03
  1.038885815556e-03
  1.459591714869e-03
  1.372557091733e-03
  1.019647107356e-03
  1.053991665834e-03
  1.230878316991e-03
  7.597314069306e-04
  6.456572232529e-04
  7.766491180597e-04
  4.885837741109e-04
  6.198091521471e-04
  9.754280732588e-04
  8.341372381802e-04
  5.869388750709e-04
  5.707361682853e-04
  5.863395331948e-04
  5.684162780317e-04
  7.625216947786e-04
  8.970044931444e-04
  5.382841023409e-04
  3.956904319486e-04
  6.591022933177e-04
  5.167227921830e-04
  5.727610915768e-04
  4.398082475514e-04
  4.960281757575e-04
  7.340371835086e-04
  7.141454527654e-04
  4.697265860299e-04
  4.108422151675e-04
  5.493269349026e-04
  4.699513253982e-04
  5.036682628034e-04
  4.183067055584e-04
  4.545332971409e-04
  5.931918426223e-04
  2.967254190019e-04
  4.355457812558e-04
  6.696707437407e-04
  6.004603155687e-04
  4.114712197625e-04
  3.269239484239e-04
  4.786834542946e-04
  3.942982210920e-04
  4.056172600529e-04
  2.862164046984e-05
  4.273913006053e-04
  4.206625673928e-04
  3.443669553136e-04
  5.214215107418e-04
  6.446671746690e-04
  1.002837310969e-04
  2.102232859428e-04
  2.084303516767e-04
  2.066482642257e-04
  2.048985511973e-04
  1.831245106450e-04
  4.170443244379e-04
  6.464497048472e-04
  7.971180543217e-04
  2.183296753569e-04
  1.299108657940e-05
  2.282749873196e-04
  2.258533251630e-04
  2.234531352729e-04
  2.210744729905e-04
  5.489191278588e-05
  1.638254255297e-04
  2.163925227224e-04
  2.140892347369e-04
  2.495536715347e-04
  7.918429603576e-05
  1.672373576338e-04
  3.541712033389e-04
  3.600909633708e-04
  3.290070349944e-04
  5.128195989677e-04
  3.715967225062e-04
  2.683245831628e-04
  1.640191739977e-04
  1.002046489601e-04
  3.751055011739e-04
  2.924447455523e-04
  1.007427838081e-05
  1.421485082454e-04
  1.409107538224e-04
  1.396837908736e-04
  1.384567725839e-04
  1.619203706134e-04
  1.386720486595e-04
  2.948448801014e-04
  2.666885956705e-04
  2.252720797590e-05
  2.575614434766e-04
  1.212034742770e-04
  1.201917320628e-04
  1.185987997856e-04
  2.859761145390e-05
  8.901101246379e-05
  5.495864283520e-04
  3.532778906367e-04
  2.565712288701e-04
  4.666888690473e-05
  1.490046361946e-04
  1.472717467978e-04
  1.139061133843e-04
  1.255410381650e-04
  1.085568072821e-04
  1.200410941509e-04
  1.030783908754e-04
  1.021958143066e-04
  1.223228545289e-04
  1.736091420835e-04
  1.452052624953e-04
  1.433862626684e-04
  6.894855506421e-05
  1.957058200447e-04
  1.299969762242e-04
  1.815523312028e-04
  9.891481875640e-03
  5.869067773527e-04
  3.469522051513e-05
  1.956995111828e-06
  2.974457914120e-07
  4.520911588536e-08
  6.871385433507e-09
  1.044387807183e-09
  1.587381585580e-10
  2.412674795577e-11
  4.324309744086e-12
  0.000000000000e+00
  0.000000000000e+00
  0.000000000000e+00
  0.000000000000e+00
  0.000000000000e+00
  0.000000000000e+00
  0.000000000000e+00
  0.000000000000e+00
  0.000000000000e+00
  0.000000000000e+00
  0.000000000000e+00
  0.000000000000e+00
  0.000000000000e+00
  0.000000000000e+00
  0.000000000000e+00
  0.000000000000e+00
  0.000000000000e+00
  0.000000000000e+00
  0.000000000000e+00
  0.000000000000e+00
  0.000000000000e+00
  0.000000000000e+00
  0.000000000000e+00
  0.000000000000e+00
  0.000000000000e+00
  0.000000000000e+00
  0.000000000000e+00
  0.000000000000e+00
  0.000000000000e+00
  0.000000000000e+00
  0.000000000000e+00
  0.000000000000e+00
  0.000000000000e+00
  0.000000000000e+00
  0.000000000000e+00
  0.000000000000e+00
  0.000000000000e+00
  0.000000000000e+00
  0.000000000000e+00
  0.000000000000e+00
  0.000000000000e+00
  0.000000000000e+00
  0.000000000000e+00
  0.000000000000e+00
  0.000000000000e+00
  0.000000000000e+00
  0.000000000000e+00
  0.000000000000e+00
  0.000000000000e+00
  0.000000000000e+00
  0.000000000000e+00
  0.000000000000e+00
  0.000000000000e+00
  0.000000000000e+00
  0.000000000000e+00
  0.000000000000e+00
  0.000000000000e+00
  0.000000000000e+00
  0.000000000000e+00
  0.000000000000e+00
  0.000000000000e+00
  0.000000000000e+00
  0.000000000000e+00
  0.000000000000e+00
  0.000000000000e+00
  0.000000000000e+00
  0.000000000000e+00
  0.000000000000e+00
  0.000000000000e+00
  0.000000000000e+00
  0.000000000000e+00
  0.000000000000e+00
  0.000000000000e+00
  0.000000000000e+00
  0.000000000000e+00
  0.000000000000e+00
  0.000000000000e+00
  0.000000000000e+00
  0.000000000000e+00
  0.000000000000e+00
  0.000000000000e+00
  0.000000000000e+00
  0.000000000000e+00
  0.000000000000e+00
  0.000000000000e+00
  0.000000000000e+00
  0.000000000000e+00
  0.000000000000e+00
  0.000000000000e+00
  0.000000000000e+00
  0.000000000000e+00
  0.000000000000e+00
  0.000000000000e+00
  0.000000000000e+00
  0.000000000000e+00
  0.000000000000e+00
  0.000000000000e+00
  0.000000000000e+00
  0.000000000000e+00
  0.000000000000e+00
  0.000000000000e+00
  0.000000000000e+00
  0.000000000000e+00
  0.000000000000e+00
  0.000000000000e+00
  0.000000000000e+00
  0.000000000000e+00
  0.000000000000e+00
  0.000000000000e+00
  0.000000000000e+00
  0.000000000000e+00
  0.000000000000e+00
  0.000000000000e+00
  0.000000000000e+00
  0.000000000000e+00
  0.000000000000e+00
  0.000000000000e+00
  1.063584074885e-06
  1.748854284707e-06
  2.355978390076e-06
  3.130209137439e-06
  4.051623067038e-06
  5.143512135131e-06
  6.431474828272e-06
  7.944567979277e-06
  9.705414598447e-06
  1.179444471317e-05
  1.410812821252e-05
  1.169071171568e-05
  6.673240244667e-06
  7.556776413690e-06
  4.575834972926e-05
  2.526631489062e-05
  5.117287018956e-05
  3.171798562631e-05
  9.059475976290e-06
  2.029144959627e-05
  7.627595415107e-05
  2.293267315096e-05
  5.291357307214e-06
  6.568672513918e-05
  7.161391094164e-05
  4.390623314387e-05
  1.136706708221e-04
  1.318917964441e-04
  1.122044386687e-04
  1.151053686080e-04
  1.335246274434e-04
  2.132249008797e-04
  1.256209787840e-04
  2.134462790956e-04
  2.349838463228e-04
  1.732331783295e-04
  1.636775113994e-04
  1.685177469722e-04
  3.266251529070e-04
  4.678880474832e-04
  4.153170686488e-04
  5.881356627939e-04
  7.515723768357e-04
  5.115625667903e-04
  4.791284843709e-04
  6.994409662159e-04
  4.585769458039e-04
  5.685501540695e-04
  6.464811987734e-04
  7.277482781270e-04
  7.547263932612e-04
  6.451438865342e-04
  6.423701374814e-04
  4.961064371155e-04
  4.726949516933e-04
  7.890756667977e-04
  8.613386408145e-04
  7.330586888005e-04
  9.739598084683e-04
  9.296227196383e-04
  1.075619305362e-03
  9.933661973481e-04
  8.969075523880e-04
  1.166254526501e-03
  1.020132151113e-03
  1.173710317581e-03
  1.230189297249e-03
  1.636609906370e-03
  1.337733083930e-03
  1.487906234319e-03
  1.725320603610e-03
  1.726345470554e-03
  1.650029982508e-03
  1.689665900008e-03
  1.851883555688e-03
  1.635694598167e-03
  1.708980700099e-03
  1.763961797311e-03
  1.881211676812e-03
  1.874890891092e-03
  2.056681302627e-03
  2.365900701996e-03
  2.370330005342e-03
  9.845017938966e-03
  1.031838705370e-02
  1.388814701544e-02
  1.297009694493e-02
  1.990398264918e-02
  2.584796745845e-02
  2.560785991505e-02
  2.492136716881e-02
  2.700722645651e-02
  2.699201576160e-02
  3.034740578870e-02
  2.676566392667e-02
  2.130122178018e-02
  2.134455255170e-02
  2.150713424383e-02
  2.084522555137e-02
  2.107357726806e-02
  2.063850154150e-02
  1.978754895330e-02
  2.217863077523e-02
  2.534619422593e-02
  2.373643432633e-02
  2.108863145048e-02
  1.972653806766e-02
  1.913279346112e-02
  1.861108517533e-02
  1.911639443067e-02
  1.890594890170e-02
  1.711188685500e-02
  1.470092215063e-02
  1.574264027190e-02
  1.549630700963e-02
  1.409231465470e-02
  1.338712156480e-02
  1.180777725825e-02
  1.191440283835e-02
  1.168733800210e-02
  1.167559376891e-02
  1.105930556766e-02
  1.027648808159e-02
  9.548652852084e-03
  9.890673210731e-03
  9.797733777997e-03
  9.730155164711e-03
  6.122924954537e-03
  3.422599966535e-03
  4.608610426467e-03
  4.614633258789e-03
  3.066654634064e-03
  5.616597208687e-03
  5.248380137982e-03
  3.001293280992e-03
  3.598532753373e-03
  3.786337881769e-03
  2.399869708159e-03
  4.652787524756e-03
  3.857069931804e-03
  2.354325154486e-03
  5.931846396487e-03
  5.122320924238e-03
  4.677465486026e-03
  2.065731782034e-03
  2.326861850646e-03
  1.662893569808e-03
  2.134288308518e-03
  1.458921860988e-03
  2.167363454486e-03
  1.231317926174e-03
  2.265215060569e-03
  1.060273545973e-03
  2.374465413021e-03
  2.422504891652e-03
  8.576368306889e-04
  2.169247980749e-03
  9.632572528233e-04
  2.032257819066e-03
  1.121145889084e-03
  1.816895479339e-03
  1.210679146388e-03
  1.601146495806e-03
  1.290170678542e-03
  1.148126322921e-03
  1.613069848839e-03
  1.426295384147e-03
  1.052791089803e-03
  1.088251601988e-03
  1.270888340299e-03
  7.844266662955e-04
  6.666446443434e-04
  8.018946190555e-04
  5.044653052380e-04
  6.399557874699e-04
  1.007134658686e-03
  8.612511097577e-04
  6.060175041274e-04
  5.904305995756e-04
  6.087066205027e-04
  5.901001843279e-04
  7.916100097149e-04
  9.312226250480e-04
  5.588181497387e-04
  4.107849308026e-04
  6.842453428784e-04
  5.364343137044e-04
  5.946100626206e-04
  4.565857012122e-04
  5.149502505603e-04
  7.620390044004e-04
  7.413880514211e-04
  4.876453141689e-04
  4.265147254571e-04
  5.702822255783e-04
  4.878786337078e-04
  5.228817816292e-04
  4.320044298782e-04
  4.668580214243e-04
  6.092758622101e-04
  3.047711985883e-04
  4.473556961876e-04
  6.878288991259e-04
  6.167420874557e-04
  4.226282885659e-04
  3.357885531738e-04
  4.916630476454e-04
  4.049896792288e-04
  4.166156585398e-04
  2.939772280580e-05
  4.389800754323e-04
  4.320688898353e-04
  3.537045374162e-04
  5.355599306174e-04
  6.621475189199e-04
  1.030029536970e-04
  2.159235239393e-04
  2.140819516581e-04
  2.122515671211e-04
  2.104543980118e-04
  1.880899811192e-04
  4.283525298452e-04
  6.639781353271e-04
  8.187318844656e-04
  2.233966473278e-04
  1.312602975479e-05
  2.306461897319e-04
  2.281993199040e-04
  2.257741879213e-04
  2.233708517514e-04
  5.546209486119e-05
  1.655271411753e-04
  2.186402908538e-04
  2.163130081585e-04
  2.521459041246e-04
  8.000680603794e-05
  1.689745315602e-04
  3.578501473902e-04
  3.638313010165e-04
  3.324245781470e-04
  5.181464673894e-04
  3.754566426840e-04
  2.711117393407e-04
  1.657228977176e-04
  1.012454923849e-04
  3.790018243887e-04
  2.954824723977e-04
  1.017892283539e-05
  1.436250737591e-04
  1.423744810305e-04
  1.411347282407e-04
  1.398949754509e-04
  1.636022694711e-04
  1.401124698385e-04
  2.979075464128e-04
  2.694587935886e-04
  2.276120502770e-05
  2.602368460586e-04
  1.224624988543e-04
  1.214402404521e-04
  1.198307703904e-04
  2.889466269285e-05
  8.993561032760e-05
  5.552951696199e-04
  3.569474761207e-04
  2.592363255016e-04
  4.715365274285e-05
  1.505523743455e-04
  1.488015213383e-04
  1.150892536188e-04
  1.268450803253e-04
  1.096844717131e-04
  1.212879596002e-04
  1.041490888333e-04
  1.032573734377e-04
  1.235934464827e-04
  1.754124697745e-04
  1.467135288434e-04
  1.448756664878e-04
  6.966475081834e-05
  1.977386860270e-04
  1.313473068965e-04
  1.834381402052e-04
  6.925480404088e-03
  4.109204590217e-04
  2.429170584517e-05
  1.370182179954e-06
  2.082554555547e-07
  3.165298077390e-08
  4.810973534739e-09
  7.312263333657e-10
  1.111395161222e-10
  1.689221868289e-11
  3.027647085211e-12
  0.000000000000e+00
  0.000000000000e+00
  0.000000000000e+00
  0.000000000000e+00
  0.000000000000e+00
  0.000000000000e+00
  0.000000000000e+00
  0.000000000000e+00
  0.000000000000e+00
  0.000000000000e+00
  0.000000000000e+00
  0.000000000000e+00
  0.000000000000e+00
  0.000000000000e+00
  0.000000000000e+00
  0.000000000000e+00
  0.000000000000e+00
  0.000000000000e+00
  0.000000000000e+00
  0.000000000000e+00
  0.000000000000e+00
  0.000000000000e+00
  0.000000000000e+00
  0.000000000000e+00
  0.000000000000e+00
  0.000000000000e+00
  0.000000000000e+00
  0.000000000000e+00
  0.000000000000e+00
  0.000000000000e+00
  0.000000000000e+00
  0.000000000000e+00
  0.000000000000e+00
  0.000000000000e+00
  0.000000000000e+00
  0.000000000000e+00
  0.000000000000e+00
  0.000000000000e+00
  0.000000000000e+00
  0.000000000000e+00
  0.000000000000e+00
  0.000000000000e+00
  0.000000000000e+00
  0.000000000000e+00
  0.000000000000e+00
  0.000000000000e+00
  0.000000000000e+00
  0.000000000000e+00
  0.000000000000e+00
  0.000000000000e+00
  0.000000000000e+00
  0.000000000000e+00
  0.000000000000e+00
  0.000000000000e+00
  0.000000000000e+00
  0.000000000000e+00
  0.000000000000e+00
  0.000000000000e+00
  0.000000000000e+00
  0.000000000000e+00
  0.000000000000e+00
  0.000000000000e+00
  0.000000000000e+00
  0.000000000000e+00
  0.000000000000e+00
  0.000000000000e+00
  0.000000000000e+00
  0.000000000000e+00
  0.000000000000e+00
  0.000000000000e+00
  0.000000000000e+00
  0.000000000000e+00
  0.000000000000e+00
  0.000000000000e+00
  0.000000000000e+00
  0.000000000000e+00
  0.000000000000e+00
  0.000000000000e+00
  0.000000000000e+00
  0.000000000000e+00
  0.000000000000e+00
  0.000000000000e+00
  0.000000000000e+00
  0.000000000000e+00
  0.000000000000e+00
  0.000000000000e+00
  0.000000000000e+00
  0.000000000000e+00
  0.000000000000e+00
  0.000000000000e+00
  0.000000000000e+00
  0.000000000000e+00
  0.000000000000e+00
  0.000000000000e+00
  0.000000000000e+00
  0.000000000000e+00
  0.000000000000e+00
  0.000000000000e+00
  0.000000000000e+00
  0.000000000000e+00
  0.000000000000e+00
  0.000000000000e+00
  0.000000000000e+00
  0.000000000000e+00
  0.000000000000e+00
  0.000000000000e+00
  0.000000000000e+00
  0.000000000000e+00
  0.000000000000e+00
  0.000000000000e+00
  0.000000000000e+00
  0.000000000000e+00
  0.000000000000e+00
  0.000000000000e+00
  0.000000000000e+00
  0.000000000000e+00
  0.000000000000e+00
  5.968815599037e-05
  8.006831347168e-05
  8.774087650139e-05
  9.584148416474e-05
  9.872103835143e-05
  1.388526530630e-04
  1.135367448673e-04
  7.849016389227e-05
  8.819454279677e-05
  9.738224835273e-05
  1.006276933135e-04
  1.466019259519e-04
  1.450179849979e-04
  1.789578963367e-04
  2.419110431771e-04
  2.211261875410e-04
  3.217341281304e-04
  3.410186299289e-04
  4.104036929164e-04
  4.030140023399e-04
  3.948722086956e-04
  3.728300818293e-04
  4.488558348474e-04
  4.715251882667e-04
  4.287897560209e-04
  4.953869443500e-04
  5.246703578185e-04
  5.110342560628e-04
  6.547867740011e-04
  6.972716775867e-04
  6.329261446782e-04
  7.047335018022e-04
  1.048919548261e-03
  1.313633198182e-03
  1.234909026559e-03
  9.447950281327e-04
  8.133755526644e-04
  9.764826376922e-04
  8.382937175257e-04
  9.000501957343e-04
  1.154172352262e-03
  1.330636570600e-03
  1.150001011287e-03
  1.234120727400e-03
  1.440297024344e-03
  1.653666260254e-03
  1.550410187773e-03
  1.661289157076e-03
  1.077073126595e-03
  2.176295158525e-03
  1.994666016507e-03
  2.253591135803e-03
  2.097559610988e-03
  2.457564383506e-03
  3.239896617036e-03
  2.877659062773e-03
  3.354666666150e-03
  3.354788181599e-03
  3.498008358453e-03
  2.741305801521e-03
  2.793505736004e-03
  2.428906903873e-03
  2.578714252251e-03
  2.684819215658e-03
  2.864685349488e-03
  3.357955339586e-03
  2.882118938305e-03
  3.072019145722e-03
  3.517303460535e-03
  3.850354038058e-03
  4.023573018269e-03
  4.180808838749e-03
  4.121824722588e-03
  4.131101263694e-03
  4.005058717584e-03
  3.534605192162e-03
  4.292703884043e-03
  3.914783080520e-03
  3.752164384180e-03
  3.951703093616e-03
  5.242372974408e-03
  5.341245183150e-03
  5.660326654877e-03
  1.791978505674e-02
  1.954854452805e-02
  1.837681500318e-02
  1.553380594149e-02
  1.699628574037e-02
  1.932562055822e-02
  1.877815726319e-02
  2.031457274936e-02
  2.093041821711e-02
  2.228768632040e-02
  2.521366457959e-02
  2.098519324494e-02
  2.222943388237e-02
  2.399277300646e-02
  2.497055094713e-02
  2.707679632731e-02
  2.198571784354e-02
  1.906678748041e-02
  1.879913548351e-02
  1.950977592887e-02
  1.969578247104e-02
  1.866781864982e-02
  1.833061327810e-02
  1.889850409579e-02
  1.791123243746e-02
  1.718827756477e-02
  1.708964321606e-02
  1.575905163203e-02
  1.452793207768e-02
  1.297947622030e-02
  1.346773305175e-02
  1.288403229849e-02
  1.215788441346e-02
  1.166114218403e-02
  1.111117360239e-02
  1.012195511144e-02
  1.073117410906e-02
  1.079817307400e-02
  1.071521421824e-02
  1.030331304132e-02
  9.237813873455e-03
  8.415050864519e-03
  7.909370785986e-03
  7.485868761813e-03
  4.551655891864e-03
  2.466419240149e-03
  3.321092206061e-03
  3.325430566144e-03
  2.104316645598e-03
  3.827651332526e-03
  3.576716758921e-03
  2.039666806979e-03
  2.413558985544e-03
  2.539521383166e-03
  1.609608119416e-03
  3.120653765214e-03
  2.869682995518e-03
  1.751632015453e-03
  4.413327358202e-03
  4.123151050790e-03
  3.901421551970e-03
  1.723004268323e-03
  1.981521664505e-03
  1.499380421213e-03
  1.924422847613e-03
  1.315465237487e-03
  1.954245324298e-03
  1.110241673374e-03
  1.986620918135e-03
  8.902963833109e-04
  1.993805066622e-03
  2.034143024908e-03
  7.201455389218e-04
  1.821486593452e-03
  8.088332017534e-04
  1.418288766678e-03
  7.567839981365e-04
  1.226421560244e-03
  8.172198361008e-04
  1.080788655364e-03
  8.708774388876e-04
  7.749960614594e-04
  1.088837373345e-03
  1.082957059774e-03
  8.089260188731e-04
  8.361726265772e-04
  9.765038382599e-04
  6.027249017524e-04
  5.122253660091e-04
  6.161461538521e-04
  3.876125655042e-04
  4.917187290432e-04
  7.738452843005e-04
  6.617537459402e-04
  4.656417721742e-04
  4.516938669465e-04
  4.620009624794e-04
  4.478785403830e-04
  6.008222800691e-04
  7.067868543513e-04
  4.241362314010e-04
  3.117807201179e-04
  5.193337612477e-04
  4.071470788761e-04
  4.513016564432e-04
  3.465429290874e-04
  3.908409983021e-04
  5.783781180461e-04
  5.627044348953e-04
  3.701169262450e-04
  3.237194837366e-04
  4.328372546555e-04
  3.702940285487e-04
  3.968609253674e-04
  3.430644847163e-04
  3.880244253142e-04
  5.063939171619e-04
  2.533075893485e-04
  3.718152985561e-04
  5.716823582480e-04
  5.125992199232e-04
  3.512634164761e-04
  2.790873763082e-04
  4.086409432715e-04
  3.366032238809e-04
  3.462660289892e-04
  2.443363105640e-05
  3.648540145742e-04
  3.591099534331e-04
  2.939781897134e-04
  4.451253105549e-04
  5.503375232257e-04
  8.560990919088e-05
  1.794627025381e-04
  1.779321508188e-04
  1.764108032483e-04
  1.749171456877e-04
  1.563291342482e-04
  3.560211341301e-04
  5.518587932331e-04
  6.804813450202e-04
  1.862920517674e-04
  1.106703246909e-05
  1.944661633503e-04
  1.924031412740e-04
  1.903584499325e-04
  1.883320893257e-04
  4.676209227362e-05
  1.395619671802e-04
  1.843435644656e-04
  1.823813743578e-04
  2.125933726935e-04
  6.745663866196e-05
  1.424685391636e-04
  3.017163969401e-04
  3.067592880847e-04
  2.802792618850e-04
  4.368682065055e-04
  3.165611896008e-04
  2.285841594582e-04
  1.397269955020e-04
  8.536377577024e-05
  3.195502111092e-04
  2.491319824051e-04
  8.582222512053e-06
  1.210955228987e-04
  1.200410790513e-04
  1.189958134984e-04
  1.179505220912e-04
  1.379390378650e-04
  1.181339070022e-04
  2.511766737467e-04
  2.271904806725e-04
  1.919080045998e-05
  2.194151207436e-04
  1.032525562894e-04
  1.023906756475e-04
  1.010336583314e-04
  2.436213860527e-05
  7.582796723366e-05
  4.681894599126e-04
  3.009555033929e-04
  2.185715708365e-04
  3.975695931258e-05
  1.269362017492e-04
  1.254599700211e-04
  9.703595517667e-05
  1.069476859755e-04
  9.247894484874e-05
  1.022623087953e-04
  8.781189840334e-05
  8.706002802459e-05
  1.042061423139e-04
  1.478966084279e-04
  1.236995214134e-04
  1.221499408918e-04
  5.873687100307e-05
  1.667206442368e-04
  1.107436734844e-04
  1.546633642736e-04
  4.412311282212e-03
  2.618027085523e-04
  1.547657733575e-05
  8.729615581143e-07
  1.326823829471e-07
  2.016654107780e-08
  3.065136717510e-09
  4.658721344408e-10
  7.080860354844e-11
  1.076228723494e-11
  1.928954339696e-12
  0.000000000000e+00
  0.000000000000e+00
  0.000000000000e+00
  0.000000000000e+00
  0.000000000000e+00
  0.000000000000e+00
  0.000000000000e+00
  0.000000000000e+00
  0.000000000000e+00
  0.000000000000e+00
  0.000000000000e+00
  0.000000000000e+00
  0.000000000000e+00
  0.000000000000e+00
  0.000000000000e+00
  0.000000000000e+00
  0.000000000000e+00
  0.000000000000e+00
  0.000000000000e+00
  0.000000000000e+00
  0.000000000000e+00
  0.000000000000e+00
  0.000000000000e+00
  0.000000000000e+00
  0.000000000000e+00
  0.000000000000e+00
  0.000000000000e+00
  0.000000000000e+00
  0.000000000000e+00
  0.000000000000e+00
  0.000000000000e+00
  0.000000000000e+00
  0.000000000000e+00
  0.000000000000e+00
  0.000000000000e+00
  0.000000000000e+00
  0.000000000000e+00
  0.000000000000e+00
  0.000000000000e+00
  0.000000000000e+00
  0.000000000000e+00
  0.000000000000e+00
  0.000000000000e+00
  0.000000000000e+00
  0.000000000000e+00
  0.000000000000e+00
  0.000000000000e+00
  0.000000000000e+00
  0.000000000000e+00
  0.000000000000e+00
  0.000000000000e+00
  0.000000000000e+00
  0.000000000000e+00
  0.000000000000e+00
  0.000000000000e+00
  0.000000000000e+00
  0.000000000000e+00
  0.000000000000e+00
  0.000000000000e+00
  0.000000000000e+00
  0.000000000000e+00
  0.000000000000e+00
  0.000000000000e+00
  0.000000000000e+00
  0.000000000000e+00
  0.000000000000e+00
  0.000000000000e+00
  0.000000000000e+00
  0.000000000000e+00
  0.000000000000e+00
  0.000000000000e+00
  0.000000000000e+00
  0.000000000000e+00
  0.000000000000e+00
  0.000000000000e+00
  0.000000000000e+00
  0.000000000000e+00
  0.000000000000e+00
  0.000000000000e+00
  0.000000000000e+00
  0.000000000000e+00
  0.000000000000e+00
  0.000000000000e+00
  0.000000000000e+00
  0.000000000000e+00
  0.000000000000e+00
  0.000000000000e+00
  0.000000000000e+00
  0.000000000000e+00
  0.000000000000e+00
  0.000000000000e+00
  0.000000000000e+00
  0.000000000000e+00
  0.000000000000e+00
  0.000000000000e+00
  0.000000000000e+00
  0.000000000000e+00
  0.000000000000e+00
  0.000000000000e+00
  0.000000000000e+00
  0.000000000000e+00
  0.000000000000e+00
  0.000000000000e+00
  0.000000000000e+00
  0.000000000000e+00
  0.000000000000e+00
  0.000000000000e+00
  0.000000000000e+00
  0.000000000000e+00
  0.000000000000e+00
  0.000000000000e+00
  0.000000000000e+00
  0.000000000000e+00
  0.000000000000e+00
  0.000000000000e+00
  0.000000000000e+00
  0.000000000000e+00
  1.700627119903e-04
  2.307254101210e-04
  2.198052920449e-04
  2.070720279995e-04
  3.148417744133e-04
  2.846694035403e-04
  2.484723834838e-04
  3.938550711579e-04
  3.234883971330e-04
  2.946215897340e-04
  3.004015600653e-04
  3.566404897713e-04
  3.377558858685e-04
  3.393204431689e-04
  5.313725949621e-04
  4.193224190491e-04
  4.839694095938e-04
  5.169536954213e-04
  5.202673281462e-04
  6.676390404800e-04
  5.668043629896e-04
  5.920069784524e-04
  6.102047789067e-04
  6.895674366930e-04
  6.360855583844e-04
  7.849694869239e-04
  7.665145214285e-04
  6.557172525869e-04
  1.024951514233e-03
  8.989419053048e-04
  8.048282027420e-04
  8.956570286512e-04
  1.056778052883e-03
  1.056313919803e-03
  1.076267227960e-03
  1.012863243822e-03
  9.874343004209e-04
  1.103914046422e-03
  9.945873731568e-04
  1.018884992174e-03
  1.181098242623e-03
  1.169798872326e-03
  1.254776216095e-03
  1.448925101692e-03
  1.518541910708e-03
  1.687606799637e-03
  1.460674100911e-03
  1.613193528377e-03
  1.423834168252e-03
  1.775219485993e-03
  1.714588318642e-03
  1.825972059990e-03
  1.619080324991e-03
  1.932664651900e-03
  2.159140784933e-03
  2.042009613018e-03
  2.257564114497e-03
  2.267118571432e-03
  2.450294745613e-03
  2.178015109801e-03
  2.281383096275e-03
  2.303406084827e-03
  2.247470481224e-03
  2.331307041375e-03
  2.413885523407e-03
  2.503579241239e-03
  2.702796384403e-03
  2.475458830462e-03
  2.969402371673e-03
  2.918816910809e-03
  2.862103127557e-03
  2.979982840187e-03
  3.004517570670e-03
  2.749982196574e-03
  2.838658100829e-03
  2.628625900148e-03
  2.983116999713e-03
  3.186198555265e-03
  2.967050175490e-03
  3.162546686621e-03
  3.906135808575e-03
  3.729999826939e-03
  4.010102249252e-03
  1.318019393255e-02
  1.387665841205e-02
  1.347831745683e-02
  1.333540734986e-02
  1.452822936707e-02
  1.620002915611e-02
  1.765697821068e-02
  1.801359763789e-02
  1.886214768132e-02
  1.913818074118e-02
  2.079881232797e-02
  2.160052655088e-02
  2.190822912610e-02
  2.301331990123e-02
  2.295534110309e-02
  2.348613025250e-02
  2.147521692527e-02
  2.055012906663e-02
  2.040550999138e-02
  1.911128498590e-02
  1.966166105580e-02
  1.947567359728e-02
  1.980919988127e-02
  1.924296382906e-02
  1.811435739825e-02
  1.796036737521e-02
  1.682176568717e-02
  1.688691458467e-02
  1.676466975086e-02
  1.624911627432e-02
  1.547386898808e-02
  1.479974721924e-02
  1.508167653495e-02
  1.417893769312e-02
  1.354328978196e-02
  1.245939399710e-02
  1.306544711822e-02
  1.245220497928e-02
  1.164961420068e-02
  1.080135424043e-02
  9.806923890554e-03
  9.395201272331e-03
  8.973943746256e-03
  8.557541960291e-03
  5.299820875670e-03
  2.920769927318e-03
  3.932884630425e-03
  3.938024778169e-03
  2.652572266277e-03
  4.867098127395e-03
  4.548017354927e-03
  2.608586197653e-03
  3.171563228451e-03
  3.337085949562e-03
  2.115123185529e-03
  4.100729908785e-03
  3.584338344109e-03
  2.187851451909e-03
  5.512407069525e-03
  5.275433078622e-03
  5.042403588288e-03
  2.226901061626e-03
  2.595712180206e-03
  2.033633776636e-03
  2.610125530330e-03
  1.784186839806e-03
  2.650574476060e-03
  1.505838790089e-03
  2.598478690838e-03
  1.094558233400e-03
  2.451245713935e-03
  2.500837955231e-03
  8.853691657743e-04
  2.239391664790e-03
  9.944044946332e-04
  1.823856975272e-03
  9.817770478852e-04
  1.591038110548e-03
  1.060180224038e-03
  1.402108199646e-03
  1.129790096283e-03
  1.005403061290e-03
  1.412549932729e-03
  1.237704190607e-03
  9.126880641248e-04
  9.434299439449e-04
  1.101761755384e-03
  6.800375737657e-04
  5.779291788890e-04
  6.951805461368e-04
  4.373323591165e-04
  5.547922709428e-04
  8.731074760736e-04
  7.466381483736e-04
  5.253703326322e-04
  4.854991569131e-04
  4.513950869671e-04
  4.375968392986e-04
  5.870294034089e-04
  6.905612868765e-04
  4.143993922548e-04
  3.046232792523e-04
  5.074116616130e-04
  3.978003284663e-04
  4.409413721877e-04
  3.385874786585e-04
  3.818685821044e-04
  5.651005657650e-04
  5.497866335051e-04
  3.616202089079e-04
  3.162879651657e-04
  4.229007211407e-04
  3.617931867666e-04
  3.877503337933e-04
  3.474683120116e-04
  4.063681242363e-04
  5.303334035170e-04
  2.652825773747e-04
  3.893926459969e-04
  5.987084042965e-04
  5.368319603230e-04
  3.678691680599e-04
  2.922810599395e-04
  4.279592041655e-04
  3.525159484481e-04
  3.626355630833e-04
  2.558871616931e-05
  3.821022882452e-04
  3.760865307416e-04
  3.078757422640e-04
  4.661684555358e-04
  5.763544686776e-04
  8.965707906537e-05
  1.879467181227e-04
  1.863438193939e-04
  1.847505060223e-04
  1.831862640298e-04
  1.637194758063e-04
  3.728517249666e-04
  5.779477189876e-04
  7.126504900671e-04
  2.223388532742e-04
  1.852956101458e-05
  3.255952207867e-04
  3.221410869065e-04
  3.187176640059e-04
  3.153249520850e-04
  7.829389046961e-05
  2.336689976126e-04
  3.086469220796e-04
  3.053616670567e-04
  3.559456775047e-04
  1.129428122929e-04
  2.385354581876e-04
  5.051646521118e-04
  5.136080904856e-04
  4.692722824510e-04
  7.314491410638e-04
  5.300191677642e-04
  3.827190933623e-04
  2.339453333679e-04
  1.429248003166e-04
  5.350237962169e-04
  4.171223904099e-04
  1.436923856233e-05
  2.027505454248e-04
  2.009850739948e-04
  1.992349895853e-04
  1.974849051758e-04
  2.309517380594e-04
  1.977919519108e-04
  4.205458133105e-04
  3.803856264625e-04
  3.213120796404e-05
  3.673673872280e-04
  1.728760773607e-04
  1.714329766247e-04
  1.691609316842e-04
  4.078959797088e-05
  1.269589376508e-04
  7.838911342501e-04
  5.038904932946e-04
  3.659549974716e-04
  6.656519707286e-05
  2.125296276367e-04
  2.100579928592e-04
  1.624675777198e-04
  1.790627947531e-04
  1.548377595913e-04
  1.712180628286e-04
  1.470236755849e-04
  1.457648407269e-04
  1.744726068719e-04
  2.476237010111e-04
  2.071104324894e-04
  2.045160168549e-04
  9.834330444473e-05
  2.791408596483e-04
  1.854184540644e-04
  2.589532777955e-04
  2.948904211638e-03
  1.749719913645e-04
  1.034353362194e-05
  5.834305432488e-07
  8.867621956318e-08
  1.347800214903e-08
  2.048535853849e-09
  3.113595150774e-10
  4.732385392589e-11
  7.192801518560e-12
  1.289186386852e-12
  0.000000000000e+00
  0.000000000000e+00
  0.000000000000e+00
  0.000000000000e+00
  0.000000000000e+00
  0.000000000000e+00
  0.000000000000e+00
  0.000000000000e+00
  0.000000000000e+00
  0.000000000000e+00
  0.000000000000e+00
  0.000000000000e+00
  0.000000000000e+00
  0.000000000000e+00
  0.000000000000e+00
  0.000000000000e+00
  0.000000000000e+00
  0.000000000000e+00
  0.000000000000e+00
  0.000000000000e+00
  0.000000000000e+00
  0.000000000000e+00
  0.000000000000e+00
  0.000000000000e+00
  0.000000000000e+00
  0.000000000000e+00
  0.000000000000e+00
  0.000000000000e+00
  0.000000000000e+00
  0.000000000000e+00
  0.000000000000e+00
  0.000000000000e+00
  0.000000000000e+00
  0.000000000000e+00
  0.000000000000e+00
  0.000000000000e+00
  0.000000000000e+00
  0.000000000000e+00
  0.000000000000e+00
  0.000000000000e+00
  0.000000000000e+00
  0.000000000000e+00
  0.000000000000e+00
  0.000000000000e+00
  0.000000000000e+00
  0.000000000000e+00
  0.000000000000e+00
  0.000000000000e+00
  0.000000000000e+00
  0.000000000000e+00
  0.000000000000e+00
  0.000000000000e+00
  0.000000000000e+00
  0.000000000000e+00
  0.000000000000e+00
  0.000000000000e+00
  0.000000000000e+00
  0.000000000000e+00
  0.000000000000e+00
  0.000000000000e+00
  0.000000000000e+00
  0.000000000000e+00
  0.000000000000e+00
  0.000000000000e+00
  0.000000000000e+00
  0.000000000000e+00
  0.000000000000e+00
  0.000000000000e+00
  0.000000000000e+00
  0.000000000000e+00
  0.000000000000e+00
  0.000000000000e+00
  0.000000000000e+00
  0.000000000000e+00
  0.000000000000e+00
  0.000000000000e+00
  0.000000000000e+00
  0.000000000000e+00
  0.000000000000e+00
  0.000000000000e+00
  0.000000000000e+00
  0.000000000000e+00
  0.000000000000e+00
  0.000000000000e+00
  0.000000000000e+00
  0.000000000000e+00
  0.000000000000e+00
  0.000000000000e+00
  0.000000000000e+00
  0.000000000000e+00
  0.000000000000e+00
  0.000000000000e+00
  0.000000000000e+00
  0.000000000000e+00
  0.000000000000e+00
  0.000000000000e+00
  0.000000000000e+00
  0.000000000000e+00
  0.000000000000e+00
  0.000000000000e+00
  0.000000000000e+00
  0.000000000000e+00
  0.000000000000e+00
  0.000000000000e+00
  0.000000000000e+00
  0.000000000000e+00
  0.000000000000e+00
  0.000000000000e+00
  0.000000000000e+00
  0.000000000000e+00
  0.000000000000e+00
  0.000000000000e+00
  0.000000000000e+00
  0.000000000000e+00
  0.000000000000e+00
  0.000000000000e+00
  0.000000000000e+00
  3.225135628900e-04
  4.424730338018e-04
  4.818443087312e-04
  5.026207742392e-04
  4.973910922915e-04
  4.978350409390e-04
  5.771315857191e-04
  7.495331492323e-04
  6.869812514874e-04
  6.020553354890e-04
  6.109850411250e-04
  7.119607018337e-04
  8.002384376474e-04
  7.033971145803e-04
  7.967073221932e-04
  7.387904651083e-04
  8.591490231222e-04
  7.381136278350e-04
  8.543614833168e-04
  9.146858096354e-04
  8.166932911437e-04
  8.475652602958e-04
  9.542679940444e-04
  9.575880494770e-04
  9.156382894904e-04
  1.040083463301e-03
  1.083889708442e-03
  1.024259832822e-03
  1.224050574047e-03
  1.008566722342e-03
  1.077082194763e-03
  1.252374467645e-03
  1.205232962320e-03
  1.272977960282e-03
  1.386292804066e-03
  1.375398825133e-03
  1.494789096372e-03
  1.330799223135e-03
  1.402830455716e-03
  1.368726949885e-03
  1.313238336844e-03
  1.384820201262e-03
  1.411730504559e-03
  1.760362519310e-03
  1.686229568496e-03
  1.794311267864e-03
  1.771565862254e-03
  1.714519439581e-03
  1.793328227963e-03
  1.803471754536e-03
  1.895334048249e-03
  2.203803839887e-03
  1.923947584845e-03
  2.160682561292e-03
  1.844234038453e-03
  2.042404645617e-03
  2.181817166452e-03
  2.212532270738e-03
  2.170175746002e-03
  2.153664288677e-03
  2.265092538886e-03
  2.263526901065e-03
  2.430587983647e-03
  2.624386848281e-03
  2.540504791191e-03
  2.445672301882e-03
  2.613194043283e-03
  2.540992547589e-03
  2.699400470368e-03
  2.600062256061e-03
  2.709536469837e-03
  2.875174929591e-03
  2.897322683071e-03
  2.705660010810e-03
  2.787321571952e-03
  2.641724781725e-03
  2.797922746504e-03
  3.045952896575e-03
  3.120228862382e-03
  3.236831244505e-03
  3.706099567441e-03
  3.576848638231e-03
  3.655820012080e-03
  1.253776917832e-02
  1.351856750740e-02
  1.280684059745e-02
  1.368302421169e-02
  1.783150076707e-02
  1.689484288658e-02
  1.869026816597e-02
  1.865216596093e-02
  1.919238628015e-02
  1.934190469203e-02
  1.976346772948e-02
  2.262283423335e-02
  2.194893253097e-02
  2.209041199482e-02
  2.046646921943e-02
  1.913314796452e-02
  1.966292066213e-02
  2.013124207527e-02
  1.958725820360e-02
  1.658120347930e-02
  1.652657175188e-02
  1.849462365522e-02
  1.919497560424e-02
  1.879953162081e-02
  1.860355591744e-02
  1.784626894690e-02
  1.582823706697e-02
  1.549195612812e-02
  1.586117567805e-02
  1.654427550262e-02
  1.486074364852e-02
  1.381902845942e-02
  1.409424801784e-02
  1.349016472974e-02
  1.273194590362e-02
  1.179993224686e-02
  1.197475226918e-02
  1.113318581041e-02
  1.048205510580e-02
  1.004292531092e-02
  9.864045168209e-03
  8.807046945302e-03
  8.220402453859e-03
  7.751007675560e-03
  4.788065197326e-03
  2.632638060680e-03
  3.544908121267e-03
  3.549541807048e-03
  2.339014730762e-03
  4.278960424378e-03
  3.998435762420e-03
  2.343092916201e-03
  3.127834249181e-03
  3.291074573311e-03
  2.085959485454e-03
  4.044188516890e-03
  3.940570390733e-03
  2.405292394894e-03
  6.060261844119e-03
  5.842662273768e-03
  5.601498348793e-03
  2.473817652552e-03
  2.867497282585e-03
  2.214886749153e-03
  2.842760205017e-03
  1.943207940882e-03
  2.886814844620e-03
  1.640050779888e-03
  2.667937171855e-03
  1.001336034826e-03
  2.242476599481e-03
  2.287845471601e-03
  8.099634571880e-04
  2.048665691479e-03
  9.097126514230e-04
  1.683835949136e-03
  9.079717825999e-04
  1.471431737133e-03
  9.804811368849e-04
  1.296704900372e-03
  1.044858207028e-03
  9.298220648940e-04
  1.306361423258e-03
  1.437235346828e-03
  1.083314035458e-03
  1.119802880835e-03
  1.307734367193e-03
  8.071693958463e-04
  6.859723183456e-04
  8.251433696551e-04
  5.190909830295e-04
  6.585099771746e-04
  1.036334061804e-03
  8.862208580907e-04
  6.235876728718e-04
  5.435721390309e-04
  4.411448008698e-04
  4.276599924279e-04
  5.736992258813e-04
  6.748800754696e-04
  4.049892556989e-04
  2.977058810778e-04
  4.958894348624e-04
  3.887671402863e-04
  4.309285624629e-04
  3.308989082991e-04
  3.731971732429e-04
  5.522683538727e-04
  5.373020606429e-04
  3.534085649831e-04
  3.091056814603e-04
  4.132975235538e-04
  3.535776237593e-04
  3.789453221766e-04
  3.849781462180e-04
  4.978954083203e-04
  6.497815463238e-04
  3.250327343604e-04
  4.770965120397e-04
  7.335568690660e-04
  6.577438684371e-04
  4.507251494540e-04
  3.581122528398e-04
  5.243494185179e-04
  4.319140110374e-04
  4.443128087833e-04
  3.135212317411e-05
  4.681640966459e-04
  4.607934049784e-04
  3.772192064792e-04
  5.711646991168e-04
  7.061681429810e-04
  1.098507346172e-04
  2.302783764000e-04
  2.283144041876e-04
  2.263623248008e-04
  2.244457733493e-04
  2.005944854866e-04
  4.568299326182e-04
  7.081202223677e-04
  8.731625354128e-04
  3.183153953988e-04
  3.439563277243e-05
  6.043885874683e-04
  5.979768489659e-04
  5.916220153766e-04
  5.853242372426e-04
  1.453336727478e-04
  4.337497213823e-04
  5.729281492545e-04
  5.668298394005e-04
  6.607268601120e-04
  2.096509475693e-04
  4.427833010660e-04
  9.377157398105e-04
  9.533889787333e-04
  8.710901728897e-04
  1.357758452614e-03
  9.838519250046e-04
  7.104251724325e-04
  4.342627688528e-04
  2.653051569190e-04
  9.931418778816e-04
  7.742864853471e-04
  2.667300378780e-05
  3.763572024252e-04
  3.730800514906e-04
  3.698315035546e-04
  3.665828050765e-04
  4.287058083837e-04
  3.671527574601e-04
  7.806413189364e-04
  7.060936246424e-04
  5.964380076386e-05
  6.819284565051e-04
  3.209024613556e-04
  3.182237152611e-04
  3.140062783814e-04
  7.571599130089e-05
  2.356685362243e-04
  1.455103489542e-03
  9.353504223644e-04
  6.793067658658e-04
  1.235621239710e-04
  3.945097191624e-04
  3.899216476370e-04
  3.015815873947e-04
  3.323867158551e-04
  2.874187373427e-04
  3.178247787010e-04
  2.729138556437e-04
  2.705771411962e-04
  3.238661836419e-04
  4.596533496691e-04
  3.844503456218e-04
  3.796343533599e-04
  1.825505096022e-04
  5.181573209368e-04
  3.441843990030e-04
  4.806840807808e-04
  2.236965253268e-03
  1.327294904174e-04
  7.846353513424e-06
  4.425764562232e-07
  6.726768918632e-08
  1.022409670436e-08
  1.553970808166e-09
  2.361900140523e-10
  3.589872035143e-11
  5.456292968021e-12
  9.779470617468e-13
