411
  7.059332011084e-02
  6.962469409225e-02
  6.783736969871e-02
  6.569193785535e-02
  6.341659543003e-02
  6.111493569634e-02
  5.875981920242e-02
  5.631200502402e-02
  5.384785210878e-02
  5.139488165734e-02
  4.910115428229e-02
  4.692406577032e-02
  4.490782120656e-02
  4.329362005886e-02
  4.202668130032e-02
  4.132045127726e-02
  4.112485019769e-02
  4.127636731302e-02
  4.166752739578e-02
  4.206866347972e-02
  4.238462472431e-02
  4.280202355660e-02
  4.332081839127e-02
  4.393691072084e-02
  4.459252191973e-02
  4.527258266978e-02
  4.595730596653e-02
  4.668363206863e-02
  4.742595917226e-02
  4.822823618102e-02
  4.904047026386e-02
  4.988957729710e-02
  5.073749340057e-02
  5.159716899569e-02
  5.245696643196e-02
  5.334155449128e-02
  5.421971335419e-02
  5.509529826555e-02
  5.596071556756e-02
  5.678064382159e-02
  5.757891794847e-02
  5.816978355249e-02
  5.860059397246e-02
  5.881685895973e-02
  5.851381907326e-02
  5.820082525798e-02
  5.799998471188e-02
  5.783344360129e-02
  5.745135309469e-02
  5.673622245965e-02
  5.600286699549e-02
  5.496581195803e-02
  5.384362334501e-02
  5.277283633770e-02
  5.182641118039e-02
  5.090080747542e-02
  5.003415316117e-02
  4.923538208005e-02
  4.844858343393e-02
  4.772766751626e-02
  4.705501234777e-02
  4.639302783272e-02
  4.586585640734e-02
  4.556745848134e-02
  4.529791787573e-02
  4.523843526848e-02
  4.534288184578e-02
  4.553185794676e-02
  4.626042541715e-02
  4.712154969186e-02
  4.797286479489e-02
  4.876600970297e-02
  4.927183616181e-02
  4.972561139750e-02
  5.004889743039e-02
  5.023178761180e-02
  5.041122625645e-02
  5.058827024556e-02
  5.076996071879e-02
  5.104003793515e-02
  5.133634791589e-02
  5.162918239554e-02
  5.191888895005e-02
  5.219931241066e-02
  5.245608217542e-02
  5.270876088217e-02
  5.294998299308e-02
  5.309688928560e-02
  5.321854983268e-02
  5.334094063434e-02
  5.346185673147e-02
  5.358135161575e-02
  5.370145979750e-02
  5.382110682976e-02
  5.393926913558e-02
  5.406650983330e-02
  5.425668205954e-02
  5.445517276458e-02
  5.465101624902e-02
  5.484525026931e-02
  5.504015754765e-02
  5.523290424893e-02
  5.542312787700e-02
  5.561420039153e-02
  5.581913274805e-02
  5.602637673954e-02
  5.625313785757e-02
  5.648184296136e-02
  5.670974999774e-02
  5.693551455261e-02
  5.715838329973e-02
  5.737839889038e-02
  5.759588259672e-02
  5.781224934422e-02
  5.802581877481e-02
  5.823682598701e-02
  5.844478972803e-02
  5.867406057206e-02
  5.894729276185e-02
  5.921824843220e-02
  5.948558034053e-02
  5.974966368734e-02
  5.999870341002e-02
  6.020053663844e-02
  6.039515008752e-02
  6.058731352425e-02
  6.077697270972e-02
  6.096393673707e-02
  6.111526855659e-02
  6.123416786039e-02
  6.135146173575e-02
  6.146333229838e-02
  6.157044469002e-02
  6.167600836046e-02
  6.179786718347e-02
  6.193583784379e-02
  6.207190692716e-02
  6.220641211980e-02
  6.233892052250e-02
  6.246976007392e-02
  6.259851033283e-02
  6.271950934100e-02
  6.283823347486e-02
  6.295496332229e-02
  6.307051831511e-02
  6.318449365868e-02
  6.329668673396e-02
  6.340295583753e-02
  6.340304350810e-02
  6.336007639831e-02
  6.331763840127e-02
  6.327567545199e-02
  6.323458945032e-02
  6.319381291966e-02
  6.315355821299e-02
  6.311480638294e-02
  6.308759959455e-02
  6.306440984269e-02
  6.303165381799e-02
  6.299419300475e-02
  6.295472346559e-02
  6.291294736368e-02
  6.287160241448e-02
  6.283093074752e-02
  6.278718936593e-02
  6.271424716717e-02
  6.263578303837e-02
  6.255839586146e-02
  6.248206877036e-02
  6.240336072531e-02
  6.231060040256e-02
  6.221719299237e-02
  6.212494009662e-02
  6.203393863316e-02
  6.194614112962e-02
  6.188074781850e-02
  6.182206633704e-02
  6.176430168962e-02
  6.170718919513e-02
  6.165084255242e-02
  6.159602089667e-02
  6.154370212860e-02
  6.149220111796e-02
  6.143660622830e-02
  6.137305637082e-02
  6.130994530036e-02
  6.125197624214e-02
  6.120526709257e-02
  6.115959131071e-02
  6.111465989629e-02
  6.107016643660e-02
  6.102629123812e-02
  6.098530903069e-02
  6.103139737047e-02
  6.112106111538e-02
  6.120983513594e-02
  6.129726912132e-02
  6.138367207942e-02
  6.146877050750e-02
  6.155292521812e-02
  6.160638856322e-02
  6.019162760672e-02
  5.889712402585e-02
  5.813465128848e-02
  5.808334751745e-02
  5.832334746910e-02
  5.859720021968e-02
  5.873381432985e-02
  5.880286138351e-02
  5.889921856440e-02
  5.917776791145e-02
  5.954791585856e-02
  5.999862865397e-02
  6.043732842069e-02
  6.101920816648e-02
  6.152079309806e-02
  6.232890746022e-02
  6.364537513521e-02
  6.492821937213e-02
  6.567396052286e-02
  6.627551437579e-02
  6.685146632640e-02
  6.740752425140e-02
  6.799351726021e-02
  6.847808811246e-02
  6.852205821638e-02
  6.871460179938e-02
  6.926939787585e-02
  7.033307499319e-02
  7.165500646678e-02
  7.285939842599e-02
  7.356745712228e-02
  7.463598866304e-02
  7.596818883142e-02
  7.675179807917e-02
  7.776961950790e-02
  7.870443455387e-02
  7.942798562176e-02
  8.068252195529e-02
  8.172373737051e-02
  8.272714515952e-02
  8.372683279537e-02
  8.473733288641e-02
  8.580220671992e-02
  8.667023313077e-02
  8.718357375464e-02
  8.761030884715e-02
  8.810031466979e-02
  8.860819989061e-02
  8.943058611134e-02
  9.046211477578e-02
  9.125065242099e-02
  9.197207856434e-02
  9.283194277266e-02
  9.355231848089e-02
  9.437305602215e-02
  9.549525630949e-02
  9.543068706804e-02
  9.434980389282e-02
  9.529163036155e-02
  9.652342271740e-02
  9.870990189779e-02
  9.864435959543e-02
  1.003396260264e-01
  1.009838559155e-01
  1.031715146923e-01
  1.035988903673e-01
  1.034483399585e-01
  1.040599193768e-01
  1.052252414424e-01
  1.060623914537e-01
  1.066604452043e-01
  1.080397709762e-01
  1.084711965794e-01
  1.090257816029e-01
  1.091120439359e-01
  1.104791103890e-01
  1.109279827849e-01
  1.118346697186e-01
  1.122885964221e-01
  1.122635636214e-01
  1.114195478211e-01
  1.111236426137e-01
  1.119001360142e-01
  1.125166447983e-01
  1.132523500892e-01
  1.134663546476e-01
  1.139677132155e-01
  1.148013209259e-01
  1.155901962425e-01
  1.161521343224e-01
  1.165023471107e-01
  1.167715841733e-01
  1.185953494190e-01
  1.189089402171e-01
  1.181997442661e-01
  1.182348811829e-01
  1.186498079622e-01
  1.197324267667e-01
  1.202632975821e-01
  1.201013737645e-01
  1.215557032889e-01
  1.225965057774e-01
  1.226259603272e-01
  1.228699771473e-01
  1.239489163205e-01
  1.249317216770e-01
  1.260076130705e-01
  1.274095117388e-01
  1.291201203435e-01
  1.296532157917e-01
  1.293120657627e-01
  1.291291896892e-01
  1.292722716733e-01
  1.295540131598e-01
  1.307981212992e-01
  1.321325027875e-01
  1.325538878030e-01
  1.322168106618e-01
  1.320400523974e-01
  1.320832105058e-01
  1.324161563782e-01
  1.326895511916e-01
  1.330357247306e-01
  1.335138048676e-01
  1.340247802949e-01
  1.343073237034e-01
  1.352088102968e-01
  1.397442980137e-01
  1.408909504663e-01
  1.371510143031e-01
  1.318112829845e-01
  1.377406083783e-01
  1.416438636790e-01
  1.469121329473e-01
  1.521355912803e-01
  1.569483833690e-01
  1.553473957034e-01
  1.490701514315e-01
  1.381785923651e-01
  1.363695295069e-01
  1.464934623388e-01
  1.489522390066e-01
  1.505497410030e-01
  1.494316332655e-01
  1.477390002952e-01
  1.521747008243e-01
  1.557687878974e-01
  1.586134154108e-01
  1.604198471908e-01
  1.596164521118e-01
  1.586899870482e-01
  1.578564134087e-01
  1.572026349149e-01
  1.552379360916e-01
  1.500648033065e-01
  1.454531081278e-01
  1.478463471558e-01
  1.517895739798e-01
  1.546430882776e-01
  1.554067554175e-01
  1.546767200609e-01
  1.533623833612e-01
  1.541786320055e-01
  1.597617749053e-01
  1.631290689011e-01
  1.694098634558e-01
  1.745276574717e-01
  1.732893936863e-01
  1.708683569602e-01
  1.684462905428e-01
  1.675112823380e-01
  1.688892964583e-01
  1.696130465227e-01
  1.722489557398e-01
  1.793493402189e-01
  1.842213478657e-01
  1.883339558308e-01
  1.869535112427e-01
  1.842183299414e-01
  1.705496303496e-01
  1.604585450304e-01
  1.678804484033e-01
  1.730201032803e-01
  1.728591151206e-01
  1.722376823400e-01
  1.722938742371e-01
  1.764400399554e-01
  1.811402318887e-01
  1.857282913567e-01
  1.899469542590e-01
  1.890757749756e-01
  1.861870090215e-01
  1.828686036252e-01
  1.866007341938e-01
  1.887676341832e-01
  1.855189387180e-01
  1.821028085464e-01
  1.800833296428e-01
  1.784532716090e-01
  2.489693574476e-01
  5.420626341655e-01
  9.814549385793e-01
  1.386303366173e+00
  9.015254425245e-01
  4.975984034556e+00
  1.764466665829e+01
  5.262854798801e+01
  1.399651619957e+02
  3.613592614833e+02
  9.277913827788e+02
