411
  2.751039666340e-01
  2.745200143550e-01
  2.739196147080e-01
  2.733608754440e-01
  2.728373872750e-01
  2.723451443930e-01
  2.718885296220e-01
  2.714673073260e-01
  2.710745969450e-01
  2.707122364360e-01
  2.703788119850e-01
  2.700732396680e-01
  2.698059817090e-01
  2.696205835760e-01
  2.695081382420e-01
  2.695176107950e-01
  2.696151639560e-01
  2.697812399650e-01
  2.700510899170e-01
  2.703763142470e-01
  2.707874042090e-01
  2.712626813240e-01
  2.717959248100e-01
  2.724002831360e-01
  2.730391856490e-01
  2.737484489690e-01
  2.744790608780e-01
  2.752625023020e-01
  2.760627209840e-01
  2.769160519420e-01
  2.777906372370e-01
  2.787320488030e-01
  2.796949032140e-01
  2.807311816940e-01
  2.817878662230e-01
  2.829364957830e-01
  2.841006301700e-01
  2.853721672880e-01
  2.866547792810e-01
  2.880222672370e-01
  2.894053071470e-01
  2.908902830400e-01
  2.924498611820e-01
  2.940440306380e-01
  2.957554052680e-01
  2.974603234810e-01
  2.992483268260e-01
  3.010435406220e-01
  3.028768331400e-01
  3.047817117690e-01
  3.066694361230e-01
  3.086177659670e-01
  3.105687820580e-01
  3.125230027930e-01
  3.145430130030e-01
  3.165428528020e-01
  3.185520237720e-01
  3.205789145430e-01
  3.225792256120e-01
  3.245971622290e-01
  3.266178793460e-01
  3.286118753800e-01
  3.305823549760e-01
  3.325450114680e-01
  3.344846699200e-01
  3.364255536770e-01
  3.383618661030e-01
  3.402791391680e-01
  3.422113515330e-01
  3.441279176910e-01
  3.460197421050e-01
  3.478867776490e-01
  3.497284116690e-01
  3.515457280890e-01
  3.533128541150e-01
  3.550032100450e-01
  3.566401709350e-01
  3.582551705830e-01
  3.598368513490e-01
  3.612203625300e-01
  3.625280461570e-01
  3.638133915240e-01
  3.649578267700e-01
  3.660101756020e-01
  3.669657724350e-01
  3.678199988090e-01
  3.685834583290e-01
  3.692587429870e-01
  3.698822349280e-01
  3.704286740100e-01
  3.709630014200e-01
  3.714887988190e-01
  3.719414549110e-01
  3.723530632720e-01
  3.727592991400e-01
  3.731495589110e-01
  3.734698348920e-01
  3.737426067260e-01
  3.739819654230e-01
  3.741927650800e-01
  3.743586054530e-01
  3.744635575730e-01
  3.745440035860e-01
  3.745389609830e-01
  3.744197293420e-01
  3.741694842770e-01
  3.738172561010e-01
  3.734456586740e-01
  3.730004015420e-01
  3.725313923350e-01
  3.720685567830e-01
  3.716118006310e-01
  3.711140438740e-01
  3.704851323130e-01
  3.698555609720e-01
  3.692342368790e-01
  3.686211600330e-01
  3.679648204820e-01
  3.671942447650e-01
  3.663473230960e-01
  3.655030876740e-01
  3.646699271270e-01
  3.638216858990e-01
  3.628814053840e-01
  3.619431042090e-01
  3.610171974680e-01
  3.601036380370e-01
  3.592019075150e-01
  3.582271299400e-01
  3.571885893570e-01
  3.561625845910e-01
  3.550813468280e-01
  3.539717385320e-01
  3.528765982650e-01
  3.517527104480e-01
  3.505999808270e-01
  3.494621433790e-01
  3.483094608850e-01
  3.471521599330e-01
  3.460100339160e-01
  3.448794069200e-01
  3.437345475300e-01
  3.425966158280e-01
  3.414712670700e-01
  3.403608576130e-01
  3.392652932020e-01
  3.381839140570e-01
  3.371172857040e-01
  3.360733255010e-01
  3.350471793540e-01
  3.340360196340e-01
  3.330382440190e-01
  3.320537582550e-01
  3.310841175380e-01
  3.301322908760e-01
  3.291938954460e-01
  3.282747750130e-01
  3.273708766430e-01
  3.264856406170e-01
  3.256144484760e-01
  3.247634267470e-01
  3.239321512850e-01
  3.231118093180e-01
  3.223024479730e-01
  3.215050097920e-01
  3.207394766780e-01
  3.199916633650e-01
  3.192536053690e-01
  3.185252084340e-01
  3.178223072770e-01
  3.172030096510e-01
  3.166014318250e-01
  3.160467926220e-01
  3.155776420340e-01
  3.151298871640e-01
  3.148321379510e-01
  3.145783112240e-01
  3.143278305240e-01
  3.140805544680e-01
  3.138366715660e-01
  3.136554206210e-01
  3.136093302870e-01
  3.135692722260e-01
  3.135936840790e-01
  3.137007569210e-01
  3.138081125250e-01
  3.139506249680e-01
  3.141842812830e-01
  3.145018238910e-01
  3.148613567720e-01
  3.152162711950e-01
  3.155664257770e-01
  3.159150722910e-01
  3.163808768530e-01
  3.169027155730e-01
  3.174841701130e-01
  3.181572869240e-01
  3.188223921210e-01
  3.194788259270e-01
  3.201265412140e-01
  3.218017693350e-01
  3.246772312240e-01
  3.278112796810e-01
  3.312250747860e-01
  3.349915693390e-01
  3.390922895040e-01
  3.436707845220e-01
  3.484086163690e-01
  3.532356127470e-01
  3.580799990370e-01
  3.630584620150e-01
  3.679839069700e-01
  3.730609599050e-01
  3.782032839160e-01
  3.834364690360e-01
  3.887249342800e-01
  3.941316886220e-01
  3.995822240690e-01
  4.051198975810e-01
  4.107729854370e-01
  4.164885167410e-01
  4.222148872850e-01
  4.280618090300e-01
  4.339959159670e-01
  4.400092907380e-01
  4.461269107220e-01
  4.521328394060e-01
  4.581554039680e-01
  4.640316859150e-01
  4.697752107350e-01
  4.753727828300e-01
  4.808395300100e-01
  4.861719648680e-01
  4.913795128280e-01
  4.964536910080e-01
  5.014043961050e-01
  5.062222026930e-01
  5.109377434070e-01
  5.155453629920e-01
  5.200507167020e-01
  5.244571034380e-01
  5.287598104860e-01
  5.329772174270e-01
  5.371201635010e-01
  5.405345241320e-01
  5.425699449140e-01
  5.442618089120e-01
  5.462048605180e-01
  5.478835289190e-01
  5.499264900420e-01
  5.524859645190e-01
  5.544412691790e-01
  5.561632945400e-01
  5.581864622680e-01
  5.598830389790e-01
  5.618925398390e-01
  5.644708651690e-01
  5.664959179820e-01
  5.692768899740e-01
  5.733095585620e-01
  5.773290315540e-01
  5.802589252790e-01
  5.822509891010e-01
  5.841902705360e-01
  5.861648973190e-01
  5.880669483210e-01
  5.900208391660e-01
  5.918837746490e-01
  5.938141019290e-01
  5.956515887620e-01
  5.975531684920e-01
  6.002554381760e-01
  6.021339256120e-01
  6.038931814070e-01
  6.057349096810e-01
  6.074588201280e-01
  6.092590765270e-01
  6.109457565410e-01
  6.127007708940e-01
  6.143459790330e-01
  6.160510386270e-01
  6.174992553590e-01
  6.191496474810e-01
  6.210257785610e-01
  6.223891664570e-01
  6.236771509430e-01
  6.250122625610e-01
  6.269930158710e-01
  6.282470688230e-01
  6.295638008600e-01
  6.306882542020e-01
  6.314498286370e-01
  6.326110411410e-01
  6.342930084420e-01
  6.354820259530e-01
  6.363128772700e-01
  6.373383636380e-01
  6.384062644230e-01
  6.396070637180e-01
  6.410486826510e-01
  6.422334587210e-01
  6.430256657910e-01
  6.439710360360e-01
  6.450954893780e-01
  6.461242746450e-01
  6.470305293710e-01
  6.479132205320e-01
  6.491734000120e-01
  6.506946637960e-01
  6.520806727150e-01
  6.528365918940e-01
  6.538276754560e-01
  6.548460927540e-01
  6.557033352640e-01
  6.565407843800e-01
  6.575087756470e-01
  6.586487809430e-01
  6.595687025380e-01
  6.603726913900e-01
  6.615207082980e-01
  6.626498743530e-01
  6.636447280860e-01
  6.644496594810e-01
  6.653116147040e-01
  6.662433180820e-01
  6.672490110540e-01
  6.678060537410e-01
  6.689196678430e-01
  6.748199846270e-01
  6.825050058570e-01
  6.832180393470e-01
  6.798687141570e-01
  6.831614867900e-01
  6.854085083900e-01
  6.884416105320e-01
  6.914487927520e-01
  6.942241094890e-01
  6.933781774900e-01
  6.899247013400e-01
  6.841836742590e-01
  6.916297609350e-01
  6.923069778060e-01
  6.902856951630e-01
  6.867478614490e-01
  6.853397027790e-01
  6.858637564740e-01
  6.882050323350e-01
  6.899105632010e-01
  6.912598129580e-01
  6.931345302230e-01
  6.948273367640e-01
  6.967793425240e-01
  6.985367132340e-01
  6.999137679980e-01
  7.018648312160e-01
  7.004213271980e-01
  6.988260738180e-01
  7.006465948830e-01
  7.032301041970e-01
  7.050996374780e-01
  7.051057640050e-01
  7.038173082480e-01
  7.014981821380e-01
  7.006206749610e-01
  7.048762548780e-01
  7.075163167490e-01
  7.121027291250e-01
  7.158992907870e-01
  7.170232728580e-01
  7.177834334790e-01
  7.185445366420e-01
  7.195045162980e-01
  7.206096475170e-01
  7.211780007150e-01
  7.236370944030e-01
  7.304493211700e-01
  7.351328154350e-01
  7.391914039450e-01
  7.385108881750e-01
  7.366404123510e-01
  7.273738046090e-01
  7.213665092380e-01
  7.291825438920e-01
  7.342279745220e-01
  7.334206867710e-01
  7.317570990510e-01
  7.310831810800e-01
  7.358350096850e-01
  7.413281480580e-01
  7.466902730080e-01
  7.516574726010e-01
  7.513450197230e-01
  7.490136405590e-01
  7.462727266280e-01
  7.482817562170e-01
  7.489797090250e-01
  7.458372719390e-01
  7.421274241970e-01
  7.384439676490e-01
  7.350399749870e-01
  8.099259284710e-01
  1.089542506390e+00
  1.509513576720e+00
  1.888521744910e+00
  1.460005111940e+00
  5.628831521300e+00
  1.834513581670e+01
  5.334640406890e+01
  1.407079458890e+02
  3.622460845330e+02
  9.293545609620e+02
