2002
  2.000000000000e-01
  4.376200000000e-01
  4.239500000000e-01
  4.106900000000e-01
  3.978600000000e-01
  3.854100000000e-01
  3.733700000000e-01
  3.617000000000e-01
  3.504000000000e-01
  3.394400000000e-01
  3.288300000000e-01
  3.185460000000e-01
  3.085940000000e-01
  2.989470000000e-01
  2.896020000000e-01
  2.805490000000e-01
  2.717800000000e-01
  2.632850000000e-01
  2.550540000000e-01
  2.470820000000e-01
  2.393580000000e-01
  2.318760000000e-01
  2.246280000000e-01
  2.176060000000e-01
  2.108040000000e-01
  2.042150000000e-01
  1.978310000000e-01
  1.916470000000e-01
  1.856570000000e-01
  1.798530000000e-01
  1.742310000000e-01
  1.687850000000e-01
  1.635090000000e-01
  1.583980000000e-01
  1.534460000000e-01
  1.486500000000e-01
  1.440030000000e-01
  1.395020000000e-01
  1.351410000000e-01
  1.309170000000e-01
  1.268240000000e-01
  1.228610000000e-01
  1.190190000000e-01
  1.152990000000e-01
  1.116960000000e-01
  1.082030000000e-01
  1.048220000000e-01
  1.015440000000e-01
  9.837100000000e-02
  9.529500000000e-02
  9.231700000000e-02
  8.943100000000e-02
  8.663600000000e-02
  8.392700000000e-02
  8.130400000000e-02
  7.876300000000e-02
  7.630000000000e-02
  7.391500000000e-02
  7.160500000000e-02
  6.936700000000e-02
  6.719800000000e-02
  6.509800000000e-02
  6.306300000000e-02
  6.109100000000e-02
  5.918200000000e-02
  5.733200000000e-02
  5.554000000000e-02
  5.380400000000e-02
  5.212200000000e-02
  5.049200000000e-02
  4.891400000000e-02
  4.738600000000e-02
  4.590400000000e-02
  4.446900000000e-02
  4.307900000000e-02
  4.173200000000e-02
  4.042800000000e-02
  3.916500000000e-02
  3.794000000000e-02
  3.675400000000e-02
  3.560500000000e-02
  3.449200000000e-02
  3.341400000000e-02
  3.237000000000e-02
  3.135730000000e-02
  3.037750000000e-02
  2.942790000000e-02
  2.850800000000e-02
  2.761690000000e-02
  2.675360000000e-02
  2.591740000000e-02
  2.510720000000e-02
  2.432230000000e-02
  2.356210000000e-02
  2.282560000000e-02
  2.211200000000e-02
  2.142090000000e-02
  2.075120000000e-02
  2.010260000000e-02
  1.947430000000e-02
  1.886540000000e-02
  1.827580000000e-02
  1.770450000000e-02
  1.715110000000e-02
  1.661490000000e-02
  1.609560000000e-02
  1.559240000000e-02
  1.510510000000e-02
  1.463290000000e-02
  1.417540000000e-02
  1.373240000000e-02
  1.330310000000e-02
  1.288730000000e-02
  1.248440000000e-02
  1.209420000000e-02
  1.171610000000e-02
  1.134990000000e-02
  1.099510000000e-02
  1.065140000000e-02
  1.031850000000e-02
  9.995900000000e-03
  9.683400000000e-03
  9.380800000000e-03
  9.087500000000e-03
  8.803500000000e-03
  8.528300000000e-03
  8.261700000000e-03
  8.003400000000e-03
  7.753300000000e-03
  7.510900000000e-03
  7.276100000000e-03
  7.048700000000e-03
  6.828300000000e-03
  6.614900000000e-03
  6.408200000000e-03
  6.207800000000e-03
  6.013800000000e-03
  5.825700000000e-03
  5.643700000000e-03
  5.467300000000e-03
  5.296300000000e-03
  5.130800000000e-03
  4.970500000000e-03
  4.815000000000e-03
  4.664500000000e-03
  4.518800000000e-03
  4.377500000000e-03
  4.240600000000e-03
  4.108100000000e-03
  3.979700000000e-03
  3.855200000000e-03
  3.734800000000e-03
  3.618000000000e-03
  3.504900000000e-03
  3.395400000000e-03
  3.289200000000e-03
  3.186420000000e-03
  3.086810000000e-03
  2.990310000000e-03
  2.896840000000e-03
  2.806290000000e-03
  2.718570000000e-03
  2.633590000000e-03
  2.551270000000e-03
  2.471510000000e-03
  2.394260000000e-03
  2.319420000000e-03
  2.246910000000e-03
  2.176680000000e-03
  2.108640000000e-03
  2.042730000000e-03
  1.978870000000e-03
  1.917010000000e-03
  1.857090000000e-03
  1.799040000000e-03
  1.742810000000e-03
  1.688330000000e-03
  1.635550000000e-03
  1.584420000000e-03
  1.534900000000e-03
  1.486920000000e-03
  1.440440000000e-03
  1.395410000000e-03
  1.351800000000e-03
  1.309540000000e-03
  1.268600000000e-03
  1.228950000000e-03
  1.190530000000e-03
  1.153320000000e-03
  1.117270000000e-03
  1.082340000000e-03
  1.048510000000e-03
  1.015740000000e-03
  9.839800000000e-04
  9.532200000000e-04
  9.234300000000e-04
  8.945700000000e-04
  8.666000000000e-04
  8.395100000000e-04
  8.132700000000e-04
  7.878500000000e-04
  7.632200000000e-04
  7.393600000000e-04
  7.162500000000e-04
  6.938600000000e-04
  6.721800000000e-04
  6.511600000000e-04
  6.308100000000e-04
  6.110800000000e-04
  5.919900000000e-04
  5.734800000000e-04
  5.555600000000e-04
  5.381900000000e-04
  5.213600000000e-04
  5.050700000000e-04
  4.892800000000e-04
  4.739900000000e-04
  4.591700000000e-04
  4.448200000000e-04
  4.309100000000e-04
  4.174400000000e-04
  4.044000000000e-04
  3.917500000000e-04
  3.795100000000e-04
  3.676400000000e-04
  3.561600000000e-04
  3.450200000000e-04
  3.342300000000e-04
  3.237900000000e-04
  3.136620000000e-04
  3.038610000000e-04
  2.943620000000e-04
  2.851610000000e-04
  2.762470000000e-04
  2.676120000000e-04
  2.592470000000e-04
  2.511430000000e-04
  2.432930000000e-04
  2.356870000000e-04
  2.283200000000e-04
  2.211830000000e-04
  2.142700000000e-04
  2.075710000000e-04
  2.010830000000e-04
  1.947970000000e-04
  1.887090000000e-04
  1.828090000000e-04
  1.770950000000e-04
  1.715590000000e-04
  1.661970000000e-04
  1.610010000000e-04
  1.559680000000e-04
  1.510940000000e-04
  1.463700000000e-04
  1.417950000000e-04
  1.373620000000e-04
  1.330690000000e-04
  1.289090000000e-04
  1.248800000000e-04
  1.209760000000e-04
  1.171940000000e-04
  1.135310000000e-04
  1.099820000000e-04
  1.065450000000e-04
  1.032130000000e-04
  9.998800000000e-05
  9.686200000000e-05
  9.383400000000e-05
  9.090100000000e-05
  8.806000000000e-05
  8.530700000000e-05
  8.264000000000e-05
  8.005700000000e-05
  7.755500000000e-05
  7.513000000000e-05
  7.278200000000e-05
  2.111700000000e-05
  1.348300000000e-05
  2.176500000000e-05
  1.414200000000e-05
  1.635200000000e-05
  2.561900000000e-05
  6.154000000000e-06
  2.017700000000e-05
  1.800900000000e-05
  1.896400000000e-05
  1.805100000000e-05
  8.388000000000e-06
  2.756000000000e-06
  1.337000000000e-06
  2.020300000000e-05
  2.086200000000e-05
  1.459400000000e-05
  7.104000000000e-06
  2.885000000000e-06
  1.606000000000e-05
  8.222000000000e-06
  1.821200000000e-05
  1.671600000000e-05
  5.676000000000e-06
  1.375800000000e-05
  9.541000000000e-06
  3.671000000000e-06
  2.750900000000e-05
  7.204000000000e-06
  1.726200000000e-05
  1.590300000000e-05
  1.192200000000e-05
  5.983000000000e-06
  1.678100000000e-05
  1.585200000000e-05
  1.547600000000e-05
  8.344000000000e-06
  1.233100000000e-05
  1.145900000000e-05
  1.394600000000e-05
  1.695200000000e-05
  7.649000000000e-06
  1.604400000000e-05
  1.044100000000e-05
  1.052900000000e-05
  8.316000000000e-06
  1.964700000000e-05
  1.114200000000e-05
  7.142000000000e-06
  9.191000000000e-06
  4.200000000000e-06
  5.081000000000e-06
  1.124400000000e-05
  1.000600000000e-05
  1.240300000000e-05
  8.537000000000e-06
  2.448000000000e-06
  1.010300000000e-05
  8.339000000000e-06
  1.764800000000e-05
  1.207400000000e-05
  1.011200000000e-05
  1.125300000000e-05
  1.103000000000e-05
  1.010500000000e-05
  4.158000000000e-06
  2.714000000000e-06
  3.753000000000e-06
  1.567000000000e-05
  8.005000000000e-06
  7.886000000000e-06
  7.172000000000e-06
  1.051600000000e-05
  1.054600000000e-05
  8.021000000000e-06
  7.700000000000e-06
  7.005000000000e-06
  3.237000000000e-06
  6.273000000000e-06
  9.164000000000e-06
  1.067700000000e-05
  1.306700000000e-05
  7.954000000000e-06
  1.575600000000e-05
  6.267000000000e-06
  4.585000000000e-06
  6.530000000000e-06
  1.086000000000e-06
  9.017000000000e-06
  1.805300000000e-05
  9.717000000000e-06
  1.935000000000e-06
  9.912000000000e-06
  7.033000000000e-06
  9.523000000000e-06
  7.823000000000e-06
  3.300000000000e-06
  9.730000000000e-07
  9.636000000000e-06
  3.447000000000e-06
  7.364000000000e-06
  4.496000000000e-06
  3.648000000000e-06
  8.767000000000e-06
  1.348000000000e-06
  1.394600000000e-05
  3.549000000000e-06
  5.750000000000e-06
  6.547000000000e-06
  5.051000000000e-06
  9.116000000000e-06
  1.007000000000e-05
  6.898000000000e-06
  6.083000000000e-06
  2.892000000000e-06
  2.371000000000e-06
  8.350000000000e-06
  2.841000000000e-06
  2.428000000000e-06
  2.658000000000e-06
  4.977000000000e-06
  3.920000000000e-06
  6.418000000000e-06
  1.220000000000e-05
  3.899000000000e-06
  1.024700000000e-05
  4.287000000000e-06
  2.269000000000e-06
  4.299000000000e-06
  2.184000000000e-06
  4.399000000000e-06
  4.704000000000e-06
  5.971300000000e-06
  6.686000000000e-06
  3.629400000000e-06
  5.413200000000e-06
  1.640510000000e-05
  6.448100000000e-06
  2.610400000000e-06
  5.362100000000e-06
  5.478800000000e-06
  3.742300000000e-06
  5.904200000000e-06
  4.946000000000e-06
  2.454400000000e-06
  2.023800000000e-06
  1.980200000000e-06
  5.245500000000e-06
  6.616000000000e-07
  7.364000000000e-06
  2.942600000000e-06
  3.890900000000e-06
  6.891800000000e-06
  1.460300000000e-06
  2.403000000000e-06
  1.495700000000e-06
  1.071820000000e-05
  3.392000000000e-06
  4.415400000000e-06
  4.186300000000e-06
  2.153700000000e-06
  4.573000000000e-06
  3.068600000000e-06
  4.877800000000e-06
  5.610000000000e-06
  4.562900000000e-06
  2.347300000000e-06
  6.150900000000e-06
  3.697200000000e-06
  9.950400000000e-06
  3.919400000000e-06
  2.625500000000e-06
  4.384500000000e-06
  4.948600000000e-06
  7.883200000000e-06
  3.970900000000e-06
  2.063300000000e-06
  2.269400000000e-06
  3.741900000000e-06
  2.506500000000e-06
  1.029500000000e-06
  9.414000000000e-07
  3.594100000000e-06
  9.319600000000e-06
  3.589100000000e-06
  9.305000000000e-07
  2.692000000000e-06
  5.643600000000e-06
  3.779500000000e-06
  6.029400000000e-06
  4.874400000000e-06
  4.375900000000e-06
  8.794000000001e-07
  4.031000000000e-07
  4.481999999999e-07
  6.197000000001e-07
  2.545800000000e-06
  4.852400000000e-06
  5.337100000000e-06
  3.739100000000e-06
  3.082600000000e-06
  4.211000000000e-06
  6.694300000000e-06
  6.131200000000e-06
  2.356400000000e-06
  4.059000000000e-06
  4.292400000000e-06
  4.594000000000e-06
  8.362000000000e-07
  2.202000000000e-06
  1.595800000000e-06
  4.193600000000e-06
  7.043000000000e-07
  4.352100000000e-06
  2.244800000000e-06
  7.250000000000e-07
  2.441100000000e-06
  6.904300000000e-06
  3.720700000000e-06
  2.239300000000e-06
  3.185400000000e-06
  1.877100000000e-06
  4.616200000000e-06
  8.022000000000e-07
  3.011300000000e-06
  2.083800000000e-06
  9.159000000000e-07
  1.701900000000e-06
  1.624600000000e-06
  4.520800000000e-06
  1.614200000000e-06
  3.341400000000e-06
  5.182100000000e-06
  2.676600000000e-06
  5.200000000001e-07
  3.146000000001e-07
  5.265800000000e-06
  2.484000000000e-06
  2.846200000000e-06
  9.538000000000e-07
  4.506900000000e-06
  2.132400000000e-06
  9.865000000000e-07
  1.480900000000e-06
  1.983700000000e-06
  3.700300000000e-06
  1.909100000000e-06
  3.856000000000e-06
  3.992100000000e-06
  1.654000000000e-06
  5.067000000000e-07
  9.194000000000e-07
  7.867000000000e-07
  1.237600000000e-06
  2.822000000000e-06
  3.485200000000e-06
  6.010200000000e-06
  2.227700000000e-06
  2.529500000000e-06
  1.346100000000e-06
  6.090900000000e-06
  2.141500000000e-06
  1.283900000000e-06
  1.280800000000e-06
  1.484800000000e-06
  8.092999999999e-07
  4.662000000001e-07
  2.781300000000e-06
  2.023400000000e-06
  1.811100000000e-06
  3.006800000000e-06
  2.539900000000e-06
  2.704500000000e-06
  1.151800000000e-06
  8.692000000000e-07
  2.920300000000e-06
  2.764800000000e-06
  1.280500000000e-06
  1.702100000000e-06
  1.101100000000e-06
  1.535000000000e-06
  1.492700000000e-06
  2.264200000000e-06
  1.299500000000e-06
  2.560500000000e-06
  3.560200000000e-06
  1.663000000000e-06
  2.979800000000e-06
  2.974800000000e-06
  2.110400000000e-06
  1.031700000000e-06
  3.287200000000e-06
  2.681100000000e-06
  2.625300000000e-06
  1.926000000000e-06
  6.985000000000e-07
  1.440200000000e-06
  1.663400000000e-06
  1.597600000000e-06
  3.476900000000e-06
  2.873800000000e-06
  1.261600000000e-06
  1.509900000000e-06
  6.754000000000e-07
  8.146000000000e-07
  1.159200000000e-06
  1.048700000000e-06
  4.557000000000e-07
  3.161800000000e-06
  2.323600000000e-06
  2.518900000000e-06
  2.315400000000e-06
  5.207000000000e-07
  1.962100000000e-06
  1.605900000000e-06
  3.941000000001e-07
  3.693400000000e-06
  1.819000000000e-06
  1.586500000000e-06
  6.068000000000e-07
  8.494000000000e-07
  1.454300000000e-06
  2.136300000000e-06
  1.418300000000e-06
  2.048200000000e-06
  1.430700000000e-06
  3.364800000000e-06
  4.521200000000e-06
  6.274000000000e-07
  1.529500000000e-06
  1.681000000000e-07
  4.471000000000e-07
  2.352000000000e-07
  1.169700000000e-06
  2.571300000000e-06
  1.997200000000e-06
  1.053700000000e-06
  1.579600000000e-06
  1.256600000000e-06
  2.620600000000e-06
  2.114000000000e-06
  2.231000000000e-06
  3.344200000000e-06
  3.862000000000e-07
  1.985100000000e-06
  2.099100000000e-06
  5.300000000000e-07
  2.842300000000e-06
  1.453800000000e-06
  1.129700000000e-06
  9.469000000000e-07
  9.312000000000e-07
  2.555300000000e-06
  8.343000000000e-07
  8.450000000000e-07
  7.545000000000e-07
  1.121100000000e-06
  8.530000000000e-07
  1.847200000000e-06
  6.947000000000e-07
  1.071300000000e-06
  3.978000000000e-06
  1.595000000000e-06
  7.484000000000e-07
  3.297600000000e-06
  1.813800000000e-06
  1.352700000000e-06
  1.515100000000e-06
  8.731000000000e-07
  2.684100000000e-06
  7.887999999999e-07
  1.761800000000e-06
  9.608000000000e-07
  2.277000000000e-06
  2.495700000000e-06
  1.927700000000e-06
  9.641000000000e-07
  2.250400000000e-06
  4.124000000000e-07
  9.455000000000e-07
  8.620000000000e-07
  5.682000000001e-07
  1.457300000000e-06
  1.012600000000e-06
  6.460000000000e-07
  5.880000000000e-07
  2.084100000000e-06
  2.677000000001e-07
  4.758000000000e-07
  5.852000000000e-07
  9.095000000000e-07
  2.024800000000e-06
  1.556300000000e-06
  1.400900000000e-06
  1.583200000000e-06
  1.684600000000e-06
  8.947000000000e-07
  1.227000000000e-06
  5.680000000000e-07
  8.150000000000e-07
  1.555700000000e-06
  1.079600000000e-06
  1.059600000000e-06
  5.331999999999e-07
  9.701000000000e-07
  1.457300000000e-06
  7.408000000000e-07
  5.124000000000e-07
  4.043000000000e-07
  1.276400000000e-06
  2.661800000000e-06
  1.278000000000e-06
  9.561000000000e-07
  2.012900000000e-06
  3.056400000000e-06
  1.134900000000e-06
  1.881000000000e-06
  1.620200000000e-06
  8.856000000000e-07
  1.578000000000e-07
  1.584000000000e-07
  3.740000000000e-07
  1.426000000000e-07
  1.240000000000e-07
  1.321800000000e-06
  1.451500000000e-06
  2.120000000000e-06
  1.356000000000e-06
  9.703000000000e-07
  5.650000000000e-07
  3.193000000000e-07
  6.956000000000e-07
  4.374000000000e-07
  5.607000000000e-07
  2.856800000000e-06
  2.192300000000e-06
  9.173000000000e-07
  9.003000000000e-07
  3.005000000000e-07
  7.475000000000e-07
  4.728000000000e-07
  2.800000000000e-07
  2.193000000000e-07
  2.215000000000e-07
  8.804000000000e-07
  4.765000000000e-07
  1.363500000000e-06
  8.477000000000e-07
  2.754999999999e-07
  1.262200000000e-06
  4.246000000000e-07
  8.032000000000e-07
  1.024000000000e-06
  5.901000000000e-07
  7.868000000000e-07
  1.172000000000e-06
  9.430000000000e-07
  5.951000000000e-07
  9.692000000000e-07
  7.621000000001e-07
  4.907000000000e-07
  1.300600000000e-06
  2.141000000000e-07
  1.213000000000e-07
  3.281000000000e-07
  3.203000000000e-07
  3.942000000000e-07
  1.550200000000e-06
  1.666000000000e-06
  7.863000000000e-07
  5.758000000000e-07
  3.855000000000e-07
  4.391000000000e-07
  9.312000000000e-07
  4.168000000000e-07
  1.384100000000e-06
  1.662000000000e-06
  7.782000000000e-07
  1.699000000000e-07
  2.855000000001e-07
  4.531999999999e-07
  4.509000000000e-07
  3.744000000000e-07
  1.526600000000e-06
  8.800000000000e-07
  1.300000000000e-06
  1.668000000000e-07
  1.939000000000e-07
  1.514000000000e-07
  4.907000000000e-07
  1.971000000000e-07
  5.207000000000e-07
  1.979300000000e-06
  1.341900000000e-06
  3.607000000000e-07
  2.231800000000e-06
  9.564000000000e-07
  1.522700000000e-06
  6.356000000000e-07
  2.446000000000e-07
  6.291000000000e-07
  5.793000000000e-07
  5.008000000000e-07
  7.741000000000e-07
  3.141000000000e-07
  6.033000000000e-07
  4.808000000000e-07
  1.549000000000e-07
  1.286900000000e-06
  5.310000000000e-07
  1.250200000000e-06
  7.200000000000e-07
  6.847000000000e-07
  1.017500000000e-06
  1.700000000000e-07
  4.236000000000e-07
  4.865000000000e-07
  2.684000000000e-07
  3.258000000000e-07
  9.373000000000e-07
  4.822000000000e-07
  2.740000000000e-07
  1.685000000000e-07
  4.668000000000e-07
  3.828000000000e-07
  3.008000000000e-07
  2.573000000000e-07
  1.824000000000e-07
  2.723300000000e-06
  7.652000000000e-07
  6.739000000000e-07
  2.173000000000e-06
  4.569000000000e-07
  1.939000000000e-07
  2.271000000000e-07
  2.456000000000e-07
  5.231000000000e-07
  4.382000000000e-07
  1.053800000000e-06
  2.544000000000e-07
  4.837000000000e-07
  3.594000000000e-07
  1.803200000000e-06
  5.845000000000e-07
  7.138000000000e-07
  4.473000000000e-07
  5.270000000000e-07
  7.543000000000e-07
  8.236000000000e-07
  5.004000000000e-07
  1.153000000000e-07
  3.846000000000e-07
  1.665000000000e-07
  1.175000000000e-07
  4.271000000000e-07
  4.856000000000e-07
  7.141000000000e-07
  4.655000000000e-07
  7.815000000000e-07
  1.293700000000e-06
  9.633000000000e-07
  3.951000000000e-07
  5.570000000000e-07
  5.863000000000e-07
  7.326000000000e-07
  2.171000000000e-07
  1.639300000000e-06
  2.702000000000e-07
  3.150000000000e-07
  4.073000000000e-07
  3.266000000000e-07
  3.200000000000e-07
  1.260000000000e-07
  4.005000000000e-07
  2.147000000000e-07
  1.018000000000e-07
  8.549999999999e-08
  9.599999999999e-08
  5.529999999999e-08
  8.237000000000e-07
  9.249000000000e-07
  1.618100000000e-06
  8.351000000000e-07
  3.880000000000e-07
  9.932000000000e-07
  7.782000000000e-07
  6.654000000000e-07
  4.065000000000e-07
  9.334000000000e-07
  9.164000000000e-07
  4.199000000000e-07
  4.036000000000e-07
  6.843000000000e-07
  5.287000000000e-07
  3.246000000000e-07
  7.710000000000e-08
  9.180000000003e-08
  7.849999999999e-08
  5.043000000000e-07
  4.466000000000e-07
  5.145000000000e-07
  5.649000000000e-07
  3.600000000000e-07
  2.996000000000e-07
  4.152000000000e-07
  5.222000000000e-07
  2.690000000000e-07
  1.088800000000e-06
  8.251000000000e-07
  8.136000000000e-07
  1.237200000000e-06
  9.844000000000e-07
  5.022000000000e-07
  5.119000000000e-07
  5.091000000000e-07
  5.954000000000e-07
  1.601000000000e-07
  1.886000000000e-07
  8.087000000000e-07
  3.590000000000e-07
  2.522000000000e-07
  3.244000000000e-07
  4.014000000000e-07
  7.117000000000e-07
  7.502000000000e-07
  6.634000000000e-07
  2.649000000000e-07
  9.730000000000e-08
  9.429999999998e-08
  3.995000000000e-07
  5.126000000000e-07
  1.612000000000e-07
  1.360000000000e-06
  4.762000000000e-07
  1.047600000000e-06
  3.016000000000e-07
  1.902000000000e-07
  1.467000000000e-07
  1.009100000000e-06
  6.274000000000e-07
  5.192000000000e-07
  1.505000000000e-07
  3.774000000000e-07
  2.683000000000e-07
  1.585000000000e-07
  2.224000000000e-07
  2.000000000000e-07
  1.779000000000e-07
  4.324000000000e-07
  7.511000000000e-07
  3.947000000000e-07
  1.242300000000e-06
  3.160000000000e-07
  3.498000000000e-07
  5.138000000000e-07
  3.711000000000e-07
  4.338000000000e-07
  2.177000000000e-07
  2.573000000000e-07
  6.447000000000e-07
  1.730000000000e-07
  2.906000000000e-07
  6.305000000000e-07
  1.120600000000e-06
  1.849000000000e-07
  4.242000000000e-07
  1.386000000000e-07
  1.831000000000e-07
  1.227000000000e-07
  1.454000000000e-07
  1.192000000000e-07
  1.060200000000e-06
  1.111000000000e-07
  3.094000000000e-07
  1.002000000000e-07
  1.187000000000e-07
  8.199999999999e-08
  2.907000000000e-07
  2.391000000000e-07
  4.651000000000e-07
  1.171200000000e-06
  2.651000000000e-07
  5.925000000000e-07
  7.044000000000e-07
  1.745000000000e-07
  1.303000000000e-07
  1.358000000000e-07
  3.716000000000e-07
  4.678000000000e-07
  3.766000000000e-07
  6.025000000000e-07
  7.354000000000e-07
  1.958000000000e-07
  5.403000000000e-07
  5.797000000000e-07
  9.440000000002e-08
  8.610000000001e-08
  7.510000000000e-08
  1.276900000000e-06
  1.182300000000e-06
  5.002000000000e-07
  1.997000000000e-07
  4.017000000000e-07
  1.302000000000e-07
  2.290000000000e-07
  5.200000000000e-07
  6.027000000000e-07
  2.734000000000e-07
  3.662000000000e-07
  1.978000000000e-07
  2.653000000000e-07
  1.465000000000e-07
  3.483000000000e-07
  7.280000000000e-08
  1.090000000000e-07
  6.292000000000e-07
  5.139000000000e-07
  4.835000000000e-07
  3.518000000000e-07
  3.390000000000e-07
  2.574000000000e-07
  6.395000000000e-07
  5.726000000000e-07
  2.245000000000e-07
  3.727000000000e-07
  1.551000000000e-07
  9.490000000000e-08
  2.726000000000e-07
  1.550000000000e-07
  8.442000000000e-07
  1.047900000000e-06
  3.194000000000e-07
  2.161000000000e-07
  2.877000000000e-07
  1.855000000000e-07
  1.727000000000e-07
  1.228000000000e-07
  4.249000000000e-07
  1.750000000000e-07
  8.348000000000e-07
  7.154000000000e-07
  2.384000000000e-07
  3.573000000000e-07
  1.332000000000e-07
  9.079999999998e-08
  4.929000000000e-07
  6.706000000000e-07
  1.441000000000e-07
  5.401000000000e-07
  1.642000000000e-07
  4.796000000000e-07
  2.973000000000e-07
  4.461000000000e-07
  2.409000000000e-07
  8.964000000000e-07
  4.979000000000e-07
  2.048000000000e-07
  3.447000000000e-07
  3.604000000000e-07
  2.872000000000e-07
  8.196000000000e-07
  1.847000000000e-07
  2.879000000000e-07
  2.746000000000e-07
  2.461000000000e-07
  1.014000000000e-07
  2.672000000000e-07
  7.260000000001e-08
  8.066000000000e-07
  6.015000000000e-07
  5.019000000000e-07
  4.095000000000e-07
  2.895000000000e-07
  3.679000000000e-07
  1.103000000000e-07
  1.239000000000e-07
  1.322000000000e-07
  2.587000000000e-07
  1.768000000000e-07
  2.805000000000e-07
  2.267000000000e-07
  7.316000000000e-07
  2.083000000000e-07
  2.682000000000e-07
  1.362000000000e-07
  2.643000000000e-07
  4.206000000000e-07
  2.669000000000e-07
  6.021000000000e-07
  2.145200000000e-07
  7.778100000000e-07
  1.298900000000e-07
  2.213700000000e-07
  6.133600000000e-07
  1.035200000000e-07
  2.613700000000e-07
  1.268300000000e-07
  8.674000000001e-08
  2.801700000000e-07
  2.334800000000e-07
  9.165100000000e-07
  6.064200000000e-07
  6.373000000000e-07
  1.815900000000e-07
  3.171000000001e-08
  4.893999999998e-08
  3.904000000001e-08
  3.439999999999e-08
  2.990000000000e-08
  2.052400000000e-07
  2.901900000000e-07
  1.194900000000e-07
  4.148000000000e-07
  2.543300000000e-07
  1.919700000000e-07
  1.220800000000e-07
  1.480800000000e-07
  5.315000000000e-07
  2.449900000000e-07
  2.141300000000e-07
  2.076600000000e-07
  5.719999999999e-08
  6.502000000001e-08
  2.010900000000e-07
  6.814000000001e-08
  7.847000000000e-08
  3.719500000000e-07
  7.571300000000e-07
  2.150300000000e-07
  2.893900000000e-07
  3.148400000000e-07
  2.200100000000e-07
  2.141500000000e-07
  1.258200000000e-07
  6.011300000000e-07
  6.870600000000e-07
  7.294100000000e-07
  6.198300000000e-07
  1.992100000000e-07
  2.844800000000e-07
  5.019800000000e-07
  5.026400000000e-07
  1.500800000000e-07
  6.018200000000e-07
  1.664200000000e-07
  2.702500000000e-07
  2.773200000000e-07
  8.828000000001e-08
  2.930600000000e-07
  3.506000000000e-07
  2.858700000000e-07
  2.425700000000e-07
  1.449600000000e-07
  2.466500000000e-07
  2.202300000000e-07
  4.436600000000e-07
  1.974800000000e-07
  3.928600000000e-07
  4.431500000000e-07
  3.151700000000e-07
  2.003000000000e-07
  6.532700000000e-07
  3.099100000000e-07
  7.421999999999e-08
  2.054500000000e-07
  1.873600000000e-07
  3.287300000000e-07
  6.448600000000e-07
  1.404300000000e-07
  5.407600000000e-07
  7.276000000001e-08
  2.390400000000e-07
  5.812900000000e-07
  6.907000000001e-08
  5.948999999999e-08
  7.680000000001e-08
  1.664700000000e-07
  6.234000000000e-08
  1.196600000000e-07
  3.122000000000e-08
  2.584000000001e-08
  2.571000000000e-08
  5.138000000000e-08
  5.342000000000e-08
  3.417900000000e-07
  5.863300000000e-07
  1.067400000000e-07
  1.178000000000e-07
  4.572800000000e-07
  8.915000000000e-08
  1.015300000000e-07
  1.702600000000e-07
  9.539000000001e-08
  1.107400000000e-07
  1.900900000000e-07
  1.387600000000e-07
  2.176700000000e-07
  5.951700000000e-07
  2.939400000000e-07
  2.157100000000e-07
  4.669000000000e-08
  3.760000000000e-08
  2.593000000000e-08
  3.794000000001e-08
  3.501999999998e-08
  1.884300000000e-07
  1.962600000000e-07
  1.720900000000e-07
  1.458000000000e-07
  3.639200000000e-07
  6.072000000001e-08
  1.914300000000e-07
  2.009800000000e-07
  3.137500000000e-07
  3.601700000000e-07
  8.251600000000e-07
  4.129800000000e-07
  6.425000000000e-08
  4.285000000000e-08
  1.241400000000e-07
  1.781600000000e-07
  1.925900000000e-07
  2.397000000000e-07
  1.479500000000e-07
  3.488700000000e-07
  8.099600000000e-07
  2.343000000000e-08
  4.233999999999e-08
  5.535000000001e-08
  3.795000000000e-08
  1.413500000000e-07
  6.338000000000e-08
  3.824000000001e-08
  5.931999999999e-08
  2.832400000000e-07
  3.012300000000e-07
  2.427200000000e-07
  3.852100000000e-07
  4.967100000000e-07
  8.241800000000e-07
  1.760100000000e-07
  5.468000000000e-08
  1.965600000000e-07
  2.472500000000e-07
  4.498500000000e-07
  1.052200000000e-07
  1.854300000000e-07
  2.739700000000e-07
  1.351000000000e-07
  2.387900000000e-07
  2.076500000000e-07
  4.824900000000e-07
  6.436000000000e-08
  1.946000000000e-07
  1.716300000000e-07
  2.229100000000e-07
  1.221000000000e-07
  2.061100000000e-07
  1.198400000000e-07
  1.312600000000e-07
  2.229000000000e-07
  9.964000000000e-08
  4.096700000000e-07
  1.225500000000e-07
  1.891500000000e-07
  1.854900000000e-07
  2.309500000000e-07
  1.407500000000e-07
  4.640400000000e-07
  7.770000000000e-08
  6.796999999999e-08
  9.789000000000e-08
  1.719700000000e-07
  1.455400000000e-07
  2.867999999999e-08
  5.083000000001e-08
  4.385999999999e-08
  1.857600000000e-07
  9.140000000000e-08
  4.444300000000e-07
  1.130000000000e-07
  4.288000000000e-07
  2.660900000000e-07
  6.323000000001e-08
  3.475000000000e-07
  1.421000000000e-07
  7.090000000000e-08
  5.003000000000e-08
  4.065000000000e-08
  6.882000000000e-08
  1.290700000000e-07
  3.124800000000e-07
  2.940900000000e-07
  1.480600000000e-07
  5.874000000000e-08
  1.541200000000e-07
  1.233900000000e-07
  1.321200000000e-07
  1.874400000000e-07
  1.571500000000e-07
  8.757999999999e-08
  1.238400000000e-07
  1.468700000000e-07
  3.407400000000e-07
  8.976000000000e-08
  6.746000000000e-08
  1.638300000000e-07
  5.249999999999e-08
  1.844800000000e-07
  1.808600000000e-07
  8.632999999999e-08
  2.372700000000e-07
  2.078600000000e-07
  1.977700000000e-07
  2.492200000000e-07
  2.569500000000e-07
  1.801300000000e-07
  7.649000000000e-08
  3.333000000000e-07
  7.651000000000e-08
  5.289000000000e-08
  4.631000000000e-08
  5.295000000000e-08
  3.855000000000e-08
  3.447100000000e-07
  5.257000000000e-08
  5.983000000000e-08
  5.529000000000e-08
  4.141000000000e-08
  3.310000000000e-08
  4.116000000000e-08
  5.135000000000e-08
  4.248000000000e-08
  3.677100000000e-07
  1.470100000000e-07
  4.183100000000e-07
  2.064700000000e-07
  8.128000000000e-08
  1.086600000000e-07
  9.729000000000e-08
  9.666999999999e-08
  2.285500000000e-07
  2.930700000000e-07
  3.206300000000e-07
  1.922000000000e-07
  1.601100000000e-07
  5.108000000000e-08
  2.476300000000e-07
  2.633000000000e-07
  1.224900000000e-07
  2.187700000000e-07
  6.430000000000e-08
  2.463300000000e-07
  1.938200000000e-07
  7.122000000000e-08
  3.651000000000e-07
  4.082000000001e-08
  6.102999999999e-08
  1.058700000000e-07
  3.671000000000e-08
  4.526000000000e-08
  5.063000000000e-08
  6.060000000000e-08
  3.000100000000e-07
  3.042900000000e-07
  4.870700000000e-07
  2.942300000000e-07
  2.038600000000e-07
  2.376300000000e-07
  2.781000000000e-08
  5.903000000000e-08
  5.227000000000e-08
  1.490800000000e-07
  3.500000000000e-08
  6.039000000000e-08
  3.498000000001e-08
  4.727999999999e-08
  5.704000000000e-08
  3.124000000000e-08
  6.645000000000e-08
  3.720000000000e-08
  5.859000000000e-08
  6.230000000000e-08
  2.328600000000e-07
  7.736000000000e-08
  2.441300000000e-07
  1.446400000000e-07
  2.053300000000e-07
  5.386400000000e-07
  1.050240000000e-06
  1.220400000000e-07
  9.422000000000e-08
  1.405900000000e-07
  1.400500000000e-07
  9.317000000000e-08
  9.294000000001e-08
  5.128000000000e-08
  8.465000000000e-08
  5.014000000000e-08
  5.008000000000e-08
  2.902000000000e-08
  2.900000000000e-08
  3.483000000000e-08
  3.398000000000e-08
  3.398000000001e-08
  2.032999999999e-08
  1.626000000000e-08
  3.345000000000e-08
  2.125000000000e-08
  4.415000000001e-08
  4.226000000000e-08
  1.153600000000e-07
  1.184000000000e-07
  1.476000000000e-07
  2.043600000000e-07
  8.462000000000e-08
  1.004800000000e-07
  6.543000000000e-08
  1.751500000000e-07
  1.257000000001e-08
  2.012000000000e-08
  3.156000000000e-08
  2.448000000000e-08
  8.485000000000e-08
  5.925000000000e-08
  2.260200000000e-07
  5.118000000000e-08
  2.121000000000e-08
  2.639000000000e-08
  4.466999999999e-08
  1.242700000000e-07
  3.157999999999e-08
  2.835000000000e-08
  3.389000000000e-08
  2.951000000000e-08
  5.849000000000e-08
  3.491000000000e-08
  2.086000000000e-08
  3.730000000000e-08
  4.344000000000e-08
  1.095800000000e-07
  8.582000000000e-08
  3.564400000000e-07
  6.861000000000e-08
  8.070000000000e-08
  3.836999999999e-08
  4.219000000000e-08
  2.108000000000e-08
  2.468000000001e-08
  8.869999999997e-09
  2.220000000000e-08
  9.890000000001e-09
  1.836000000000e-08
  1.291000000000e-08
  1.292000000000e-08
  1.534000000000e-08
  1.775000000001e-08
  2.216999999999e-08
  1.773000000000e-08
  2.209000000000e-08
  7.751000000000e-08
  5.680000000000e-08
  2.526000000000e-08
  3.051000000000e-08
  2.655000000000e-08
  2.777000000000e-08
  2.777000000000e-08
  2.303000000000e-08
  2.145000000000e-08
  3.576000000000e-08
  4.252000000000e-08
  6.093000000000e-08
  1.014300000000e-07
  8.940000000000e-08
  3.876400000000e-07
  2.657000000000e-08
  2.362000000000e-08
  2.953000000000e-08
  2.042000000000e-08
  1.945000000001e-08
  5.341000000000e-08
  1.350700000000e-07
  4.072000000000e-08
  5.056000000000e-08
  1.145600000000e-07
  6.798000000000e-08
  5.022000000000e-08
  3.375000000000e-08
  5.360000000000e-08
  3.652000000000e-08
  8.684000000000e-08
  1.175700000000e-07
  1.086400000000e-07
  7.335000000000e-08
  6.327000000000e-08
  4.828000000000e-08
  1.212900000000e-07
  3.722000000000e-08
  6.885000000000e-08
  1.350900000000e-07
  3.912600000000e-07
  1.816900000000e-07
  1.213800000000e-07
  1.303000000000e-07
  1.346700000000e-07
  2.617000000000e-08
  4.984000000000e-08
  1.235200000000e-07
  1.417000000000e-07
  1.594000000000e-07
  7.940000000000e-08
  5.823000000000e-08
  4.882000000000e-08
  5.262000000000e-08
  3.868000000000e-08
  3.733000000000e-08
  1.451900000000e-07
  5.389000000000e-08
  2.072800000000e-07
  3.844000000000e-08
  2.858800000000e-07
  1.841300000000e-07
  6.502000000000e-08
  3.245000000000e-08
  5.716000000000e-08
  3.330000000000e-08
  5.614000000000e-08
  1.007900000000e-07
  9.869000000000e-08
  1.951200000000e-07
  5.701000000000e-08
  9.150000000000e-08
  7.726000000000e-08
  8.099000000000e-08
  1.810400000000e-07
  4.503000000000e-08
  2.570100000000e-07
  9.513000000000e-08
  1.629700000000e-07
  2.856900000000e-07
  3.406300000000e-07
  9.161000000000e-08
  3.954000000000e-08
  5.012000000000e-08
  1.128400000000e-07
  4.075000000000e-08
  4.751000000000e-08
  5.276000000000e-08
  9.206000000000e-08
  7.209000000000e-08
  4.128000000000e-08
  5.892000000000e-08
  2.344000000000e-08
  1.245700000000e-07
  5.649000000000e-08
  7.462000000000e-08
  4.028000000000e-08
  1.157100000000e-07
  5.206000000000e-08
  4.791000000000e-08
  6.164000000000e-08
  5.443000000000e-08
  5.846000000000e-08
  5.223000000000e-08
  1.238200000000e-07
  9.132000000000e-08
  4.499000000000e-08
  4.488000000000e-08
  5.182000000000e-08
  9.652000000000e-08
  1.022800000000e-07
  1.509400000000e-07
  4.520500000000e-07
  2.573000000000e-07
  8.888000000000e-08
  8.016000000000e-08
  3.965000000000e-08
  4.270000000000e-08
  3.293000000000e-08
  1.644000000000e-08
  1.643000000000e-08
  2.092000000000e-08
  1.394000000000e-08
  1.395000000000e-08
  1.786000000000e-08
  9.590000000000e-09
  9.579999999999e-09
  9.590000000003e-09
  1.330000000000e-08
  1.492000000000e-08
  2.125000000000e-08
  2.286000000000e-08
  9.776000000000e-08
  1.971000000000e-08
  1.970000000000e-08
  2.917000000000e-08
  1.832000000000e-08
  9.430000000002e-09
  1.546000000000e-08
  1.034000000000e-08
  1.045800000000e-07
  7.124000000000e-08
  1.030200000000e-07
  1.041100000000e-07
  2.207900000000e-07
  1.508500000000e-07
  2.695300000000e-07
  7.260000000000e-08
  9.593000000000e-08
  4.165000000000e-08
  2.878000000000e-08
  2.874000000000e-08
  2.870000000000e-08
  2.865000000000e-08
  2.777000000000e-08
  2.429000000000e-08
  1.389000000000e-08
  1.388000000000e-08
  1.042000000000e-08
  1.389000000000e-08
  1.263000000000e-08
  1.136000000000e-08
  1.655000000000e-08
  1.653000000000e-08
  1.652000000000e-08
  1.650000000000e-08
  1.018600000000e-07
  2.709000000000e-08
  2.500000000000e-08
  1.774000000000e-08
  2.296999999999e-08
  1.628000000000e-08
  1.270000000000e-08
  1.593000000000e-08
  2.569000000000e-08
  1.832000000000e-08
  2.057000000000e-08
  2.837000000000e-08
  5.304000000000e-08
  3.714000000000e-08
  4.429000000000e-08
  3.727000000000e-08
  7.104000000000e-08
  7.290000000000e-08
  5.537000000000e-08
  3.335300000000e-07
  4.346000000000e-08
  3.427000000000e-08
  3.421000000000e-08
  2.975000000000e-08
  3.053000000000e-08
  3.288000000000e-08
  4.428000000000e-08
  9.515000000000e-08
  1.829000000000e-08
  2.741000000000e-08
  2.731000000000e-08
  1.817000000000e-08
  2.535000000000e-08
  3.965000000000e-08
  1.651000000000e-08
  3.363000000000e-08
  5.782000000000e-08
  5.787000000000e-08
  1.475300000000e-07
  3.446000000000e-07
  1.489000000000e-07
  5.353000000000e-08
  7.711000000000e-08
  3.155000000000e-08
  3.136000000000e-08
  3.118000000000e-08
  6.052000000000e-08
  1.495400000000e-07
  5.084000000000e-08
  4.416000000000e-08
  5.368000000000e-08
  1.329700000000e-07
  3.582000000000e-08
  1.179000000000e-08
  1.717000000000e-08
  3.014000000000e-08
  2.670000000000e-08
  3.897000000000e-08
  3.758000000000e-08
  2.596000000000e-08
  8.427000000000e-08
  2.276000000000e-08
  2.331000000000e-08
  2.593000000000e-08
  2.461000000000e-08
  1.762800000000e-07
  4.689000000000e-08
  7.287000000000e-08
  2.283000000000e-08
  2.765000000000e-08
  2.502000000000e-08
  1.979000000000e-08
  1.255000000000e-08
  2.508000000000e-08
  4.375000000000e-08
  4.920000000000e-08
  2.328000000000e-08
  2.324000000000e-08
  2.470000000000e-08
  1.561000000000e-08
  2.854000000000e-08
  2.970000000000e-08
  3.434000000000e-08
  3.568000000000e-08
  1.104000000000e-07
  1.070900000000e-07
  1.826600000000e-07
  4.734000000000e-08
  1.647000000000e-08
  1.473000000000e-08
  1.761000000000e-08
  1.157000000000e-08
  1.140000000000e-08
  2.452000000000e-08
  2.577000000000e-08
  1.146500000000e-07
  1.542000000000e-07
  8.596000000000e-08
  8.717000000000e-08
  1.248000000000e-07
  1.458900000000e-07
  1.160300000000e-07
  5.469000000000e-08
  6.397000000000e-08
  5.741000000000e-08
  1.990600000000e-07
  2.252500000000e-07
  1.470500000000e-07
  4.637000000000e-08
  2.680000000000e-08
  1.908200000000e-07
  9.048000000000e-08
  2.879000000000e-08
  1.631000000000e-08
  1.630000000000e-08
  1.627000000000e-08
  8.130000000000e-09
  9.830000000000e-09
  1.029000000000e-08
  1.372000000000e-08
  7.360000000000e-09
  9.420000000000e-09
  1.508000000000e-08
  1.508000000000e-08
  1.133000000000e-08
  1.132000000000e-08
  1.131000000000e-08
  4.291000000000e-08
  4.310000000000e-08
  2.116000000000e-08
  1.133000000000e-08
  1.899000000000e-08
  1.358000000000e-08
  1.250000000000e-08
  1.391000000000e-08
  1.100000000000e-08
  1.555000000000e-08
  1.667000000000e-08
  2.052000000000e-08
  1.772000000000e-08
  1.768000000000e-08
  1.767000000000e-08
  1.763000000000e-08
  3.520000000000e-08
  3.775000000000e-08
  1.080500000000e-07
  5.737000000000e-08
  4.582000000000e-08
  2.796000000000e-08
  1.560000000000e-08
  7.790000000001e-09
  8.930000000000e-09
  1.008000000000e-08
  1.008000000000e-08
  1.008000000000e-08
  1.352000000000e-08
  1.835000000000e-08
  1.408000000000e-08
  3.169000000000e-08
  6.427000000000e-08
  2.224000000000e-08
  1.583000000000e-08
  9.740000000002e-09
  8.010000000000e-09
  8.010000000000e-09
  1.351000000000e-08
  1.051000000000e-08
  8.650000000000e-09
  1.093000000000e-08
  9.560000000000e-09
  1.528000000000e-08
  2.293000000000e-08
  5.183000000000e-08
  7.434000000000e-08
  1.187000000000e-07
  3.506900000000e-07
  3.397300000000e-07
  1.510200000000e-07
  5.982000000000e-08
  2.542000000000e-08
  2.535000000000e-08
  2.493000000000e-08
  1.526000000000e-08
  2.731000000000e-08
  7.601000000000e-08
  2.295000000000e-08
  2.166000000000e-08
  2.161000000000e-08
  2.212000000000e-08
  1.544710000000e-07
  4.901000000000e-08
  5.366900000000e-08
  2.061760000000e-07
  5.607400000000e-08
  6.620000000000e-08
  2.528600000000e-08
  2.351000000000e-08
  2.345200000000e-08
  2.251000000000e-08
  2.289300000000e-08
  5.927600000000e-08
  1.217180000000e-07
  7.761400000000e-08
  9.051600000000e-08
  1.683600000000e-08
  2.991200000000e-08
  1.888900000000e-08
  1.571600000000e-08
  1.363300000000e-08
  1.361100000000e-08
  1.863100000000e-08
  1.516100000000e-08
  4.165200000000e-08
  9.674700000000e-08
  1.267000000000e-08
  2.073700000000e-08
  1.025000000000e-08
  1.124400000000e-08
  1.257300000000e-08
  1.255800000000e-08
  1.209700000000e-08
  2.362400000000e-08
  2.453900000000e-08
  2.535600000000e-08
  2.534200000000e-08
  1.839700000000e-08
  3.297900000000e-08
  2.964500000000e-08
  3.555900000000e-08
  3.812700000000e-08
  3.795400000000e-08
  5.339000000000e-08
  5.304700000000e-08
  4.543100000000e-08
  7.606900000000e-08
  9.590400000000e-08
  8.329800000000e-08
  2.472910000000e-07
  2.395620000000e-07
  8.013000000000e-08
  2.959700000000e-08
  3.690400000000e-08
  3.237900000000e-08
  1.693500000000e-08
  1.453000000000e-08
  7.253999999999e-09
  1.434400000000e-08
  1.667100000000e-08
  1.894700000000e-08
  1.346700000000e-08
  3.367900000000e-08
  7.640600000000e-08
  1.885000000000e-08
  1.204900000000e-08
  1.511500000000e-08
  1.963500000000e-08
  1.093200000000e-08
  2.221800000000e-08
  2.064300000000e-08
  1.590600000000e-08
  4.671900000000e-08
  1.013730000000e-07
  1.265280000000e-07
  3.053400000000e-08
  1.531200000000e-08
  2.557100000000e-08
  1.303800000000e-08
  1.107200000000e-08
  6.808000000000e-09
  9.656000000000e-09
  1.110800000000e-08
  7.003000000000e-09
  6.996000000001e-09
  7.724999999999e-09
  7.725000000000e-09
  1.062100000000e-08
  1.062200000000e-08
  7.852000000001e-09
  7.841999999999e-09
  3.410400000000e-08
  3.448800000000e-08
  1.586500000000e-08
  1.490100000000e-08
  6.981000000000e-09
  1.084600000000e-08
  1.060900000000e-08
  1.409500000000e-08
  1.721800000000e-08
  9.818000000000e-09
  1.428700000000e-08
  3.134400000000e-08
  3.397100000000e-08
  4.883100000000e-08
  5.813500000000e-08
  3.187200000000e-08
  5.169000000000e-08
  5.011300000000e-08
  1.858140000000e-07
  1.800060000000e-07
  1.743790000000e-07
  7.535000000000e-08
  9.357800000000e-08
  1.636480000000e-07
  6.142200000000e-08
  2.574500000000e-08
  2.236900000000e-08
  1.631300000000e-08
  7.162000000001e-09
  7.152999999999e-09
  5.526000000000e-09
  5.526000000000e-09
  7.316000000000e-09
  9.261000000001e-09
  1.433800000000e-08
  2.790300000000e-08
  5.652300000000e-08
  1.269800000000e-08
  7.003000000000e-09
  1.140900000000e-08
  1.444200000000e-08
  7.424000000001e-09
  1.757500000000e-08
  1.314000000000e-08
  2.597100000000e-08
  1.703100000000e-08
  3.551100000000e-08
  3.212400000000e-08
  4.575800000000e-08
  9.836700000000e-08
  1.396210000000e-07
  1.352560000000e-07
  1.310280000000e-07
  1.269320000000e-07
  8.994300000000e-08
  3.302100000000e-08
  3.409200000000e-08
  1.437600000000e-08
  1.432000000000e-08
  1.528700000000e-08
  1.006100000000e-08
  4.972000000000e-09
  9.489000000000e-09
  9.489000000000e-09
  7.035000000000e-09
  8.144000000000e-09
  9.495000000000e-09
  7.469000000001e-09
  6.385000000000e-09
  1.273800000000e-08
  3.076100000000e-08
  4.040500000000e-08
  1.694700000000e-08
  1.039700000000e-08
  1.571700000000e-08
  1.315700000000e-08
  2.195800000000e-08
  3.361400000000e-08
  3.855600000000e-08
  6.974000000000e-08
  8.396600000000e-08
  2.094400000000e-08
  1.582800000000e-08
  2.222700000000e-08
  1.660100000000e-08
  4.697500000000e-08
  3.444000000000e-08
  2.770100000000e-08
  3.631300000000e-08
  4.556200000000e-08
  4.981500000000e-08
  9.239500000000e-08
  4.748400000000e-08
  4.202300000000e-08
  8.670900000000e-08
  8.399900000000e-08
  8.137300000000e-08
  7.882900000000e-08
  7.636600000000e-08
  7.397800000000e-08
  7.166500000000e-08
  6.942600000000e-08
  3.674200000000e-08
  1.135400000000e-08
  1.068800000000e-08
  8.470999999999e-09
  6.543000000000e-09
  4.984000000000e-09
  8.320000000000e-09
  1.428200000000e-08
  3.102400000000e-08
  1.437800000000e-08
  1.604300000000e-08
  1.057300000000e-08
  1.051700000000e-08
  1.160600000000e-08
  1.945300000000e-08
  4.169000000000e-08
  5.923200000000e-08
  5.738100000000e-08
  1.778280000000e-06
