2002
  1.410000000000e+01
  1.378119000000e+01
  1.335040500000e+01
  1.293308500000e+01
  1.252881000000e+01
  1.213717500000e+01
  1.175778500000e+01
  1.139025000000e+01
  1.103420000000e+01
  1.068928000000e+01
  1.035514500000e+01
  1.003145700000e+01
  9.717887000000e+00
  9.414116500000e+00
  9.119842000000e+00
  8.834766500000e+00
  8.558602000000e+00
  8.291069500000e+00
  8.031900000000e+00
  7.780832000000e+00
  7.537612000000e+00
  7.301995000000e+00
  7.073743000000e+00
  6.852626000000e+00
  6.638421000000e+00
  6.430911500000e+00
  6.229888500000e+00
  6.035149500000e+00
  5.846497500000e+00
  5.663742500000e+00
  5.486700500000e+00
  5.315192500000e+00
  5.149045500000e+00
  4.988092000000e+00
  4.832170000000e+00
  4.681122000000e+00
  4.534795500000e+00
  4.393043000000e+00
  4.255721500000e+00
  4.122692500000e+00
  3.993822000000e+00
  3.868979500000e+00
  3.748039500000e+00
  3.630880500000e+00
  3.517383000000e+00
  3.407433500000e+00
  3.300921000000e+00
  3.197738000000e+00
  3.097780500000e+00
  3.000947500000e+00
  2.907141500000e+00
  2.816267500000e+00
  2.728234000000e+00
  2.642952500000e+00
  2.560337000000e+00
  2.480303500000e+00
  2.402772000000e+00
  2.327664500000e+00
  2.254904500000e+00
  2.184418500000e+00
  2.116136000000e+00
  2.049988000000e+00
  1.985907500000e+00
  1.923830500000e+00
  1.863694000000e+00
  1.805437000000e+00
  1.749001000000e+00
  1.694329000000e+00
  1.641366000000e+00
  1.590059000000e+00
  1.540356000000e+00
  1.492206000000e+00
  1.445561000000e+00
  1.400374500000e+00
  1.356600500000e+00
  1.314195000000e+00
  1.273115000000e+00
  1.233318500000e+00
  1.194766000000e+00
  1.157419000000e+00
  1.121239500000e+00
  1.086191000000e+00
  1.052238000000e+00
  1.019346000000e+00
  9.874823500000e-01
  9.566149500000e-01
  9.267122500000e-01
  8.977443000000e-01
  8.696818500000e-01
  8.424966000000e-01
  8.161611000000e-01
  7.906488000000e-01
  7.659340500000e-01
  7.419918500000e-01
  7.187980000000e-01
  6.963292000000e-01
  6.745627500000e-01
  6.534767000000e-01
  6.330498000000e-01
  6.132613500000e-01
  5.940915000000e-01
  5.755209000000e-01
  5.575307500000e-01
  5.401029500000e-01
  5.232199500000e-01
  5.068647000000e-01
  4.910207000000e-01
  4.756719500000e-01
  4.608029500000e-01
  4.463988000000e-01
  4.324449000000e-01
  4.189271500000e-01
  4.058319500000e-01
  3.931461000000e-01
  3.808568000000e-01
  3.689516500000e-01
  3.574186500000e-01
  3.462461500000e-01
  3.354229000000e-01
  3.249379500000e-01
  3.147807500000e-01
  3.049411000000e-01
  2.954090000000e-01
  2.861748500000e-01
  2.772293500000e-01
  2.685634500000e-01
  2.601684500000e-01
  2.520359000000e-01
  2.441575500000e-01
  2.365254500000e-01
  2.291319500000e-01
  2.219695500000e-01
  2.150310500000e-01
  2.083094500000e-01
  2.017979000000e-01
  1.954899000000e-01
  1.893791000000e-01
  1.834593500000e-01
  1.777246500000e-01
  1.721691500000e-01
  1.667873500000e-01
  1.615738000000e-01
  1.565231500000e-01
  1.516304000000e-01
  1.468906500000e-01
  1.422990000000e-01
  1.378508500000e-01
  1.335418000000e-01
  1.293674500000e-01
  1.253235500000e-01
  1.214061000000e-01
  1.176111000000e-01
  1.139347000000e-01
  1.103732500000e-01
  1.069231000000e-01
  1.035808000000e-01
  1.003429900000e-01
  9.720637500000e-02
  9.416781500000e-02
  9.122424000000e-02
  8.837267500000e-02
  8.561024500000e-02
  8.293416500000e-02
  8.034173500000e-02
  7.783034500000e-02
  7.539746000000e-02
  7.304062000000e-02
  7.075745500000e-02
  6.854566000000e-02
  6.640300000000e-02
  6.432731500000e-02
  6.231651500000e-02
  6.036857500000e-02
  5.848152500000e-02
  5.665346000000e-02
  5.488253500000e-02
  5.316696500000e-02
  5.150502500000e-02
  4.989504000000e-02
  4.833538000000e-02
  4.682447000000e-02
  4.536079000000e-02
  4.394286500000e-02
  4.256926000000e-02
  4.123859000000e-02
  3.994952000000e-02
  3.870074500000e-02
  3.749100500000e-02
  3.631908000000e-02
  3.518378500000e-02
  3.408398000000e-02
  3.301855500000e-02
  3.198643000000e-02
  3.098657000000e-02
  3.001797000000e-02
  2.907964500000e-02
  2.817064500000e-02
  2.729006000000e-02
  2.643700500000e-02
  2.561061500000e-02
  2.481005500000e-02
  2.403452000000e-02
  2.328323000000e-02
  2.255542500000e-02
  2.185037000000e-02
  2.116735000000e-02
  2.050568000000e-02
  1.986469500000e-02
  1.924375000000e-02
  1.864221500000e-02
  1.805948000000e-02
  1.749496000000e-02
  1.694808500000e-02
  1.641831000000e-02
  1.590509500000e-02
  1.540792000000e-02
  1.492628500000e-02
  1.445970500000e-02
  1.400771000000e-02
  1.356984500000e-02
  1.314567000000e-02
  1.273475000000e-02
  1.233667500000e-02
  1.195104500000e-02
  1.157747000000e-02
  1.121557000000e-02
  1.086498000000e-02
  1.052535500000e-02
  1.019634500000e-02
  9.877619000000e-03
  9.568857500000e-03
  9.269746000000e-03
  8.979984500000e-03
  8.699280500000e-03
  8.427351000000e-03
  8.163921500000e-03
  7.908726500000e-03
  7.661508500000e-03
  7.422018500000e-03
  7.190015000000e-03
  6.965263500000e-03
  6.747537000000e-03
  6.536616500000e-03
  6.332289500000e-03
  6.134349500000e-03
  5.942596500000e-03
  5.756837500000e-03
  5.576885500000e-03
  5.402558500000e-03
  5.233680500000e-03
  5.070081500000e-03
  4.911597000000e-03
  4.758066000000e-03
  4.609334000000e-03
  4.465251500000e-03
  4.325673000000e-03
  4.190457500000e-03
  4.059468500000e-03
  3.932574000000e-03
  3.809646000000e-03
  3.690561000000e-03
  3.575198500000e-03
  3.463442000000e-03
  3.355178500000e-03
  3.250299500000e-03
  3.148699000000e-03
  3.050274000000e-03
  2.954926000000e-03
  2.862558500000e-03
  2.773078000000e-03
  2.686394500000e-03
  2.602421000000e-03
  2.521072500000e-03
  2.442266500000e-03
  2.365924000000e-03
  2.291968000000e-03
  2.245018500000e-03
  2.227718500000e-03
  2.210094500000e-03
  2.192141000000e-03
  2.176894000000e-03
  2.155908500000e-03
  2.140022000000e-03
  2.126856500000e-03
  2.107763500000e-03
  2.089277000000e-03
  2.070769500000e-03
  2.057550000000e-03
  2.051978000000e-03
  2.049931500000e-03
  2.039161500000e-03
  2.018629000000e-03
  2.000901000000e-03
  1.990052000000e-03
  1.985057500000e-03
  1.975585000000e-03
  1.963444000000e-03
  1.950227000000e-03
  1.932763000000e-03
  1.921567000000e-03
  1.911850000000e-03
  1.900200500000e-03
  1.893594500000e-03
  1.878004500000e-03
  1.860648000000e-03
  1.848415000000e-03
  1.831832500000e-03
  1.817920000000e-03
  1.808967500000e-03
  1.797585500000e-03
  1.781269000000e-03
  1.765605000000e-03
  1.753695000000e-03
  1.743357500000e-03
  1.731462500000e-03
  1.718760000000e-03
  1.703311000000e-03
  1.691010500000e-03
  1.679164000000e-03
  1.665921500000e-03
  1.655436500000e-03
  1.646014000000e-03
  1.632032500000e-03
  1.616638000000e-03
  1.607496000000e-03
  1.599329500000e-03
  1.592634000000e-03
  1.587993500000e-03
  1.579831000000e-03
  1.569206000000e-03
  1.558001500000e-03
  1.547531500000e-03
  1.542039000000e-03
  1.535763500000e-03
  1.526542500000e-03
  1.513549000000e-03
  1.498688000000e-03
  1.487595000000e-03
  1.476912500000e-03
  1.465771000000e-03
  1.455203500000e-03
  1.448072000000e-03
  1.444636000000e-03
  1.441402500000e-03
  1.431691000000e-03
  1.419853500000e-03
  1.411908000000e-03
  1.404379000000e-03
  1.395535000000e-03
  1.385004000000e-03
  1.375720500000e-03
  1.367860000000e-03
  1.360507500000e-03
  1.355386500000e-03
  1.350631500000e-03
  1.342913000000e-03
  1.332992500000e-03
  1.321120500000e-03
  1.310610000000e-03
  1.298755000000e-03
  1.287743500000e-03
  1.282317500000e-03
  1.276760000000e-03
  1.272952000000e-03
  1.267900500000e-03
  1.254365500000e-03
  1.240480500000e-03
  1.234654500000e-03
  1.228731000000e-03
  1.220258500000e-03
  1.211980500000e-03
  1.203307500000e-03
  1.197746000000e-03
  1.195609500000e-03
  1.190305000000e-03
  1.183763500000e-03
  1.178358000000e-03
  1.172428000000e-03
  1.168356000000e-03
  1.162148500000e-03
  1.157091000000e-03
  1.149444000000e-03
  1.140696500000e-03
  1.136047000000e-03
  1.129898500000e-03
  1.124099500000e-03
  1.117016000000e-03
  1.107423000000e-03
  1.098939000000e-03
  1.092448500000e-03
  1.087961000000e-03
  1.085329500000e-03
  1.079969000000e-03
  1.074373500000e-03
  1.071739000000e-03
  1.069196000000e-03
  1.065378500000e-03
  1.060930000000e-03
  1.055761000000e-03
  1.046452000000e-03
  1.038402500000e-03
  1.031329500000e-03
  1.024062500000e-03
  1.020784500000e-03
  1.017500500000e-03
  1.014259000000e-03
  1.010967500000e-03
  1.006416000000e-03
  1.001078350000e-03
  9.947497000000e-04
  9.895920000000e-04
  9.850707000000e-04
  9.741615500000e-04
  9.627349500000e-04
  9.582057000000e-04
  9.542194500000e-04
  9.487990000000e-04
  9.441884500000e-04
  9.393652000000e-04
  9.339401000000e-04
  9.302399000000e-04
  9.280008000000e-04
  9.259988000000e-04
  9.223859500000e-04
  9.194324000000e-04
  9.154196000000e-04
  9.102663000000e-04
  9.068495500000e-04
  9.014582000000e-04
  8.972821500000e-04
  8.953505000000e-04
  8.934011500000e-04
  8.872942000000e-04
  8.802391000000e-04
  8.763354000000e-04
  8.720345500000e-04
  8.688645500000e-04
  8.655012000000e-04
  8.616804000000e-04
  8.577072000000e-04
  8.524633000000e-04
  8.473768500000e-04
  8.439217500000e-04
  8.396726500000e-04
  8.347486000000e-04
  8.279248000000e-04
  8.209899000000e-04
  8.177174500000e-04
  8.142124500000e-04
  8.095459000000e-04
  8.031300000000e-04
  7.972029500000e-04
  7.941858500000e-04
  7.920195000000e-04
  7.890138500000e-04
  7.858896500000e-04
  7.841216500000e-04
  7.831362000000e-04
  7.808684500000e-04
  7.744116000000e-04
  7.679572500000e-04
  7.656974500000e-04
  7.638862000000e-04
  7.597184000000e-04
  7.550068500000e-04
  7.501024000000e-04
  7.446505000000e-04
  7.400253500000e-04
  7.373977000000e-04
  7.367564500000e-04
  7.363308000000e-04
  7.357968500000e-04
  7.342141000000e-04
  7.305150000000e-04
  7.254202500000e-04
  7.208821500000e-04
  7.174713000000e-04
  7.138245000000e-04
  7.083718500000e-04
  7.019591000000e-04
  6.977153000000e-04
  6.945076000000e-04
  6.903319000000e-04
  6.858887000000e-04
  6.831736000000e-04
  6.816545000000e-04
  6.797556000000e-04
  6.768609000000e-04
  6.744119500000e-04
  6.718837500000e-04
  6.685853000000e-04
  6.671004000000e-04
  6.655173500000e-04
  6.608446500000e-04
  6.555321500000e-04
  6.525521500000e-04
  6.498398000000e-04
  6.473085500000e-04
  6.440619000000e-04
  6.413527000000e-04
  6.394459500000e-04
  6.368984000000e-04
  6.353985500000e-04
  6.340896500000e-04
  6.324264000000e-04
  6.293537000000e-04
  6.262862000000e-04
  6.238084000000e-04
  6.195466500000e-04
  6.156173000000e-04
  6.140190000000e-04
  6.136017000000e-04
  6.108115000000e-04
  6.069366000000e-04
  6.042715000000e-04
  6.023715000000e-04
  5.996411500000e-04
  5.963215000000e-04
  5.947620500000e-04
  5.935283500000e-04
  5.917960500000e-04
  5.889540500000e-04
  5.861493500000e-04
  5.832668000000e-04
  5.793427500000e-04
  5.765197000000e-04
  5.754393500000e-04
  5.747263000000e-04
  5.738732500000e-04
  5.728611000000e-04
  5.708313000000e-04
  5.676777000000e-04
  5.629300000000e-04
  5.588110500000e-04
  5.564324500000e-04
  5.544946500000e-04
  5.507761500000e-04
  5.466599500000e-04
  5.449472500000e-04
  5.436649000000e-04
  5.422821000000e-04
  5.411350500000e-04
  5.404973000000e-04
  5.388735500000e-04
  5.364712000000e-04
  5.345539500000e-04
  5.321450000000e-04
  5.293716500000e-04
  5.267494500000e-04
  5.248213000000e-04
  5.238108000000e-04
  5.219160500000e-04
  5.190735000000e-04
  5.170508500000e-04
  5.155595500000e-04
  5.141579500000e-04
  5.128399000000e-04
  5.113260500000e-04
  5.094476000000e-04
  5.076657500000e-04
  5.057357500000e-04
  5.026754000000e-04
  5.000638000000e-04
  4.977424000000e-04
  4.947651000000e-04
  4.922225000000e-04
  4.906514500000e-04
  4.884920000000e-04
  4.855078500000e-04
  4.828546500000e-04
  4.805790000000e-04
  4.792667500000e-04
  4.781974000000e-04
  4.766456000000e-04
  4.750151000000e-04
  4.724778500000e-04
  4.693025000000e-04
  4.672348000000e-04
  4.658490500000e-04
  4.647564000000e-04
  4.640114000000e-04
  4.630245000000e-04
  4.619205500000e-04
  4.611683500000e-04
  4.593596000000e-04
  4.566169000000e-04
  4.541956500000e-04
  4.517785000000e-04
  4.503604500000e-04
  4.491190500000e-04
  4.473350500000e-04
  4.463350500000e-04
  4.442913000000e-04
  4.415351000000e-04
  4.398323500000e-04
  4.387357000000e-04
  4.380076000000e-04
  4.368557500000e-04
  4.350604500000e-04
  4.332831500000e-04
  4.315499000000e-04
  4.298104500000e-04
  4.274127000000e-04
  4.234697000000e-04
  4.208954000000e-04
  4.198169500000e-04
  4.189681500000e-04
  4.186605500000e-04
  4.183194000000e-04
  4.176169500000e-04
  4.157464500000e-04
  4.134622000000e-04
  4.119367500000e-04
  4.106201000000e-04
  4.092020000000e-04
  4.072634000000e-04
  4.048961000000e-04
  4.027236000000e-04
  3.999360000000e-04
  3.980708000000e-04
  3.968851500000e-04
  3.948430500000e-04
  3.935285000000e-04
  3.918423500000e-04
  3.896943000000e-04
  3.884025500000e-04
  3.873642500000e-04
  3.864252000000e-04
  3.846819500000e-04
  3.829871500000e-04
  3.821475000000e-04
  3.813477500000e-04
  3.804099500000e-04
  3.794229000000e-04
  3.780728000000e-04
  3.768018500000e-04
  3.759188500000e-04
  3.733942000000e-04
  3.706077000000e-04
  3.694360000000e-04
  3.674130000000e-04
  3.648573000000e-04
  3.632740500000e-04
  3.618401500000e-04
  3.606460500000e-04
  3.588674500000e-04
  3.571310000000e-04
  3.558557000000e-04
  3.544944000000e-04
  3.528755000000e-04
  3.504891500000e-04
  3.482774500000e-04
  3.468315500000e-04
  3.452243000000e-04
  3.438929000000e-04
  3.432139500000e-04
  3.423102000000e-04
  3.415951000000e-04
  3.405823500000e-04
  3.393474000000e-04
  3.385181000000e-04
  3.379011000000e-04
  3.365650500000e-04
  3.353891500000e-04
  3.350174000000e-04
  3.344869000000e-04
  3.337395500000e-04
  3.322724000000e-04
  3.304818500000e-04
  3.290032500000e-04
  3.275112000000e-04
  3.258773000000e-04
  3.245876500000e-04
  3.235268000000e-04
  3.226293000000e-04
  3.219378000000e-04
  3.207524500000e-04
  3.194348000000e-04
  3.183652000000e-04
  3.175688000000e-04
  3.168171500000e-04
  3.156034500000e-04
  3.145044000000e-04
  3.138778000000e-04
  3.134194500000e-04
  3.125791000000e-04
  3.106100000000e-04
  3.086401000000e-04
  3.075230500000e-04
  3.060385500000e-04
  3.035039000000e-04
  3.014082500000e-04
  2.999003000000e-04
  2.981497000000e-04
  2.968968000000e-04
  2.963751000000e-04
  2.962170000000e-04
  2.959508000000e-04
  2.956925000000e-04
  2.955592000000e-04
  2.948363000000e-04
  2.934496500000e-04
  2.916639000000e-04
  2.899259000000e-04
  2.887627500000e-04
  2.879951000000e-04
  2.875529500000e-04
  2.870455000000e-04
  2.864790000000e-04
  2.859799500000e-04
  2.842712000000e-04
  2.817466500000e-04
  2.801918500000e-04
  2.792830500000e-04
  2.786826500000e-04
  2.781586500000e-04
  2.775485000000e-04
  2.771721000000e-04
  2.769224500000e-04
  2.767020500000e-04
  2.761511000000e-04
  2.754726500000e-04
  2.745526500000e-04
  2.734470500000e-04
  2.728854500000e-04
  2.721166000000e-04
  2.712732000000e-04
  2.706593000000e-04
  2.697457000000e-04
  2.689386500000e-04
  2.682502000000e-04
  2.672708000000e-04
  2.662133000000e-04
  2.654442500000e-04
  2.646621000000e-04
  2.637964500000e-04
  2.631700500000e-04
  2.622744000000e-04
  2.615170500000e-04
  2.613493500000e-04
  2.611246500000e-04
  2.608004500000e-04
  2.604432000000e-04
  2.594710000000e-04
  2.578629000000e-04
  2.566367500000e-04
  2.559557000000e-04
  2.554750500000e-04
  2.550627500000e-04
  2.543776000000e-04
  2.537036000000e-04
  2.528031500000e-04
  2.512801000000e-04
  2.500600000000e-04
  2.495859500000e-04
  2.493582500000e-04
  2.489889000000e-04
  2.485368500000e-04
  2.481242000000e-04
  2.471737000000e-04
  2.459704000000e-04
  2.448804000000e-04
  2.441470000000e-04
  2.439666500000e-04
  2.437940000000e-04
  2.434729500000e-04
  2.431290500000e-04
  2.427701500000e-04
  2.415201500000e-04
  2.398595500000e-04
  2.390082500000e-04
  2.377120000000e-04
  2.361179000000e-04
  2.348783500000e-04
  2.337992000000e-04
  2.333591000000e-04
  2.329222500000e-04
  2.323180500000e-04
  2.317780000000e-04
  2.311405500000e-04
  2.305964500000e-04
  2.301377500000e-04
  2.295957000000e-04
  2.292778500000e-04
  2.285569500000e-04
  2.276480000000e-04
  2.267574000000e-04
  2.257723000000e-04
  2.250699500000e-04
  2.242188500000e-04
  2.236251000000e-04
  2.233283000000e-04
  2.228732500000e-04
  2.224958000000e-04
  2.221987000000e-04
  2.215671500000e-04
  2.208574000000e-04
  2.204793000000e-04
  2.202580500000e-04
  2.199404000000e-04
  2.195156000000e-04
  2.191738000000e-04
  2.188947500000e-04
  2.186749000000e-04
  2.172220500000e-04
  2.154778000000e-04
  2.147582500000e-04
  2.133348000000e-04
  2.120198500000e-04
  2.116944500000e-04
  2.114839500000e-04
  2.112476000000e-04
  2.108632500000e-04
  2.103826000000e-04
  2.096366000000e-04
  2.089825000000e-04
  2.086134500000e-04
  2.081919000000e-04
  2.071106000000e-04
  2.059167500000e-04
  2.052676000000e-04
  2.046870500000e-04
  2.041999000000e-04
  2.035592500000e-04
  2.027703000000e-04
  2.021083000000e-04
  2.018004500000e-04
  2.015505000000e-04
  2.012749500000e-04
  2.011329500000e-04
  2.008606500000e-04
  2.004043000000e-04
  1.998044500000e-04
  1.992146500000e-04
  1.985911500000e-04
  1.975535500000e-04
  1.964250500000e-04
  1.957458500000e-04
  1.952698000000e-04
  1.946981500000e-04
  1.940387000000e-04
  1.935638500000e-04
  1.926356500000e-04
  1.916809000000e-04
  1.913883000000e-04
  1.910271500000e-04
  1.906602000000e-04
  1.903369000000e-04
  1.901139000000e-04
  1.898506500000e-04
  1.895430500000e-04
  1.893848000000e-04
  1.892911500000e-04
  1.892004000000e-04
  1.891247500000e-04
  1.886852500000e-04
  1.878109500000e-04
  1.865394500000e-04
  1.853128500000e-04
  1.847013000000e-04
  1.840107000000e-04
  1.831250000000e-04
  1.824032000000e-04
  1.818672500000e-04
  1.811973000000e-04
  1.802724000000e-04
  1.796042500000e-04
  1.791925000000e-04
  1.786485500000e-04
  1.780420500000e-04
  1.776154000000e-04
  1.774145500000e-04
  1.773301000000e-04
  1.772449500000e-04
  1.769535500000e-04
  1.764781000000e-04
  1.759975500000e-04
  1.754578500000e-04
  1.749954000000e-04
  1.746656000000e-04
  1.743082000000e-04
  1.738395000000e-04
  1.734439000000e-04
  1.727650000000e-04
  1.718080500000e-04
  1.709887000000e-04
  1.699633000000e-04
  1.688525000000e-04
  1.681092000000e-04
  1.676021500000e-04
  1.670916500000e-04
  1.665394000000e-04
  1.661616500000e-04
  1.659873000000e-04
  1.654886500000e-04
  1.649048000000e-04
  1.645992000000e-04
  1.643109000000e-04
  1.639480000000e-04
  1.633914500000e-04
  1.626605000000e-04
  1.619537000000e-04
  1.614895500000e-04
  1.613084500000e-04
  1.612126500000e-04
  1.609657500000e-04
  1.605097000000e-04
  1.601728000000e-04
  1.594122000000e-04
  1.584941000000e-04
  1.577322000000e-04
  1.570576000000e-04
  1.568117000000e-04
  1.566432500000e-04
  1.560653500000e-04
  1.552471000000e-04
  1.546738000000e-04
  1.543389500000e-04
  1.540750000000e-04
  1.537521500000e-04
  1.535387500000e-04
  1.533483000000e-04
  1.531371000000e-04
  1.529481500000e-04
  1.526430000000e-04
  1.520512500000e-04
  1.514783500000e-04
  1.506598500000e-04
  1.498807000000e-04
  1.495478000000e-04
  1.491160000000e-04
  1.486735500000e-04
  1.482711000000e-04
  1.479453500000e-04
  1.477078500000e-04
  1.472568500000e-04
  1.468480000000e-04
  1.466162000000e-04
  1.461556500000e-04
  1.452801000000e-04
  1.446273500000e-04
  1.443228000000e-04
  1.440414000000e-04
  1.438805500000e-04
  1.437276500000e-04
  1.435936000000e-04
  1.434613000000e-04
  1.428716000000e-04
  1.422859500000e-04
  1.420757000000e-04
  1.418709000000e-04
  1.417614500000e-04
  1.416611000000e-04
  1.414747500000e-04
  1.412098500000e-04
  1.408577500000e-04
  1.400396000000e-04
  1.393214500000e-04
  1.388926500000e-04
  1.382442000000e-04
  1.378047500000e-04
  1.376523500000e-04
  1.375193000000e-04
  1.372656000000e-04
  1.368459000000e-04
  1.364237000000e-04
  1.359341500000e-04
  1.352652000000e-04
  1.347996000000e-04
  1.344315500000e-04
  1.338715500000e-04
  1.335345000000e-04
  1.334442500000e-04
  1.333636500000e-04
  1.326876500000e-04
  1.314580500000e-04
  1.306168000000e-04
  1.302668500000e-04
  1.299661500000e-04
  1.297002000000e-04
  1.295206000000e-04
  1.291461000000e-04
  1.285847500000e-04
  1.281467000000e-04
  1.278269000000e-04
  1.275449000000e-04
  1.273133500000e-04
  1.271074500000e-04
  1.268600500000e-04
  1.266495000000e-04
  1.265586000000e-04
  1.261895000000e-04
  1.256179500000e-04
  1.251192500000e-04
  1.247016000000e-04
  1.243562000000e-04
  1.240580000000e-04
  1.236095500000e-04
  1.230035000000e-04
  1.226049500000e-04
  1.223063500000e-04
  1.220424500000e-04
  1.219174500000e-04
  1.217337000000e-04
  1.215199000000e-04
  1.210203000000e-04
  1.200742500000e-04
  1.193906000000e-04
  1.191228500000e-04
  1.188709500000e-04
  1.186343500000e-04
  1.184552500000e-04
  1.183075000000e-04
  1.180336500000e-04
  1.177337000000e-04
  1.172288000000e-04
  1.164537000000e-04
  1.159768000000e-04
  1.156789500000e-04
  1.154337000000e-04
  1.153217000000e-04
  1.150298500000e-04
  1.144481000000e-04
  1.140407500000e-04
  1.136986500000e-04
  1.133465000000e-04
  1.130246000000e-04
  1.126361500000e-04
  1.122644500000e-04
  1.119209500000e-04
  1.113523000000e-04
  1.106551500000e-04
  1.103038000000e-04
  1.100290500000e-04
  1.096765000000e-04
  1.093527000000e-04
  1.087993000000e-04
  1.082971500000e-04
  1.080608500000e-04
  1.077796000000e-04
  1.075192500000e-04
  1.073455000000e-04
  1.071612000000e-04
  1.069913000000e-04
  1.065517000000e-04
  1.058476500000e-04
  1.052959500000e-04
  1.048402500000e-04
  1.044907500000e-04
  1.041620500000e-04
  1.039229500000e-04
  1.038058500000e-04
  1.036778000000e-04
  1.034823500000e-04
  1.032646000000e-04
  1.030359500000e-04
  1.027823500000e-04
  1.023032000000e-04
  1.018332500000e-04
  1.015950000000e-04
  1.013928000000e-04
  1.011925500000e-04
  1.008501000000e-04
  1.005063500000e-04
  1.000718500000e-04
  9.966354000000e-05
  9.916737500000e-05
  9.871352500000e-05
  9.853789500000e-05
  9.812053000000e-05
  9.776209000000e-05
  9.757964500000e-05
  9.738554500000e-05
  9.727876000000e-05
  9.709530500000e-05
  9.683848000000e-05
  9.626348500000e-05
  9.550202000000e-05
  9.488016000000e-05
  9.447071500000e-05
  9.436406500000e-05
  9.432374000000e-05
  9.427975000000e-05
  9.424303000000e-05
  9.421088000000e-05
  9.409331000000e-05
  9.384559500000e-05
  9.364075500000e-05
  9.337361000000e-05
  9.303904500000e-05
  9.281589500000e-05
  9.265887000000e-05
  9.252379000000e-05
  9.218400000000e-05
  9.179575500000e-05
  9.156619500000e-05
  9.135530000000e-05
  9.122287000000e-05
  9.116176000000e-05
  9.102870500000e-05
  9.089409000000e-05
  9.082078500000e-05
  9.059557500000e-05
  9.003103500000e-05
  8.954495500000e-05
  8.929274500000e-05
  8.899063000000e-05
  8.872320500000e-05
  8.850612500000e-05
  8.833614000000e-05
  8.797266500000e-05
  8.732857000000e-05
  8.662033500000e-05
  8.594571500000e-05
  8.553619500000e-05
  8.529435000000e-05
  8.490112000000e-05
  8.439881000000e-05
  8.407245000000e-05
  8.369650000000e-05
  8.331238000000e-05
  8.309404500000e-05
  8.282026000000e-05
  8.263746000000e-05
  8.244679000000e-05
  8.212496000000e-05
  8.180672500000e-05
  8.154250500000e-05
  8.134874000000e-05
  8.115293500000e-05
  8.091949500000e-05
  8.058755000000e-05
  8.026698000000e-05
  7.997181000000e-05
  7.955380500000e-05
  7.917464500000e-05
  7.891691000000e-05
  7.849012500000e-05
  7.800853500000e-05
  7.781647000000e-05
  7.767663500000e-05
  7.748023000000e-05
  7.722218500000e-05
  7.673539000000e-05
  7.634274500000e-05
  7.600215000000e-05
  7.569539000000e-05
  7.553949000000e-05
  7.512932500000e-05
  7.480414500000e-05
  7.473986500000e-05
  7.467172000000e-05
  7.455008500000e-05
  7.443568000000e-05
  7.434468000000e-05
  7.426924000000e-05
  7.424071000000e-05
  7.421493500000e-05
  7.417639000000e-05
  7.412399000000e-05
  7.392638500000e-05
  7.346232500000e-05
  7.311579000000e-05
  7.300352000000e-05
  7.271598000000e-05
  7.244276500000e-05
  7.234742500000e-05
  7.221153000000e-05
  7.207870500000e-05
  7.197564000000e-05
  7.182522500000e-05
  7.166080000000e-05
  7.148258500000e-05
  7.107616500000e-05
  7.063161000000e-05
  7.037678500000e-05
  7.024558500000e-05
  7.020344000000e-05
  7.017167500000e-05
  7.013974000000e-05
  7.010326000000e-05
  6.999153500000e-05
  6.979919000000e-05
  6.961501500000e-05
  6.945607000000e-05
  6.920121000000e-05
  6.898889000000e-05
  6.886281500000e-05
  6.866661000000e-05
  6.840924500000e-05
  6.807228500000e-05
  6.747962000000e-05
  6.686055000000e-05
  6.662193500000e-05
  6.656838500000e-05
  6.648489000000e-05
  6.633374000000e-05
  6.614836500000e-05
  6.593222000000e-05
  6.573839500000e-05
  6.548998500000e-05
  6.491057000000e-05
  6.449387500000e-05
  6.446099000000e-05
  6.441214500000e-05
  6.436549500000e-05
  6.427584500000e-05
  6.417348000000e-05
  6.412267000000e-05
  6.407389000000e-05
  6.390261000000e-05
  6.361037500000e-05
  6.333840000000e-05
  6.302443500000e-05
  6.258347500000e-05
  6.192303000000e-05
  6.142293500000e-05
  6.130759000000e-05
  6.118197000000e-05
  6.096006500000e-05
  6.061151500000e-05
  6.033398000000e-05
  6.018865500000e-05
  5.995895500000e-05
  5.975442000000e-05
  5.956747500000e-05
  5.934425500000e-05
  5.899918500000e-05
  5.872576000000e-05
  5.859628000000e-05
  5.841316500000e-05
  5.821589500000e-05
  5.804339000000e-05
  5.787928500000e-05
  5.771631000000e-05
  5.759076000000e-05
  5.741368000000e-05
  5.725241000000e-05
  5.699775500000e-05
  5.673164500000e-05
  5.657579500000e-05
  5.638847500000e-05
  5.618025500000e-05
  5.599440500000e-05
  5.569201000000e-05
  5.542114000000e-05
  5.534830500000e-05
  5.526537500000e-05
  5.513044500000e-05
  5.497169000000e-05
  5.488458000000e-05
  5.484482500000e-05
  5.479748000000e-05
  5.468267000000e-05
  5.454409000000e-05
  5.427617500000e-05
  5.399746000000e-05
  5.372656000000e-05
  5.337911500000e-05
  5.321445500000e-05
  5.300909000000e-05
  5.276429000000e-05
  5.265779000000e-05
  5.259732500000e-05
  5.255198500000e-05
  5.249725000000e-05
  5.239830500000e-05
  5.217753000000e-05
  5.187424500000e-05
  5.165317000000e-05
  5.154977000000e-05
  5.144334000000e-05
  5.130458500000e-05
  5.117683000000e-05
  5.101705000000e-05
  5.084475500000e-05
  5.072239000000e-05
  5.061668000000e-05
  5.048132500000e-05
  5.023752000000e-05
  5.002227000000e-05
  4.994366000000e-05
  4.982801500000e-05
  4.971985000000e-05
  4.960136000000e-05
  4.941869000000e-05
  4.928509500000e-05
  4.912329500000e-05
  4.890073000000e-05
  4.869791500000e-05
  4.847442000000e-05
  4.822133500000e-05
  4.800279500000e-05
  4.787448500000e-05
  4.766959000000e-05
  4.746468500000e-05
  4.739998500000e-05
  4.735038500000e-05
  4.730075500000e-05
  4.725500500000e-05
  4.706337500000e-05
  4.686473500000e-05
  4.680853500000e-05
  4.675097500000e-05
  4.670262500000e-05
  4.666537000000e-05
  4.662824000000e-05
  4.658198500000e-05
  4.653507000000e-05
  4.632997500000e-05
  4.607261500000e-05
  4.578995500000e-05
  4.547756500000e-05
  4.533369000000e-05
  4.523872000000e-05
  4.513574500000e-05
  4.503876500000e-05
  4.487615500000e-05
  4.461534500000e-05
  4.430849500000e-05
  4.405208000000e-05
  4.387592500000e-05
  4.377033000000e-05
  4.362097500000e-05
  4.336551000000e-05
  4.317261500000e-05
  4.300198500000e-05
  4.286045000000e-05
  4.270513500000e-05
  4.248506000000e-05
  4.235254000000e-05
  4.213438000000e-05
  4.193142000000e-05
  4.188049500000e-05
  4.179704500000e-05
  4.172575500000e-05
  4.168477000000e-05
  4.163682500000e-05
  4.158121000000e-05
  4.140090500000e-05
  4.109875500000e-05
  4.070307500000e-05
  4.031242500000e-05
  4.006338000000e-05
  3.984263500000e-05
  3.970991500000e-05
  3.966649500000e-05
  3.961084500000e-05
  3.951017000000e-05
  3.941813000000e-05
  3.937043500000e-05
  3.932275000000e-05
  3.928162000000e-05
  3.922946000000e-05
  3.918532000000e-05
  3.913647500000e-05
  3.908465000000e-05
  3.903675500000e-05
  3.897631000000e-05
  3.882873000000e-05
  3.867362000000e-05
  3.851287500000e-05
  3.831849000000e-05
  3.814350500000e-05
  3.777152000000e-05
  3.697708000000e-05
  3.639094000000e-05
  3.628281000000e-05
  3.616540500000e-05
  3.602508500000e-05
  3.590847500000e-05
  3.581542000000e-05
  3.574331000000e-05
  3.567534500000e-05
  3.560795000000e-05
  3.555784000000e-05
  3.551829000000e-05
  3.548928000000e-05
  3.545736500000e-05
  3.542296000000e-05
  3.538898000000e-05
  3.536182500000e-05
  3.534353000000e-05
  3.531867500000e-05
  3.529132500000e-05
  3.525862500000e-05
  3.521542000000e-05
  3.513661000000e-05
  3.501973000000e-05
  3.488673000000e-05
  3.471075000000e-05
  3.456626000000e-05
  3.447371000000e-05
  3.439075500000e-05
  3.427046500000e-05
  3.417660500000e-05
  3.416026000000e-05
  3.413442000000e-05
  3.410640000000e-05
  3.405173500000e-05
  3.397968500000e-05
  3.383705000000e-05
  3.369845000000e-05
  3.366225500000e-05
  3.363845500000e-05
  3.360292500000e-05
  3.351845500000e-05
  3.344053000000e-05
  3.341056500000e-05
  3.337944500000e-05
  3.334774500000e-05
  3.330374500000e-05
  3.325704500000e-05
  3.322916000000e-05
  3.320008000000e-05
  3.315971000000e-05
  3.308320000000e-05
  3.298550000000e-05
  3.276437000000e-05
  3.255184500000e-05
  3.247719000000e-05
  3.241765500000e-05
  3.237737500000e-05
  3.234574000000e-05
  3.232286000000e-05
  3.230608500000e-05
  3.229055000000e-05
  3.227450500000e-05
  3.226038000000e-05
  3.224474500000e-05
  3.223183000000e-05
  3.221770000000e-05
  3.220115500000e-05
  3.218119500000e-05
  3.216124500000e-05
  3.214133500000e-05
  3.209153500000e-05
  3.202438000000e-05
  3.198335000000e-05
  3.195546500000e-05
  3.192693500000e-05
  3.189977500000e-05
  3.187200500000e-05
  3.184660500000e-05
  3.182436500000e-05
  3.179576000000e-05
  3.175662000000e-05
  3.170489500000e-05
  3.162371500000e-05
  3.152830000000e-05
  3.128978000000e-05
  3.108267500000e-05
  3.105758000000e-05
  3.103100500000e-05
  3.100603000000e-05
  3.098609500000e-05
  3.094966500000e-05
  3.085542500000e-05
  3.076753000000e-05
  3.072189000000e-05
  3.063933000000e-05
  3.054806000000e-05
  3.048896000000e-05
  3.044697500000e-05
  3.040330000000e-05
  3.035824000000e-05
  3.029656000000e-05
  3.019435500000e-05
  3.008125000000e-05
  2.999025500000e-05
  2.992194500000e-05
  2.986617000000e-05
  2.978138500000e-05
  2.970213000000e-05
  2.964909500000e-05
  2.954712500000e-05
  2.928395000000e-05
  2.899747500000e-05
  2.884594000000e-05
  2.872010000000e-05
  2.858761500000e-05
  2.850719500000e-05
  2.846919000000e-05
  2.838251000000e-05
  2.824990000000e-05
  2.809935000000e-05
  2.797995000000e-05
  2.791113500000e-05
  2.785761000000e-05
  2.780689000000e-05
  2.776124000000e-05
  2.772323500000e-05
  2.763197500000e-05
  2.753243500000e-05
  2.740185000000e-05
  2.727899000000e-05
  2.711683000000e-05
  2.688182500000e-05
  2.675725000000e-05
  2.670851500000e-05
  2.666371000000e-05
  2.661848000000e-05
  2.657376000000e-05
  2.649529500000e-05
  2.639555500000e-05
  2.624865000000e-05
  2.612258500000e-05
  2.604833000000e-05
  2.596395000000e-05
  2.588482500000e-05
  2.575381000000e-05
  2.564077500000e-05
  2.548975500000e-05
  2.531368500000e-05
  2.518463500000e-05
  2.496030500000e-05
  2.464714500000e-05
  2.443102500000e-05
  2.436545000000e-05
  2.432062000000e-05
  2.423914000000e-05
  2.416234500000e-05
  2.411821500000e-05
  2.406808000000e-05
  2.399567000000e-05
  2.391359500000e-05
  2.385691000000e-05
  2.380681000000e-05
  2.376563000000e-05
  2.369162500000e-05
  2.360109500000e-05
  2.353554000000e-05
  2.347809000000e-05
  2.340009500000e-05
  2.331621000000e-05
  2.326622500000e-05
  2.321145000000e-05
  2.315341500000e-05
  2.309697000000e-05
  2.304162500000e-05
  2.295360000000e-05
  2.284603000000e-05
  2.277787500000e-05
  2.273294000000e-05
  2.268459000000e-05
  2.261042000000e-05
  2.251102000000e-05
  2.238441000000e-05
  2.208291500000e-05
  2.172824000000e-05
  2.155515000000e-05
  2.147063000000e-05
  2.141072500000e-05
  2.136955000000e-05
  2.133173500000e-05
  2.130705000000e-05
  2.129061500000e-05
  2.127194000000e-05
  2.125451000000e-05
  2.124056500000e-05
  2.122466000000e-05
  2.121093500000e-05
  2.120135000000e-05
  2.119176500000e-05
  2.118032000000e-05
  2.116621000000e-05
  2.114812500000e-05
  2.112607000000e-05
  2.106576000000e-05
  2.100702500000e-05
  2.098732000000e-05
  2.096288500000e-05
  2.093914000000e-05
  2.092526500000e-05
  2.091282000000e-05
  2.089992000000e-05
  2.084246000000e-05
  2.075455000000e-05
  2.066742000000e-05
  2.056385500000e-05
  2.040140500000e-05
  2.021558500000e-05
  2.000539500000e-05
  1.983433000000e-05
  1.975006500000e-05
  1.968127500000e-05
  1.964606000000e-05
  1.961730000000e-05
  1.958858000000e-05
  1.955990500000e-05
  1.953169500000e-05
  1.950566500000e-05
  1.948657500000e-05
  1.947269000000e-05
  1.946054000000e-05
  1.944838500000e-05
  1.943512500000e-05
  1.942313000000e-05
  1.940917500000e-05
  1.939263500000e-05
  1.937611000000e-05
  1.935960000000e-05
  1.930042000000e-05
  1.923594500000e-05
  1.920990000000e-05
  1.918853000000e-05
  1.916817500000e-05
  1.914855000000e-05
  1.913406000000e-05
  1.911974500000e-05
  1.909893500000e-05
  1.907693000000e-05
  1.905748500000e-05
  1.903301500000e-05
  1.899231000000e-05
  1.894722000000e-05
  1.890650500000e-05
  1.886572500000e-05
  1.881157000000e-05
  1.873960000000e-05
  1.867546500000e-05
  1.848101500000e-05
  1.829252000000e-05
  1.825365500000e-05
  1.821941500000e-05
  1.818743500000e-05
  1.815729500000e-05
  1.812559000000e-05
  1.808701000000e-05
  1.801729500000e-05
  1.796057500000e-05
  1.793772500000e-05
  1.791036500000e-05
  1.788762500000e-05
  1.786586500000e-05
  1.783336500000e-05
  1.780528500000e-05
  1.778021500000e-05
  1.773449000000e-05
  1.767664500000e-05
  1.757394500000e-05
  1.732788000000e-05
  1.708113000000e-05
  1.697991500000e-05
  1.691459500000e-05
  1.686026500000e-05
  1.682881000000e-05
  1.679754000000e-05
  1.675169000000e-05
  1.664666000000e-05
  1.654647000000e-05
  1.649897000000e-05
  1.645005000000e-05
  1.635672500000e-05
  1.627233000000e-05
  1.624852500000e-05
  1.623404500000e-05
  1.621039000000e-05
  1.618197000000e-05
  1.614913500000e-05
  1.611086000000e-05
  1.607909000000e-05
  1.602397500000e-05
  1.597046000000e-05
  1.594742500000e-05
  1.592280500000e-05
  1.589753500000e-05
  1.579709000000e-05
  1.568550500000e-05
  1.562562500000e-05
  1.557777500000e-05
  1.555253500000e-05
  1.552620000000e-05
  1.550379500000e-05
  1.548762500000e-05
  1.546881000000e-05
  1.543439500000e-05
  1.538792000000e-05
  1.535168000000e-05
  1.532842000000e-05
  1.530445000000e-05
  1.528429500000e-05
  1.526222000000e-05
  1.523310000000e-05
  1.520108000000e-05
  1.516607000000e-05
  1.509303000000e-05
  1.498428500000e-05
  1.483941000000e-05
  1.472441000000e-05
  1.469250500000e-05
  1.467690500000e-05
  1.466073500000e-05
  1.464614500000e-05
  1.463466000000e-05
  1.461670000000e-05
  1.459155500000e-05
  1.452134500000e-05
  1.438692000000e-05
  1.426684000000e-05
  1.418027500000e-05
  1.407429000000e-05
  1.393894500000e-05
  1.380798500000e-05
  1.372262500000e-05
  1.366329500000e-05
  1.360260500000e-05
  1.347437000000e-05
  1.326221500000e-05
  1.307606500000e-05
  1.297935500000e-05
  1.294277000000e-05
  1.283396000000e-05
  1.269331000000e-05
  1.263367500000e-05
  1.261112500000e-05
  1.259482000000e-05
  1.257853500000e-05
  1.256633500000e-05
  1.255735500000e-05
  1.254729500000e-05
  1.253529000000e-05
  1.252475000000e-05
  1.251636000000e-05
  1.250411000000e-05
  1.248903000000e-05
  1.247582500000e-05
  1.246450000000e-05
  1.245318500000e-05
  1.242607500000e-05
  1.238307000000e-05
  1.235094000000e-05
  1.233469500000e-05
  1.231953500000e-05
  1.230325000000e-05
  1.229021000000e-05
  1.227700500000e-05
  1.226455000000e-05
  1.225127500000e-05
  1.223516500000e-05
  1.221657000000e-05
  1.219745000000e-05
  1.217975000000e-05
  1.216207500000e-05
  1.214442500000e-05
  1.211801000000e-05
  1.208153500000e-05
  1.200863500000e-05
  1.192592500000e-05
  1.187433000000e-05
  1.183744000000e-05
  1.181566000000e-05
  1.180396500000e-05
  1.179560500000e-05
  1.178610000000e-05
  1.177602000000e-05
  1.176594000000e-05
  1.175414000000e-05
  1.173820500000e-05
  1.172199000000e-05
  1.169910500000e-05
  1.165112500000e-05
  1.160787000000e-05
  1.158883500000e-05
  1.157605000000e-05
  1.156717500000e-05
  1.155916500000e-05
  1.154840500000e-05
  1.153639500000e-05
  1.152681500000e-05
  1.151702500000e-05
  1.150678000000e-05
  1.149436000000e-05
  1.147525500000e-05
  1.143787500000e-05
  1.137479000000e-05
  1.127827000000e-05
  1.104357500000e-05
  1.069836500000e-05
  1.045299000000e-05
  1.034757000000e-05
  1.030495000000e-05
  1.027956500000e-05
  1.025442500000e-05
  1.023433000000e-05
  1.021304500000e-05
  1.016138500000e-05
  1.011190500000e-05
  1.008960000000e-05
  1.006796500000e-05
  1.004610000000e-05
  9.957804500000e-06
  9.856064000000e-06
  9.804724500000e-06
  9.674802000000e-06
  9.543677000000e-06
  9.482540000000e-06
  9.436797000000e-06
  9.412399000000e-06
  9.388918000000e-06
  9.365937000000e-06
  9.343235500000e-06
  9.302151000000e-06
  9.211654000000e-06
  9.111988000000e-06
  9.027923000000e-06
  8.974247000000e-06
  8.950873000000e-06
  8.926472500000e-06
  8.909170000000e-06
  8.894495500000e-06
  8.880873500000e-06
  8.864752500000e-06
  8.847856500000e-06
  8.819450000000e-06
  8.750250500000e-06
  8.695542000000e-06
  8.678838500000e-06
  8.663345000000e-06
  8.652598000000e-06
  8.640689500000e-06
  8.628124000000e-06
  8.615796500000e-06
  8.597936000000e-06
  8.573854500000e-06
  8.548907000000e-06
  8.523558000000e-06
  8.501688500000e-06
  8.476000500000e-06
  8.444688500000e-06
  8.412086500000e-06
  8.375243500000e-06
  8.337203000000e-06
  8.291531000000e-06
  8.238312500000e-06
  8.189073500000e-06
  8.128323500000e-06
  8.042337000000e-06
  7.952736000000e-06
  7.787441500000e-06
  7.544015000000e-06
  7.384169000000e-06
  7.329305500000e-06
  7.296055000000e-06
  7.261413500000e-06
  7.236756500000e-06
  7.221024000000e-06
  7.210132000000e-06
  7.199333000000e-06
  7.183825500000e-06
  7.166016500000e-06
  7.149809500000e-06
  7.126236500000e-06
  7.071194000000e-06
  7.023566000000e-06
  7.008116500000e-06
  6.994534500000e-06
  6.977159500000e-06
  6.961876000000e-06
  6.945301000000e-06
  6.923870500000e-06
  6.905596000000e-06
  6.874283500000e-06
  6.800237500000e-06
  6.686287000000e-06
  6.607756000000e-06
  6.584833000000e-06
  6.564391500000e-06
  6.545087000000e-06
  6.533032000000e-06
  6.524092000000e-06
  6.515860000000e-06
  6.505478000000e-06
  6.496422500000e-06
  6.489423000000e-06
  6.482062500000e-06
  6.474337500000e-06
  6.465164500000e-06
  6.454543000000e-06
  6.445306000000e-06
  6.437459000000e-06
  6.416486000000e-06
  6.382190000000e-06
  6.357013500000e-06
  6.341630500000e-06
  6.330689500000e-06
  6.321776000000e-06
  6.311048500000e-06
  6.298696500000e-06
  6.283040000000e-06
  6.269522000000e-06
  6.257469500000e-06
  6.234654000000e-06
  6.201996500000e-06
  6.160595500000e-06
  6.107112500000e-06
  6.062109000000e-06
  6.020328000000e-06
  5.969426500000e-06
  5.851463000000e-06
  5.668553000000e-06
  5.491360500000e-06
  5.366496000000e-06
  5.282032000000e-06
  5.153419000000e-06
  5.040884000000e-06
  4.997300500000e-06
  4.973243500000e-06
  4.953902500000e-06
  4.942165000000e-06
  4.935007500000e-06
  4.928668000000e-06
  4.923142000000e-06
  4.916721000000e-06
  4.908432500000e-06
  4.896633000000e-06
  4.875512500000e-06
  4.833299500000e-06
  4.798689000000e-06
  4.788838500000e-06
  4.779632500000e-06
  4.766707000000e-06
  4.755774000000e-06
  4.743274500000e-06
  4.727917000000e-06
  4.708361500000e-06
  4.686860500000e-06
  4.660589500000e-06
  4.626772000000e-06
  4.587831000000e-06
  4.515768500000e-06
  4.396774500000e-06
  4.259336000000e-06
  4.126194000000e-06
  3.997214000000e-06
  3.888776500000e-06
  3.827294500000e-06
  3.793738000000e-06
  3.769504000000e-06
  3.755156000000e-06
  3.740352500000e-06
  3.727678500000e-06
  3.720162000000e-06
  3.712931500000e-06
  3.703442500000e-06
  3.695180500000e-06
  3.687591000000e-06
  3.678771500000e-06
  3.670289500000e-06
  3.663362500000e-06
  3.653801000000e-06
  3.632051500000e-06
  3.596468500000e-06
  3.567792500000e-06
  3.554120500000e-06
  3.541063500000e-06
  3.526626500000e-06
  3.509069000000e-06
  3.481283000000e-06
  3.445198000000e-06
  3.391050000000e-06
  3.314197000000e-06
  3.261742000000e-06
  3.243356000000e-06
  3.224328500000e-06
  3.204914500000e-06
  3.173126500000e-06
  3.132419000000e-06
  3.101348500000e-06
  3.069341500000e-06
  3.028404000000e-06
  2.980715500000e-06
  2.909610500000e-06
  2.839671000000e-06
  2.794917500000e-06
  2.730551500000e-06
  2.645197500000e-06
  2.562511500000e-06
  2.482410500000e-06
  2.404813000000e-06
  2.329641000000e-06
  2.256819500000e-06
  2.186274000000e-06
  2.133190000000e-06
  2.109142000000e-06
  2.098121000000e-06
  2.088541500000e-06
  2.081034500000e-06
  2.075271000000e-06
  2.068619000000e-06
  2.057318000000e-06
  2.034665000000e-06
  2.011964000000e-06
  1.996753500000e-06
  1.983445500000e-06
  1.972900500000e-06
  1.961839000000e-06
  1.946309500000e-06
  1.915738000000e-06
  1.865277000000e-06
  1.806970500000e-06
  8.891400000000e-07
