2002
  5.201685695727e+03
  5.142395137419e+03
  5.061388941012e+03
  4.981652178189e+03
  4.903174177346e+03
  4.825934957347e+03
  4.749903339467e+03
  4.675075175565e+03
  4.601430278357e+03
  4.528951228747e+03
  4.457605923095e+03
  4.387383046199e+03
  4.318266695470e+03
  4.250224017786e+03
  4.183262117991e+03
  4.117362960779e+03
  4.052502698727e+03
  3.988662439325e+03
  3.925828536298e+03
  3.863984331652e+03
  3.803108800517e+03
  3.743201164690e+03
  3.684238087387e+03
  3.626194084078e+03
  3.569074562782e+03
  3.512849884882e+03
  3.457508182946e+03
  3.403041710913e+03
  3.349433406994e+03
  3.296667049146e+03
  3.244730900238e+03
  3.193615976104e+03
  3.143307167990e+03
  3.093789032873e+03
  3.045049867510e+03
  2.997080987266e+03
  2.949866874793e+03
  2.903396586382e+03
  2.857657670124e+03
  2.812639699464e+03
  2.768330197407e+03
  2.724719261360e+03
  2.681795837654e+03
  2.639547714356e+03
  2.597965708096e+03
  2.557038953513e+03
  2.516756009746e+03
  2.477108569050e+03
  2.438085711683e+03
  2.399677123067e+03
  2.361873931589e+03
  2.324666030857e+03
  2.288044057074e+03
  2.252000022001e+03
  2.216522717085e+03
  2.181604511260e+03
  2.147236811756e+03
  2.113410611462e+03
  2.080116876606e+03
  2.047347685766e+03
  2.015094982266e+03
  1.983350056987e+03
  1.952105460133e+03
  1.921352886182e+03
  1.891084866229e+03
  1.861293781585e+03
  1.831971883793e+03
  1.803111738113e+03
  1.774706334238e+03
  1.746748665022e+03
  1.719231025880e+03
  1.692147302776e+03
  1.665489720597e+03
  1.639252625386e+03
  1.613428631033e+03
  1.588011655370e+03
  1.562995029832e+03
  1.538372076208e+03
  1.514137029930e+03
  1.490284097563e+03
  1.466807083400e+03
  1.443699739845e+03
  1.420956510763e+03
  1.398571264093e+03
  1.376538838910e+03
  1.354853625628e+03
  1.333509879647e+03
  1.312502346098e+03
  1.291825769311e+03
  1.271475203527e+03
  1.251444946306e+03
  1.231730174687e+03
  1.212326176569e+03
  1.193227833449e+03
  1.174430224497e+03
  1.155928737118e+03
  1.137718938569e+03
  1.119795866677e+03
  1.102155118485e+03
  1.084792240808e+03
  1.067702940677e+03
  1.050882902764e+03
  1.034327787785e+03
  1.018033535425e+03
  1.001995729984e+03
  9.862108005862e+02
  9.706749194402e+02
  9.553826544118e+02
  9.403321629332e+02
  9.255188690159e+02
  9.109384579087e+02
  8.965883404014e+02
  8.824637517423e+02
  8.685615065512e+02
  8.548791217015e+02
  8.414115857327e+02
  8.281566094182e+02
  8.151101477539e+02
  8.022694222210e+02
  7.896305713372e+02
  7.771909857745e+02
  7.649476384083e+02
  7.528969592751e+02
  7.410365743649e+02
  7.293626405110e+02
  7.178724418415e+02
  7.065634695573e+02
  6.954325099030e+02
  6.844771829344e+02
  6.736941857661e+02
  6.630811564595e+02
  6.526350138685e+02
  6.423539632792e+02
  6.322347093308e+02
  6.222744379617e+02
  6.124714825366e+02
  6.028228353359e+02
  5.933263423400e+02
  5.839794579386e+02
  5.747797013100e+02
  5.657250739701e+02
  5.568127149297e+02
  5.480401516760e+02
  5.394069391665e+02
  5.309098301407e+02
  5.225462996548e+02
  5.143141338153e+02
  5.062119803165e+02
  4.982374651223e+02
  4.903883876030e+02
  4.826629868441e+02
  4.750577160129e+02
  4.675753075580e+02
  4.602089915038e+02
  4.529594830456e+02
  4.458239185217e+02
  4.388004980612e+02
  4.318880082148e+02
  4.250841986822e+02
  4.183876140014e+02
  4.117964111643e+02
  4.053092748067e+02
  3.989243023787e+02
  3.926398564881e+02
  3.864541751483e+02
  3.803663993452e+02
  3.743742304988e+02
  3.684763952151e+02
  3.626711582043e+02
  3.569567193372e+02
  3.513344312954e+02
  3.457998781550e+02
  3.403524194566e+02
  3.349908615886e+02
  3.297122219074e+02
  3.245186041641e+02
  3.194071716241e+02
  3.143753529660e+02
  3.094220910227e+02
  3.045475772017e+02
  2.997505866058e+02
  2.950284768905e+02
  2.903799428883e+02
  2.858051017168e+02
  2.813028953553e+02
  2.768713574046e+02
  2.725105190795e+02
  2.682169882685e+02
  2.639919693700e+02
  2.598325767268e+02
  2.557400156886e+02
  2.517107628699e+02
  2.477452101744e+02
  2.438429173596e+02
  2.400015923900e+02
  2.362207769081e+02
  2.324994665578e+02
  2.288368128400e+02
  2.252318576927e+02
  2.216836596516e+02
  2.181913440422e+02
  2.147540185401e+02
  2.113706665966e+02
  2.080407150729e+02
  2.047628953847e+02
  2.015372149703e+02
  1.983622357164e+02
  1.952376703528e+02
  1.921616119346e+02
  1.891344600295e+02
  1.861551145453e+02
  1.832226057952e+02
  1.803357954054e+02
  1.774947473947e+02
  1.746986161142e+02
  1.719466007495e+02
  1.692379490482e+02
  1.665718108637e+02
  1.639477349715e+02
  1.613647895246e+02
  1.588228670433e+02
  1.563209388917e+02
  1.538586117439e+02
  1.514344401669e+02
  1.490488759680e+02
  1.467007484589e+02
  1.443897317535e+02
  1.421151123318e+02
  1.398764077469e+02
  1.376727327353e+02
  1.355039602887e+02
  1.333692897492e+02
  1.312683800342e+02
  1.292002493946e+02
  1.271648568493e+02
  1.251615517162e+02
  1.231898604824e+02
  1.212492112885e+02
  1.193391534763e+02
  1.174590055499e+02
  1.156087253658e+02
  1.137874678810e+02
  1.119950465378e+02
  1.102305310568e+02
  1.084940453333e+02
  1.067849436216e+02
  1.051026519703e+02
  1.034469345748e+02
  1.018171591068e+02
  1.002132810135e+02
  9.863479579145e+01
  9.708069817391e+01
  9.555143322190e+01
  9.404614558533e+01
  9.256466223854e+01
  9.110631797889e+01
  8.967100827217e+01
  8.825839920766e+01
  8.686802357893e+01
  8.549956597474e+01
  8.415272832916e+01
  8.282701169283e+01
  8.152214749104e+01
  8.023785944772e+01
  7.897387028270e+01
  7.772980702420e+01
  7.650535891046e+01
  7.530001076637e+01
  7.411376727719e+01
  7.294617274949e+01
  7.179704712920e+01
  7.066598848233e+01
  6.955273804115e+01
  6.845704936574e+01
  6.737888493048e+01
  6.631725610622e+01
  6.528394257728e+01
  6.523884218767e+01
  6.535202372759e+01
  6.517271005413e+01
  6.437747493997e+01
  6.427558470979e+01
  6.424656566750e+01
  6.410074166260e+01
  6.334973912164e+01
  6.326202655437e+01
  6.320389545620e+01
  6.306691323119e+01
  6.298124633398e+01
  6.272010838035e+01
  6.232065140182e+01
  6.221293174818e+01
  6.220673965834e+01
  6.204525138151e+01
  6.136338882356e+01
  6.138127466748e+01
  6.125792717156e+01
  6.122985042546e+01
  6.114838450496e+01
  6.041321223487e+01
  6.037161527948e+01
  6.036416984975e+01
  6.042060065370e+01
  6.018497835898e+01
  5.940755747720e+01
  5.938249353854e+01
  5.932837421813e+01
  5.930427828890e+01
  5.925939324764e+01
  5.845842731395e+01
  5.841130483571e+01
  5.837247378581e+01
  5.836171921917e+01
  5.749838377991e+01
  5.750361866385e+01
  5.751863809198e+01
  5.744215402480e+01
  5.661607315034e+01
  5.657002199846e+01
  5.661273718896e+01
  5.656466396555e+01
  5.655454359610e+01
  5.571516411718e+01
  5.575379673216e+01
  5.564008525341e+01
  5.566960356239e+01
  5.552354477758e+01
  5.490481574107e+01
  5.480880741532e+01
  5.481003289397e+01
  5.480684846709e+01
  5.479971977751e+01
  5.473003592793e+01
  5.402876805499e+01
  5.402024214414e+01
  5.389929163263e+01
  5.390699795750e+01
  5.336108242780e+01
  5.317083293912e+01
  5.300381339411e+01
  5.291886561502e+01
  5.296353261264e+01
  5.234342524774e+01
  5.233593679978e+01
  5.232276498746e+01
  5.226673294586e+01
  5.218757332967e+01
  5.214250106771e+01
  5.145518976966e+01
  5.147983496686e+01
  5.149928220044e+01
  5.135916787434e+01
  5.137626905629e+01
  5.081321959312e+01
  5.077647923911e+01
  5.063365810555e+01
  5.060532502764e+01
  5.052976027775e+01
  4.991720563528e+01
  4.985386480314e+01
  4.982410430394e+01
  4.974939520767e+01
  4.973944590152e+01
  4.942459882053e+01
  4.914506369563e+01
  4.905862560738e+01
  4.893296879495e+01
  4.883708217657e+01
  4.825755518933e+01
  4.828429910329e+01
  4.827336746766e+01
  4.834053950409e+01
  4.822572775555e+01
  4.800585688383e+01
  4.763583546287e+01
  4.760493629679e+01
  4.761338569120e+01
  4.758942383905e+01
  4.739003374688e+01
  4.727428193110e+01
  4.700749887688e+01
  4.681675486431e+01
  4.677119940754e+01
  4.671039688290e+01
  4.665798228647e+01
  4.663858099826e+01
  4.611776293727e+01
  4.600421445168e+01
  4.600592366823e+01
  4.600380799729e+01
  4.594361853227e+01
  4.546475315008e+01
  4.533973083371e+01
  4.534220547086e+01
  4.530949345540e+01
  4.525965377081e+01
  4.525892363346e+01
  4.526459242516e+01
  4.524198991611e+01
  4.461551761530e+01
  4.459147609953e+01
  4.457239625099e+01
  4.457816503075e+01
  4.454158672792e+01
  4.400286908811e+01
  4.397595461538e+01
  4.390202590549e+01
  4.391827118110e+01
  4.388809033276e+01
  4.379903502869e+01
  4.379509171682e+01
  4.329453962984e+01
  4.320766734235e+01
  4.314429702719e+01
  4.304086543791e+01
  4.250440536119e+01
  4.257920597421e+01
  4.255585370751e+01
  4.252979777032e+01
  4.249104443999e+01
  4.248495121232e+01
  4.234704764592e+01
  4.205941334844e+01
  4.194616446346e+01
  4.192921342473e+01
  4.186659996359e+01
  4.182339975356e+01
  4.180280542189e+01
  4.171005331292e+01
  4.148757861896e+01
  4.128558706794e+01
  4.111736196660e+01
  4.120048584903e+01
  4.114714409353e+01
  4.112244094878e+01
  4.111102676031e+01
  4.073944730368e+01
  4.059167873652e+01
  4.059221693323e+01
  4.052025337808e+01
  4.050333667836e+01
  4.048393308499e+01
  4.039585010708e+01
  3.993221478141e+01
  3.996071135796e+01
  3.987857464304e+01
  3.985900516945e+01
  3.986947250151e+01
  3.941277054848e+01
  3.925668343503e+01
  3.926221752501e+01
  3.922260848457e+01
  3.918984129880e+01
  3.920927227645e+01
  3.872971323312e+01
  3.866912171606e+01
  3.866775571193e+01
  3.865179448686e+01
  3.862137559767e+01
  3.863806066020e+01
  3.861895497360e+01
  3.816294279031e+01
  3.807021248037e+01
  3.811023058460e+01
  3.806518293815e+01
  3.802188992428e+01
  3.793492263233e+01
  3.750738840392e+01
  3.751492073730e+01
  3.751291996220e+01
  3.750069407339e+01
  3.749421581363e+01
  3.745250158138e+01
  3.745945975529e+01
  3.737736783604e+01
  3.739641668644e+01
  3.688670033798e+01
  3.687700499368e+01
  3.684759424106e+01
  3.685221433597e+01
  3.678896399745e+01
  3.642313865046e+01
  3.629175331859e+01
  3.626236801081e+01
  3.623838567025e+01
  3.622694512789e+01
  3.626334222447e+01
  3.615495135998e+01
  3.587923399987e+01
  3.575993010580e+01
  3.574757504260e+01
  3.574929448767e+01
  3.572191546865e+01
  3.564884356945e+01
  3.564718314901e+01
  3.534825453854e+01
  3.517597109219e+01
  3.516935789219e+01
  3.516779409578e+01
  3.506054131694e+01
  3.506439042472e+01
  3.505537454782e+01
  3.503868643866e+01
  3.501027853584e+01
  3.471606572129e+01
  3.465185351862e+01
  3.466941853865e+01
  3.456949277929e+01
  3.453732552874e+01
  3.449486778436e+01
  3.446566840305e+01
  3.446567244422e+01
  3.410906893662e+01
  3.408527548351e+01
  3.404450426818e+01
  3.402007190350e+01
  3.402762555365e+01
  3.393412748366e+01
  3.386341868169e+01
  3.351517191505e+01
  3.360014242162e+01
  3.355602197402e+01
  3.347571970447e+01
  3.353885485144e+01
  3.343068795866e+01
  3.339618495342e+01
  3.315175185433e+01
  3.314679422437e+01
  3.306967495868e+01
  3.295537622679e+01
  3.295896489301e+01
  3.301590340661e+01
  3.294719384891e+01
  3.288622255754e+01
  3.252737376540e+01
  3.246394310168e+01
  3.250671568806e+01
  3.242271101045e+01
  3.241069867876e+01
  3.243956777941e+01
  3.236026551998e+01
  3.233891182532e+01
  3.225775234433e+01
  3.205238274860e+01
  3.198603407407e+01
  3.198973837359e+01
  3.195896545118e+01
  3.194026437418e+01
  3.186404418126e+01
  3.185080207286e+01
  3.177179386000e+01
  3.154139581687e+01
  3.153427357428e+01
  3.142882208941e+01
  3.142738379383e+01
  3.142755331499e+01
  3.140527747142e+01
  3.138862478597e+01
  3.135213378846e+01
  3.133554888471e+01
  3.101239271936e+01
  3.097671428986e+01
  3.097673886566e+01
  3.096886892304e+01
  3.092472862474e+01
  3.079669924389e+01
  3.051671823349e+01
  3.048215137341e+01
  3.047183393530e+01
  3.046609811650e+01
  3.048072220905e+01
  3.049146430798e+01
  3.036572540049e+01
  3.039442420320e+01
  3.004996337147e+01
  3.006254147462e+01
  3.000714238594e+01
  2.995829052110e+01
  2.998265922345e+01
  2.997188826836e+01
  2.990936359179e+01
  2.986904337476e+01
  2.980455447493e+01
  2.980625521407e+01
  2.951755868093e+01
  2.950573353229e+01
  2.950465224186e+01
  2.956967863331e+01
  2.950893589597e+01
  2.951150122521e+01
  2.940071490160e+01
  2.926628544403e+01
  2.907305104673e+01
  2.911988683568e+01
  2.903008853920e+01
  2.903511618815e+01
  2.903151975063e+01
  2.901251516131e+01
  2.898735539740e+01
  2.894150612837e+01
  2.856254447931e+01
  2.857558934069e+01
  2.858307073380e+01
  2.863744530052e+01
  2.857035106105e+01
  2.848117079804e+01
  2.833225847872e+01
  2.833207113956e+01
  2.833324899637e+01
  2.825133415631e+01
  2.816316390898e+01
  2.813206594451e+01
  2.810475210244e+01
  2.810579095402e+01
  2.807975485213e+01
  2.804948281822e+01
  2.774390007001e+01
  2.777764321392e+01
  2.767178228679e+01
  2.771254637602e+01
  2.765414834208e+01
  2.763710348208e+01
  2.758893915287e+01
  2.732139590296e+01
  2.726379631836e+01
  2.729573549459e+01
  2.725681210528e+01
  2.719634740586e+01
  2.722217972344e+01
  2.723152920395e+01
  2.721896078741e+01
  2.718176437816e+01
  2.691367188202e+01
  2.685866339839e+01
  2.682114367363e+01
  2.681996679766e+01
  2.680504026928e+01
  2.682989751250e+01
  2.678302474317e+01
  2.677702720382e+01
  2.644191501783e+01
  2.643757857547e+01
  2.643417077277e+01
  2.637322516215e+01
  2.640601462871e+01
  2.633400352201e+01
  2.607529972905e+01
  2.601532574442e+01
  2.606210839689e+01
  2.597015741108e+01
  2.597868097005e+01
  2.594673671952e+01
  2.593611382293e+01
  2.563726916573e+01
  2.563219520735e+01
  2.564565284737e+01
  2.560034558274e+01
  2.550975125277e+01
  2.557819253266e+01
  2.555943205557e+01
  2.554848319856e+01
  2.552588006753e+01
  2.551538392112e+01
  2.528136922090e+01
  2.528299253545e+01
  2.522393812265e+01
  2.519235744963e+01
  2.521558509742e+01
  2.516049520037e+01
  2.514503619095e+01
  2.512149204162e+01
  2.514226810720e+01
  2.493654273288e+01
  2.480941417132e+01
  2.475651062071e+01
  2.480086118662e+01
  2.478659301024e+01
  2.475914584453e+01
  2.473250289847e+01
  2.474655202413e+01
  2.473982759640e+01
  2.472875640294e+01
  2.446904698449e+01
  2.445602358019e+01
  2.445459246091e+01
  2.435700589816e+01
  2.438107267402e+01
  2.438601041621e+01
  2.437204942069e+01
  2.436630875944e+01
  2.403840937170e+01
  2.398767046734e+01
  2.400011125328e+01
  2.401110472242e+01
  2.397504345168e+01
  2.393648017475e+01
  2.393880043961e+01
  2.393502311405e+01
  2.393641901539e+01
  2.393656676467e+01
  2.375209378100e+01
  2.360769042931e+01
  2.363810020732e+01
  2.366551331231e+01
  2.358644190686e+01
  2.356513651166e+01
  2.353528120412e+01
  2.351917445234e+01
  2.352489010602e+01
  2.340501702978e+01
  2.332294607059e+01
  2.325363426429e+01
  2.318647878963e+01
  2.317506233512e+01
  2.316251700522e+01
  2.315018023217e+01
  2.315768028881e+01
  2.297585749960e+01
  2.297403885923e+01
  2.295962236543e+01
  2.294239634247e+01
  2.297666189053e+01
  2.293860064253e+01
  2.294190436536e+01
  2.290118088718e+01
  2.283912095721e+01
  2.287479958816e+01
  2.281759301459e+01
  2.281363460550e+01
  2.276411593709e+01
  2.259760182367e+01
  2.259071847295e+01
  2.258620688640e+01
  2.254448004474e+01
  2.253260675581e+01
  2.252803227847e+01
  2.250644256906e+01
  2.249432355745e+01
  2.248227118015e+01
  2.240717360003e+01
  2.240850662765e+01
  2.240809842244e+01
  2.239895557091e+01
  2.225590397683e+01
  2.220343291522e+01
  2.219944077683e+01
  2.217052365026e+01
  2.216350612175e+01
  2.213596564369e+01
  2.214579359471e+01
  2.208686789774e+01
  2.208195836767e+01
  2.188557736939e+01
  2.188333950847e+01
  2.183885304946e+01
  2.183813698156e+01
  2.186790878320e+01
  2.184431162916e+01
  2.180857177190e+01
  2.180331612673e+01
  2.176124593175e+01
  2.174541787583e+01
  2.151522139250e+01
  2.151153623818e+01
  2.151308676041e+01
  2.151403285064e+01
  2.151383571328e+01
  2.150202691981e+01
  2.144617294234e+01
  2.151069295032e+01
  2.145060080899e+01
  2.146919586267e+01
  2.121058938839e+01
  2.119120069458e+01
  2.115567870621e+01
  2.116151973055e+01
  2.113711061099e+01
  2.112551460344e+01
  2.111839677885e+01
  2.111571051264e+01
  2.110095559180e+01
  2.106987240881e+01
  2.105500747032e+01
  2.100011852791e+01
  2.086104265559e+01
  2.082188585381e+01
  2.081279464917e+01
  2.080481920597e+01
  2.081736619791e+01
  2.077791232092e+01
  2.077148898110e+01
  2.078119741068e+01
  2.077292043697e+01
  2.076943015396e+01
  2.076518028122e+01
  2.061141685774e+01
  2.057608511586e+01
  2.057582069091e+01
  2.058032969487e+01
  2.047896349985e+01
  2.046604570658e+01
  2.044816292130e+01
  2.044589837767e+01
  2.044348647637e+01
  2.044709443434e+01
  2.035645380629e+01
  2.016941838120e+01
  2.020138541262e+01
  2.016533816722e+01
  2.016975673738e+01
  2.016799554048e+01
  2.016056161164e+01
  2.015697009174e+01
  2.018428059635e+01
  2.012995973417e+01
  2.005639054766e+01
  2.000820336338e+01
  1.993230590269e+01
  1.987611823641e+01
  1.982746410791e+01
  1.982833275559e+01
  1.982250070518e+01
  1.981850038792e+01
  1.982827980767e+01
  1.978947297307e+01
  1.980758301108e+01
  1.960580045108e+01
  1.960614778212e+01
  1.960618881583e+01
  1.960662930348e+01
  1.956541922269e+01
  1.957517478754e+01
  1.956547324360e+01
  1.956609091907e+01
  1.953273304794e+01
  1.949978673766e+01
  1.946523768448e+01
  1.938131734039e+01
  1.927242570530e+01
  1.921488725960e+01
  1.923432199440e+01
  1.924493426071e+01
  1.920306141404e+01
  1.924162605592e+01
  1.925204966498e+01
  1.924225158096e+01
  1.926543559058e+01
  1.921224419377e+01
  1.915546142717e+01
  1.913306252172e+01
  1.916075686814e+01
  1.906381421169e+01
  1.905909807011e+01
  1.905452585956e+01
  1.905071796441e+01
  1.894617563781e+01
  1.890907628752e+01
  1.891286057096e+01
  1.890494593636e+01
  1.883311486478e+01
  1.889926863663e+01
  1.874607152639e+01
  1.869825025514e+01
  1.866011048333e+01
  1.866424852033e+01
  1.854675717642e+01
  1.854678055448e+01
  1.854922166236e+01
  1.854633903954e+01
  1.854597837261e+01
  1.845800701884e+01
  1.845648056491e+01
  1.845685004047e+01
  1.844268152901e+01
  1.836639033557e+01
  1.837419574423e+01
  1.831270055583e+01
  1.836937898006e+01
  1.830257402828e+01
  1.834072268997e+01
  1.834262195015e+01
  1.834498179748e+01
  1.824385391927e+01
  1.820807422485e+01
  1.810973263695e+01
  1.801806814032e+01
  1.804703685619e+01
  1.804969038231e+01
  1.801611101634e+01
  1.799711591343e+01
  1.795669993205e+01
  1.783479062886e+01
  1.780255583989e+01
  1.780091503166e+01
  1.777871965484e+01
  1.778041910433e+01
  1.779806640666e+01
  1.778022741575e+01
  1.776648880667e+01
  1.770303623836e+01
  1.770128869357e+01
  1.767687415712e+01
  1.757459669376e+01
  1.757443363309e+01
  1.749503358596e+01
  1.750014876804e+01
  1.748047556855e+01
  1.747516913226e+01
  1.746785950134e+01
  1.747213650263e+01
  1.745965808239e+01
  1.741247299780e+01
  1.744545630050e+01
  1.740371709785e+01
  1.729123615406e+01
  1.724981392905e+01
  1.723555049212e+01
  1.719682124850e+01
  1.717403937265e+01
  1.715817694370e+01
  1.715842645296e+01
  1.714995166310e+01
  1.714545302181e+01
  1.712268597216e+01
  1.716050467781e+01
  1.710285503090e+01
  1.696065006926e+01
  1.693990336171e+01
  1.695407335760e+01
  1.695077355327e+01
  1.693707485031e+01
  1.694801563234e+01
  1.692904918900e+01
  1.687849636568e+01
  1.687191493175e+01
  1.686925638521e+01
  1.671645709243e+01
  1.671567144345e+01
  1.663932944445e+01
  1.667433196265e+01
  1.670286197150e+01
  1.664874536684e+01
  1.667350232295e+01
  1.665761146978e+01
  1.664941842078e+01
  1.665950152981e+01
  1.664787780881e+01
  1.663073549265e+01
  1.650962776108e+01
  1.651133081822e+01
  1.650756715188e+01
  1.650226177478e+01
  1.648779878158e+01
  1.641518944100e+01
  1.641713278773e+01
  1.638444694869e+01
  1.640050829144e+01
  1.638349677690e+01
  1.637610210508e+01
  1.629883988117e+01
  1.622589615777e+01
  1.622530904555e+01
  1.621479283273e+01
  1.621046106442e+01
  1.617401428913e+01
  1.614965058047e+01
  1.615341280773e+01
  1.614613332955e+01
  1.605932625261e+01
  1.605298528867e+01
  1.607903731817e+01
  1.600788356250e+01
  1.600247313829e+01
  1.599763982427e+01
  1.591437906566e+01
  1.588380773869e+01
  1.588177437903e+01
  1.582790934199e+01
  1.582375877249e+01
  1.581698951122e+01
  1.579694841234e+01
  1.572692274605e+01
  1.567218877181e+01
  1.567741461990e+01
  1.565508920736e+01
  1.565102131509e+01
  1.565464325801e+01
  1.565847303391e+01
  1.566041121552e+01
  1.558974039185e+01
  1.554893273783e+01
  1.556115924509e+01
  1.553385269216e+01
  1.543097239970e+01
  1.543561914394e+01
  1.544477393677e+01
  1.543197899453e+01
  1.537411467058e+01
  1.538347105970e+01
  1.542457162190e+01
  1.536325980353e+01
  1.535013686699e+01
  1.529536790415e+01
  1.529587811265e+01
  1.529559204245e+01
  1.519855269565e+01
  1.519869327715e+01
  1.517225969367e+01
  1.509475894215e+01
  1.508622152759e+01
  1.508033832334e+01
  1.507229465038e+01
  1.507084235732e+01
  1.506771117046e+01
  1.507443085646e+01
  1.497263348515e+01
  1.493462310618e+01
  1.491810817000e+01
  1.491584925327e+01
  1.491902727925e+01
  1.492024955043e+01
  1.489284730206e+01
  1.481588814360e+01
  1.481121923514e+01
  1.470978278809e+01
  1.470729049724e+01
  1.471551121323e+01
  1.470564569823e+01
  1.470094128259e+01
  1.466861680146e+01
  1.462782532513e+01
  1.461630524795e+01
  1.451233476706e+01
  1.446929052354e+01
  1.446897659400e+01
  1.445162610604e+01
  1.442661488076e+01
  1.445945673637e+01
  1.444581689852e+01
  1.448301471941e+01
  1.439952048758e+01
  1.437222934888e+01
  1.437137589828e+01
  1.437262993112e+01
  1.424458728902e+01
  1.420166911150e+01
  1.423416333500e+01
  1.419938557155e+01
  1.421513094260e+01
  1.418839858547e+01
  1.418104755624e+01
  1.418020770189e+01
  1.417678915916e+01
  1.408187136542e+01
  1.406879041981e+01
  1.406869897995e+01
  1.405321192482e+01
  1.398492741053e+01
  1.398093466611e+01
  1.393709297407e+01
  1.395180396738e+01
  1.395905519543e+01
  1.393785967141e+01
  1.391822209976e+01
  1.380452581531e+01
  1.382608405248e+01
  1.378017667885e+01
  1.377888071792e+01
  1.378342186732e+01
  1.374120439738e+01
  1.372256753180e+01
  1.372011809729e+01
  1.371981994077e+01
  1.372080150032e+01
  1.365010308558e+01
  1.363204227896e+01
  1.356276905752e+01
  1.354985092827e+01
  1.351944198285e+01
  1.347751318178e+01
  1.345675872435e+01
  1.345388371916e+01
  1.345074579005e+01
  1.344812654149e+01
  1.344583191984e+01
  1.343646446848e+01
  1.339867240594e+01
  1.339128665622e+01
  1.337109171947e+01
  1.335325985263e+01
  1.331163610825e+01
  1.332452655324e+01
  1.332403469878e+01
  1.329963761238e+01
  1.328902083679e+01
  1.330604111018e+01
  1.328774186955e+01
  1.316938941871e+01
  1.317002774909e+01
  1.316891503943e+01
  1.316835429950e+01
  1.316885077033e+01
  1.312929354253e+01
  1.314426081601e+01
  1.310888525289e+01
  1.310185528824e+01
  1.310937609605e+01
  1.310047157768e+01
  1.310172923878e+01
  1.301987210059e+01
  1.294008622080e+01
  1.293119505043e+01
  1.292774447284e+01
  1.286838373368e+01
  1.281185168027e+01
  1.279373317394e+01
  1.276416557522e+01
  1.271065850998e+01
  1.271103883450e+01
  1.268410577653e+01
  1.263603541595e+01
  1.263266189893e+01
  1.259511516092e+01
  1.259744219968e+01
  1.254282250365e+01
  1.254541912175e+01
  1.250629278141e+01
  1.249540843392e+01
  1.249358520842e+01
  1.249031499116e+01
  1.248953942060e+01
  1.247472945713e+01
  1.234543225334e+01
  1.234986002719e+01
  1.234918248780e+01
  1.233559513722e+01
  1.230701463188e+01
  1.231173274167e+01
  1.224251481882e+01
  1.217633030975e+01
  1.218418066097e+01
  1.216840888034e+01
  1.215722876413e+01
  1.213354892149e+01
  1.212558849586e+01
  1.210475112692e+01
  1.206553370501e+01
  1.203992438927e+01
  1.200716443488e+01
  1.196569578994e+01
  1.196770752884e+01
  1.196341413446e+01
  1.196011874484e+01
  1.195857402138e+01
  1.195939924550e+01
  1.193827719677e+01
  1.193598302608e+01
  1.193391190529e+01
  1.193081226521e+01
  1.192659609461e+01
  1.188350839503e+01
  1.188905702658e+01
  1.184520730475e+01
  1.182082699688e+01
  1.178090542360e+01
  1.175576518146e+01
  1.176160336646e+01
  1.174010262203e+01
  1.174443938622e+01
  1.173404048148e+01
  1.173859435973e+01
  1.173642622959e+01
  1.175379071520e+01
  1.171328375055e+01
  1.163886925349e+01
  1.162579675945e+01
  1.161038609410e+01
  1.160690253208e+01
  1.160427732223e+01
  1.160163601630e+01
  1.159861776952e+01
  1.155386356172e+01
  1.153990512325e+01
  1.154590817383e+01
  1.155654084364e+01
  1.156135190763e+01
  1.150606179607e+01
  1.149024053440e+01
  1.148419881972e+01
  1.145761202510e+01
  1.142934078648e+01
  1.136733265123e+01
  1.135142999324e+01
  1.130695766856e+01
  1.130241196862e+01
  1.129531893745e+01
  1.122636618597e+01
  1.123062066193e+01
  1.121866531217e+01
  1.122476471094e+01
  1.124114986797e+01
  1.117845009448e+01
  1.112490723218e+01
  1.112207005747e+01
  1.111785347158e+01
  1.111382905975e+01
  1.110608129030e+01
  1.109723833017e+01
  1.109284489319e+01
  1.108862461247e+01
  1.107377403632e+01
  1.104843579008e+01
  1.102478459776e+01
  1.097703296367e+01
  1.097466312448e+01
  1.090082332829e+01
  1.085680728874e+01
  1.084661519442e+01
  1.080133426727e+01
  1.080042682417e+01
  1.080821577478e+01
  1.071483274181e+01
  1.071804816603e+01
  1.071102422038e+01
  1.068007713245e+01
  1.069969751093e+01
  1.068680186248e+01
  1.066576107245e+01
  1.061046793559e+01
  1.061057604923e+01
  1.054199001440e+01
  1.052022602280e+01
  1.053020943290e+01
  1.051684896090e+01
  1.052235799352e+01
  1.051375169425e+01
  1.053175682159e+01
  1.051605128917e+01
  1.048275058150e+01
  1.047545241786e+01
  1.041068919595e+01
  1.035953263289e+01
  1.036567849015e+01
  1.034763941896e+01
  1.035046911274e+01
  1.031927331680e+01
  1.031865360041e+01
  1.032291839174e+01
  1.031553466912e+01
  1.028116413622e+01
  1.026271630086e+01
  1.025899868069e+01
  1.025456969262e+01
  1.021890321329e+01
  1.018668578668e+01
  1.018376466815e+01
  1.017518102171e+01
  1.018414595020e+01
  1.013791916907e+01
  1.012710748023e+01
  1.008583245133e+01
  1.006252348970e+01
  1.005236882061e+01
  1.004659611277e+01
  1.004226891409e+01
  1.003703364303e+01
  1.001660607303e+01
  9.997143103419e+00
  9.983219054548e+00
  9.973329694932e+00
  9.946042718253e+00
  9.920270783711e+00
  9.920806249514e+00
  9.921211591256e+00
  9.870019437507e+00
  9.858647025746e+00
  9.851550461040e+00
  9.855962602128e+00
  9.854153636548e+00
  9.842680892168e+00
  9.797581956773e+00
  9.789879809646e+00
  9.777235467117e+00
  9.771957845825e+00
  9.739687375515e+00
  9.720573171064e+00
  9.720917745821e+00
  9.687788380905e+00
  9.682199121822e+00
  9.683476186582e+00
  9.682747411478e+00
  9.608394311089e+00
  9.576249329167e+00
  9.546958030491e+00
  9.547013312355e+00
  9.543722197593e+00
  9.547569373264e+00
  9.545676529051e+00
  9.545689328596e+00
  9.543172722057e+00
  9.531610741791e+00
  9.536554281306e+00
  9.477630895560e+00
  9.471795833546e+00
  9.466908893309e+00
  9.463119384822e+00
  9.459359752694e+00
  9.454664411414e+00
  9.449902288010e+00
  9.418483963147e+00
  9.416263692719e+00
  9.363069799361e+00
  9.373107803862e+00
  9.327122713223e+00
  9.317346009893e+00
  9.306732210879e+00
  9.253333015679e+00
  9.252131691142e+00
  9.238585990189e+00
  9.255218147018e+00
  9.214067669956e+00
  9.124853546101e+00
  9.126437305440e+00
  9.118313570008e+00
  9.133865063022e+00
  9.118634821421e+00
  9.100077258006e+00
  9.085986494975e+00
  9.085821031132e+00
  9.027894388080e+00
  9.019094163759e+00
  8.966153283814e+00
  8.963687405564e+00
  8.963408655307e+00
  8.963296198397e+00
  8.963073478762e+00
  8.963012720297e+00
  8.961582643335e+00
  8.962352420861e+00
  8.928817063597e+00
  8.832293474291e+00
  8.841644913832e+00
  8.827850048146e+00
  8.784721612172e+00
  8.744010352908e+00
  8.698146521045e+00
  8.695610895394e+00
  8.697298716557e+00
  8.695508508990e+00
  8.697033458245e+00
  8.694967012100e+00
  8.696653291728e+00
  8.695384899784e+00
  8.697735051611e+00
  8.693901329838e+00
  8.702823441187e+00
  8.660445579925e+00
  8.655138599062e+00
  8.648431736631e+00
  8.632022905936e+00
  8.571260827103e+00
  8.573917457182e+00
  8.567365686269e+00
  8.561189636433e+00
  8.530240026596e+00
  8.423463987638e+00
  8.356683299252e+00
  8.344250394266e+00
  8.330729980215e+00
  8.314570120096e+00
  8.301097405077e+00
  8.290334133627e+00
  8.281985026171e+00
  8.274111381123e+00
  8.266286858340e+00
  8.260469112041e+00
  8.255872608583e+00
  8.252506905285e+00
  8.248790108711e+00
  8.244791147073e+00
  8.240836807533e+00
  8.237673351539e+00
  8.235549904138e+00
  8.232641270066e+00
  8.229457012197e+00
  8.225639152726e+00
  8.220601484969e+00
  8.211387387802e+00
  8.154960949750e+00
  8.138057365383e+00
  8.168710180832e+00
  8.148527474234e+00
  8.146793180495e+00
  8.156143815690e+00
  8.145524904648e+00
  8.098444693697e+00
  8.096510404016e+00
  8.093443663157e+00
  8.090123981150e+00
  8.055029686142e+00
  8.052544102018e+00
  8.061798906862e+00
  8.021012467911e+00
  8.022183880370e+00
  8.026574120059e+00
  8.024028211817e+00
  8.020288120830e+00
  8.023284527432e+00
  8.020957247187e+00
  8.021046314209e+00
  8.019962831905e+00
  8.020545098198e+00
  8.024271469242e+00
  7.985402683894e+00
  7.981909799630e+00
  7.977051617906e+00
  7.967848139189e+00
  7.956069765185e+00
  7.929314915121e+00
  7.903595108307e+00
  7.894529091340e+00
  7.887293727551e+00
  7.882388458292e+00
  7.878538153003e+00
  7.875752134329e+00
  7.873705759616e+00
  7.871815358699e+00
  7.869857736582e+00
  7.868136329625e+00
  7.866230038458e+00
  7.864652476736e+00
  7.862927163347e+00
  7.860912164526e+00
  7.858472061560e+00
  7.856039644718e+00
  7.853608733213e+00
  7.844706196141e+00
  7.843137795986e+00
  7.834282979002e+00
  7.830865827511e+00
  7.827365880042e+00
  7.824040459678e+00
  7.820638351785e+00
  7.817514202469e+00
  7.814783382019e+00
  7.811273385976e+00
  7.806462189400e+00
  7.800099061258e+00
  7.790103452574e+00
  7.765094719221e+00
  7.751871883263e+00
  7.723182599979e+00
  7.720064292695e+00
  7.716763897892e+00
  7.713656720678e+00
  7.711176347663e+00
  7.693125705027e+00
  7.695113449058e+00
  7.693688696527e+00
  7.684068231800e+00
  7.667894296544e+00
  7.656481249660e+00
  7.649066928571e+00
  7.643798968087e+00
  7.638310711203e+00
  7.632649727782e+00
  7.624886103264e+00
  7.612012669434e+00
  7.597744989287e+00
  7.541023194912e+00
  7.542122339581e+00
  7.537992905608e+00
  7.541580504109e+00
  7.542807201979e+00
  7.538612029866e+00
  7.524724938822e+00
  7.523485551462e+00
  7.459602522539e+00
  7.440110827891e+00
  7.423849860060e+00
  7.406721599852e+00
  7.396296526403e+00
  7.391365406932e+00
  7.375387300026e+00
  7.366942386159e+00
  7.326747336882e+00
  7.308401675922e+00
  7.305461762772e+00
  7.305243020985e+00
  7.303436662178e+00
  7.307902204897e+00
  7.301552476633e+00
  7.302521560695e+00
  7.299489110840e+00
  7.251468603679e+00
  7.235209423137e+00
  7.202301122187e+00
  7.199955332906e+00
  7.165684967826e+00
  7.159159571940e+00
  7.153152573168e+00
  7.147079024538e+00
  7.141071874888e+00
  7.130516256507e+00
  7.077359727872e+00
  7.076735162386e+00
  7.074405986203e+00
  7.067517137067e+00
  7.064218816111e+00
  7.060584086220e+00
  7.056385223756e+00
  7.064867596716e+00
  6.993877559584e+00
  6.969704784214e+00
  6.951912923119e+00
  6.920851070898e+00
  6.871809372137e+00
  6.833338872122e+00
  6.826915443118e+00
  6.823711149240e+00
  6.823376889222e+00
  6.823737420112e+00
  6.831726460144e+00
  6.827447236144e+00
  6.785834976636e+00
  6.774218678553e+00
  6.766188274602e+00
  6.759076764187e+00
  6.753234123822e+00
  6.730258072082e+00
  6.731570025239e+00
  6.720044337782e+00
  6.708698119617e+00
  6.705248667499e+00
  6.711077728927e+00
  6.650599439189e+00
  6.643629234586e+00
  6.648586203223e+00
  6.650220100572e+00
  6.650807910709e+00
  6.655690905278e+00
  6.635250965097e+00
  6.634962006876e+00
  6.604880213892e+00
  6.597851079903e+00
  6.587046835879e+00
  6.572560741963e+00
  6.554024826646e+00
  6.509645341503e+00
  6.457220269989e+00
  6.431496840849e+00
  6.418876632401e+00
  6.409919478592e+00
  6.403754136825e+00
  6.398087739536e+00
  6.394385218228e+00
  6.391920612346e+00
  6.389114992569e+00
  6.386495372345e+00
  6.384399591909e+00
  6.382015989503e+00
  6.379947569591e+00
  6.378506982871e+00
  6.377062979874e+00
  6.375339168044e+00
  6.373218207520e+00
  6.370493910763e+00
  6.367171880531e+00
  6.358063232210e+00
  6.349206349206e+00
  6.346228658426e+00
  6.342529578387e+00
  6.338939279935e+00
  6.336838449908e+00
  6.334951702328e+00
  6.332997895545e+00
  6.301139762826e+00
  6.300717779852e+00
  6.304031526801e+00
  6.305825037184e+00
  6.250660225986e+00
  6.227564704113e+00
  6.201631088682e+00
  6.169434892103e+00
  6.156308677317e+00
  6.145590262435e+00
  6.140092346989e+00
  6.135594177076e+00
  6.131102592966e+00
  6.126613826665e+00
  6.122191597659e+00
  6.118116354337e+00
  6.115119571991e+00
  6.112940238674e+00
  6.111031328202e+00
  6.109123609563e+00
  6.107041785601e+00
  6.105155193045e+00
  6.102960607220e+00
  6.100361934474e+00
  6.097761755570e+00
  6.095163792289e+00
  6.085834611359e+00
  6.075666348707e+00
  6.071549568738e+00
  6.068174729450e+00
  6.064954449160e+00
  6.061847820948e+00
  6.059555737612e+00
  6.057294739482e+00
  6.053990699859e+00
  6.050499892301e+00
  6.047415364910e+00
  6.043533992763e+00
  6.037065165289e+00
  6.029893801510e+00
  6.023410587590e+00
  6.016912337197e+00
  6.008264969292e+00
  5.996767742187e+00
  5.986493273875e+00
  5.955170666259e+00
  5.924798897513e+00
  5.918504559616e+00
  5.912950722060e+00
  5.907759783398e+00
  5.902860171868e+00
  5.897704318594e+00
  5.891425736811e+00
  5.880059717886e+00
  5.870797829683e+00
  5.867064062472e+00
  5.862585681690e+00
  5.858865782173e+00
  5.855298020031e+00
  5.849978472079e+00
  5.845365531165e+00
  5.841247737247e+00
  5.833727109913e+00
  5.824210193416e+00
  5.807227908144e+00
  5.766380846389e+00
  5.725245469900e+00
  5.708270827768e+00
  5.697281769895e+00
  5.688126831577e+00
  5.682819132915e+00
  5.677534224176e+00
  5.655436300961e+00
  5.653809338849e+00
  5.646519867337e+00
  5.626850882262e+00
  5.618498343948e+00
  5.602520237704e+00
  5.588068802538e+00
  5.580936414159e+00
  5.578445778065e+00
  5.557808312775e+00
  5.558042028317e+00
  5.552866657678e+00
  5.555030016602e+00
  5.554656401753e+00
  5.555580247023e+00
  5.554005162204e+00
  5.550813413967e+00
  5.531417066081e+00
  5.523342196456e+00
  5.494224745659e+00
  5.497678988650e+00
  5.496718695858e+00
  5.467513402242e+00
  5.463080773288e+00
  5.458452714243e+00
  5.454513719193e+00
  5.451670937142e+00
  5.448356121991e+00
  5.442295342484e+00
  5.434088581078e+00
  5.427691212134e+00
  5.423575850335e+00
  5.419334559909e+00
  5.415765618662e+00
  5.411852823580e+00
  5.406685474723e+00
  5.400999941129e+00
  5.394773327809e+00
  5.381746085991e+00
  5.362338580203e+00
  5.336318825839e+00
  5.315648525067e+00
  5.309884881696e+00
  5.307064073777e+00
  5.304139350349e+00
  5.301501703372e+00
  5.299422680893e+00
  5.296166952130e+00
  5.291615646672e+00
  5.278833251159e+00
  5.249148194477e+00
  5.241698932032e+00
  5.216494974429e+00
  5.196940664969e+00
  5.171882337608e+00
  5.147533456394e+00
  5.131626212347e+00
  5.120526963671e+00
  5.109136259642e+00
  5.064388123377e+00
  5.062974777864e+00
  5.009239542336e+00
  4.990719756613e+00
  4.983685904193e+00
  4.962641236770e+00
  4.935402978121e+00
  4.923816253025e+00
  4.919422322076e+00
  4.916239568354e+00
  4.913060930308e+00
  4.910677236408e+00
  4.908922309923e+00
  4.906956739779e+00
  4.904607830010e+00
  4.902547167406e+00
  4.900903726647e+00
  4.898503017478e+00
  4.895548575591e+00
  4.892966360856e+00
  4.890740849424e+00
  4.888519751331e+00
  4.877174159772e+00
  4.876290937072e+00
  4.877442332299e+00
  4.865207007260e+00
  4.862214563694e+00
  4.859001494629e+00
  4.856427019800e+00
  4.853815220108e+00
  4.851354498176e+00
  4.848726990972e+00
  4.845541108844e+00
  4.841852977134e+00
  4.838062781605e+00
  4.834551962731e+00
  4.831043901628e+00
  4.827536266866e+00
  4.822282029236e+00
  4.815016688848e+00
  4.800454699069e+00
  4.783901597058e+00
  4.773552229344e+00
  4.766128459554e+00
  4.761743769615e+00
  4.759386819640e+00
  4.757702125028e+00
  4.755785651034e+00
  4.753750947185e+00
  4.751715725756e+00
  4.749332600036e+00
  4.734078987364e+00
  4.731759594224e+00
  4.730295776582e+00
  4.731053785458e+00
  4.730249656354e+00
  4.730084860417e+00
  4.713215006500e+00
  4.711409667907e+00
  4.709776506975e+00
  4.707583729084e+00
  4.705136173699e+00
  4.703182173058e+00
  4.701183381881e+00
  4.699093544855e+00
  4.696555546162e+00
  4.692652385674e+00
  4.684992796824e+00
  4.672054479893e+00
  4.652171121741e+00
  4.603377590205e+00
  4.530856948160e+00
  4.478711564257e+00
  4.456101606246e+00
  4.446928795331e+00
  4.441444002274e+00
  4.436010110554e+00
  4.431663526833e+00
  4.427049092876e+00
  4.415820117152e+00
  4.405076762868e+00
  4.400221243124e+00
  4.395496198775e+00
  4.390719599426e+00
  4.371345828097e+00
  4.348990860161e+00
  4.337642057777e+00
  4.308738336784e+00
  4.279513881459e+00
  4.265778474711e+00
  4.255485746676e+00
  4.249982256324e+00
  4.244676750887e+00
  4.239485123011e+00
  4.234338452366e+00
  4.225010541401e+00
  4.186109400620e+00
  4.186041605459e+00
  4.183034527866e+00
  4.149883844751e+00
  4.144473013678e+00
  4.138826162679e+00
  4.134811390578e+00
  4.131405123934e+00
  4.128239636054e+00
  4.124490316109e+00
  4.111721522385e+00
  4.104225283125e+00
  4.103306485399e+00
  4.084937283958e+00
  4.081011339906e+00
  4.077367227672e+00
  4.074838483590e+00
  4.072032628383e+00
  4.069071677918e+00
  4.066162977505e+00
  4.061944656004e+00
  4.056252104181e+00
  4.050345798273e+00
  4.044335624854e+00
  4.039145785293e+00
  4.033035399565e+00
  4.025585008077e+00
  4.017800463172e+00
  4.008994580240e+00
  3.999875203894e+00
  3.988906054481e+00
  3.976075160544e+00
  3.964185958378e+00
  3.949443957785e+00
  3.928488930304e+00
  3.906549095165e+00
  3.865618723202e+00
  3.804723335738e+00
  3.764310496893e+00
  3.750315964120e+00
  3.741802179151e+00
  3.732904696330e+00
  3.726566881627e+00
  3.722518969026e+00
  3.719706708565e+00
  3.716919417187e+00
  3.712913103353e+00
  3.708307498791e+00
  3.704116644115e+00
  3.686047999471e+00
  3.685705176757e+00
  3.684395959217e+00
  3.667231053526e+00
  3.663670638940e+00
  3.659115350318e+00
  3.655108361170e+00
  3.650754245827e+00
  3.645115890992e+00
  3.640303106198e+00
  3.632035570704e+00
  3.612390499413e+00
  3.581978778209e+00
  3.560928918161e+00
  3.554751707703e+00
  3.549231928465e+00
  3.544008074668e+00
  3.540742975343e+00
  3.538320005661e+00
  3.536086648267e+00
  3.533269263384e+00
  3.530809134344e+00
  3.528906508327e+00
  3.526905172453e+00
  3.524802981137e+00
  3.522303755727e+00
  3.519409189741e+00
  3.516890393649e+00
  3.514751941110e+00
  3.500050113707e+00
  3.499959400471e+00
  3.499837046159e+00
  3.500658246795e+00
  3.485480360190e+00
  3.483024435506e+00
  3.480071717318e+00
  3.476661000868e+00
  3.472336761108e+00
  3.468600665902e+00
  3.465264020198e+00
  3.458941328745e+00
  3.449861608802e+00
  3.438324875627e+00
  3.423365565461e+00
  3.410738916122e+00
  3.398946598470e+00
  3.384547172972e+00
  3.350842602881e+00
  3.298054049169e+00
  3.246095596217e+00
  3.209066511433e+00
  3.183699458771e+00
  3.144629366121e+00
  3.110194502234e+00
  3.096738391257e+00
  3.089272562811e+00
  3.083266066745e+00
  3.079609443930e+00
  3.077378528945e+00
  3.075402408717e+00
  3.073677273722e+00
  3.071671935608e+00
  3.069084163802e+00
  3.065388726542e+00
  3.050094944885e+00
  3.049765152834e+00
  3.034577186291e+00
  3.031462334990e+00
  3.028546473348e+00
  3.024449346069e+00
  3.020978277354e+00
  3.017002619965e+00
  3.012116237566e+00
  3.005879801480e+00
  2.999007928177e+00
  2.990586232657e+00
  2.979719137634e+00
  2.967142457850e+00
  2.943705459897e+00
  2.904612524689e+00
  2.858857354739e+00
  2.813818889673e+00
  2.769493146751e+00
  2.731713500073e+00
  2.710077776522e+00
  2.698169049465e+00
  2.689544288995e+00
  2.684422510923e+00
  2.679123519382e+00
  2.674582718291e+00
  2.671886464063e+00
  2.669290401178e+00
  2.665874724149e+00
  2.662900260538e+00
  2.660163807567e+00
  2.656981790907e+00
  2.653915839552e+00
  2.651410802431e+00
  2.647946041215e+00
  2.633631588629e+00
  2.631966123438e+00
  2.616596179927e+00
  2.611577016451e+00
  2.606773440107e+00
  2.601454785545e+00
  2.594966025407e+00
  2.584669909221e+00
  2.571235434915e+00
  2.550920844161e+00
  2.521831495254e+00
  2.501843858924e+00
  2.494787142266e+00
  2.487457616832e+00
  2.479957602645e+00
  2.467608322453e+00
  2.451738748603e+00
  2.439546810268e+00
  2.426922923840e+00
  2.410680084191e+00
  2.391620145669e+00
  2.362866885295e+00
  2.334348775050e+00
  2.315884839384e+00
  2.289004173312e+00
  2.252944880577e+00
  2.217454202918e+00
  2.182519286377e+00
  2.148137725702e+00
  2.114296322012e+00
  2.080990051827e+00
  2.048207848855e+00
  2.023235647470e+00
  2.011819034464e+00
  2.006559442819e+00
  2.001972343152e+00
  1.998374122814e+00
  1.995603685082e+00
  1.992400982652e+00
  1.986950503871e+00
  1.975962417195e+00
  1.964921436546e+00
  1.957484225613e+00
  1.950949995591e+00
  1.945759237200e+00
  1.940293294734e+00
  1.932595326714e+00
  1.917330094835e+00
  1.891878035164e+00
  1.862074641634e+00
  9.258350569296e-01
