2466
  3.094652969109e-05
  3.068786976576e-05
  3.022396594152e-05
  2.968894230630e-05
  2.913307998110e-05
  2.858951212766e-05
  2.808743663345e-05
  2.762800520175e-05
  2.718889790354e-05
  2.676351928917e-05
  2.636020222096e-05
  2.597870035984e-05
  2.563739856041e-05
  2.540783264078e-05
  2.527057543273e-05
  2.528101375134e-05
  2.538126630429e-05
  2.553471092321e-05
  2.567615819021e-05
  2.578913279378e-05
  2.584090863013e-05
  2.588970284556e-05
  2.593814071377e-05
  2.598470193869e-05
  2.602988805072e-05
  2.607243734146e-05
  2.611358473466e-05
  2.615245454309e-05
  2.619072429511e-05
  2.622882781898e-05
  2.626690774746e-05
  2.630579823283e-05
  2.634456701367e-05
  2.638368922101e-05
  2.642400221534e-05
  2.646989815110e-05
  2.651623057855e-05
  2.656467156889e-05
  2.661210573967e-05
  2.664677344661e-05
  2.667679067999e-05
  2.664529158218e-05
  2.656671168243e-05
  2.642827263793e-05
  2.614102139313e-05
  2.585404932852e-05
  2.561286925683e-05
  2.538692348628e-05
  2.509706159068e-05
  2.470704260706e-05
  2.431359097619e-05
  2.382730554667e-05
  2.331624898056e-05
  2.294237608600e-05
  2.296360561579e-05
  2.298620533012e-05
  2.294344684336e-05
  2.282375986629e-05
  2.267561703704e-05
  2.244263832793e-05
  2.214075912684e-05
  2.181189942258e-05
  2.149175320857e-05
  2.122547834018e-05
  2.094812073047e-05
  2.079735974598e-05
  2.074695522810e-05
  2.072059850944e-05
  2.095085602680e-05
  2.129848846405e-05
  2.164355799186e-05
  2.200213198754e-05
  2.246243115233e-05
  2.293812133562e-05
  2.337664732607e-05
  2.377114389150e-05
  2.416223143321e-05
  2.455023180068e-05
  2.493824373230e-05
  2.536773444670e-05
  2.580916750916e-05
  2.624805092009e-05
  2.668432106353e-05
  2.711473464003e-05
  2.753156442411e-05
  2.794457893820e-05
  2.834996267386e-05
  2.870201982234e-05
  2.903742997207e-05
  2.936951104341e-05
  2.969824594786e-05
  3.002371214567e-05
  3.034586925353e-05
  3.066477077635e-05
  3.098039660934e-05
  3.126726629754e-05
  3.139621073422e-05
  3.149754606995e-05
  3.159755892163e-05
  3.169627684109e-05
  3.179364472476e-05
  3.188977277974e-05
  3.198463345425e-05
  3.207968699100e-05
  3.218052639515e-05
  3.228216480010e-05
  3.239190341945e-05
  3.250227572903e-05
  3.261116024417e-05
  3.271861206832e-05
  3.282465875322e-05
  3.292930029886e-05
  3.303256425704e-05
  3.313447817943e-05
  3.323504206615e-05
  3.333428346881e-05
  3.343220238752e-05
  3.354218897263e-05
  3.367710989133e-05
  3.381095629173e-05
  3.394303938018e-05
  3.407335915664e-05
  3.419428378638e-05
  3.428333104169e-05
  3.436813532750e-05
  3.445180999156e-05
  3.453438258564e-05
  3.461585310970e-05
  3.467382199127e-05
  3.471074133594e-05
  3.474719230093e-05
  3.478402899035e-05
  3.482097588681e-05
  3.485748195526e-05
  3.490139944441e-05
  3.495292121649e-05
  3.500378174659e-05
  3.505392593120e-05
  3.510343642552e-05
  3.515228567792e-05
  3.519942672178e-05
  3.523725527418e-05
  3.527271437619e-05
  3.530770509841e-05
  3.534225499263e-05
  3.537633650706e-05
  3.540994964182e-05
  3.544025656654e-05
  3.540625770731e-05
  3.534652551380e-05
  3.528756476930e-05
  3.522934792203e-05
  3.517195762724e-05
  3.511528367794e-05
  3.505935362592e-05
  3.500436033331e-05
  3.495272835425e-05
  3.490272192841e-05
  3.485373491729e-05
  3.480560201044e-05
  3.475534761885e-05
  3.470294419077e-05
  3.465120200467e-05
  3.460017616411e-05
  3.454735945977e-05
  3.447525653064e-05
  3.439976473623e-05
  3.432523725307e-05
  3.425170163290e-05
  3.417800070228e-05
  3.409986393987e-05
  3.402211290200e-05
  3.394535372717e-05
  3.386958641527e-05
  3.379577527760e-05
  3.373328790911e-05
  3.367452002685e-05
  3.361649604182e-05
  3.355924350574e-05
  3.350276241874e-05
  3.344674971141e-05
  3.339090231464e-05
  3.333577126331e-05
  3.328017183225e-05
  3.322300195149e-05
  3.316654841622e-05
  3.311273984889e-05
  3.306435897628e-05
  3.301683220788e-05
  3.296996668150e-05
  3.292370729364e-05
  3.287805404428e-05
  3.283427431385e-05
  3.283972956036e-05
  3.287003648508e-05
  3.289993013360e-05
  3.292946560937e-05
  3.295858780887e-05
  3.298732428390e-05
  3.301570258617e-05
  3.306951115350e-05
  3.293627089155e-05
  3.235953011344e-05
  3.185249526233e-05
  3.143762101415e-05
  3.114267953277e-05
  3.087906439090e-05
  3.072452662641e-05
  3.070267808888e-05
  3.068493476201e-05
  3.071559985948e-05
  3.076172148863e-05
  3.079943983404e-05
  3.079324069037e-05
  3.078018116099e-05
  3.076337459359e-05
  3.072364497041e-05
  3.068107751705e-05
  3.064256017083e-05
  3.065688708075e-05
  3.068937059374e-05
  3.072108265772e-05
  3.076940842681e-05
  3.085120957188e-05
  3.092623298656e-05
  3.096786368045e-05
  3.101806296853e-05
  3.110857046655e-05
  3.121142114847e-05
  3.130314092351e-05
  3.137540916314e-05
  3.143897104988e-05
  3.158396726975e-05
  3.188004701207e-05
  3.218147143605e-05
  3.248197008947e-05
  3.277754526109e-05
  3.300298146727e-05
  3.310871729342e-05
  3.320966690462e-05
  3.330777868557e-05
  3.340343836077e-05
  3.349661837853e-05
  3.358516226145e-05
  3.367126892034e-05
  3.375802938040e-05
  3.385776671458e-05
  3.395879898102e-05
  3.405462396678e-05
  3.404090319538e-05
  3.397318099440e-05
  3.390700169146e-05
  3.388033159766e-05
  3.396023167201e-05
  3.404451247457e-05
  3.415780526965e-05
  3.437356302216e-05
  3.465216631592e-05
  3.493272578391e-05
  3.511814905991e-05
  3.536597704915e-05
  3.555859133186e-05
  3.567094736748e-05
  3.569012338528e-05
  3.589626557710e-05
  3.631034082454e-05
  3.656976810044e-05
  3.675761593040e-05
  3.686311158032e-05
  3.693223892049e-05
  3.713265034837e-05
  3.741888547684e-05
  3.759888105812e-05
  3.762133573421e-05
  3.769007734991e-05
  3.794104623861e-05
  3.821356059568e-05
  3.844383812028e-05
  3.863857388769e-05
  3.882947996192e-05
  3.902137789914e-05
  3.921019004036e-05
  3.939522759182e-05
  3.957817121039e-05
  3.975720248041e-05
  3.993537964623e-05
  4.012223561321e-05
  4.030611599123e-05
  4.048583605502e-05
  4.066145090814e-05
  4.083309830921e-05
  4.100080581013e-05
  4.123472016572e-05
  4.155903181236e-05
  4.187648307329e-05
  4.218712905204e-05
  4.251617959963e-05
  4.285294463713e-05
  4.318202273651e-05
  4.350363431163e-05
  4.363602046931e-05
  4.338722816882e-05
  4.331044144220e-05
  4.342020761333e-05
  4.356267771144e-05
  4.375154495612e-05
  4.400232098264e-05
  4.432068145131e-05
  4.466973456923e-05
  4.502975328358e-05
  4.539329862187e-05
  4.575290405995e-05
  4.610121328065e-05
  4.644180801138e-05
  4.678237519037e-05
  4.711999433215e-05
  4.745298477995e-05
  4.777900463506e-05
  4.809518851552e-05
  4.839274741316e-05
  4.866231373294e-05
  4.890777227173e-05
  4.913262210168e-05
  4.934204295168e-05
  4.954102168858e-05
  4.973457273076e-05
  4.991633162409e-05
  5.006139158662e-05
  5.017391293274e-05
  5.026403470623e-05
  5.032331503846e-05
  5.035343439704e-05
  5.040224168967e-05
  5.048586922929e-05
  5.061357078460e-05
  5.078773145655e-05
  5.099635272906e-05
  5.123255711761e-05
  5.149317707905e-05
  5.177608701275e-05
  5.207782756386e-05
  5.239831907295e-05
  5.272776421178e-05
  5.306900770731e-05
  5.341840369735e-05
  5.376985085393e-05
  5.412147109490e-05
  5.447042019311e-05
  5.481164382635e-05
  5.514294398678e-05
  5.545921038942e-05
  5.575509506138e-05
  5.603025660046e-05
  5.626376879057e-05
  5.645284329261e-05
  5.660902982005e-05
  5.675133659263e-05
  5.688935618512e-05
  5.703262937234e-05
  5.720478031911e-05
  5.807248136125e-05
  6.007479918235e-05
  5.833617311131e-05
  5.613018699759e-05
  6.112735679413e-05
  6.599857564565e-05
  6.281791089774e-05
  5.816305335374e-05
  5.696463060099e-05
  6.057059170761e-05
  6.346811285098e-05
  6.377259669066e-05
  6.753649361427e-05
  6.710953024676e-05
  6.602524249607e-05
  6.360445994796e-05
  6.142364834097e-05
  6.252329355832e-05
  6.403036409767e-05
  6.530003834985e-05
  6.476662835925e-05
  6.469603970519e-05
  7.051788210595e-05
  7.247629487345e-05
  7.043840389614e-05
  7.078121833142e-05
  7.257443165576e-05
  7.763200884475e-05
  7.487680321091e-05
  6.947628236180e-05
  6.696522755193e-05
  6.983022841540e-05
  7.213870801972e-05
  7.264300075412e-05
  7.699751258634e-05
  7.840346232470e-05
  7.655512690963e-05
  7.819738273606e-05
  7.556296959201e-05
  7.430074625894e-05
  1.005915942094e-04
  2.062290132901e-04
  3.675195663337e-04
  4.795717755173e-04
  3.338161706604e-04
  2.383431530429e-03
  8.403901674427e-03
  2.469827956027e-02
  6.527733432079e-02
  1.685161146413e-01
  4.326731924173e-01
  1.597364636068e-04
  1.584013406654e-04
  1.560068118740e-04
  1.532451845029e-04
  1.503759942264e-04
  1.475702642300e-04
  1.449787050242e-04
  1.426072613469e-04
  1.403407245927e-04
  1.381450510800e-04
  1.360632524799e-04
  1.340940572660e-04
  1.323323624004e-04
  1.311474137638e-04
  1.304389342917e-04
  1.304928136804e-04
  1.310102865097e-04
  1.318023204156e-04
  1.325324276826e-04
  1.331155678225e-04
  1.333828187576e-04
  1.336346794830e-04
  1.338847008538e-04
  1.341250355693e-04
  1.343582723752e-04
  1.345778987210e-04
  1.347902889031e-04
  1.349909228935e-04
  1.351884595773e-04
  1.353851382425e-04
  1.355816951157e-04
  1.357824358340e-04
  1.359825483511e-04
  1.361844851469e-04
  1.363925684188e-04
  1.366294691164e-04
  1.368686228498e-04
  1.371186603360e-04
  1.373635009294e-04
  1.375424449649e-04
  1.376973846870e-04
  1.375347960368e-04
  1.371291907743e-04
  1.364146110262e-04
  1.349319084915e-04
  1.334506469991e-04
  1.322057496834e-04
  1.310394871423e-04
  1.295433092316e-04
  1.275301512522e-04
  1.254992750039e-04
  1.229892192532e-04
  1.203513025179e-04
  1.184214856818e-04
  1.185310659820e-04
  1.186477187531e-04
  1.184270126018e-04
  1.178092252554e-04
  1.170445575564e-04
  1.158419931506e-04
  1.142837856068e-04
  1.125863130079e-04
  1.109338167644e-04
  1.095593878301e-04
  1.081277531954e-04
  1.073495713847e-04
  1.070893987735e-04
  1.069533535021e-04
  1.081418719534e-04
  1.099362436234e-04
  1.117173863435e-04
  1.135682349711e-04
  1.159441576196e-04
  1.183995239696e-04
  1.206630601920e-04
  1.226993300709e-04
  1.247180036184e-04
  1.267207421224e-04
  1.287235403170e-04
  1.309404392247e-04
  1.332189808583e-04
  1.354843619753e-04
  1.377362542096e-04
  1.399579166475e-04
  1.421094637289e-04
  1.442413175605e-04
  1.463337836621e-04
  1.481509943298e-04
  1.498822783126e-04
  1.515963786171e-04
  1.532932070377e-04
  1.549731634006e-04
  1.566360392593e-04
  1.582821107899e-04
  1.599112742175e-04
  1.613920072744e-04
  1.620575787786e-04
  1.625806405994e-04
  1.630968761645e-04
  1.636064276879e-04
  1.641090107420e-04
  1.646051941820e-04
  1.650948357939e-04
  1.655854729013e-04
  1.661059748759e-04
  1.666306010468e-04
  1.671970380319e-04
  1.677667459309e-04
  1.683287742928e-04
  1.688834075448e-04
  1.694307879002e-04
  1.699709153592e-04
  1.705039321357e-04
  1.710299804428e-04
  1.715490602812e-04
  1.720613138638e-04
  1.725667411912e-04
  1.731344580992e-04
  1.738308783646e-04
  1.745217522971e-04
  1.752035245560e-04
  1.758761951410e-04
  1.765003708696e-04
  1.769600054004e-04
  1.773977390284e-04
  1.778296418965e-04
  1.782558562184e-04
  1.786763819941e-04
  1.789755995229e-04
  1.791661658195e-04
  1.793543144844e-04
  1.795444541400e-04
  1.797351626505e-04
  1.799235957425e-04
  1.801502843074e-04
  1.804162238410e-04
  1.806787502469e-04
  1.809375790978e-04
  1.811931370344e-04
  1.814452818438e-04
  1.816886094063e-04
  1.818838687534e-04
  1.820668977268e-04
  1.822475090677e-04
  1.824258449902e-04
  1.826017632804e-04
  1.827752639388e-04
  1.829316989584e-04
  1.827562073089e-04
  1.824478881064e-04
  1.821435508863e-04
  1.818430534348e-04
  1.815468223928e-04
  1.812542889059e-04
  1.809655951878e-04
  1.806817367335e-04
  1.804152283454e-04
  1.801571105629e-04
  1.799042546855e-04
  1.796558074314e-04
  1.793964097260e-04
  1.791259193555e-04
  1.788588421125e-04
  1.785954624249e-04
  1.783228388495e-04
  1.779506657164e-04
  1.775610003035e-04
  1.771763123685e-04
  1.767967441251e-04
  1.764163226000e-04
  1.760130046761e-04
  1.756116777437e-04
  1.752154705030e-04
  1.748243829536e-04
  1.744433925736e-04
  1.741208520056e-04
  1.738175102811e-04
  1.735180083251e-04
  1.732224883512e-04
  1.729309503601e-04
  1.726418300007e-04
  1.723535629236e-04
  1.720689934012e-04
  1.717820062468e-04
  1.714869129142e-04
  1.711955171366e-04
  1.709177738697e-04
  1.706680466927e-04
  1.704227281388e-04
  1.701808227128e-04
  1.699420459873e-04
  1.697063979622e-04
  1.694804204654e-04
  1.695085787692e-04
  1.696650137888e-04
  1.698193156037e-04
  1.699717686412e-04
  1.701220884738e-04
  1.702704173152e-04
  1.704168973792e-04
  1.706946406461e-04
  1.700068954138e-04
  1.670299369879e-04
  1.644127791079e-04
  1.622713259011e-04
  1.607489287317e-04
  1.593882284872e-04
  1.585905521002e-04
  1.584777766726e-04
  1.583861910791e-04
  1.585444748762e-04
  1.587825405336e-04
  1.589772310262e-04
  1.589452329541e-04
  1.588778236821e-04
  1.587910733527e-04
  1.585860012632e-04
  1.583662811676e-04
  1.581674664787e-04
  1.582414175791e-04
  1.584090874776e-04
  1.585727753936e-04
  1.588222181431e-04
  1.592444504827e-04
  1.596316982636e-04
  1.598465830951e-04
  1.601056963732e-04
  1.605728682276e-04
  1.611037517991e-04
  1.615771810545e-04
  1.619502074696e-04
  1.622782943701e-04
  1.630267202398e-04
  1.645549927620e-04
  1.661108528863e-04
  1.676619344678e-04
  1.691876025513e-04
  1.703512348779e-04
  1.708970106762e-04
  1.714180815056e-04
  1.719245043286e-04
  1.724182701362e-04
  1.728992367151e-04
  1.733562729926e-04
  1.738007290697e-04
  1.742485598672e-04
  1.747633732957e-04
  1.752848707661e-04
  1.757794898560e-04
  1.757086674561e-04
  1.753591062936e-04
  1.750175090961e-04
  1.748798462786e-04
  1.752922658761e-04
  1.757272974446e-04
  1.763120799911e-04
  1.774257551181e-04
  1.788638195905e-04
  1.803119812324e-04
  1.812690791259e-04
  1.825482909464e-04
  1.835425066038e-04
  1.841224538862e-04
  1.842214345893e-04
  1.852854771508e-04
  1.874228061617e-04
  1.887618899306e-04
  1.897315026256e-04
  1.902760387081e-04
  1.906328527666e-04
  1.916673148881e-04
  1.931447725429e-04
  1.940738543464e-04
  1.941897584748e-04
  1.945445815423e-04
  1.958400057194e-04
  1.972466409742e-04
  1.984352626968e-04
  1.994404288054e-04
  2.004258272162e-04
  2.014163453186e-04
  2.023909354916e-04
  2.033460423937e-04
  2.042903410585e-04
  2.052144453841e-04
  2.061341410866e-04
  2.070986340901e-04
  2.080477680190e-04
  2.089754276860e-04
  2.098818975188e-04
  2.107678885849e-04
  2.116335430988e-04
  2.128409370238e-04
  2.145149339488e-04
  2.161535196737e-04
  2.177569786261e-04
  2.194554362996e-04
  2.211937137961e-04
  2.228923136834e-04
  2.245523736700e-04
  2.252357102789e-04
  2.239515209805e-04
  2.235551715260e-04
  2.241217507249e-04
  2.248571375313e-04
  2.258320121314e-04
  2.271264408132e-04
  2.287697195887e-04
  2.305714243752e-04
  2.324297301961e-04
  2.343062393646e-04
  2.361624119806e-04
  2.379602769985e-04
  2.397183221930e-04
  2.414762251739e-04
  2.432189112938e-04
  2.449377055198e-04
  2.466205196913e-04
  2.482525635882e-04
  2.497884710550e-04
  2.511798894485e-04
  2.524468708949e-04
  2.536074765278e-04
  2.546884425140e-04
  2.557155095254e-04
  2.567145604469e-04
  2.576527439247e-04
  2.584014988144e-04
  2.589822993787e-04
  2.594474802418e-04
  2.597534670755e-04
  2.599089339363e-04
  2.601608621622e-04
  2.605925217884e-04
  2.612516779215e-04
  2.621506417185e-04
  2.632274805317e-04
  2.644466949022e-04
  2.657919349469e-04
  2.672522289695e-04
  2.688097208447e-04
  2.704639993952e-04
  2.721644938271e-04
  2.739258877459e-04
  2.757293623327e-04
  2.775434244100e-04
  2.793583798957e-04
  2.811595477644e-04
  2.829208391601e-04
  2.846309086428e-04
  2.862633784938e-04
  2.877906441228e-04
  2.892109433167e-04
  2.904162613873e-04
  2.913922057860e-04
  2.921983925800e-04
  2.929329363504e-04
  2.936453510163e-04
  2.943848831217e-04
  2.952734733358e-04
  2.997522791122e-04
  3.100876275649e-04
  3.011133747845e-04
  2.897267532768e-04
  3.155206060709e-04
  3.406643388437e-04
  3.242467261478e-04
  3.002197838672e-04
  2.940338943881e-04
  3.126467560184e-04
  3.276028685546e-04
  3.291745204413e-04
  3.486025981599e-04
  3.463987446391e-04
  3.408019849198e-04
  3.283066503134e-04
  3.170499718629e-04
  3.227260020994e-04
  3.305050364779e-04
  3.370587042720e-04
  3.343054060379e-04
  3.339410491267e-04
  3.639916081411e-04
  3.741003322173e-04
  3.635813660785e-04
  3.653508687049e-04
  3.746068840896e-04
  4.007125412554e-04
  3.864910175869e-04
  3.586151907759e-04
  3.456538985322e-04
  3.604421513906e-04
  3.723578127583e-04
  3.749608166756e-04
  3.974374668124e-04
  4.046945467324e-04
  3.951540080772e-04
  4.036308273092e-04
  3.900327973036e-04
  3.835175888612e-04
  5.192228559379e-04
  1.064490707194e-03
  1.897022910758e-03
  2.475401934609e-03
  1.723056353275e-03
  1.230254014651e-02
  4.337835445112e-02
  1.274849191011e-01
  3.369415130603e-01
  8.698283291296e-01
  2.233325879965e+00
  1.524983073920e-04
  1.512236830255e-04
  1.489376577847e-04
  1.463011683431e-04
  1.435619900060e-04
  1.408833963663e-04
  1.384092687722e-04
  1.361452825871e-04
  1.339814496660e-04
  1.318852689523e-04
  1.298978031247e-04
  1.280178382735e-04
  1.263359712841e-04
  1.252047163574e-04
  1.245283402947e-04
  1.245797782406e-04
  1.250738027658e-04
  1.258299471509e-04
  1.265269709858e-04
  1.270836872313e-04
  1.273388281950e-04
  1.275792763272e-04
  1.278179684517e-04
  1.280474128534e-04
  1.282700809739e-04
  1.284797553666e-04
  1.286825214886e-04
  1.288740641286e-04
  1.290626498106e-04
  1.292504163535e-04
  1.294380666231e-04
  1.296297111549e-04
  1.298207559511e-04
  1.300135423624e-04
  1.302121967337e-04
  1.304383627235e-04
  1.306666796571e-04
  1.309053871668e-04
  1.311391332710e-04
  1.313099687955e-04
  1.314578877166e-04
  1.313026664641e-04
  1.309154404382e-04
  1.302332405219e-04
  1.288177238528e-04
  1.274035829278e-04
  1.262150957832e-04
  1.251016802269e-04
  1.236732987929e-04
  1.217513632659e-04
  1.198125123398e-04
  1.174161950258e-04
  1.148978105060e-04
  1.130554396757e-04
  1.131600545516e-04
  1.132714214227e-04
  1.130607161538e-04
  1.124709226745e-04
  1.117409044483e-04
  1.105928319777e-04
  1.091052316664e-04
  1.074846768330e-04
  1.059070603363e-04
  1.045949110538e-04
  1.032281482391e-04
  1.024852282677e-04
  1.022368448871e-04
  1.021069642503e-04
  1.032416272323e-04
  1.049546903384e-04
  1.066551239395e-04
  1.084221048566e-04
  1.106903670567e-04
  1.130344731171e-04
  1.151954414698e-04
  1.171394416243e-04
  1.190666427919e-04
  1.209786309824e-04
  1.228906761587e-04
  1.250071204787e-04
  1.271824143007e-04
  1.293451439502e-04
  1.314949959402e-04
  1.336159879399e-04
  1.356700417281e-04
  1.377052946290e-04
  1.397029445804e-04
  1.414378117782e-04
  1.430906458965e-04
  1.447270749825e-04
  1.463470148274e-04
  1.479508471400e-04
  1.495383729192e-04
  1.511098558267e-04
  1.526651967900e-04
  1.540788332245e-04
  1.547142456128e-04
  1.552136058749e-04
  1.557064492001e-04
  1.561929113585e-04
  1.566727208106e-04
  1.571464206349e-04
  1.576138750617e-04
  1.580822798751e-04
  1.585791962856e-04
  1.590800500123e-04
  1.596208199749e-04
  1.601647126363e-04
  1.607012737443e-04
  1.612307748378e-04
  1.617533516860e-04
  1.622690042892e-04
  1.627778684169e-04
  1.632800798383e-04
  1.637756385540e-04
  1.642646803328e-04
  1.647472051754e-04
  1.652891970637e-04
  1.659540603598e-04
  1.666136286447e-04
  1.672645076811e-04
  1.679066974687e-04
  1.685025898528e-04
  1.689413969128e-04
  1.693592954680e-04
  1.697716274732e-04
  1.701785286980e-04
  1.705799991422e-04
  1.708656581937e-04
  1.710475893384e-04
  1.712272124018e-04
  1.714087362380e-04
  1.715908031524e-04
  1.717706977547e-04
  1.719871143554e-04
  1.722410033411e-04
  1.724916338587e-04
  1.727387343690e-04
  1.729827121803e-04
  1.732234315237e-04
  1.734557331572e-04
  1.736421446958e-04
  1.738168800568e-04
  1.739893073359e-04
  1.741595623029e-04
  1.743275091879e-04
  1.744931479916e-04
  1.746424944536e-04
  1.744749548769e-04
  1.741806065768e-04
  1.738900598232e-04
  1.736031788463e-04
  1.733203709546e-04
  1.730410930702e-04
  1.727654809628e-04
  1.724944850183e-04
  1.722400529546e-04
  1.719936312920e-04
  1.717522331012e-04
  1.715150437653e-04
  1.712674001770e-04
  1.710091665669e-04
  1.707541914249e-04
  1.705027462905e-04
  1.702424761376e-04
  1.698871673272e-04
  1.695151588667e-04
  1.691479023391e-04
  1.687855335139e-04
  1.684223500718e-04
  1.680373077381e-04
  1.676541661777e-04
  1.672759123200e-04
  1.669025461644e-04
  1.665388196441e-04
  1.662308943929e-04
  1.659412980257e-04
  1.656553674353e-04
  1.653732383911e-04
  1.650949108935e-04
  1.648188914772e-04
  1.645436866784e-04
  1.642720118865e-04
  1.639980290131e-04
  1.637163072776e-04
  1.634381155495e-04
  1.631729576942e-04
  1.629345464327e-04
  1.627003440258e-04
  1.624694000874e-04
  1.622414430783e-04
  1.620164729985e-04
  1.618007352452e-04
  1.618276176087e-04
  1.619769640707e-04
  1.621242739903e-04
  1.622698189063e-04
  1.624133272795e-04
  1.625549348796e-04
  1.626947774761e-04
  1.629599353313e-04
  1.623033539755e-04
  1.594612907993e-04
  1.569627244865e-04
  1.549183071880e-04
  1.534648945716e-04
  1.521658518893e-04
  1.514043207015e-04
  1.512966554794e-04
  1.512092199141e-04
  1.513603313799e-04
  1.515876095416e-04
  1.517734780021e-04
  1.517429298623e-04
  1.516785751141e-04
  1.515957557121e-04
  1.513999760771e-04
  1.511902121827e-04
  1.510004064060e-04
  1.510710065519e-04
  1.512310788055e-04
  1.513873495127e-04
  1.516254892351e-04
  1.520285889135e-04
  1.523982892925e-04
  1.526034370236e-04
  1.528508090728e-04
  1.532968119168e-04
  1.538036395018e-04
  1.542556162044e-04
  1.546117396319e-04
  1.549249598940e-04
  1.556394722587e-04
  1.570984939974e-04
  1.585838532581e-04
  1.600646505068e-04
  1.615211858220e-04
  1.626320903470e-04
  1.631531353456e-04
  1.636505948344e-04
  1.641340700634e-04
  1.646054618058e-04
  1.650646342925e-04
  1.655009608341e-04
  1.659252772233e-04
  1.663528154138e-04
  1.668443010439e-04
  1.673421678413e-04
  1.678143742011e-04
  1.677467609844e-04
  1.674130395260e-04
  1.670869211604e-04
  1.669554962736e-04
  1.673492278558e-04
  1.677645467903e-04
  1.683228310199e-04
  1.693860420615e-04
  1.707589433579e-04
  1.721414842896e-04
  1.730552130993e-04
  1.742764598517e-04
  1.752256245040e-04
  1.757792925704e-04
  1.758737881499e-04
  1.768896156320e-04
  1.789300956146e-04
  1.802085013312e-04
  1.811341778579e-04
  1.816540393160e-04
  1.819946850193e-04
  1.829822724431e-04
  1.843927818942e-04
  1.852797641102e-04
  1.853904162619e-04
  1.857291611921e-04
  1.869658856687e-04
  1.883087819032e-04
  1.894435434769e-04
  1.904031623814e-04
  1.913439093240e-04
  1.922895439690e-04
  1.932199724286e-04
  1.941318004650e-04
  1.950333100190e-04
  1.959155403020e-04
  1.967935617304e-04
  1.977143505547e-04
  1.986204762719e-04
  1.995061007928e-04
  2.003714956569e-04
  2.012173397109e-04
  2.020437687251e-04
  2.031964518744e-04
  2.047945947897e-04
  2.063589310967e-04
  2.078897323345e-04
  2.095112276057e-04
  2.111707383399e-04
  2.127923693808e-04
  2.143772068838e-04
  2.150295793847e-04
  2.138035806994e-04
  2.134251910719e-04
  2.139660968043e-04
  2.146681609463e-04
  2.155988609448e-04
  2.168346350351e-04
  2.184034517360e-04
  2.201235156722e-04
  2.218976158739e-04
  2.236890945729e-04
  2.254611582318e-04
  2.271775563914e-04
  2.288559390877e-04
  2.305341860145e-04
  2.321979056037e-04
  2.338388159149e-04
  2.354453765399e-04
  2.370034674494e-04
  2.384697781696e-04
  2.397981470662e-04
  2.410077176408e-04
  2.421157326210e-04
  2.431477166747e-04
  2.441282440840e-04
  2.450820248995e-04
  2.459776963645e-04
  2.466925228403e-04
  2.472470055238e-04
  2.476911075945e-04
  2.479832292126e-04
  2.481316513862e-04
  2.483721639602e-04
  2.487842637456e-04
  2.494135514632e-04
  2.502717804133e-04
  2.512998243091e-04
  2.524637922826e-04
  2.537480753149e-04
  2.551421988714e-04
  2.566291159434e-04
  2.582084339851e-04
  2.598318737230e-04
  2.615134534024e-04
  2.632352069438e-04
  2.649670682236e-04
  2.666997824287e-04
  2.684193337766e-04
  2.701008155786e-04
  2.717333964918e-04
  2.732918940542e-04
  2.747499545252e-04
  2.761058955431e-04
  2.772565969013e-04
  2.781883182225e-04
  2.789579741843e-04
  2.796592334907e-04
  2.803393664314e-04
  2.810453880359e-04
  2.818937134624e-04
  2.861695706124e-04
  2.960365922664e-04
  2.874689908045e-04
  2.765983325488e-04
  3.012233856106e-04
  3.252277776122e-04
  3.095540980339e-04
  2.866158912723e-04
  2.807103036940e-04
  2.984797586465e-04
  3.127581631851e-04
  3.142585986343e-04
  3.328063296975e-04
  3.307023396374e-04
  3.253591865163e-04
  3.134300544024e-04
  3.026834510796e-04
  3.081022827242e-04
  3.155288248491e-04
  3.217855255625e-04
  3.191569878388e-04
  3.188091410730e-04
  3.474980157507e-04
  3.571486820839e-04
  3.471063630326e-04
  3.487956839888e-04
  3.576322805146e-04
  3.825550091218e-04
  3.689779069436e-04
  3.423652205860e-04
  3.299912448254e-04
  3.441093959304e-04
  3.554851216038e-04
  3.579701753139e-04
  3.794283384928e-04
  3.863565775399e-04
  3.772483503783e-04
  3.853410585538e-04
  3.723591976004e-04
  3.661392135258e-04
  4.956952526799e-04
  1.016255320897e-03
  1.811062899743e-03
  2.363233770293e-03
  1.644979308308e-03
  1.174507377090e-02
  4.141274623137e-02
  1.217081807244e-01
  3.216736446493e-01
  8.304137009092e-01
  2.132126934948e+00
  3.419137702376e-04
  3.390559573855e-04
  3.339305004391e-04
  3.280192738780e-04
  3.218778103523e-04
  3.158721827099e-04
  3.103249847888e-04
  3.052489412212e-04
  3.003974495234e-04
  2.956976396491e-04
  2.912415775068e-04
  2.870265414110e-04
  2.832556570437e-04
  2.807192902885e-04
  2.792027994262e-04
  2.793181275392e-04
  2.804257712296e-04
  2.821211092433e-04
  2.836838941123e-04
  2.849320978054e-04
  2.855041448682e-04
  2.860432493923e-04
  2.865784168023e-04
  2.870928500560e-04
  2.875920903289e-04
  2.880621975933e-04
  2.885168159458e-04
  2.889462703268e-04
  2.893690949642e-04
  2.897900830244e-04
  2.902108103903e-04
  2.906404932210e-04
  2.910688313952e-04
  2.915010744139e-04
  2.919464738825e-04
  2.924535566665e-04
  2.929654620437e-04
  2.935006639487e-04
  2.940247419739e-04
  2.944077692957e-04
  2.947394157046e-04
  2.943913968670e-04
  2.935232042115e-04
  2.919936557896e-04
  2.888199507863e-04
  2.856493303146e-04
  2.829846442112e-04
  2.804882747943e-04
  2.772857259282e-04
  2.729765881191e-04
  2.686295245917e-04
  2.632567837295e-04
  2.576103581345e-04
  2.534796109313e-04
  2.537141661026e-04
  2.539638598036e-04
  2.534914412299e-04
  2.521690756533e-04
  2.505323146404e-04
  2.479582415663e-04
  2.446229190977e-04
  2.409895016360e-04
  2.374523554631e-04
  2.345104086574e-04
  2.314460138129e-04
  2.297803260242e-04
  2.292234300194e-04
  2.289322269301e-04
  2.314762348261e-04
  2.353170634575e-04
  2.391295756979e-04
  2.430912925041e-04
  2.481769232498e-04
  2.534326021792e-04
  2.582776712787e-04
  2.626362798004e-04
  2.669572236095e-04
  2.712440586704e-04
  2.755310214983e-04
  2.802762640476e-04
  2.851534520295e-04
  2.900024701012e-04
  2.948226153994e-04
  2.995780542214e-04
  3.041834120579e-04
  3.087466167559e-04
  3.132255125429e-04
  3.171152277445e-04
  3.208210180226e-04
  3.244900268665e-04
  3.281220654735e-04
  3.317179896656e-04
  3.352773532665e-04
  3.388007474270e-04
  3.422879500187e-04
  3.454574393811e-04
  3.468820863104e-04
  3.480016931627e-04
  3.491066885056e-04
  3.501973767466e-04
  3.512731490719e-04
  3.523352231084e-04
  3.533832944493e-04
  3.544334966350e-04
  3.555476241707e-04
  3.566705794935e-04
  3.578830303064e-04
  3.591024824672e-04
  3.603054966812e-04
  3.614926817608e-04
  3.626643421122e-04
  3.638204777356e-04
  3.649613930376e-04
  3.660873924241e-04
  3.671984758961e-04
  3.682949478587e-04
  3.693768083132e-04
  3.705919987841e-04
  3.720826770752e-04
  3.735614835149e-04
  3.750208079435e-04
  3.764606503604e-04
  3.777966901840e-04
  3.787805317680e-04
  3.797174947615e-04
  3.806419770910e-04
  3.815542831636e-04
  3.824544129785e-04
  3.830948841089e-04
  3.835027887256e-04
  3.839055184337e-04
  3.843125098310e-04
  3.847207188545e-04
  3.851240573751e-04
  3.856092812256e-04
  3.861785212507e-04
  3.867404555218e-04
  3.872944752257e-04
  3.878414935811e-04
  3.883812061831e-04
  3.889020455858e-04
  3.893199956146e-04
  3.897117666913e-04
  3.900983628582e-04
  3.904800885221e-04
  3.908566392763e-04
  3.912280151219e-04
  3.915628621953e-04
  3.911872246598e-04
  3.905272715183e-04
  3.898758417571e-04
  3.892326309693e-04
  3.885985523743e-04
  3.879723883464e-04
  3.873544432926e-04
  3.867468480565e-04
  3.861763904058e-04
  3.856238927344e-04
  3.850826581006e-04
  3.845508600664e-04
  3.839956227369e-04
  3.834166417059e-04
  3.828449664290e-04
  3.822812057199e-04
  3.816976585922e-04
  3.809010269637e-04
  3.800669533436e-04
  3.792435339487e-04
  3.784310731853e-04
  3.776167859838e-04
  3.767534893461e-04
  3.758944543989e-04
  3.750463780838e-04
  3.742092603994e-04
  3.733937555717e-04
  3.727033617871e-04
  3.720540628708e-04
  3.714129829279e-04
  3.707804263646e-04
  3.701563931823e-04
  3.695375349086e-04
  3.689205030741e-04
  3.683113858062e-04
  3.676970936291e-04
  3.670654502858e-04
  3.664417215098e-04
  3.658472157506e-04
  3.653126780585e-04
  3.647875769653e-04
  3.642697816268e-04
  3.637586832299e-04
  3.632542817747e-04
  3.627705799560e-04
  3.628308524299e-04
  3.631656995032e-04
  3.634959804805e-04
  3.638223041742e-04
  3.641440617712e-04
  3.644615576784e-04
  3.647750963020e-04
  3.653696020612e-04
  3.638974925624e-04
  3.575253527502e-04
  3.519233612082e-04
  3.473396091757e-04
  3.440809383359e-04
  3.411683776079e-04
  3.394609619387e-04
  3.392195676397e-04
  3.390235298982e-04
  3.393623342551e-04
  3.398719106202e-04
  3.402886430234e-04
  3.402201515768e-04
  3.400758629289e-04
  3.398901750057e-04
  3.394512209328e-04
  3.389809129980e-04
  3.385553528077e-04
  3.387136441520e-04
  3.390725393337e-04
  3.394229111352e-04
  3.399568400143e-04
  3.408606227065e-04
  3.416895214175e-04
  3.421494795339e-04
  3.427041080503e-04
  3.437040831749e-04
  3.448404323803e-04
  3.458538013882e-04
  3.466522594553e-04
  3.473545250907e-04
  3.489565206844e-04
  3.522277676384e-04
  3.555580654867e-04
  3.588781349281e-04
  3.621438071157e-04
  3.646345465935e-04
  3.658027724118e-04
  3.669181175737e-04
  3.680021088730e-04
  3.690590079998e-04
  3.700885105482e-04
  3.710667906055e-04
  3.720181429116e-04
  3.729767187616e-04
  3.740786700403e-04
  3.751949284215e-04
  3.762536539875e-04
  3.761020595849e-04
  3.753538285782e-04
  3.746226443321e-04
  3.743279789071e-04
  3.752107575559e-04
  3.761419368270e-04
  3.773936560696e-04
  3.797774628278e-04
  3.828556206542e-04
  3.859553913372e-04
  3.880040466152e-04
  3.907421824584e-04
  3.928702878150e-04
  3.941116572393e-04
  3.943235241145e-04
  3.966010930282e-04
  4.011760172742e-04
  4.040423082248e-04
  4.061177512685e-04
  4.072833234915e-04
  4.080470792256e-04
  4.102613316019e-04
  4.134238100099e-04
  4.154124972209e-04
  4.156605884621e-04
  4.164200825065e-04
  4.191929206827e-04
  4.222038046881e-04
  4.247480336347e-04
  4.268995782860e-04
  4.290088104440e-04
  4.311290012335e-04
  4.332150985024e-04
  4.352594920899e-04
  4.372807507896e-04
  4.392587837754e-04
  4.412273801622e-04
  4.432918645745e-04
  4.453234730925e-04
  4.473091162392e-04
  4.492494028284e-04
  4.511458548906e-04
  4.529987768340e-04
  4.555831874297e-04
  4.591663555244e-04
  4.626737264179e-04
  4.661059089231e-04
  4.697414349239e-04
  4.734621947250e-04
  4.770980251326e-04
  4.806513613967e-04
  4.821140342958e-04
  4.793652442273e-04
  4.785168635053e-04
  4.797296187252e-04
  4.813037043779e-04
  4.833904104593e-04
  4.861611177912e-04
  4.896785340968e-04
  4.935350591661e-04
  4.975127379950e-04
  5.015293808466e-04
  5.055024935787e-04
  5.093507996747e-04
  5.131138719697e-04
  5.168766398584e-04
  5.206068362592e-04
  5.242858923794e-04
  5.278879336728e-04
  5.313813018706e-04
  5.346688913216e-04
  5.376472038383e-04
  5.403591607289e-04
  5.428434216092e-04
  5.451572148877e-04
  5.473556381296e-04
  5.494940933046e-04
  5.515022625279e-04
  5.531049623845e-04
  5.543481582474e-04
  5.553438716816e-04
  5.559988324186e-04
  5.563316071611e-04
  5.568708561691e-04
  5.577948178427e-04
  5.592057327556e-04
  5.611299527753e-04
  5.634349118951e-04
  5.660446239967e-04
  5.689240923734e-04
  5.720498322555e-04
  5.753836228450e-04
  5.789245840222e-04
  5.825644696774e-04
  5.863347098721e-04
  5.901950231755e-04
  5.940779988612e-04
  5.979628868754e-04
  6.018182626795e-04
  6.055882834250e-04
  6.092486643485e-04
  6.127429442955e-04
  6.160120360080e-04
  6.190521674925e-04
  6.216321347495e-04
  6.237211307207e-04
  6.254467628026e-04
  6.270190439477e-04
  6.285439580401e-04
  6.301269166499e-04
  6.320289321536e-04
  6.416157561923e-04
  6.637384317317e-04
  6.445291633285e-04
  6.201562518337e-04
  6.753676497742e-04
  7.291874744783e-04
  6.940457934345e-04
  6.426164438862e-04
  6.293756299461e-04
  6.692162120599e-04
  7.012295715015e-04
  7.045936714067e-04
  7.461792126867e-04
  7.414618936142e-04
  7.294821040688e-04
  7.027360069712e-04
  6.786412368575e-04
  6.907907038879e-04
  7.074416232403e-04
  7.214696617593e-04
  7.155762636049e-04
  7.147963624953e-04
  7.791191833363e-04
  8.007567724198e-04
  7.782410656721e-04
  7.820286624472e-04
  8.018410399476e-04
  8.577198509877e-04
  8.272788692216e-04
  7.676110336615e-04
  7.398675604551e-04
  7.715216184946e-04
  7.970269327547e-04
  8.025986279283e-04
  8.507095978161e-04
  8.662432806105e-04
  8.458218848437e-04
  8.639664033701e-04
  8.348600014750e-04
  8.209142846855e-04
  1.111389599210e-03
  2.278528163586e-03
  4.060552243356e-03
  5.298564831128e-03
  3.688179146937e-03
  2.633342312714e-02
  9.285078924493e-02
  2.728797693030e-01
  7.212188155335e-01
  1.861855939194e+00
  4.780404264286e+00
  1.401798319966e-04
  1.390081689624e-04
  1.369068037756e-04
  1.344832841097e-04
  1.319653705297e-04
  1.295031477495e-04
  1.272288747008e-04
  1.251477683037e-04
  1.231587250117e-04
  1.212318691318e-04
  1.194049463903e-04
  1.176768409345e-04
  1.161308314342e-04
  1.150909567740e-04
  1.144692168711e-04
  1.145164997737e-04
  1.149706180923e-04
  1.156656828093e-04
  1.163064026031e-04
  1.168181485438e-04
  1.170526797857e-04
  1.172737050506e-04
  1.174931161541e-04
  1.177040265454e-04
  1.179087080285e-04
  1.181014453882e-04
  1.182878325122e-04
  1.184639027621e-04
  1.186372549105e-04
  1.188098540881e-04
  1.189823463847e-04
  1.191585102958e-04
  1.193341229166e-04
  1.195113364688e-04
  1.196939439801e-04
  1.199018407824e-04
  1.201117147799e-04
  1.203311400258e-04
  1.205460046377e-04
  1.207030404470e-04
  1.208390108054e-04
  1.206963279817e-04
  1.203403812162e-04
  1.197132878977e-04
  1.184121135290e-04
  1.171122037747e-04
  1.160197199884e-04
  1.149962436739e-04
  1.136832437274e-04
  1.119165578940e-04
  1.101343230500e-04
  1.079315749393e-04
  1.056166199413e-04
  1.039230717447e-04
  1.040192360627e-04
  1.041216069647e-04
  1.039279220006e-04
  1.033857707318e-04
  1.027147217604e-04
  1.016593880404e-04
  1.002919527863e-04
  9.880230278179e-05
  9.735212265035e-05
  9.614596587968e-05
  9.488960713700e-05
  9.420669859485e-05
  9.397837907340e-05
  9.385898990666e-05
  9.490199732693e-05
  9.647668299080e-05
  9.803975933307e-05
  9.966400744662e-05
  1.017490444518e-04
  1.039037988182e-04
  1.058902089353e-04
  1.076771770644e-04
  1.094487031916e-04
  1.112062452123e-04
  1.129638396156e-04
  1.149093222526e-04
  1.169089006593e-04
  1.188969297994e-04
  1.208731215089e-04
  1.228227844741e-04
  1.247109163483e-04
  1.265817660292e-04
  1.284180502435e-04
  1.300127787129e-04
  1.315321005531e-04
  1.330363425232e-04
  1.345254272166e-04
  1.359997055084e-04
  1.374589944725e-04
  1.389035364725e-04
  1.403332404388e-04
  1.416326864542e-04
  1.422167716376e-04
  1.426757946841e-04
  1.431288272175e-04
  1.435759940405e-04
  1.440170455481e-04
  1.444524809501e-04
  1.448821754441e-04
  1.453127435544e-04
  1.457695201583e-04
  1.462299160305e-04
  1.467270037938e-04
  1.472269620110e-04
  1.477201809015e-04
  1.482069100698e-04
  1.486872743181e-04
  1.491612736464e-04
  1.496290328574e-04
  1.500906767529e-04
  1.505462053335e-04
  1.509957434009e-04
  1.514392909557e-04
  1.519375019402e-04
  1.525486590523e-04
  1.531549488724e-04
  1.537532513424e-04
  1.543435664618e-04
  1.548913239793e-04
  1.552946851773e-04
  1.556788268131e-04
  1.560578515525e-04
  1.564318841979e-04
  1.568009247490e-04
  1.570635088953e-04
  1.572307440453e-04
  1.573958575556e-04
  1.575627182985e-04
  1.577300782509e-04
  1.578954413658e-04
  1.580943763130e-04
  1.583277567090e-04
  1.585581418486e-04
  1.587852821272e-04
  1.590095519515e-04
  1.592308265197e-04
  1.594443633419e-04
  1.596157169694e-04
  1.597763375951e-04
  1.599348365806e-04
  1.600913387285e-04
  1.602457192363e-04
  1.603979781044e-04
  1.605352606902e-04
  1.603812545892e-04
  1.601106830927e-04
  1.598436060621e-04
  1.595798986948e-04
  1.593199353980e-04
  1.590632169624e-04
  1.588098681904e-04
  1.585607626979e-04
  1.583268830926e-04
  1.581003668259e-04
  1.578784682461e-04
  1.576604385392e-04
  1.574327990513e-04
  1.571954249801e-04
  1.569610461652e-04
  1.567299122116e-04
  1.564906661050e-04
  1.561640583531e-04
  1.558220999118e-04
  1.554845095528e-04
  1.551514120784e-04
  1.548175657901e-04
  1.544636263230e-04
  1.541114340890e-04
  1.537637347399e-04
  1.534205282750e-04
  1.530861827772e-04
  1.528031310455e-04
  1.525369276313e-04
  1.522740938805e-04
  1.520147545953e-04
  1.517589097763e-04
  1.515051865970e-04
  1.512522122320e-04
  1.510024827279e-04
  1.507506315840e-04
  1.504916667061e-04
  1.502359466894e-04
  1.499922076982e-04
  1.497730547702e-04
  1.495577707148e-04
  1.493454819161e-04
  1.491359387691e-04
  1.489291412739e-04
  1.487308303383e-04
  1.487555412040e-04
  1.488928237898e-04
  1.490282343405e-04
  1.491620224606e-04
  1.492939385453e-04
  1.494241073973e-04
  1.495526538186e-04
  1.497963928098e-04
  1.491928486412e-04
  1.465803610315e-04
  1.442836233696e-04
  1.424043495709e-04
  1.410683404054e-04
  1.398742315128e-04
  1.391742151271e-04
  1.390752468631e-04
  1.389948741491e-04
  1.391337791654e-04
  1.393426983008e-04
  1.395135527189e-04
  1.394854721901e-04
  1.394263158759e-04
  1.393501864417e-04
  1.391702214518e-04
  1.389774018201e-04
  1.388029281335e-04
  1.388678253560e-04
  1.390149673277e-04
  1.391586148334e-04
  1.393775181566e-04
  1.397480563361e-04
  1.400878931376e-04
  1.402764694895e-04
  1.405038593726e-04
  1.409138350951e-04
  1.413797222707e-04
  1.417951892967e-04
  1.421225458627e-04
  1.424104648860e-04
  1.430672605250e-04
  1.444084257203e-04
  1.457738009508e-04
  1.471349826786e-04
  1.484738622981e-04
  1.494950304169e-04
  1.499739865550e-04
  1.504312623684e-04
  1.508756835397e-04
  1.513089973015e-04
  1.517310788521e-04
  1.521321599024e-04
  1.525222009538e-04
  1.529152035565e-04
  1.533669880664e-04
  1.538246382869e-04
  1.542587008632e-04
  1.541965492924e-04
  1.538897851140e-04
  1.535900098674e-04
  1.534692011918e-04
  1.538311280091e-04
  1.542128984002e-04
  1.547260856668e-04
  1.557034128760e-04
  1.569654142475e-04
  1.582362765859e-04
  1.590761964068e-04
  1.601987935524e-04
  1.610712867870e-04
  1.615802307737e-04
  1.616670932097e-04
  1.626008643984e-04
  1.644765189290e-04
  1.656516578642e-04
  1.665025602920e-04
  1.669804284934e-04
  1.672935575915e-04
  1.682013698913e-04
  1.694979415141e-04
  1.703132752719e-04
  1.704149891879e-04
  1.707263710532e-04
  1.718631956667e-04
  1.730976157186e-04
  1.741407137666e-04
  1.750228167821e-04
  1.758875722710e-04
  1.767568206445e-04
  1.776120911546e-04
  1.784502637425e-04
  1.792789513521e-04
  1.800899170275e-04
  1.808970138303e-04
  1.817434233735e-04
  1.825763542629e-04
  1.833904399972e-04
  1.841859301815e-04
  1.849634488268e-04
  1.857231207363e-04
  1.867826926947e-04
  1.882517411661e-04
  1.896897138522e-04
  1.910968603577e-04
  1.925873748335e-04
  1.941128339674e-04
  1.956034732457e-04
  1.970602910866e-04
  1.976599663822e-04
  1.965330011544e-04
  1.961851770027e-04
  1.966823895685e-04
  1.973277425245e-04
  1.981832626392e-04
  1.993192136365e-04
  2.007613048001e-04
  2.023424257826e-04
  2.039732181007e-04
  2.056199851196e-04
  2.072489054024e-04
  2.088266567214e-04
  2.103694633821e-04
  2.119121452405e-04
  2.134414732474e-04
  2.149498344593e-04
  2.164266206765e-04
  2.178588524545e-04
  2.192067178435e-04
  2.204277840437e-04
  2.215396481872e-04
  2.225581601723e-04
  2.235067828406e-04
  2.244081054182e-04
  2.252848419326e-04
  2.261081630412e-04
  2.267652474180e-04
  2.272749402189e-04
  2.276831687082e-04
  2.279516933892e-04
  2.280881263485e-04
  2.283092108497e-04
  2.286880221274e-04
  2.292664773775e-04
  2.300553804945e-04
  2.310003812821e-04
  2.320703265016e-04
  2.332508679961e-04
  2.345323773405e-04
  2.358991845458e-04
  2.373509287753e-04
  2.388432306480e-04
  2.403889760466e-04
  2.419716501517e-04
  2.435636155144e-04
  2.451563649050e-04
  2.467370147049e-04
  2.482826701324e-04
  2.497833747766e-04
  2.512159803589e-04
  2.525562619355e-04
  2.538026730422e-04
  2.548604232942e-04
  2.557168822314e-04
  2.564243670899e-04
  2.570689802233e-04
  2.576941735319e-04
  2.583431642754e-04
  2.591229638535e-04
  2.630534267365e-04
  2.721234122428e-04
  2.642478826446e-04
  2.542553320777e-04
  2.768912279125e-04
  2.989565983124e-04
  2.845490038438e-04
  2.634636946024e-04
  2.580351473042e-04
  2.743692250557e-04
  2.874942517110e-04
  2.888734853090e-04
  3.059229717513e-04
  3.039889373467e-04
  2.990773922964e-04
  2.881118690444e-04
  2.782333525279e-04
  2.832144629581e-04
  2.900411054645e-04
  2.957924037566e-04
  2.933761934864e-04
  2.930564450117e-04
  3.194278959561e-04
  3.282990028449e-04
  3.190678800768e-04
  3.206207414291e-04
  3.287435372659e-04
  3.516530630751e-04
  3.391726891293e-04
  3.147097166126e-04
  3.033352831980e-04
  3.163130013371e-04
  3.267698210946e-04
  3.290541376720e-04
  3.487789579720e-04
  3.551475492192e-04
  3.467750644674e-04
  3.542140616067e-04
  3.422808466185e-04
  3.365632990764e-04
  4.556540884324e-04
  9.341644676934e-04
  1.664769251299e-03
  2.172336982317e-03
  1.512101524404e-03
  1.079633273411e-02
  3.806751634502e-02
  1.118768635425e-01
  2.956895603357e-01
  7.633347220171e-01
  1.959898445090e+00
  5.872084039313e-05
  5.823003485394e-05
  5.734978034098e-05
  5.633457644562e-05
  5.527983127048e-05
  5.424841477619e-05
  5.329572976579e-05
  5.242396158881e-05
  5.159075832398e-05
  5.078360514815e-05
  5.001831361380e-05
  4.929441629413e-05
  4.864679833210e-05
  4.821119848098e-05
  4.795075381441e-05
  4.797056045663e-05
  4.816078902892e-05
  4.845194920315e-05
  4.872034447954e-05
  4.893471306079e-05
  4.903295737616e-05
  4.912554408507e-05
  4.921745462744e-05
  4.930580425127e-05
  4.939154460727e-05
  4.947228161187e-05
  4.955035852494e-05
  4.962411373563e-05
  4.969673034312e-05
  4.976903153378e-05
  4.984128795236e-05
  4.991508239739e-05
  4.998864590887e-05
  5.006288004484e-05
  5.013937369145e-05
  5.022646093337e-05
  5.031437641548e-05
  5.040629288208e-05
  5.049629891503e-05
  5.056208066524e-05
  5.061903817189e-05
  5.055926883706e-05
  5.041016398435e-05
  5.014747679075e-05
  4.960241940735e-05
  4.905789176655e-05
  4.860025413685e-05
  4.817152349523e-05
  4.762151241879e-05
  4.688145391414e-05
  4.613488198347e-05
  4.521215851894e-05
  4.424243198255e-05
  4.353301057769e-05
  4.357329347349e-05
  4.361617628559e-05
  4.353504233288e-05
  4.330793706621e-05
  4.302683700367e-05
  4.258476140653e-05
  4.201194757046e-05
  4.138793840375e-05
  4.078046302854e-05
  4.027520818402e-05
  3.974892390935e-05
  3.946285591415e-05
  3.936721366672e-05
  3.931720196314e-05
  3.975411411650e-05
  4.041374442294e-05
  4.106851162525e-05
  4.174890346819e-05
  4.262231816310e-05
  4.352493721631e-05
  4.435703745341e-05
  4.510559214065e-05
  4.584767822739e-05
  4.658390642092e-05
  4.732015655736e-05
  4.813511241646e-05
  4.897272880394e-05
  4.980550724411e-05
  5.063332702607e-05
  5.145003401003e-05
  5.224096583557e-05
  5.302465821089e-05
  5.379387123340e-05
  5.446189740084e-05
  5.509833599558e-05
  5.572845768555e-05
  5.635223004544e-05
  5.696980005557e-05
  5.758109108889e-05
  5.818620467058e-05
  5.878510265198e-05
  5.932943603419e-05
  5.957410727072e-05
  5.976639041636e-05
  5.995616415703e-05
  6.014348077219e-05
  6.032823570315e-05
  6.051063806718e-05
  6.069063558492e-05
  6.087099905752e-05
  6.106234117619e-05
  6.125519939372e-05
  6.146342771580e-05
  6.167285846101e-05
  6.187946612586e-05
  6.208335526881e-05
  6.228457816909e-05
  6.248313482671e-05
  6.267907752100e-05
  6.287245853109e-05
  6.306327785720e-05
  6.325158777835e-05
  6.343738829475e-05
  6.364608713025e-05
  6.390209870285e-05
  6.415607138390e-05
  6.440669819193e-05
  6.465397912681e-05
  6.488343283142e-05
  6.505239942376e-05
  6.521331500886e-05
  6.537208714395e-05
  6.552876810840e-05
  6.568335790207e-05
  6.579335348077e-05
  6.586340769904e-05
  6.593257316991e-05
  6.600247055037e-05
  6.607257704798e-05
  6.614184707731e-05
  6.622518022957e-05
  6.632294245962e-05
  6.641944998729e-05
  6.651459825402e-05
  6.660854409749e-05
  6.670123523870e-05
  6.679068506524e-05
  6.686246449931e-05
  6.692974791656e-05
  6.699614258618e-05
  6.706170078751e-05
  6.712637024122e-05
  6.719015094751e-05
  6.724765814161e-05
  6.718314552561e-05
  6.706980407387e-05
  6.695792644166e-05
  6.684746034963e-05
  6.673856263560e-05
  6.663102418251e-05
  6.652489726972e-05
  6.642054785186e-05
  6.632257650477e-05
  6.622768963443e-05
  6.613473709694e-05
  6.604340521679e-05
  6.594804783302e-05
  6.584861266641e-05
  6.575043220216e-05
  6.565361099898e-05
  6.555339164331e-05
  6.541657680056e-05
  6.527333160781e-05
  6.513191618944e-05
  6.499238282469e-05
  6.485253578442e-05
  6.470427178196e-05
  6.455673968932e-05
  6.441108965040e-05
  6.426732166498e-05
  6.412726550756e-05
  6.400869612907e-05
  6.389718445171e-05
  6.378708431454e-05
  6.367844799678e-05
  6.357127549866e-05
  6.346499174795e-05
  6.335902167297e-05
  6.325441085882e-05
  6.314891129717e-05
  6.304043181733e-05
  6.293331159844e-05
  6.283121018916e-05
  6.273940779558e-05
  6.264922605922e-05
  6.256029902535e-05
  6.247252213538e-05
  6.238589538932e-05
  6.230282363334e-05
  6.231317492839e-05
  6.237068212249e-05
  6.242740512764e-05
  6.248344850233e-05
  6.253870768796e-05
  6.259323496388e-05
  6.264708260933e-05
  6.274918401861e-05
  6.249636148135e-05
  6.140199957655e-05
  6.043990421843e-05
  5.965268300965e-05
  5.909303345199e-05
  5.859282542138e-05
  5.829959101047e-05
  5.825813355149e-05
  5.822446570325e-05
  5.828265252783e-05
  5.837016802152e-05
  5.844173833855e-05
  5.842997550343e-05
  5.840519513071e-05
  5.837330477750e-05
  5.829791807390e-05
  5.821714660584e-05
  5.814406018994e-05
  5.817124540905e-05
  5.823288266534e-05
  5.829305610211e-05
  5.838475393711e-05
  5.853997108203e-05
  5.868232752726e-05
  5.876132150028e-05
  5.885657432547e-05
  5.902831171894e-05
  5.922347022418e-05
  5.939750790546e-05
  5.953463642382e-05
  5.965524469374e-05
  5.993037408530e-05
  6.049218348577e-05
  6.106413438520e-05
  6.163432864098e-05
  6.219518062179e-05
  6.262294436829e-05
  6.282357741612e-05
  6.301512865194e-05
  6.320129512320e-05
  6.338280873959e-05
  6.355961722201e-05
  6.372762866848e-05
  6.389101549809e-05
  6.405564291119e-05
  6.424489385920e-05
  6.443660193283e-05
  6.461842922495e-05
  6.459239414975e-05
  6.446389171040e-05
  6.433831691012e-05
  6.428771057923e-05
  6.443932045473e-05
  6.459924273373e-05
  6.481421508132e-05
  6.522361402445e-05
  6.575226197654e-05
  6.628462175663e-05
  6.663646122631e-05
  6.710671323668e-05
  6.747219759520e-05
  6.768539244776e-05
  6.772177881779e-05
  6.811293229655e-05
  6.889863740656e-05
  6.939089898852e-05
  6.974733903371e-05
  6.994751634866e-05
  7.007868503056e-05
  7.045896442173e-05
  7.100209373095e-05
  7.134363418493e-05
  7.138624178792e-05
  7.151667856011e-05
  7.199289040694e-05
  7.250998464096e-05
  7.294693475794e-05
  7.331644461997e-05
  7.367868766393e-05
  7.404281276150e-05
  7.440108258108e-05
  7.475219014094e-05
  7.509932447664e-05
  7.543903515624e-05
  7.577712517860e-05
  7.613168317018e-05
  7.648059500092e-05
  7.682161266223e-05
  7.715484071281e-05
  7.748054054871e-05
  7.779876444949e-05
  7.824261542980e-05
  7.885799468653e-05
  7.946035640565e-05
  8.004980514576e-05
  8.067417643647e-05
  8.131318592202e-05
  8.193760949208e-05
  8.254786538052e-05
  8.279906726044e-05
  8.232698547569e-05
  8.218128315743e-05
  8.238956375885e-05
  8.265989985065e-05
  8.301827422869e-05
  8.349412012078e-05
  8.409820705571e-05
  8.476053309456e-05
  8.544366628186e-05
  8.613349121533e-05
  8.681584021358e-05
  8.747675471224e-05
  8.812303101597e-05
  8.876925504046e-05
  8.940988518335e-05
  9.004173240929e-05
  9.066035298058e-05
  9.126030985343e-05
  9.182492594158e-05
  9.233642629387e-05
  9.280218228730e-05
  9.322883338869e-05
  9.362620810019e-05
  9.400376896946e-05
  9.437103082302e-05
  9.471591715025e-05
  9.499116749308e-05
  9.520467602125e-05
  9.537568150490e-05
  9.548816555278e-05
  9.554531684133e-05
  9.563792836413e-05
  9.579661108092e-05
  9.603892395807e-05
  9.636939270925e-05
  9.676525022762e-05
  9.721344653069e-05
  9.770797122576e-05
  9.824479099936e-05
  9.881734174797e-05
  9.942547231838e-05
  1.000505923434e-04
  1.006980996742e-04
  1.013610763106e-04
  1.020279450224e-04
  1.026951421606e-04
  1.033572708228e-04
  1.040047404649e-04
  1.046333803815e-04
  1.052334938397e-04
  1.057949330954e-04
  1.063170503402e-04
  1.067601382141e-04
  1.071189058616e-04
  1.074152687896e-04
  1.076852949723e-04
  1.079471862584e-04
  1.082190462066e-04
  1.085457015172e-04
  1.101921586455e-04
  1.139915437902e-04
  1.106925120396e-04
  1.065066676239e-04
  1.159887650665e-04
  1.252318714036e-04
  1.191965805690e-04
  1.103640184168e-04
  1.080900189767e-04
  1.149323069076e-04
  1.204303345796e-04
  1.210080907006e-04
  1.281500608250e-04
  1.273399005903e-04
  1.252824715802e-04
  1.206890523163e-04
  1.165509763646e-04
  1.186375460686e-04
  1.214972026920e-04
  1.239064013924e-04
  1.228942593773e-04
  1.227603178618e-04
  1.338072262493e-04
  1.375233018381e-04
  1.336564168590e-04
  1.343069050378e-04
  1.377095157493e-04
  1.473062358292e-04
  1.420782509181e-04
  1.318307974561e-04
  1.270660871580e-04
  1.325024078088e-04
  1.368827329616e-04
  1.378396251709e-04
  1.461022832732e-04
  1.487700638293e-04
  1.452628593063e-04
  1.483790291396e-04
  1.433802471985e-04
  1.409851865690e-04
  1.908719009020e-04
  3.913182219371e-04
  6.973660055412e-04
  9.099843494022e-04
  6.334140297365e-04
  4.522545948879e-03
  1.594634919746e-02
  4.686482608940e-02
  1.238633206438e-01
  3.197582401096e-01
  8.209945906032e-01
