2466
  0.000000000000e+00
  0.000000000000e+00
  0.000000000000e+00
  0.000000000000e+00
  0.000000000000e+00
  0.000000000000e+00
  0.000000000000e+00
  0.000000000000e+00
  0.000000000000e+00
  0.000000000000e+00
  0.000000000000e+00
  0.000000000000e+00
  0.000000000000e+00
  0.000000000000e+00
  0.000000000000e+00
  0.000000000000e+00
  0.000000000000e+00
  0.000000000000e+00
  0.000000000000e+00
  0.000000000000e+00
  0.000000000000e+00
  0.000000000000e+00
  0.000000000000e+00
  0.000000000000e+00
  0.000000000000e+00
  0.000000000000e+00
  0.000000000000e+00
  0.000000000000e+00
  0.000000000000e+00
  0.000000000000e+00
  0.000000000000e+00
  0.000000000000e+00
  0.000000000000e+00
  0.000000000000e+00
  0.000000000000e+00
  0.000000000000e+00
  0.000000000000e+00
  0.000000000000e+00
  0.000000000000e+00
  0.000000000000e+00
  0.000000000000e+00
  0.000000000000e+00
  0.000000000000e+00
  0.000000000000e+00
  0.000000000000e+00
  0.000000000000e+00
  0.000000000000e+00
  0.000000000000e+00
  0.000000000000e+00
  0.000000000000e+00
  0.000000000000e+00
  0.000000000000e+00
  0.000000000000e+00
  0.000000000000e+00
  0.000000000000e+00
  0.000000000000e+00
  0.000000000000e+00
  0.000000000000e+00
  0.000000000000e+00
  0.000000000000e+00
  0.000000000000e+00
  0.000000000000e+00
  0.000000000000e+00
  0.000000000000e+00
  0.000000000000e+00
  0.000000000000e+00
  0.000000000000e+00
  0.000000000000e+00
  0.000000000000e+00
  0.000000000000e+00
  0.000000000000e+00
  0.000000000000e+00
  0.000000000000e+00
  0.000000000000e+00
  0.000000000000e+00
  0.000000000000e+00
  0.000000000000e+00
  0.000000000000e+00
  0.000000000000e+00
  0.000000000000e+00
  0.000000000000e+00
  0.000000000000e+00
  0.000000000000e+00
  0.000000000000e+00
  0.000000000000e+00
  0.000000000000e+00
  0.000000000000e+00
  0.000000000000e+00
  0.000000000000e+00
  0.000000000000e+00
  0.000000000000e+00
  0.000000000000e+00
  0.000000000000e+00
  0.000000000000e+00
  0.000000000000e+00
  0.000000000000e+00
  0.000000000000e+00
  0.000000000000e+00
  0.000000000000e+00
  0.000000000000e+00
  0.000000000000e+00
  0.000000000000e+00
  0.000000000000e+00
  0.000000000000e+00
  0.000000000000e+00
  0.000000000000e+00
  0.000000000000e+00
  0.000000000000e+00
  0.000000000000e+00
  0.000000000000e+00
  0.000000000000e+00
  0.000000000000e+00
  0.000000000000e+00
  0.000000000000e+00
  0.000000000000e+00
  0.000000000000e+00
  0.000000000000e+00
  0.000000000000e+00
  0.000000000000e+00
  0.000000000000e+00
  0.000000000000e+00
  0.000000000000e+00
  0.000000000000e+00
  0.000000000000e+00
  0.000000000000e+00
  0.000000000000e+00
  0.000000000000e+00
  0.000000000000e+00
  0.000000000000e+00
  0.000000000000e+00
  0.000000000000e+00
  0.000000000000e+00
  0.000000000000e+00
  0.000000000000e+00
  0.000000000000e+00
  0.000000000000e+00
  0.000000000000e+00
  0.000000000000e+00
  0.000000000000e+00
  0.000000000000e+00
  0.000000000000e+00
  0.000000000000e+00
  0.000000000000e+00
  0.000000000000e+00
  0.000000000000e+00
  0.000000000000e+00
  0.000000000000e+00
  0.000000000000e+00
  0.000000000000e+00
  0.000000000000e+00
  0.000000000000e+00
  0.000000000000e+00
  0.000000000000e+00
  0.000000000000e+00
  0.000000000000e+00
  3.059551465878e-08
  9.198281592506e-07
  4.141829440920e-06
  9.701764416962e-06
  3.800066018381e-05
  1.154692926153e-04
  1.673609278652e-04
  3.647181853510e-04
  1.840690095510e-04
  1.054325433136e-04
  2.464622652557e-04
  2.412335645448e-04
  2.210807687606e-04
  2.200450493141e-04
  3.453457926580e-04
  5.152482865786e-04
  7.873335962261e-04
  1.156800757196e-03
  8.217770237253e-04
  9.194970878075e-04
  1.498957809112e-03
  1.661803253850e-03
  1.416032839358e-03
  1.282379954761e-03
  1.273023687247e-03
  9.911893376662e-04
  9.434359240640e-04
  1.352309442001e-03
  1.366838593694e-03
  1.469250502862e-03
  2.745683169059e-03
  3.334914925552e-03
  3.551448218087e-03
  3.571746696732e-03
  5.286176884366e-03
  4.958339029432e-03
  3.477572724880e-03
  2.219948573008e-03
  2.242323460903e-03
  2.207818618080e-03
  3.240123943936e-03
  3.585238072280e-03
  2.557280665696e-03
  2.275091821152e-03
  2.813038925752e-03
  6.128598026466e-03
  7.611183938518e-03
  8.740391790519e-03
  5.555441659562e-03
  4.666379149700e-03
  6.136899093022e-03
  1.197465699822e-02
  1.109217878237e-02
  5.930452196223e-03
  5.268252179399e-03
  6.550049974021e-03
  8.085047437746e-03
  9.637541127435e-03
  7.824940687112e-03
  5.777268096050e-03
  4.997393462311e-03
  5.743029767167e-03
  4.601521711248e-03
  5.023856325549e-03
  5.391979776365e-03
  5.928306944680e-03
  8.126241409114e-03
  9.882708243490e-03
  1.228193928710e-02
  1.098678437369e-02
  9.333520992025e-03
  6.966880061395e-03
  7.857445104295e-03
  1.001595093085e-02
  1.252195037249e-02
  1.251252669094e-02
  1.204539888165e-02
  1.218653415225e-02
  1.017044903330e-02
  9.643456994206e-03
  1.075832222571e-02
  9.943149491683e-03
  9.776813942637e-03
  1.026614553388e-02
  1.050274592640e-02
  1.146601814309e-02
  1.324982765092e-02
  1.507460832104e-02
  1.156710776605e-02
  8.117391889435e-03
  6.548056118393e-03
  6.498418254135e-03
  6.425696797710e-03
  7.430351516531e-03
  7.601086116676e-03
  7.366690962762e-03
  5.989202380616e-03
  5.690983850910e-03
  5.979427346290e-03
  7.356587427866e-03
  9.557075627159e-03
  1.078861283471e-02
  1.379605554074e-02
  1.555177110860e-02
  1.726611274390e-02
  1.457449905461e-02
  1.354202176584e-02
  8.128783717867e-03
  7.754710121960e-03
  6.683586883634e-03
  6.620649031117e-03
  6.746270505277e-03
  6.536835681562e-03
  6.194566653800e-03
  6.109716385058e-03
  6.453293702044e-03
  6.306513934705e-03
  8.535218904623e-03
  8.674711672380e-03
  7.955086899546e-03
  7.310831583377e-03
  7.069820713652e-03
  5.338188522302e-03
  5.216666163939e-03
  5.490664203857e-03
  5.919685947136e-03
  5.785132114022e-03
  6.562704387249e-03
  6.989977936195e-03
  6.830946525891e-03
  6.515480288043e-03
  6.266908192175e-03
  6.124301810327e-03
  5.711613686651e-03
  5.166842625446e-03
  5.048968051664e-03
  4.934267079032e-03
  3.385261208429e-03
  3.181710829692e-03
  3.109375004371e-03
  2.888619765391e-03
  1.907406847183e-03
  1.863923084022e-03
  1.821585645020e-03
  1.780088596170e-03
  2.165116114968e-03
  2.115826746965e-03
  2.067669420490e-03
  2.020605572430e-03
  2.610105842432e-03
  3.403240187404e-03
  3.325791179311e-03
  3.250067513337e-03
  3.176103467803e-03
  3.307577965148e-03
  3.682754180356e-03
  3.598920835115e-03
  3.517021358442e-03
  3.436932919689e-03
  3.358721218971e-03
  2.928731113145e-03
  2.526024836328e-03
  2.468536379773e-03
  2.412331360658e-03
  2.357425489882e-03
  2.303754495593e-03
  2.251318949096e-03
  3.061513899712e-03
  3.184995835383e-03
  3.112474335827e-03
  3.041615334803e-03
  2.972395980098e-03
  2.904724862859e-03
  2.838617979633e-03
  2.774009344655e-03
  1.866487102377e-03
  1.728157797939e-03
  1.688831709372e-03
  1.650373719266e-03
  1.612814963760e-03
  1.576108595819e-03
  1.540223764953e-03
  1.505160756815e-03
  1.470903574856e-03
  1.299350008510e-03
  7.436735853679e-04
  7.267358103711e-04
  7.101996630267e-04
  6.940248663082e-04
  6.782357006927e-04
  6.627996017758e-04
  6.476997160501e-04
  6.329691792252e-04
  6.185505751146e-04
  6.044764681225e-04
  5.907225777722e-04
  5.772640522815e-04
  1.319938138961e-03
  1.591921756259e-03
  1.555665291271e-03
  1.520261785152e-03
  1.485664105211e-03
  1.451848542278e-03
  1.418791101528e-03
  1.386515492132e-03
  1.354927448711e-03
  1.324097527472e-03
  1.293954886554e-03
  1.264499240305e-03
  1.235731160030e-03
  1.207578946908e-03
  1.180114014108e-03
  1.153241524943e-03
  1.126985188584e-03
  1.089441572670e-03
  9.621470308288e-04
  9.402631798716e-04
  9.188663667148e-04
  8.979360243661e-04
  8.775138581152e-04
  8.575156004248e-04
  8.380043805348e-04
  8.189382075027e-04
  8.002956573785e-04
  7.820767301621e-04
  7.642602875560e-04
  7.468888918080e-04
  7.298774184226e-04
  7.132475770028e-04
  6.970199345407e-04
  6.811739240440e-04
  6.656452736625e-04
  6.504982552464e-04
  6.356903065482e-04
  6.212422802127e-04
  6.070696230499e-04
  5.932783122000e-04
  5.797412322254e-04
  5.665643602661e-04
  5.536839957770e-04
  5.410581478158e-04
  5.287496599696e-04
  5.166956886514e-04
  5.049593631009e-04
  4.934558444754e-04
  2.224009125695e-03
  1.319606496213e-04
  7.800905871559e-06
  4.400128010160e-07
  6.687803117026e-08
  1.016486452363e-08
  1.544969598393e-09
  2.348216333492e-10
  3.569087270385e-11
  5.424687006943e-12
  9.722817018653e-13
  0.000000000000e+00
  0.000000000000e+00
  0.000000000000e+00
  0.000000000000e+00
  0.000000000000e+00
  0.000000000000e+00
  0.000000000000e+00
  0.000000000000e+00
  0.000000000000e+00
  0.000000000000e+00
  0.000000000000e+00
  0.000000000000e+00
  0.000000000000e+00
  0.000000000000e+00
  0.000000000000e+00
  0.000000000000e+00
  0.000000000000e+00
  0.000000000000e+00
  0.000000000000e+00
  0.000000000000e+00
  0.000000000000e+00
  0.000000000000e+00
  0.000000000000e+00
  0.000000000000e+00
  0.000000000000e+00
  0.000000000000e+00
  0.000000000000e+00
  0.000000000000e+00
  0.000000000000e+00
  0.000000000000e+00
  0.000000000000e+00
  0.000000000000e+00
  0.000000000000e+00
  0.000000000000e+00
  0.000000000000e+00
  0.000000000000e+00
  0.000000000000e+00
  0.000000000000e+00
  0.000000000000e+00
  0.000000000000e+00
  0.000000000000e+00
  0.000000000000e+00
  0.000000000000e+00
  0.000000000000e+00
  0.000000000000e+00
  0.000000000000e+00
  0.000000000000e+00
  0.000000000000e+00
  0.000000000000e+00
  0.000000000000e+00
  0.000000000000e+00
  0.000000000000e+00
  0.000000000000e+00
  0.000000000000e+00
  0.000000000000e+00
  0.000000000000e+00
  0.000000000000e+00
  0.000000000000e+00
  0.000000000000e+00
  0.000000000000e+00
  0.000000000000e+00
  0.000000000000e+00
  0.000000000000e+00
  0.000000000000e+00
  0.000000000000e+00
  0.000000000000e+00
  0.000000000000e+00
  0.000000000000e+00
  0.000000000000e+00
  0.000000000000e+00
  0.000000000000e+00
  0.000000000000e+00
  0.000000000000e+00
  0.000000000000e+00
  0.000000000000e+00
  0.000000000000e+00
  0.000000000000e+00
  0.000000000000e+00
  0.000000000000e+00
  0.000000000000e+00
  0.000000000000e+00
  0.000000000000e+00
  0.000000000000e+00
  0.000000000000e+00
  0.000000000000e+00
  0.000000000000e+00
  0.000000000000e+00
  0.000000000000e+00
  0.000000000000e+00
  0.000000000000e+00
  0.000000000000e+00
  0.000000000000e+00
  0.000000000000e+00
  0.000000000000e+00
  0.000000000000e+00
  0.000000000000e+00
  0.000000000000e+00
  0.000000000000e+00
  0.000000000000e+00
  0.000000000000e+00
  0.000000000000e+00
  0.000000000000e+00
  0.000000000000e+00
  0.000000000000e+00
  0.000000000000e+00
  0.000000000000e+00
  0.000000000000e+00
  0.000000000000e+00
  0.000000000000e+00
  0.000000000000e+00
  0.000000000000e+00
  0.000000000000e+00
  0.000000000000e+00
  0.000000000000e+00
  0.000000000000e+00
  0.000000000000e+00
  0.000000000000e+00
  0.000000000000e+00
  0.000000000000e+00
  0.000000000000e+00
  0.000000000000e+00
  0.000000000000e+00
  0.000000000000e+00
  0.000000000000e+00
  0.000000000000e+00
  0.000000000000e+00
  0.000000000000e+00
  0.000000000000e+00
  0.000000000000e+00
  0.000000000000e+00
  0.000000000000e+00
  0.000000000000e+00
  0.000000000000e+00
  0.000000000000e+00
  0.000000000000e+00
  0.000000000000e+00
  0.000000000000e+00
  0.000000000000e+00
  0.000000000000e+00
  0.000000000000e+00
  0.000000000000e+00
  0.000000000000e+00
  2.054862757457e-10
  3.982707093624e-09
  1.380856594150e-08
  2.895270136288e-08
  4.972322932253e-08
  8.190895128213e-08
  1.227499227484e-07
  1.738872336779e-07
  2.629854652369e-07
  3.294118051181e-07
  4.097660646481e-07
  5.115880533303e-07
  6.335060364101e-07
  6.258540509136e-05
  1.762263826110e-04
  5.370797296107e-05
  3.845151212593e-05
  1.368151984977e-04
  2.027828730444e-04
  2.253816594004e-04
  4.739004613794e-04
  2.460422416047e-04
  1.845751099706e-04
  3.602733744243e-04
  3.504554016539e-04
  3.194063373968e-04
  3.087196786038e-04
  4.780491468841e-04
  6.509970795580e-04
  9.744402585114e-04
  1.402446183952e-03
  1.057165487989e-03
  1.157616406007e-03
  1.567861224735e-03
  1.970012437627e-03
  1.756959954771e-03
  1.596915747810e-03
  1.584053417086e-03
  1.266741455846e-03
  1.160224068961e-03
  1.749065576156e-03
  1.852201634381e-03
  1.946420614258e-03
  3.393725020556e-03
  4.037497899733e-03
  4.399402447026e-03
  4.435350785341e-03
  6.630447923128e-03
  6.150714310094e-03
  4.244636101183e-03
  2.773039255790e-03
  2.840789792597e-03
  2.815585888968e-03
  4.128835832637e-03
  4.574002416085e-03
  3.229088626161e-03
  2.916696470450e-03
  3.589476279533e-03
  7.533760743443e-03
  9.706250572376e-03
  1.047558308686e-02
  6.718672377302e-03
  5.538832174840e-03
  7.567507620971e-03
  1.487815601374e-02
  1.377847156302e-02
  7.047673995709e-03
  6.569766632197e-03
  8.387897644816e-03
  1.062483747960e-02
  1.268738155323e-02
  1.031296386807e-02
  7.663961266173e-03
  6.381563317835e-03
  7.605017679332e-03
  7.141111562155e-03
  6.515919941749e-03
  6.252524953892e-03
  7.005006165971e-03
  9.353031778491e-03
  1.178664761860e-02
  1.541895276988e-02
  1.443783065175e-02
  1.363378279408e-02
  1.132341112625e-02
  1.200784517433e-02
  1.447109052941e-02
  1.619561795290e-02
  1.628562991797e-02
  1.590974349365e-02
  1.607034276979e-02
  1.378683910628e-02
  1.150439798795e-02
  1.047716030236e-02
  1.087994240145e-02
  1.152165881298e-02
  1.213070749443e-02
  1.347813099392e-02
  1.512454474468e-02
  1.717080199303e-02
  1.969804909272e-02
  1.597841600976e-02
  1.143527721060e-02
  8.779589428628e-03
  8.063782627402e-03
  8.149417127709e-03
  8.855749567779e-03
  8.548353034624e-03
  7.797426901684e-03
  5.647272657812e-03
  5.462317853964e-03
  5.596580398357e-03
  6.350815916795e-03
  7.771981158346e-03
  8.344471644822e-03
  8.998501405404e-03
  9.040770780701e-03
  9.082055088074e-03
  7.099301516283e-03
  6.470689828591e-03
  5.790284597642e-03
  5.664013278429e-03
  5.561355918943e-03
  5.373465280636e-03
  5.062035503083e-03
  4.813665014701e-03
  4.242766132354e-03
  4.156595378779e-03
  4.151040813187e-03
  4.056625926543e-03
  3.899572894935e-03
  3.801633346714e-03
  3.696694282143e-03
  3.596070147124e-03
  3.530638393801e-03
  3.795111422285e-03
  3.708718198313e-03
  3.957735621752e-03
  4.338005598328e-03
  4.239403619598e-03
  4.047538398241e-03
  3.894862277987e-03
  3.806248223914e-03
  3.898731713337e-03
  3.921667747105e-03
  3.832428340924e-03
  3.841607181702e-03
  3.900709043501e-03
  3.811720884982e-03
  3.725127326971e-03
  3.595465824555e-03
  3.509807527664e-03
  3.430015365600e-03
  3.391667446095e-03
  3.558087477523e-03
  3.476972668079e-03
  3.397995677393e-03
  3.320587047660e-03
  3.751243248543e-03
  3.665845607265e-03
  3.582408693883e-03
  3.500867206141e-03
  3.349721815032e-03
  3.177612186229e-03
  3.105295472208e-03
  3.034592498674e-03
  2.965534256528e-03
  2.778934167883e-03
  2.452401306784e-03
  2.396574519127e-03
  2.342036067497e-03
  2.288705154187e-03
  2.236622178051e-03
  1.937844435821e-03
  1.658135505645e-03
  1.620398549616e-03
  1.583504435412e-03
  1.547463124393e-03
  1.512232557481e-03
  1.477812734675e-03
  1.449581684111e-03
  1.417809923112e-03
  1.385526812246e-03
  1.353984162550e-03
  1.323171459253e-03
  1.293046089868e-03
  1.263619122572e-03
  1.234858459648e-03
  1.209702702598e-03
  1.182501546083e-03
  1.155592589492e-03
  1.129277440700e-03
  1.103577682656e-03
  1.078460664232e-03
  1.053906462706e-03
  1.029914524669e-03
  1.006473781943e-03
  9.853385408854e-04
  9.696820483936e-04
  9.475960507670e-04
  9.260346848212e-04
  9.049442698885e-04
  8.843569036877e-04
  8.642294203210e-04
  8.445407902486e-04
  8.253330725502e-04
  8.065326638361e-04
  7.881816231862e-04
  7.702478528816e-04
  7.526987017944e-04
  7.404678106785e-04
  7.255639543533e-04
  7.090391632252e-04
  6.929028651772e-04
  6.771340306694e-04
  6.617215915228e-04
  6.466544795586e-04
  6.319443163645e-04
  6.175468292249e-04
  6.034952226766e-04
  5.897568455917e-04
  5.763316979703e-04
  5.632197798123e-04
  5.503887720353e-04
  5.378708830400e-04
  5.256230022694e-04
  5.136558658571e-04
  5.017919402133e-04
  4.888286123573e-04
  4.777102945865e-04
  4.668395719781e-04
  4.562055977168e-04
  4.458299547515e-04
  4.356695878662e-04
  4.257567608024e-04
  4.160699459522e-04
  4.065984071820e-04
  3.973420891509e-04
  3.882903110663e-04
  3.794645451952e-04
  3.708217916626e-04
  3.623727312611e-04
  3.541281554651e-04
  3.460773834820e-04
  3.381879855476e-04
  3.304923914261e-04
  3.229689628276e-04
  3.156284912268e-04
  3.084279767483e-04
  3.014211554010e-04
  2.945435550426e-04
  2.878488563409e-04
  2.813049062360e-04
  2.748900664382e-04
  2.686367113709e-04
  2.625125219516e-04
  2.565497065810e-04
  2.507053760656e-04
  9.891482080697e-03
  5.869067895197e-04
  3.469522123439e-05
  1.956995152398e-06
  2.974457975782e-07
  4.520911682258e-08
  6.871385575955e-09
  1.044387828834e-09
  1.587381618488e-10
  2.412674845594e-11
  4.324309833732e-12
  0.000000000000e+00
  0.000000000000e+00
  0.000000000000e+00
  0.000000000000e+00
  0.000000000000e+00
  0.000000000000e+00
  0.000000000000e+00
  0.000000000000e+00
  0.000000000000e+00
  0.000000000000e+00
  0.000000000000e+00
  0.000000000000e+00
  0.000000000000e+00
  0.000000000000e+00
  0.000000000000e+00
  0.000000000000e+00
  0.000000000000e+00
  0.000000000000e+00
  0.000000000000e+00
  0.000000000000e+00
  0.000000000000e+00
  0.000000000000e+00
  0.000000000000e+00
  0.000000000000e+00
  0.000000000000e+00
  0.000000000000e+00
  0.000000000000e+00
  0.000000000000e+00
  0.000000000000e+00
  0.000000000000e+00
  0.000000000000e+00
  0.000000000000e+00
  0.000000000000e+00
  0.000000000000e+00
  0.000000000000e+00
  0.000000000000e+00
  0.000000000000e+00
  0.000000000000e+00
  0.000000000000e+00
  0.000000000000e+00
  0.000000000000e+00
  0.000000000000e+00
  0.000000000000e+00
  0.000000000000e+00
  0.000000000000e+00
  0.000000000000e+00
  0.000000000000e+00
  0.000000000000e+00
  0.000000000000e+00
  0.000000000000e+00
  0.000000000000e+00
  0.000000000000e+00
  0.000000000000e+00
  0.000000000000e+00
  0.000000000000e+00
  0.000000000000e+00
  0.000000000000e+00
  0.000000000000e+00
  0.000000000000e+00
  0.000000000000e+00
  0.000000000000e+00
  0.000000000000e+00
  0.000000000000e+00
  0.000000000000e+00
  0.000000000000e+00
  0.000000000000e+00
  0.000000000000e+00
  0.000000000000e+00
  0.000000000000e+00
  0.000000000000e+00
  0.000000000000e+00
  0.000000000000e+00
  0.000000000000e+00
  0.000000000000e+00
  0.000000000000e+00
  0.000000000000e+00
  0.000000000000e+00
  0.000000000000e+00
  0.000000000000e+00
  0.000000000000e+00
  0.000000000000e+00
  0.000000000000e+00
  0.000000000000e+00
  0.000000000000e+00
  0.000000000000e+00
  0.000000000000e+00
  0.000000000000e+00
  0.000000000000e+00
  0.000000000000e+00
  0.000000000000e+00
  0.000000000000e+00
  0.000000000000e+00
  0.000000000000e+00
  0.000000000000e+00
  0.000000000000e+00
  0.000000000000e+00
  0.000000000000e+00
  0.000000000000e+00
  0.000000000000e+00
  0.000000000000e+00
  0.000000000000e+00
  0.000000000000e+00
  0.000000000000e+00
  0.000000000000e+00
  0.000000000000e+00
  0.000000000000e+00
  0.000000000000e+00
  0.000000000000e+00
  0.000000000000e+00
  0.000000000000e+00
  0.000000000000e+00
  0.000000000000e+00
  0.000000000000e+00
  0.000000000000e+00
  0.000000000000e+00
  0.000000000000e+00
  0.000000000000e+00
  1.063584056610e-06
  1.748854254658e-06
  2.355978349596e-06
  3.130209083657e-06
  4.051622997425e-06
  5.143512046757e-06
  6.431474717769e-06
  7.944567842777e-06
  9.705414431692e-06
  1.179444451053e-05
  1.410812797012e-05
  1.169071151482e-05
  6.673240130010e-06
  7.556776283852e-06
  4.575834894306e-05
  2.526631445650e-05
  5.117286931032e-05
  3.171798508134e-05
  9.059475820634e-06
  2.029144924764e-05
  7.627595284052e-05
  2.293267275694e-05
  5.291357216300e-06
  6.568672401057e-05
  7.161390971120e-05
  4.390623238949e-05
  1.136706688691e-04
  1.318917941780e-04
  1.122044367408e-04
  1.151053666303e-04
  1.335246251493e-04
  2.132248972161e-04
  1.256209766257e-04
  2.134462754283e-04
  2.349838422854e-04
  1.732331753531e-04
  1.636775085872e-04
  1.685177440768e-04
  3.266251472950e-04
  4.678880394442e-04
  4.153170615130e-04
  5.881356526888e-04
  7.515723639225e-04
  5.115625580009e-04
  4.791284761388e-04
  6.994409541984e-04
  4.585769379248e-04
  5.685501443009e-04
  6.464811876658e-04
  7.277482656232e-04
  7.547263802938e-04
  6.451438754496e-04
  6.423701264444e-04
  4.961064285916e-04
  4.726949435717e-04
  7.890756532402e-04
  8.613386260153e-04
  7.330586762054e-04
  9.739597917342e-04
  9.296227036659e-04
  1.075619286881e-03
  9.933661802804e-04
  8.969075369777e-04
  1.166254506463e-03
  1.020132133585e-03
  1.173710297414e-03
  1.230189276112e-03
  1.636609878251e-03
  1.337733060946e-03
  1.487906208755e-03
  1.725320573967e-03
  1.726345440893e-03
  1.650029954158e-03
  1.689665870976e-03
  1.851883523870e-03
  1.635694570063e-03
  1.708980670736e-03
  1.763961767004e-03
  1.881211644490e-03
  1.874890858878e-03
  2.056681267290e-03
  2.365900661346e-03
  2.370329964616e-03
  5.086124136306e-03
  4.758892474155e-03
  4.605367060830e-03
  5.713017496880e-03
  7.225114738755e-03
  6.663032038060e-03
  6.239387527000e-03
  6.730709195082e-03
  8.697572585757e-03
  1.120640972144e-02
  1.220574192570e-02
  1.364222508864e-02
  1.213618661888e-02
  1.347167285618e-02
  1.259077422752e-02
  1.233059251310e-02
  1.289366066277e-02
  1.411357112647e-02
  1.404052617096e-02
  1.295148912687e-02
  1.460319434428e-02
  1.574421671977e-02
  1.503049081327e-02
  1.173517265352e-02
  1.064662833392e-02
  1.065459308028e-02
  1.061621274138e-02
  1.072833944359e-02
  1.058264950890e-02
  1.092448436540e-02
  1.052486162211e-02
  1.032036357111e-02
  1.061514034103e-02
  1.045843656495e-02
  1.040791781348e-02
  1.023058337342e-02
  9.929818551832e-03
  9.857730061491e-03
  1.057321238585e-02
  1.160541800831e-02
  1.256431782112e-02
  1.278187596932e-02
  1.224704962771e-02
  1.148938429079e-02
  1.085018151326e-02
  1.023844957489e-02
  9.778320265000e-03
  9.948217463728e-03
  9.662530011337e-03
  9.470263121050e-03
  9.319396680909e-03
  9.291693971409e-03
  9.548548346367e-03
  9.567845755851e-03
  9.506029121806e-03
  9.399925251816e-03
  9.091334806073e-03
  8.020545958159e-03
  7.570282731463e-03
  7.130644963339e-03
  7.846289596940e-03
  7.896356201240e-03
  7.872334433471e-03
  7.623972309908e-03
  7.123184534981e-03
  6.969124080833e-03
  6.836030502656e-03
  6.551090832128e-03
  5.953891367643e-03
  5.853891484493e-03
  6.025724800604e-03
  5.888672036281e-03
  5.900601765545e-03
  5.786736035748e-03
  5.827719119272e-03
  5.847874449033e-03
  5.704377428140e-03
  5.354926210479e-03
  5.233025013867e-03
  5.043465209861e-03
  4.829208895382e-03
  4.719442053613e-03
  4.907508032920e-03
  4.983166746901e-03
  4.869792002560e-03
  4.927939868068e-03
  4.921068970062e-03
  4.809087766496e-03
  4.772018074724e-03
  4.773506102665e-03
  4.664606455988e-03
  4.558637070798e-03
  4.394225344763e-03
  4.289026348796e-03
  4.191519071856e-03
  4.058154205375e-03
  3.735009258060e-03
  3.649861250199e-03
  3.566957167604e-03
  3.485699364460e-03
  3.141455375078e-03
  3.069939604490e-03
  3.000066055623e-03
  2.931779079593e-03
  2.701564868277e-03
  2.420755388275e-03
  2.365664153593e-03
  2.311801252066e-03
  2.259191609755e-03
  2.133401947453e-03
  1.920449903666e-03
  1.876732489095e-03
  1.834024290202e-03
  1.792260962966e-03
  1.751474969236e-03
  1.745057377755e-03
  1.737136686761e-03
  1.697602213219e-03
  1.658950006340e-03
  1.621191659643e-03
  1.584282538085e-03
  1.548222641666e-03
  1.586509073075e-03
  1.566894580894e-03
  1.531217270545e-03
  1.496357882839e-03
  1.462304824259e-03
  1.429012300411e-03
  1.396490745461e-03
  1.364705958533e-03
  1.258147622667e-03
  1.220938808688e-03
  1.193154944568e-03
  1.165984377510e-03
  1.139449135199e-03
  1.113516176110e-03
  1.088164052235e-03
  1.063391604224e-03
  1.039189557262e-03
  1.018509620844e-03
  1.006672639719e-03
  9.837441406281e-04
  9.613605368488e-04
  9.394655998220e-04
  9.180923710721e-04
  8.971973749093e-04
  8.767574242990e-04
  8.568171542828e-04
  8.372994679708e-04
  8.182484207287e-04
  7.996303913563e-04
  7.814123383294e-04
  7.629009693158e-04
  7.452376660900e-04
  7.282647568172e-04
  7.116912442141e-04
  6.954945209221e-04
  6.796641527755e-04
  6.641885462572e-04
  6.490792948844e-04
  6.342917636157e-04
  6.198589939752e-04
  6.057485241146e-04
  5.919591946821e-04
  5.784917012889e-04
  5.653126546052e-04
  5.524552700580e-04
  5.398753183788e-04
  5.275836974740e-04
  5.145450482843e-04
  4.939062108854e-04
  4.826724404632e-04
  4.716888001760e-04
  4.609443341499e-04
  4.504609541326e-04
  4.401950105315e-04
  4.301791970654e-04
  4.203917758893e-04
  4.108218490971e-04
  4.014694166888e-04
  3.923236387256e-04
  3.834061950850e-04
  3.746736100771e-04
  3.661367816082e-04
  3.578066075845e-04
  3.496721900998e-04
  3.417008354354e-04
  3.339252952775e-04
  3.263237158462e-04
  3.189070530152e-04
  3.116317151597e-04
  3.045521338431e-04
  2.976030375634e-04
  2.908388578840e-04
  2.842269010862e-04
  2.777454293252e-04
  2.714271363197e-04
  2.652392703835e-04
  2.592145832027e-04
  2.533094831524e-04
  6.925480285097e-03
  4.109204519614e-04
  2.429170542780e-05
  1.370182156413e-06
  2.082554519766e-07
  3.165298023005e-08
  4.810973452079e-09
  7.312263208020e-10
  1.111395142127e-10
  1.689221839265e-11
  3.027647033191e-12
  0.000000000000e+00
  0.000000000000e+00
  0.000000000000e+00
  0.000000000000e+00
  0.000000000000e+00
  0.000000000000e+00
  0.000000000000e+00
  0.000000000000e+00
  0.000000000000e+00
  0.000000000000e+00
  0.000000000000e+00
  0.000000000000e+00
  0.000000000000e+00
  0.000000000000e+00
  0.000000000000e+00
  0.000000000000e+00
  0.000000000000e+00
  0.000000000000e+00
  0.000000000000e+00
  0.000000000000e+00
  0.000000000000e+00
  0.000000000000e+00
  0.000000000000e+00
  0.000000000000e+00
  0.000000000000e+00
  0.000000000000e+00
  0.000000000000e+00
  0.000000000000e+00
  0.000000000000e+00
  0.000000000000e+00
  0.000000000000e+00
  0.000000000000e+00
  0.000000000000e+00
  0.000000000000e+00
  0.000000000000e+00
  0.000000000000e+00
  0.000000000000e+00
  0.000000000000e+00
  0.000000000000e+00
  0.000000000000e+00
  0.000000000000e+00
  0.000000000000e+00
  0.000000000000e+00
  0.000000000000e+00
  0.000000000000e+00
  0.000000000000e+00
  0.000000000000e+00
  0.000000000000e+00
  0.000000000000e+00
  0.000000000000e+00
  0.000000000000e+00
  0.000000000000e+00
  0.000000000000e+00
  0.000000000000e+00
  0.000000000000e+00
  0.000000000000e+00
  0.000000000000e+00
  0.000000000000e+00
  0.000000000000e+00
  0.000000000000e+00
  0.000000000000e+00
  0.000000000000e+00
  0.000000000000e+00
  0.000000000000e+00
  0.000000000000e+00
  0.000000000000e+00
  0.000000000000e+00
  0.000000000000e+00
  0.000000000000e+00
  0.000000000000e+00
  0.000000000000e+00
  0.000000000000e+00
  0.000000000000e+00
  0.000000000000e+00
  0.000000000000e+00
  0.000000000000e+00
  0.000000000000e+00
  0.000000000000e+00
  0.000000000000e+00
  0.000000000000e+00
  0.000000000000e+00
  0.000000000000e+00
  0.000000000000e+00
  0.000000000000e+00
  0.000000000000e+00
  0.000000000000e+00
  0.000000000000e+00
  0.000000000000e+00
  0.000000000000e+00
  0.000000000000e+00
  0.000000000000e+00
  0.000000000000e+00
  0.000000000000e+00
  0.000000000000e+00
  0.000000000000e+00
  0.000000000000e+00
  0.000000000000e+00
  0.000000000000e+00
  0.000000000000e+00
  0.000000000000e+00
  0.000000000000e+00
  0.000000000000e+00
  0.000000000000e+00
  0.000000000000e+00
  0.000000000000e+00
  0.000000000000e+00
  0.000000000000e+00
  0.000000000000e+00
  0.000000000000e+00
  0.000000000000e+00
  0.000000000000e+00
  0.000000000000e+00
  0.000000000000e+00
  0.000000000000e+00
  0.000000000000e+00
  0.000000000000e+00
  0.000000000000e+00
  5.968815734499e-05
  8.006831528882e-05
  8.774087849267e-05
  9.584148633985e-05
  9.872104059190e-05
  1.388526562143e-04
  1.135367474440e-04
  7.849016567360e-05
  8.819454479834e-05
  9.738225056282e-05
  1.006276955972e-04
  1.466019292790e-04
  1.450179882890e-04
  1.789579003981e-04
  2.419110486672e-04
  2.211261925595e-04
  3.217341354321e-04
  3.410186376683e-04
  4.104037022305e-04
  4.030140114863e-04
  3.948722176572e-04
  3.728300902906e-04
  4.488558450341e-04
  4.715251989680e-04
  4.287897657522e-04
  4.953869555927e-04
  5.246703697259e-04
  5.110342676607e-04
  6.547867888615e-04
  6.972716934112e-04
  6.329261590424e-04
  7.047335177961e-04
  1.048919572066e-03
  1.313633227995e-03
  1.234909054586e-03
  9.447950495748e-04
  8.133755711239e-04
  9.764826598534e-04
  8.382937365507e-04
  9.000502161609e-04
  1.154172378456e-03
  1.330636600799e-03
  1.150001037386e-03
  1.234120755409e-03
  1.440297057032e-03
  1.653666297784e-03
  1.550410222960e-03
  1.661289194779e-03
  1.077073151039e-03
  2.176295207916e-03
  1.994666061776e-03
  2.253591186948e-03
  2.097559658592e-03
  2.457564439281e-03
  3.239896690565e-03
  2.877659128082e-03
  3.354666742284e-03
  3.354788257736e-03
  3.498008437840e-03
  2.741305863735e-03
  2.793505799402e-03
  2.428906958997e-03
  2.578714310774e-03
  2.684819276590e-03
  2.864685414502e-03
  3.357955415794e-03
  2.882119003715e-03
  3.072019215441e-03
  3.517303540360e-03
  3.850354125441e-03
  4.023573109584e-03
  4.180808933632e-03
  4.121824816133e-03
  4.131101357449e-03
  4.005058808479e-03
  3.534605272380e-03
  4.292703981465e-03
  3.914783169365e-03
  3.752164469336e-03
  3.951703183299e-03
  5.242373093384e-03
  5.341245304369e-03
  5.660326783338e-03
  8.912716296545e-03
  9.007069166889e-03
  8.997353101597e-03
  1.055119187011e-02
  9.863559196021e-03
  8.513256224215e-03
  7.719077767619e-03
  7.814728526408e-03
  8.380416566236e-03
  8.615872145296e-03
  9.588466310685e-03
  9.737152100695e-03
  9.355686657005e-03
  9.422471032350e-03
  9.601062550733e-03
  1.071350807423e-02
  1.020323625139e-02
  1.072718244073e-02
  1.067490494201e-02
  1.161278188421e-02
  1.289495605439e-02
  1.231870651198e-02
  1.074180566194e-02
  1.024338805926e-02
  1.097971740439e-02
  1.124971698248e-02
  1.207185692022e-02
  1.192091663076e-02
  1.203279358054e-02
  1.293775793329e-02
  1.391454308906e-02
  1.316224351101e-02
  1.186665351784e-02
  1.011906482467e-02
  9.569646928232e-03
  9.497140984901e-03
  9.349277363269e-03
  9.449858546888e-03
  9.840564335802e-03
  9.669212035837e-03
  9.985196163497e-03
  9.710584169099e-03
  9.329105798233e-03
  9.338710689813e-03
  9.188737353100e-03
  9.141876341016e-03
  9.259681693600e-03
  9.638822831091e-03
  9.110522768959e-03
  8.800710075001e-03
  8.587825344795e-03
  8.600452610065e-03
  8.633083387086e-03
  8.456560216823e-03
  8.041471189014e-03
  7.717580800668e-03
  7.453307961432e-03
  7.074624445963e-03
  6.681607278026e-03
  6.297869236839e-03
  6.736459870156e-03
  6.731273487246e-03
  6.523686313662e-03
  6.360343691791e-03
  6.145408711512e-03
  6.012475977868e-03
  5.897584410697e-03
  5.763555452550e-03
  5.633254691888e-03
  5.477919162674e-03
  5.119195206559e-03
  5.002760134603e-03
  5.391614751950e-03
  5.339559600651e-03
  5.386043139203e-03
  5.412130179861e-03
  5.300180837890e-03
  5.415033623534e-03
  5.291765246479e-03
  5.011548028676e-03
  4.672005415935e-03
  4.565811252607e-03
  4.306000874439e-03
  4.109052766495e-03
  4.015563431491e-03
  3.893804948563e-03
  3.786010400877e-03
  3.699858530827e-03
  3.578154342037e-03
  3.439918880902e-03
  3.361443167811e-03
  3.285079755237e-03
  3.009043186071e-03
  2.922927512113e-03
  2.856476657902e-03
  2.759905484200e-03
  2.505095079068e-03
  2.447985402052e-03
  2.392381223923e-03
  2.337881285147e-03
  2.337261556342e-03
  2.284053300966e-03
  2.232066922242e-03
  2.181261311751e-03
  2.104025056271e-03
  2.019125829551e-03
  1.973174373552e-03
  1.928248042591e-03
  1.884366744517e-03
  1.820159272385e-03
  1.731610962495e-03
  1.692192384033e-03
  1.653683620200e-03
  1.616027274335e-03
  1.579251786226e-03
  1.517610875567e-03
  1.458648992809e-03
  1.425452522578e-03
  1.392997038060e-03
  1.361291588278e-03
  1.330299460055e-03
  1.300020653389e-03
  1.117404129566e-03
  1.057668684612e-03
  1.033585873282e-03
  1.010055569443e-03
  9.870694997034e-04
  9.645966388409e-04
  9.426442260740e-04
  9.211892510298e-04
  9.537584946944e-04
  9.381246268892e-04
  9.167766888602e-04
  8.958998171155e-04
  8.755110755270e-04
  8.555851268302e-04
  8.361054242402e-04
  8.170714506700e-04
  7.984749327271e-04
  7.806142296277e-04
  7.640521906038e-04
  7.466498851564e-04
  7.296609907894e-04
  7.130428478229e-04
  6.968210520647e-04
  6.809617343145e-04
  6.654480892438e-04
  6.503139860530e-04
  6.355002182772e-04
  6.210406551169e-04
  6.069097007641e-04
  5.930822764978e-04
  6.180857612846e-04
  6.193970939924e-04
  6.052901841865e-04
  5.915152442537e-04
  5.780536590611e-04
  5.648963795856e-04
  5.520340982606e-04
  5.394761226527e-04
  5.271854810393e-04
  5.151900961199e-04
  5.034617866515e-04
  4.920010697210e-04
  4.808076867850e-04
  4.698542322309e-04
  4.591678531277e-04
  4.487120948398e-04
  4.384960063903e-04
  4.282773325056e-04
  4.164303515638e-04
  4.069586098938e-04
  3.976978397320e-04
  3.886389920554e-04
  3.797999063665e-04
  3.711443865732e-04
  3.626998382881e-04
  3.544476463781e-04
  3.463787618202e-04
  3.384934431579e-04
  3.307823828246e-04
  3.232636788665e-04
  3.159008766480e-04
  3.087032837354e-04
  3.016796906084e-04
  2.948213067875e-04
  2.881004681165e-04
  2.815445802081e-04
  2.751352864726e-04
  2.688821530201e-04
  2.627479495846e-04
  2.567789813094e-04
  2.509199457368e-04
  2.452168119037e-04
  2.396420449257e-04
  2.341772882134e-04
  2.288500766510e-04
  2.236329012086e-04
  2.185532450618e-04
  2.135744467401e-04
  4.412311382349e-03
  2.618027144939e-04
  1.547657768699e-05
  8.729615779261e-07
  1.326823859584e-07
  2.016654153548e-08
  3.065136787073e-09
  4.658721450137e-10
  7.080860515543e-11
  1.076228747919e-11
  1.928954383474e-12
  0.000000000000e+00
  0.000000000000e+00
  0.000000000000e+00
  0.000000000000e+00
  0.000000000000e+00
  0.000000000000e+00
  0.000000000000e+00
  0.000000000000e+00
  0.000000000000e+00
  0.000000000000e+00
  0.000000000000e+00
  0.000000000000e+00
  0.000000000000e+00
  0.000000000000e+00
  0.000000000000e+00
  0.000000000000e+00
  0.000000000000e+00
  0.000000000000e+00
  0.000000000000e+00
  0.000000000000e+00
  0.000000000000e+00
  0.000000000000e+00
  0.000000000000e+00
  0.000000000000e+00
  0.000000000000e+00
  0.000000000000e+00
  0.000000000000e+00
  0.000000000000e+00
  0.000000000000e+00
  0.000000000000e+00
  0.000000000000e+00
  0.000000000000e+00
  0.000000000000e+00
  0.000000000000e+00
  0.000000000000e+00
  0.000000000000e+00
  0.000000000000e+00
  0.000000000000e+00
  0.000000000000e+00
  0.000000000000e+00
  0.000000000000e+00
  0.000000000000e+00
  0.000000000000e+00
  0.000000000000e+00
  0.000000000000e+00
  0.000000000000e+00
  0.000000000000e+00
  0.000000000000e+00
  0.000000000000e+00
  0.000000000000e+00
  0.000000000000e+00
  0.000000000000e+00
  0.000000000000e+00
  0.000000000000e+00
  0.000000000000e+00
  0.000000000000e+00
  0.000000000000e+00
  0.000000000000e+00
  0.000000000000e+00
  0.000000000000e+00
  0.000000000000e+00
  0.000000000000e+00
  0.000000000000e+00
  0.000000000000e+00
  0.000000000000e+00
  0.000000000000e+00
  0.000000000000e+00
  0.000000000000e+00
  0.000000000000e+00
  0.000000000000e+00
  0.000000000000e+00
  0.000000000000e+00
  0.000000000000e+00
  0.000000000000e+00
  0.000000000000e+00
  0.000000000000e+00
  0.000000000000e+00
  0.000000000000e+00
  0.000000000000e+00
  0.000000000000e+00
  0.000000000000e+00
  0.000000000000e+00
  0.000000000000e+00
  0.000000000000e+00
  0.000000000000e+00
  0.000000000000e+00
  0.000000000000e+00
  0.000000000000e+00
  0.000000000000e+00
  0.000000000000e+00
  0.000000000000e+00
  0.000000000000e+00
  0.000000000000e+00
  0.000000000000e+00
  0.000000000000e+00
  0.000000000000e+00
  0.000000000000e+00
  0.000000000000e+00
  0.000000000000e+00
  0.000000000000e+00
  0.000000000000e+00
  0.000000000000e+00
  0.000000000000e+00
  0.000000000000e+00
  0.000000000000e+00
  0.000000000000e+00
  0.000000000000e+00
  0.000000000000e+00
  0.000000000000e+00
  0.000000000000e+00
  0.000000000000e+00
  0.000000000000e+00
  0.000000000000e+00
  0.000000000000e+00
  0.000000000000e+00
  0.000000000000e+00
  0.000000000000e+00
  1.700627106197e-04
  2.307254082616e-04
  2.198052902735e-04
  2.070720263306e-04
  3.148417718759e-04
  2.846694012461e-04
  2.484723814813e-04
  3.938550679837e-04
  3.234883945260e-04
  2.946215873596e-04
  3.004015576443e-04
  3.566404868971e-04
  3.377558831465e-04
  3.393204404342e-04
  5.313725906796e-04
  4.193224156696e-04
  4.839694056934e-04
  5.169536912551e-04
  5.202673239532e-04
  6.676390350993e-04
  5.668043584215e-04
  5.920069736813e-04
  6.102047739889e-04
  6.895674311355e-04
  6.360855532580e-04
  7.849694805976e-04
  7.665145152509e-04
  6.557172473023e-04
  1.024951505973e-03
  8.989418980600e-04
  8.048281962556e-04
  8.956570214329e-04
  1.056778044366e-03
  1.056313911289e-03
  1.076267219286e-03
  1.012863235659e-03
  9.874342924629e-04
  1.103914037525e-03
  9.945873651411e-04
  1.018884983963e-03
  1.181098233104e-03
  1.169798862898e-03
  1.254776205982e-03
  1.448925090015e-03
  1.518541898470e-03
  1.687606786036e-03
  1.460674089139e-03
  1.613193515376e-03
  1.423834156777e-03
  1.775219471686e-03
  1.714588304824e-03
  1.825972045274e-03
  1.619080311942e-03
  1.932664636324e-03
  2.159140767531e-03
  2.042009596561e-03
  2.257564096302e-03
  2.267118553161e-03
  2.450294725865e-03
  2.178015092248e-03
  2.281383077888e-03
  2.303406066264e-03
  2.247470463111e-03
  2.331307022587e-03
  2.413885503953e-03
  2.503579221062e-03
  2.702796362620e-03
  2.475458810512e-03
  2.969402347742e-03
  2.918816887285e-03
  2.862103104491e-03
  2.979982816171e-03
  3.004517546456e-03
  2.749982174411e-03
  2.838658077952e-03
  2.628625878963e-03
  2.983116975671e-03
  3.186198529587e-03
  2.967050151577e-03
  3.162546661133e-03
  3.906135777095e-03
  3.729999796878e-03
  4.010102216933e-03
  6.439089703122e-03
  6.741104123208e-03
  6.795330758102e-03
  7.081327542111e-03
  6.916333278202e-03
  6.561984070002e-03
  6.480275207540e-03
  6.855125728687e-03
  7.138158619406e-03
  7.390070630581e-03
  8.052374657759e-03
  8.147654367796e-03
  8.699304276764e-03
  8.957673791618e-03
  8.628133000871e-03
  9.385464491848e-03
  9.647106901632e-03
  9.215034321521e-03
  9.439293838917e-03
  9.698886748022e-03
  1.011304984527e-02
  1.068576862123e-02
  1.036115924442e-02
  1.123936713238e-02
  1.097679141152e-02
  1.093143753802e-02
  1.156984123420e-02
  1.144347217540e-02
  1.122643320655e-02
  1.172891401769e-02
  1.207361480731e-02
  1.141251525591e-02
  1.099470089437e-02
  1.048051585782e-02
  1.031980347379e-02
  1.023032542722e-02
  1.050445402575e-02
  9.901049495018e-03
  9.656067949217e-03
  9.455210576500e-03
  9.859346885814e-03
  9.802314011528e-03
  9.634677468282e-03
  9.840995972040e-03
  9.909739377898e-03
  9.899466649878e-03
  9.794790767497e-03
  9.448179212631e-03
  9.083992401172e-03
  9.030364851092e-03
  9.013451740872e-03
  8.946909183435e-03
  8.500773875587e-03
  8.320991676008e-03
  8.479068086856e-03
  8.407852667871e-03
  8.315826934297e-03
  8.448848987610e-03
  8.230939769242e-03
  8.018182680274e-03
  7.827408850898e-03
  7.646460012471e-03
  7.437108247708e-03
  7.362638852260e-03
  7.643969080876e-03
  7.437707332522e-03
  7.169247968171e-03
  7.009689610678e-03
  6.862888606644e-03
  6.680401066169e-03
  6.301358843171e-03
  6.158035684135e-03
  6.568769493790e-03
  6.496677519129e-03
  6.313672873867e-03
  6.138537049981e-03
  5.989670779878e-03
  5.659945218762e-03
  5.531100363141e-03
  5.270252529004e-03
  4.959829480593e-03
  4.847093069694e-03
  4.748080745958e-03
  4.647119820039e-03
  4.541390179000e-03
  4.432552864317e-03
  4.328013194903e-03
  4.229526804573e-03
  4.146988051989e-03
  4.073602684746e-03
  3.980670756565e-03
  3.890238588596e-03
  3.802987245681e-03
  3.716683087388e-03
  3.632187534617e-03
  3.524415960286e-03
  3.291847451829e-03
  3.216801673729e-03
  3.143734767361e-03
  3.072118276858e-03
  2.919324532838e-03
  2.852865216660e-03
  2.787932620834e-03
  2.724474404266e-03
  2.665808866209e-03
  2.609624169897e-03
  2.550234054523e-03
  2.492168862511e-03
  2.435454449101e-03
  2.387158753865e-03
  2.348611745091e-03
  2.295147524450e-03
  2.242917418526e-03
  2.191843861600e-03
  2.141964690609e-03
  1.962352757240e-03
  1.793308049373e-03
  1.752495238771e-03
  1.712593037086e-03
  1.673614056630e-03
  1.635511001233e-03
  1.598285132127e-03
  1.433518520447e-03
  1.372114849483e-03
  1.340872261129e-03
  1.310346052090e-03
  1.280526763131e-03
  1.251372143008e-03
  1.222893542801e-03
  1.195060062346e-03
  1.091932971863e-03
  1.058459265539e-03
  1.034372902941e-03
  1.010818149289e-03
  9.878145536659e-04
  9.653324771385e-04
  9.433536318548e-04
  9.218786484303e-04
  9.008968064001e-04
  8.566105651084e-04
  7.465120192375e-04
  7.295093616029e-04
  7.129102979482e-04
  6.966738382598e-04
  6.808245765459e-04
  6.653290901800e-04
  6.501716137722e-04
  6.353849393335e-04
  6.209112394139e-04
  6.067834952089e-04
  5.929770496489e-04
  5.794671826026e-04
  6.354908827532e-04
  6.486789466622e-04
  6.339048845353e-04
  6.194786699699e-04
  6.053807538825e-04
  5.916014878546e-04
  5.781311604060e-04
  5.649795460783e-04
  5.521079250743e-04
  5.395453057111e-04
  5.272627427330e-04
  5.152601730784e-04
  5.035376598090e-04
  4.920661946074e-04
  4.808747227294e-04
  4.699247135621e-04
  4.592257524627e-04
  4.757637094664e-04
  6.972306718290e-04
  6.813719508811e-04
  6.658670052813e-04
  6.506994390241e-04
  6.359001522735e-04
  6.214081014401e-04
  6.072691322776e-04
  5.934525338065e-04
  5.799430451295e-04
  5.667405401235e-04
  5.538296948295e-04
  5.412412832885e-04
  5.289138204801e-04
  5.168626934249e-04
  5.051032260817e-04
  4.936201575532e-04
  4.823673267779e-04
  4.713908317557e-04
  4.606599615072e-04
  4.501900399914e-04
  4.399197083109e-04
  4.299257123835e-04
  4.201159823326e-04
  4.105672010143e-04
  4.012333334904e-04
  3.920836687813e-04
  3.831643048870e-04
  3.744291438075e-04
  3.659242835429e-04
  3.575883021342e-04
  2.948904187872e-03
  1.749719899543e-04
  1.034353353858e-05
  5.834305385468e-07
  8.867621884852e-08
  1.347800204041e-08
  2.048535837339e-09
  3.113595125680e-10
  4.732385354449e-11
  7.192801460592e-12
  1.289186376462e-12
  0.000000000000e+00
  0.000000000000e+00
  0.000000000000e+00
  0.000000000000e+00
  0.000000000000e+00
  0.000000000000e+00
  0.000000000000e+00
  0.000000000000e+00
  0.000000000000e+00
  0.000000000000e+00
  0.000000000000e+00
  0.000000000000e+00
  0.000000000000e+00
  0.000000000000e+00
  0.000000000000e+00
  0.000000000000e+00
  0.000000000000e+00
  0.000000000000e+00
  0.000000000000e+00
  0.000000000000e+00
  0.000000000000e+00
  0.000000000000e+00
  0.000000000000e+00
  0.000000000000e+00
  0.000000000000e+00
  0.000000000000e+00
  0.000000000000e+00
  0.000000000000e+00
  0.000000000000e+00
  0.000000000000e+00
  0.000000000000e+00
  0.000000000000e+00
  0.000000000000e+00
  0.000000000000e+00
  0.000000000000e+00
  0.000000000000e+00
  0.000000000000e+00
  0.000000000000e+00
  0.000000000000e+00
  0.000000000000e+00
  0.000000000000e+00
  0.000000000000e+00
  0.000000000000e+00
  0.000000000000e+00
  0.000000000000e+00
  0.000000000000e+00
  0.000000000000e+00
  0.000000000000e+00
  0.000000000000e+00
  0.000000000000e+00
  0.000000000000e+00
  0.000000000000e+00
  0.000000000000e+00
  0.000000000000e+00
  0.000000000000e+00
  0.000000000000e+00
  0.000000000000e+00
  0.000000000000e+00
  0.000000000000e+00
  0.000000000000e+00
  0.000000000000e+00
  0.000000000000e+00
  0.000000000000e+00
  0.000000000000e+00
  0.000000000000e+00
  0.000000000000e+00
  0.000000000000e+00
  0.000000000000e+00
  0.000000000000e+00
  0.000000000000e+00
  0.000000000000e+00
  0.000000000000e+00
  0.000000000000e+00
  0.000000000000e+00
  0.000000000000e+00
  0.000000000000e+00
  0.000000000000e+00
  0.000000000000e+00
  0.000000000000e+00
  0.000000000000e+00
  0.000000000000e+00
  0.000000000000e+00
  0.000000000000e+00
  0.000000000000e+00
  0.000000000000e+00
  0.000000000000e+00
  0.000000000000e+00
  0.000000000000e+00
  0.000000000000e+00
  0.000000000000e+00
  0.000000000000e+00
  0.000000000000e+00
  0.000000000000e+00
  0.000000000000e+00
  0.000000000000e+00
  0.000000000000e+00
  0.000000000000e+00
  0.000000000000e+00
  0.000000000000e+00
  0.000000000000e+00
  0.000000000000e+00
  0.000000000000e+00
  0.000000000000e+00
  0.000000000000e+00
  0.000000000000e+00
  0.000000000000e+00
  0.000000000000e+00
  0.000000000000e+00
  0.000000000000e+00
  0.000000000000e+00
  0.000000000000e+00
  0.000000000000e+00
  0.000000000000e+00
  0.000000000000e+00
  0.000000000000e+00
  0.000000000000e+00
  0.000000000000e+00
  3.225135730519e-04
  4.424730477434e-04
  4.818443239134e-04
  5.026207900760e-04
  4.973911079635e-04
  4.978350566250e-04
  5.771316039036e-04
  7.495331728490e-04
  6.869812731332e-04
  6.020553544589e-04
  6.109850603762e-04
  7.119607242664e-04
  8.002384628617e-04
  7.033971367433e-04
  7.967073472962e-04
  7.387904883864e-04
  8.591490501927e-04
  7.381136510918e-04
  8.543615102364e-04
  9.146858384557e-04
  8.166933168765e-04
  8.475652870013e-04
  9.542680241119e-04
  9.575880796491e-04
  9.156383183407e-04
  1.040083496072e-03
  1.083889742593e-03
  1.024259865095e-03
  1.224050612614e-03
  1.008566754121e-03
  1.077082228701e-03
  1.252374507106e-03
  1.205233000295e-03
  1.272978000392e-03
  1.386292847746e-03
  1.375398868470e-03
  1.494789143470e-03
  1.330799265066e-03
  1.402830499917e-03
  1.368726993012e-03
  1.313238378222e-03
  1.384820244895e-03
  1.411730549040e-03
  1.760362574776e-03
  1.686229621627e-03
  1.794311324400e-03
  1.771565918074e-03
  1.714519493603e-03
  1.793328284468e-03
  1.803471811361e-03
  1.895334107968e-03
  2.203803909325e-03
  1.923947645465e-03
  2.160682629372e-03
  1.844234096562e-03
  2.042404709970e-03
  2.181817235198e-03
  2.212532340451e-03
  2.170175814381e-03
  2.153664356535e-03
  2.265092610256e-03
  2.263526972386e-03
  2.430588060231e-03
  2.624386930971e-03
  2.540504871238e-03
  2.445672378941e-03
  2.613194125621e-03
  2.540992627652e-03
  2.699400555422e-03
  2.600062337985e-03
  2.709536555210e-03
  2.875175020183e-03
  2.897322774361e-03
  2.705660096061e-03
  2.787321659776e-03
  2.641724864961e-03
  2.797922834662e-03
  3.045952992549e-03
  3.120228960696e-03
  3.236831346493e-03
  3.706099684215e-03
  3.576848750932e-03
  3.655820127269e-03
  6.059557498027e-03
  6.478212075335e-03
  7.024160538587e-03
  6.494408900186e-03
  6.536900914149e-03
  6.269940086823e-03
  6.452014738589e-03
  7.231009904227e-03
  8.603469137054e-03
  9.228032191859e-03
  8.557090125994e-03
  8.337750282077e-03
  9.206933716138e-03
  9.483338049579e-03
  8.940737642695e-03
  9.711425895095e-03
  9.875132904888e-03
  9.317249463718e-03
  9.564281527463e-03
  9.777623774001e-03
  9.513654218260e-03
  1.024981563936e-02
  1.068087789679e-02
  1.194195855479e-02
  1.104835267538e-02
  1.090058506344e-02
  1.154172732003e-02
  1.054868537082e-02
  9.965321173311e-03
  1.050114568014e-02
  9.685839759287e-03
  9.447310313514e-03
  9.661870445665e-03
  1.000104782517e-02
  1.012558227437e-02
  1.000566043520e-02
  1.020277574847e-02
  9.384486083134e-03
  8.474478641610e-03
  8.106723854712e-03
  8.035902827826e-03
  8.490667939355e-03
  8.960293061861e-03
  9.534325154408e-03
  9.632231716447e-03
  9.562739976330e-03
  9.454444503770e-03
  9.345084698544e-03
  9.176015379046e-03
  9.427539619141e-03
  9.488653691232e-03
  8.357614312554e-03
  8.015183718205e-03
  7.813050836649e-03
  7.764865320354e-03
  7.727086779633e-03
  7.705676681759e-03
  8.155494979787e-03
  8.233865693133e-03
  8.310402803665e-03
  7.586956168574e-03
  7.273789453607e-03
  6.945487235615e-03
  6.873541659220e-03
  7.124975574054e-03
  6.969274393293e-03
  6.831230295781e-03
  6.658934859018e-03
  6.449306486158e-03
  6.282638313202e-03
  5.967835205576e-03
  5.832097413080e-03
  6.032630032083e-03
  5.942122614401e-03
  5.685300797705e-03
  5.447885363494e-03
  5.321988508264e-03
  5.160068433233e-03
  5.042601935765e-03
  5.000323691588e-03
  4.988719906297e-03
  4.875327078134e-03
  4.529567997890e-03
  4.277479224909e-03
  4.180159777072e-03
  4.040244441220e-03
  3.920105821426e-03
  3.830902098356e-03
  3.748959020909e-03
  3.671744470913e-03
  3.587979834020e-03
  3.506470317829e-03
  3.350415363127e-03
  3.267560000536e-03
  3.193274999862e-03
  3.148253878571e-03
  3.246460019394e-03
  3.172449005348e-03
  3.100389016955e-03
  3.029760683961e-03
  3.209464297608e-03
  3.136400193389e-03
  3.065013128196e-03
  2.995248906873e-03
  2.943686731210e-03
  2.898975726651e-03
  2.833000650057e-03
  2.768497875230e-03
  2.705494499748e-03
  2.635819098265e-03
  2.557939152174e-03
  2.499709466775e-03
  2.442824122354e-03
  2.387198815335e-03
  2.332874192084e-03
  1.975113895397e-03
  1.640574718082e-03
  1.603237265722e-03
  1.566733816612e-03
  1.531074908700e-03
  1.496217035316e-03
  1.462161701884e-03
  1.322841157881e-03
  1.268966053350e-03
  1.240072055915e-03
  1.211840895359e-03
  1.184262936988e-03
  1.157300244191e-03
  1.130962451663e-03
  1.105221106947e-03
  1.264212535909e-03
  1.256336925796e-03
  1.227747776119e-03
  1.199789548396e-03
  1.172484974484e-03
  1.145800182409e-03
  1.119712741398e-03
  1.094222500910e-03
  1.069318170286e-03
  9.840625644063e-04
  7.295603004316e-04
  7.129437641983e-04
  6.967216482746e-04
  6.808537579190e-04
  6.653641798680e-04
  6.502208486536e-04
  6.354076562709e-04
  6.209566681878e-04
  6.068115816577e-04
  5.930047632328e-04
  5.795118250925e-04
  5.663086805002e-04
  7.378729342693e-04
  7.947822148844e-04
  7.766808818902e-04
  7.590052819631e-04
  7.417320810770e-04
  7.248492358637e-04
  7.083450040391e-04
  6.922312784295e-04
  6.764604877303e-04
  6.610684609619e-04
  6.460193691040e-04
  6.313135132406e-04
  6.169505922876e-04
  6.028953793930e-04
  5.891832519509e-04
  5.757669397409e-04
  5.626581850471e-04
  6.288196327641e-04
  1.294239212126e-03
  1.264801908242e-03
  1.236020215216e-03
  1.207865379506e-03
  1.180394456570e-03
  1.153493486035e-03
  1.127247975817e-03
  1.101600870457e-03
  1.076523566957e-03
  1.052016366400e-03
  1.028050515246e-03
  1.004683219492e-03
  9.818002176840e-04
  9.594302633622e-04
  9.376016584425e-04
  9.162861010095e-04
  8.953979326066e-04
  8.750228116903e-04
  8.551035322616e-04
  8.356686973200e-04
  8.166043464937e-04
  7.980528926119e-04
  7.798434703879e-04
  7.621184926509e-04
  7.447923009446e-04
  7.278082914382e-04
  7.112516709618e-04
  6.950369316011e-04
  6.792497318127e-04
  6.637759606825e-04
  2.236965323751e-03
  1.327294945995e-04
  7.846353760651e-06
  4.425764701681e-07
  6.726769130582e-08
  1.022409702650e-08
  1.553970857129e-09
  2.361900214943e-10
  3.589872148254e-11
  5.456293139940e-12
  9.779470925604e-13
