411
  7.059332033065e-02
  6.962469348510e-02
  6.783737017578e-02
  6.569193881506e-02
  6.341659578574e-02
  6.111493587592e-02
  5.875981928501e-02
  5.631200367841e-02
  5.384785335842e-02
  5.139488154856e-02
  4.910115303278e-02
  4.692406655285e-02
  4.490781993070e-02
  4.329362062312e-02
  4.202668107206e-02
  4.132045086413e-02
  4.112484990480e-02
  4.127636630696e-02
  4.166752664688e-02
  4.206866134037e-02
  4.238462421829e-02
  4.280202437587e-02
  4.332081938675e-02
  4.393690908340e-02
  4.459252174824e-02
  4.527258193739e-02
  4.595730422012e-02
  4.668363211702e-02
  4.742595890819e-02
  4.822823797832e-02
  4.904046957564e-02
  4.988957865981e-02
  5.073749101447e-02
  5.159716983592e-02
  5.245696742507e-02
  5.334155376848e-02
  5.421971268679e-02
  5.509529714705e-02
  5.596071444605e-02
  5.678064353202e-02
  5.757891675595e-02
  5.816978332848e-02
  5.860059547240e-02
  5.881685980618e-02
  5.851381795877e-02
  5.820082347921e-02
  5.799998236014e-02
  5.783344415965e-02
  5.745135453287e-02
  5.673622384188e-02
  5.600286755249e-02
  5.496581247629e-02
  5.384362333136e-02
  5.277283606157e-02
  5.182641111868e-02
  5.090080817191e-02
  5.003415323872e-02
  4.923538349499e-02
  4.844858144975e-02
  4.772766724380e-02
  4.705501371944e-02
  4.639302829183e-02
  4.586585566419e-02
  4.556745958044e-02
  4.529791723017e-02
  4.523843706110e-02
  4.534288188560e-02
  4.553185792092e-02
  4.626042564426e-02
  4.712155108133e-02
  4.797286396120e-02
  4.876601056122e-02
  4.927183530885e-02
  4.972561163150e-02
  5.004889531760e-02
  5.023178807560e-02
  5.041122449240e-02
  5.058827233171e-02
  5.076996090646e-02
  5.104003710439e-02
  5.133634893246e-02
  5.162918368194e-02
  5.191888681118e-02
  5.219931333748e-02
  5.245608189070e-02
  5.270876266872e-02
  5.294998178642e-02
  5.309688920976e-02
  5.321855153453e-02
  5.334093911032e-02
  5.346185785553e-02
  5.358135248074e-02
  5.370145917897e-02
  5.382110606964e-02
  5.393927034409e-02
  5.406650862383e-02
  5.425668238663e-02
  5.445517558225e-02
  5.465101792406e-02
  5.484525252148e-02
  5.504015684237e-02
  5.523290701473e-02
  5.542312849777e-02
  5.561419716684e-02
  5.581913325332e-02
  5.602637616542e-02
  5.625313935670e-02
  5.648184291585e-02
  5.670974963890e-02
  5.693551304298e-02
  5.715838390454e-02
  5.737840126411e-02
  5.759588443618e-02
  5.781225016892e-02
  5.802582077373e-02
  5.823682612623e-02
  5.844478952100e-02
  5.867406020167e-02
  5.894729491088e-02
  5.921824730356e-02
  5.948557945674e-02
  5.974966507341e-02
  5.999870680184e-02
  6.020053757672e-02
  6.039514827778e-02
  6.058731309858e-02
  6.077697429904e-02
  6.096393607739e-02
  6.111527087134e-02
  6.123417048789e-02
  6.135146259677e-02
  6.146333242255e-02
  6.157044471078e-02
  6.167600972162e-02
  6.179786868663e-02
  6.193583711086e-02
  6.207190788511e-02
  6.220641048529e-02
  6.233892081164e-02
  6.246976117139e-02
  6.259850715633e-02
  6.271951310667e-02
  6.283823129710e-02
  6.295496332636e-02
  6.307051770637e-02
  6.318449506699e-02
  6.329668991573e-02
  6.340295796438e-02
  6.340304460638e-02
  6.336007811199e-02
  6.331763802498e-02
  6.327567543742e-02
  6.323458969043e-02
  6.319381451239e-02
  6.315356072565e-02
  6.311480859147e-02
  6.308759752328e-02
  6.306441049373e-02
  6.303165508850e-02
  6.299419319020e-02
  6.295472526849e-02
  6.291294804490e-02
  6.287160432732e-02
  6.283093141275e-02
  6.278718831760e-02
  6.271424649141e-02
  6.263578407258e-02
  6.255839816215e-02
  6.248206641125e-02
  6.240336211237e-02
  6.231060111388e-02
  6.221719398063e-02
  6.212493898908e-02
  6.203393566574e-02
  6.194614235449e-02
  6.188075079976e-02
  6.182206841164e-02
  6.176429977219e-02
  6.170718911520e-02
  6.165084337037e-02
  6.159601999905e-02
  6.154370298296e-02
  6.149219062366e-02
  6.143660779359e-02
  6.137306244328e-02
  6.130994527284e-02
  6.125197662263e-02
  6.120526156614e-02
  6.115959207755e-02
  6.111464498255e-02
  6.107016263899e-02
  6.102628657487e-02
  6.098530259769e-02
  6.103139044505e-02
  6.112105266849e-02
  6.120982452841e-02
  6.129726768395e-02
  6.138367546954e-02
  6.146877148986e-02
  6.155292041918e-02
  6.169036229708e-02
  6.151939597858e-02
  6.059024347497e-02
  5.978132738210e-02
  5.912751390300e-02
  5.865933377335e-02
  5.823967951288e-02
  5.802550132053e-02
  5.806179896774e-02
  5.810443334957e-02
  5.824089571974e-02
  5.840619597852e-02
  5.855648079659e-02
  5.863620539502e-02
  5.870285603344e-02
  5.876275579724e-02
  5.879051291870e-02
  5.881243408684e-02
  5.883940110119e-02
  5.895724980848e-02
  5.910490938936e-02
  5.924931592812e-02
  5.942627265903e-02
  5.967060210576e-02
  5.990454761347e-02
  6.009308334814e-02
  6.029842810337e-02
  6.057920870490e-02
  6.088096017336e-02
  6.116015220977e-02
  6.140593405167e-02
  6.163677941009e-02
  6.200950511646e-02
  6.265569643503e-02
  6.331111195227e-02
  6.398724276751e-02
  6.466040555550e-02
  6.520173430662e-02
  6.552128014229e-02
  6.582924436955e-02
  6.612991553594e-02
  6.642349260412e-02
  6.671055180774e-02
  6.699362757270e-02
  6.727081219291e-02
  6.754653789462e-02
  6.784519119123e-02
  6.814384191938e-02
  6.843080640475e-02
  6.852500070345e-02
  6.852219721615e-02
  6.851989867801e-02
  6.858688222416e-02
  6.884352298041e-02
  6.910615809602e-02
  6.943548103574e-02
  6.999414657683e-02
  7.067940700463e-02
  7.137823359564e-02
  7.193734305423e-02
  7.259827048259e-02
  7.312543671776e-02
  7.347431959972e-02
  7.366028600200e-02
  7.419079549250e-02
  7.509176848200e-02
  7.572039073341e-02
  7.622077824293e-02
  7.659480433315e-02
  7.691089242250e-02
  7.743999863475e-02
  7.810585904199e-02
  7.859270897717e-02
  7.881732480035e-02
  7.911921382935e-02
  7.974190118102e-02
  8.039823235130e-02
  8.097305565898e-02
  8.147817613529e-02
  8.197433899831e-02
  8.247983725585e-02
  8.297914922293e-02
  8.347407487541e-02
  8.398500766187e-02
  8.448761551259e-02
  8.499188269137e-02
  8.553637071621e-02
  8.607343323969e-02
  8.659853843795e-02
  8.711195050998e-02
  8.761336482690e-02
  8.810315165662e-02
  8.873384422705e-02
  8.955685282962e-02
  9.036200544842e-02
  9.114997460775e-02
  9.198786092250e-02
  9.284757337601e-02
  9.368764127400e-02
  9.450870997986e-02
  9.548362706025e-02
  9.545765634063e-02
  9.434310691143e-02
  9.435545521712e-02
  9.535925343430e-02
  9.522158737034e-02
  9.584135561116e-02
  9.722319284310e-02
  9.872973751725e-02
  9.861811961020e-02
  1.003578458139e-01
  1.010537667940e-01
  1.031883556212e-01
  1.036712850488e-01
  1.035183373737e-01
  1.041744131553e-01
  1.055510611852e-01
  1.060624224762e-01
  1.062574536597e-01
  1.078029721950e-01
  1.082642987974e-01
  1.090286314321e-01
  1.089223505574e-01
  1.102850925576e-01
  1.108268590086e-01
  1.117653040859e-01
  1.122679463325e-01
  1.122873554526e-01
  1.113845422814e-01
  1.111059078975e-01
  1.117688863653e-01
  1.125663268521e-01
  1.133023145209e-01
  1.134343294732e-01
  1.141714790025e-01
  1.154266574775e-01
  1.163364197925e-01
  1.167603333905e-01
  1.186959958395e-01
  1.184503965909e-01
  1.183440790454e-01
  1.195771921375e-01
  1.202503406022e-01
  1.207450319512e-01
  1.226042195877e-01
  1.227868484861e-01
  1.243811748117e-01
  1.259278205739e-01
  1.275409881751e-01
  1.294638189987e-01
  1.292491982459e-01
  1.292354447892e-01
  1.300013427399e-01
  1.319835768775e-01
  1.323616818698e-01
  1.320418910090e-01
  1.321067725452e-01
  1.325653827156e-01
  1.331243211948e-01
  1.338780405640e-01
  1.361169372057e-01
  1.406348289036e-01
  1.366910289649e-01
  1.316476521377e-01
  1.435491673157e-01
  1.551574203606e-01
  1.478036676168e-01
  1.369718187628e-01
  1.342769277212e-01
  1.429287105760e-01
  1.498809937077e-01
  1.506927982678e-01
  1.596804767683e-01
  1.587596134448e-01
  1.562844917426e-01
  1.506463877316e-01
  1.455766484329e-01
  1.482785232741e-01
  1.519455415108e-01
  1.550500389717e-01
  1.538796778735e-01
  1.538082149573e-01
  1.677272832193e-01
  1.724852036306e-01
  1.677626055097e-01
  1.686905226262e-01
  1.730666655741e-01
  1.852139197264e-01
  1.787705947989e-01
  1.660261964020e-01
  1.601509433953e-01
  1.670883308955e-01
  1.727101165381e-01
  1.740492233131e-01
  1.845912211231e-01
  1.880905396833e-01
  1.838137866009e-01
  1.878799958502e-01
  1.817082121770e-01
  1.788140725910e-01
  2.489693574476e-01
  5.420626341655e-01
  9.814549385793e-01
  1.386303366173e+00
  9.015254425245e-01
  4.975984034556e+00
  1.764466665829e+01
  5.262854798801e+01
  1.399651619957e+02
  3.613592614833e+02
  9.277913827788e+02
