411
  2.751039666340e-01
  2.745200143550e-01
  2.739196147080e-01
  2.733608754440e-01
  2.728373872750e-01
  2.723451443930e-01
  2.718885296220e-01
  2.714673073260e-01
  2.710745969450e-01
  2.707122364360e-01
  2.703788119850e-01
  2.700732396680e-01
  2.698059817090e-01
  2.696205835760e-01
  2.695081382420e-01
  2.695176107950e-01
  2.696151639560e-01
  2.697812399650e-01
  2.700510899170e-01
  2.703763142470e-01
  2.707874042090e-01
  2.712626813240e-01
  2.717959248100e-01
  2.724002831360e-01
  2.730391856490e-01
  2.737484489690e-01
  2.744790608780e-01
  2.752625023020e-01
  2.760627209840e-01
  2.769160519420e-01
  2.777906372370e-01
  2.787320488030e-01
  2.796949032140e-01
  2.807311816940e-01
  2.817878662230e-01
  2.829364957830e-01
  2.841006301700e-01
  2.853721672880e-01
  2.866547792810e-01
  2.880222672370e-01
  2.894053071470e-01
  2.908902830400e-01
  2.924498611820e-01
  2.940440306380e-01
  2.957554052680e-01
  2.974603234810e-01
  2.992483268260e-01
  3.010435406220e-01
  3.028768331400e-01
  3.047817117690e-01
  3.066694361230e-01
  3.086177659670e-01
  3.105687820580e-01
  3.125230027930e-01
  3.145430130030e-01
  3.165428528020e-01
  3.185520237720e-01
  3.205789145430e-01
  3.225792256120e-01
  3.245971622290e-01
  3.266178793460e-01
  3.286118753800e-01
  3.305823549760e-01
  3.325450114680e-01
  3.344846699200e-01
  3.364255536770e-01
  3.383618661030e-01
  3.402791391680e-01
  3.422113515330e-01
  3.441279176910e-01
  3.460197421050e-01
  3.478867776490e-01
  3.497284116690e-01
  3.515457280890e-01
  3.533128541150e-01
  3.550032100450e-01
  3.566401709350e-01
  3.582551705830e-01
  3.598368513490e-01
  3.612203625300e-01
  3.625280461570e-01
  3.638133915240e-01
  3.649578267700e-01
  3.660101756020e-01
  3.669657724350e-01
  3.678199988090e-01
  3.685834583290e-01
  3.692587429870e-01
  3.698822349280e-01
  3.704286740100e-01
  3.709630014200e-01
  3.714887988190e-01
  3.719414549110e-01
  3.723530632720e-01
  3.727592991400e-01
  3.731495589110e-01
  3.734698348920e-01
  3.737426067260e-01
  3.739819654230e-01
  3.741927650800e-01
  3.743586054530e-01
  3.744635575730e-01
  3.745440035860e-01
  3.745389609830e-01
  3.744197293420e-01
  3.741694842770e-01
  3.738172561010e-01
  3.734456586740e-01
  3.730004015420e-01
  3.725313923350e-01
  3.720685567830e-01
  3.716118006310e-01
  3.711140438740e-01
  3.704851323130e-01
  3.698555609720e-01
  3.692342368790e-01
  3.686211600330e-01
  3.679648204820e-01
  3.671942447650e-01
  3.663473230960e-01
  3.655030876740e-01
  3.646699271270e-01
  3.638216858990e-01
  3.628814053840e-01
  3.619431042090e-01
  3.610171974680e-01
  3.601036380370e-01
  3.592019075150e-01
  3.582271299400e-01
  3.571885893570e-01
  3.561625845910e-01
  3.550813468280e-01
  3.539717385320e-01
  3.528765982650e-01
  3.517527104480e-01
  3.505999808270e-01
  3.494621433790e-01
  3.483094608850e-01
  3.471521599330e-01
  3.460100339160e-01
  3.448794069200e-01
  3.437345475300e-01
  3.425966158280e-01
  3.414712670700e-01
  3.403608576130e-01
  3.392652932020e-01
  3.381839140570e-01
  3.371172857040e-01
  3.360733255010e-01
  3.350471793540e-01
  3.340360196340e-01
  3.330382440190e-01
  3.320537582550e-01
  3.310841175380e-01
  3.301322908760e-01
  3.291938954460e-01
  3.282747750130e-01
  3.273708766430e-01
  3.264856406170e-01
  3.256144484760e-01
  3.247634267470e-01
  3.239321512850e-01
  3.231118093180e-01
  3.223024479730e-01
  3.215050097920e-01
  3.207394766780e-01
  3.199916633650e-01
  3.192536053690e-01
  3.185252084340e-01
  3.178223072770e-01
  3.172030096510e-01
  3.166014318250e-01
  3.160467926220e-01
  3.155776420340e-01
  3.151298871640e-01
  3.148321379510e-01
  3.145783112240e-01
  3.143278305240e-01
  3.140805544680e-01
  3.138366715660e-01
  3.136554206210e-01
  3.136093302870e-01
  3.135692722260e-01
  3.135936840790e-01
  3.137007569210e-01
  3.138081125250e-01
  3.139506249680e-01
  3.141842812830e-01
  3.145018238910e-01
  3.148613567720e-01
  3.152162711950e-01
  3.155664257770e-01
  3.159150722910e-01
  3.163808768530e-01
  3.169027155730e-01
  3.174841701130e-01
  3.181572869240e-01
  3.188223921210e-01
  3.194788259270e-01
  3.201265412140e-01
  3.211221489800e-01
  3.224999106510e-01
  3.239318685230e-01
  3.254430471010e-01
  3.269803341100e-01
  3.286654589280e-01
  3.303447871090e-01
  3.321301513350e-01
  3.340562843000e-01
  3.359535283340e-01
  3.380215610910e-01
  3.401942160780e-01
  3.424895429870e-01
  3.448870886420e-01
  3.472548499510e-01
  3.495962671940e-01
  3.520443331340e-01
  3.544623319640e-01
  3.568440900310e-01
  3.593526672060e-01
  3.618540339310e-01
  3.642983768280e-01
  3.667428139780e-01
  3.692617591230e-01
  3.718013459510e-01
  3.743578985460e-01
  3.769259030340e-01
  3.795185550110e-01
  3.821354303340e-01
  3.847761519850e-01
  3.874098988200e-01
  3.900790381310e-01
  3.927794698560e-01
  3.955241068310e-01
  3.982227948520e-01
  4.009821354920e-01
  4.037336059000e-01
  4.065474726290e-01
  4.093978157580e-01
  4.121890143380e-01
  4.150659842960e-01
  4.179536992390e-01
  4.207886317960e-01
  4.236834629370e-01
  4.266110003060e-01
  4.295559747140e-01
  4.325378496650e-01
  4.354968208300e-01
  4.384934465730e-01
  4.415704240750e-01
  4.446459406350e-01
  4.476517090410e-01
  4.506310862540e-01
  4.536791276970e-01
  4.566963479960e-01
  4.596575812640e-01
  4.625966647800e-01
  4.655089329590e-01
  4.683756763300e-01
  4.712151330910e-01
  4.740093949340e-01
  4.767757575160e-01
  4.795086598350e-01
  4.822081018910e-01
  4.848740836840e-01
  4.875070764850e-01
  4.901160344500e-01
  4.926788078260e-01
  4.952203739930e-01
  4.977214108280e-01
  5.001993553690e-01
  5.026428971040e-01
  5.050468520500e-01
  5.074305423290e-01
  5.097887839570e-01
  5.121187493070e-01
  5.144176107500e-01
  5.167042191400e-01
  5.189601948940e-01
  5.211709286030e-01
  5.233840186680e-01
  5.255594070290e-01
  5.276999213130e-01
  5.298489184800e-01
  5.319555012300e-01
  5.340262673600e-01
  5.360989185750e-01
  5.381687421630e-01
  5.402503475330e-01
  5.422852970440e-01
  5.442735906950e-01
  5.462166423000e-01
  5.481959817970e-01
  5.502398854620e-01
  5.522376045390e-01
  5.541914953850e-01
  5.562005249740e-01
  5.582236927020e-01
  5.602115150810e-01
  5.622290275540e-01
  5.642399422280e-01
  5.662602823280e-01
  5.682801511560e-01
  5.703004912570e-01
  5.723161186440e-01
  5.743298609450e-01
  5.763398330770e-01
  5.783450924950e-01
  5.803446966570e-01
  5.823377030220e-01
  5.843231690450e-01
  5.862996809130e-01
  5.882677098980e-01
  5.902244283720e-01
  5.921731352330e-01
  5.941048763270e-01
  5.960243643670e-01
  5.979301855390e-01
  5.998209260290e-01
  6.016942294810e-01
  6.035515097080e-01
  6.053894678120e-01
  6.072071612490e-01
  6.090050612920e-01
  6.107812828540e-01
  6.125344121220e-01
  6.142644490960e-01
  6.159690374190e-01
  6.176472345500e-01
  6.192990404860e-01
  6.209220988730e-01
  6.223076365210e-01
  6.237337035010e-01
  6.250744703740e-01
  6.273153654460e-01
  6.292650148500e-01
  6.310756392180e-01
  6.325705118090e-01
  6.344461716170e-01
  6.360136199900e-01
  6.376941734760e-01
  6.394402336750e-01
  6.410722462160e-01
  6.425935100010e-01
  6.441859357520e-01
  6.458495234720e-01
  6.474084889610e-01
  6.490796170210e-01
  6.508025849260e-01
  6.525264953730e-01
  6.540567133120e-01
  6.554837228340e-01
  6.568951804040e-01
  6.585078708220e-01
  6.600215942650e-01
  6.614966734610e-01
  6.627210363210e-01
  6.640844242170e-01
  6.654845712750e-01
  6.669591791990e-01
  6.696755870220e-01
  6.799450601090e-01
  6.829564837710e-01
  6.797386432760e-01
  6.865056279960e-01
  6.932165314310e-01
  6.892276910750e-01
  6.835771480840e-01
  6.904694909730e-01
  6.931161506420e-01
  6.861342662050e-01
  6.874255495910e-01
  6.926962479060e-01
  6.966323058760e-01
  7.011701773070e-01
  7.006319854720e-01
  6.989641563110e-01
  7.009298289400e-01
  7.033323700710e-01
  7.051623165620e-01
  7.024110346630e-01
  7.005000295060e-01
  7.108246413360e-01
  7.172758742790e-01
  7.190332449890e-01
  7.204536567140e-01
  7.244260025740e-01
  7.361894057090e-01
  7.329150126560e-01
  7.243397599240e-01
  7.209932623620e-01
  7.283992909770e-01
  7.330809001570e-01
  7.331657289930e-01
  7.453612879170e-01
  7.505377319710e-01
  7.467581360760e-01
  7.482478246830e-01
  7.414308852030e-01
  7.357940090810e-01
  8.099259284710e-01
  1.089542506390e+00
  1.509513576720e+00
  1.888521744910e+00
  1.460005111940e+00
  5.628831521300e+00
  1.834513581670e+01
  5.334640406890e+01
  1.407079458890e+02
  3.622460845330e+02
  9.293545609620e+02
