7.999999999999999257e-10 0.000000000000000000e+00
2.399999999999999984e-09 0.000000000000000000e+00
3.999999999999999422e-09 0.000000000000000000e+00
5.599999999999999687e-09 0.000000000000000000e+00
7.199999999999999125e-09 0.000000000000000000e+00
8.799999999999999390e-09 0.000000000000000000e+00
1.040000000000000048e-08 0.000000000000000000e+00
1.199999999999999827e-08 0.000000000000000000e+00
1.359999999999999936e-08 0.000000000000000000e+00
1.519999999999999714e-08 0.000000000000000000e+00
1.679999999999999823e-08 0.000000000000000000e+00
1.839999999999999933e-08 8.349739658286171807e-19
2.000000000000000042e-08 2.889546791954361648e-16
2.159999999999999820e-08 9.498082803630910399e-16
2.319999999999999599e-08 2.338532963510343482e-15
2.479999999999999708e-08 4.671995840724487635e-15
2.639999999999999817e-08 7.922618335996861879e-15
2.799999999999999926e-08 1.196038266206060173e-14
2.959999999999999374e-08 1.666144587965125105e-14
3.119999999999999483e-08 2.151177268032934075e-14
3.279999999999999592e-08 2.619222472700548576e-14
3.439999999999999701e-08 3.063759587759542561e-14
3.599999999999999811e-08 3.441924136504438458e-14
3.759999999999999920e-08 3.892248930007806217e-14
3.919999999999999367e-08 4.145943677208736978e-14
4.079999999999999477e-08 4.302246980003128265e-14
4.239999999999999586e-08 4.497129044920202877e-14
4.399999999999999695e-08 4.495076282964610146e-14
4.559999999999999804e-08 4.224322945325851542e-14
4.719999999999999913e-08 4.569846756979607007e-14
4.879999999999999361e-08 4.561087271405289267e-14
5.039999999999999470e-08 4.192145915746885653e-14
5.199999999999999579e-08 4.087333246723106177e-14
5.359999999999999689e-08 4.276172303998409463e-14
5.519999999999999136e-08 4.093838354635042907e-14
5.679999999999999245e-08 4.018681887589569743e-14
5.839999999999999355e-08 3.636524623954592347e-14
5.999999999999999464e-08 3.466868326456847586e-14
6.159999999999999573e-08 3.515271208978643607e-14
6.319999999999998359e-08 3.097713848086566616e-14
6.479999999999999791e-08 3.041622471806163878e-14
6.639999999999998577e-08 3.282753165520723147e-14
6.800000000000000010e-08 2.896113760335005947e-14
6.959999999999998796e-08 2.533497667105453619e-14
7.120000000000000228e-08 2.622454136866248840e-14
7.279999999999999014e-08 2.372991927686013380e-14
7.440000000000000447e-08 2.568996985758151462e-14
7.599999999999999233e-08 2.248493911776148396e-14
7.759999999999999342e-08 1.928130906730253460e-14
7.919999999999999451e-08 1.659389210554392664e-14
8.079999999999998237e-08 1.328028872308519686e-14
8.239999999999999669e-08 1.272676064479512812e-14
8.399999999999998455e-08 1.280567172345713180e-14
8.559999999999999888e-08 1.547804634271338391e-14
8.719999999999998674e-08 1.206515246362188877e-14
8.880000000000000106e-08 1.432312487192017247e-14
9.039999999999998892e-08 1.575100537646826458e-14
9.200000000000000325e-08 1.424497539872159552e-14
9.359999999999999111e-08 1.268486636991405876e-14
9.519999999999997896e-08 8.690201686379204546e-15
9.679999999999999329e-08 8.457203335346364009e-15
9.839999999999998115e-08 9.242944695273243482e-15
9.999999999999999547e-08 8.410643847174397889e-15
1.015999999999999833e-07 8.064203475804211087e-15
1.031999999999999977e-07 6.858159255637571124e-15
1.047999999999999855e-07 7.060471542996157463e-15
1.063999999999999998e-07 6.879028719451259198e-15
1.079999999999999877e-07 4.828642101064506184e-15
1.096000000000000020e-07 5.991503069644890982e-15
1.111999999999999899e-07 4.069118814170319052e-15
1.127999999999999777e-07 3.693138105298446828e-15
1.143999999999999921e-07 3.704060172166221168e-15
1.159999999999999799e-07 3.340682519323353792e-15
1.175999999999999943e-07 6.122963577675118591e-15
1.191999999999999821e-07 3.011130021860034695e-15
1.207999999999999700e-07 5.139468641078798959e-15
1.223999999999999843e-07 4.170285323308968005e-15
1.239999999999999986e-07 4.459137619195496527e-15
1.255999999999999865e-07 3.184131491436989085e-15
1.271999999999999743e-07 2.326369929929068375e-15
1.287999999999999887e-07 4.836906956473742544e-15
1.304000000000000030e-07 4.865336355799558802e-15
1.319999999999999909e-07 4.186882539931786648e-15
1.335999999999999787e-07 3.280883392695514795e-15
1.351999999999999930e-07 2.253509068000182364e-15
1.368000000000000074e-07 1.937961735065821097e-15
1.383999999999999687e-07 3.589115649589049446e-15
1.399999999999999831e-07 3.183660371817498527e-15
1.415999999999999974e-07 2.866921639003300429e-15
1.431999999999999853e-07 2.483886250874424015e-15
1.447999999999999731e-07 2.119533189142120635e-15
1.463999999999999874e-07 2.653210488902056969e-15
1.480000000000000018e-07 2.284873775619564354e-15
1.495999999999999896e-07 2.029570899842045393e-15
1.511999999999999775e-07 1.640055254194189764e-15
1.527999999999999918e-07 1.439958382475373664e-15
1.544000000000000061e-07 2.244894162177283826e-15
1.559999999999999675e-07 1.813122663528755163e-15
1.575999999999999819e-07 1.570803713417093526e-15
1.591999999999999962e-07 1.280879200455662788e-15
1.607999999999999840e-07 1.141028709694253448e-15
1.623999999999999719e-07 7.975669804359047283e-16
1.639999999999999862e-07 5.783027474847340111e-16
1.656000000000000006e-07 5.504385420090349549e-16
1.671999999999999884e-07 1.524998505858935225e-15
1.687999999999999763e-07 1.681293463913446378e-15
1.703999999999999906e-07 1.562950518292725526e-15
1.719999999999999785e-07 1.147506365258722560e-15
1.735999999999999663e-07 8.315211350813026113e-16
1.751999999999999806e-07 8.369854894417631149e-16
1.767999999999999950e-07 1.439003070534196048e-15
1.783999999999999828e-07 1.260877540486333477e-15
1.799999999999999707e-07 1.110290447500862285e-15
1.815999999999999850e-07 1.023229393577692834e-15
1.831999999999999993e-07 9.057366152905862028e-16
1.847999999999999872e-07 8.058972426305903454e-16
1.863999999999999750e-07 6.216082020503257026e-16
1.879999999999999894e-07 5.017594254389265438e-16
1.895999999999999772e-07 3.233925674197788574e-16
1.911999999999999651e-07 1.388050738045829682e-16
1.927999999999999794e-07 5.269813790633854315e-16
1.943999999999999937e-07 1.074568441591854560e-15
1.959999999999999816e-07 1.013065755474757286e-15
1.975999999999999695e-07 6.235119200531722800e-16
1.991999999999999838e-07 2.365029341660089652e-16
2.007999999999999981e-07 7.540912997547122362e-16
2.023999999999999860e-07 8.598169821177893852e-16
2.039999999999999738e-07 7.484124502748758407e-16
2.055999999999999882e-07 6.478985162387796443e-16
2.071999999999999760e-07 6.776217878659236109e-16
2.087999999999999639e-07 6.974786073831967183e-16
2.103999999999999782e-07 6.536989977222380276e-16
2.119999999999999925e-07 6.167674235566767491e-16
2.135999999999999804e-07 5.671849243538838495e-16
2.151999999999999682e-07 5.283354711400005937e-16
2.167999999999999826e-07 5.100700911451583215e-16
2.183999999999999969e-07 5.005533473481606518e-16
2.199999999999999848e-07 4.857224810533581563e-16
2.215999999999999726e-07 4.527674332714375591e-16
2.231999999999999869e-07 4.072934257487241873e-16
2.247999999999999748e-07 3.334032689254681625e-16
2.263999999999999626e-07 3.875620902704451338e-16
2.279999999999999770e-07 3.578775446584569101e-16
2.295999999999999913e-07 3.400570630530226882e-16
2.311999999999999792e-07 3.324702192647789902e-16
2.327999999999999670e-07 3.140852419330600251e-16
2.343999999999999813e-07 3.029441346462522808e-16
2.359999999999999957e-07 2.780816650021360583e-16
2.375999999999999835e-07 2.601111241238527646e-16
2.391999999999999714e-07 2.370354818933314778e-16
2.407999999999999857e-07 1.843258314342310843e-16
2.424000000000000000e-07 1.796539141165375200e-16
2.439999999999999614e-07 1.488680066539858560e-16
2.455999999999999758e-07 7.910589940327825136e-17
2.471999999999999901e-07 1.845495202527752965e-17
2.487999999999999515e-07 1.034789971022999805e-17
2.503999999999999658e-07 2.381979558364724362e-16
2.519999999999999801e-07 3.047414645109289484e-16
2.535999999999999945e-07 3.075464706984174922e-16
2.552000000000000088e-07 3.009487173903550626e-16
2.567999999999999702e-07 2.497208525004110827e-16
2.583999999999999845e-07 2.178776460446147949e-16
2.599999999999999459e-07 1.632511796137431075e-16
2.615999999999999602e-07 7.671468202419794168e-17
2.631999999999999745e-07 1.538752913890701822e-17
2.647999999999999889e-07 3.356494375788235425e-17
2.664000000000000032e-07 1.417664352949938799e-16
2.679999999999999646e-07 2.480231124808266043e-16
2.695999999999999789e-07 2.550053388107076561e-16
2.711999999999999932e-07 2.626273738133601930e-16
2.727999999999999546e-07 2.522058163157065657e-16
2.743999999999999689e-07 2.415592445783363556e-16
2.759999999999999833e-07 2.279895955234104501e-16
2.775999999999999976e-07 2.138303401467197996e-16
2.791999999999999590e-07 2.037867485668726687e-16
2.807999999999999733e-07 1.941147157229663695e-16
2.823999999999999876e-07 1.816487511673740741e-16
2.839999999999999490e-07 1.703441974948934387e-16
2.855999999999999634e-07 1.608264562449591929e-16
2.871999999999999777e-07 1.541575828161295152e-16
2.887999999999999920e-07 1.450440177504186460e-16
2.904000000000000063e-07 1.401461469498553791e-16
2.919999999999999677e-07 1.367192070310252000e-16
2.935999999999999821e-07 1.316161940608891725e-16
2.951999999999999434e-07 1.246382030759017341e-16
2.967999999999999578e-07 1.255585225965604036e-16
2.983999999999999721e-07 1.265400593078266651e-16
2.999999999999999864e-07 1.220771335214926604e-16
3.016000000000000008e-07 1.174537652887285670e-16
3.031999999999999621e-07 1.132729264078607605e-16
3.047999999999999765e-07 1.058678298745255261e-16
3.063999999999999908e-07 9.633299257381405561e-17
3.079999999999999522e-07 8.980189181976709452e-17
3.095999999999999665e-07 8.062741531600891504e-17
3.111999999999999808e-07 6.977589136046645765e-17
3.127999999999999952e-07 5.570019820372803405e-17
3.143999999999999566e-07 4.329434353447055798e-17
3.159999999999999709e-07 6.082368384097947379e-17
3.175999999999999852e-07 8.905545888971579909e-17
3.191999999999999466e-07 9.149791719775100153e-17
3.207999999999999609e-07 9.057264833749287554e-17
3.223999999999999752e-07 8.894756696331126753e-17
3.239999999999999896e-07 8.680013850873178557e-17
3.255999999999999510e-07 8.415395501331591003e-17
3.271999999999999653e-07 8.148294646982290183e-17
3.287999999999999796e-07 7.873939315646278965e-17
3.303999999999999410e-07 7.270007398469282664e-17
3.319999999999999553e-07 7.072310513734674941e-17
3.335999999999999697e-07 7.314217419287356941e-17
3.351999999999999840e-07 7.020119225339951139e-17
3.367999999999999983e-07 5.742377863910171383e-17
3.383999999999999597e-07 6.690911958966485160e-17
3.399999999999999740e-07 6.535919460483955576e-17
3.415999999999999354e-07 6.342675449988640139e-17
3.431999999999999497e-07 6.097902761854682140e-17
3.447999999999999641e-07 5.829190895458175295e-17
3.463999999999999784e-07 5.564951964041941521e-17
3.479999999999999927e-07 5.328245540342423903e-17
3.495999999999999541e-07 5.050581024624801244e-17
3.511999999999999684e-07 4.560975293578326680e-17
3.527999999999999828e-07 4.318314729788502931e-17
3.543999999999999442e-07 4.299205528686241788e-17
3.559999999999999585e-07 4.367304122303577638e-17
3.575999999999999728e-07 4.457347625339743805e-17
3.591999999999999871e-07 4.393679466534416633e-17
3.607999999999999485e-07 4.272397745778029328e-17
3.623999999999999628e-07 4.151705397328166950e-17
3.639999999999999772e-07 4.030544870060302944e-17
3.655999999999999386e-07 3.844987685670577804e-17
3.671999999999999529e-07 3.696700083105484155e-17
3.687999999999999672e-07 3.600271890806072229e-17
3.703999999999999815e-07 3.499462474137779043e-17
3.719999999999999959e-07 3.336601834950862656e-17
3.735999999999999573e-07 3.140676577619825025e-17
3.751999999999999716e-07 3.013768100819129851e-17
3.767999999999999330e-07 2.936995302371033919e-17
3.783999999999999473e-07 2.830400681610428430e-17
3.799999999999999616e-07 2.652999018102632303e-17
3.815999999999999760e-07 2.520222025753397097e-17
3.831999999999999903e-07 2.402144094860931499e-17
3.847999999999999517e-07 2.291815069499706248e-17
3.863999999999999660e-07 2.168888151820523104e-17
3.879999999999999803e-07 1.989111291041781711e-17
3.895999999999999417e-07 1.832949708422867038e-17
3.911999999999999560e-07 1.736208221603224342e-17
3.927999999999999704e-07 1.656185217308752108e-17
3.943999999999999847e-07 1.528890326808525325e-17
3.959999999999999461e-07 1.365534723145026602e-17
3.975999999999999604e-07 1.242354239601843086e-17
3.991999999999999747e-07 1.138404676576206985e-17
