3594
  6.396191355101e-04
  5.906166694134e-04
  5.507811226504e-04
  5.390595272139e-04
  5.485818259454e-04
  5.531670098596e-04
  5.570045375223e-04
  5.608961322293e-04
  5.650516880997e-04
  5.574210573557e-04
  5.316810689832e-04
  4.943696068133e-04
  4.832271314799e-04
  4.585581400958e-04
  4.418181830107e-04
  4.674037410679e-04
  5.085842356963e-04
  5.486605516674e-04
  5.902455185236e-04
  6.253018629483e-04
  6.560300250452e-04
  6.715161424296e-04
  6.809981929806e-04
  6.912876121616e-04
  7.015729389599e-04
  7.118401423495e-04
  7.240301809485e-04
  7.328825892007e-04
  7.378676958687e-04
  7.420115255934e-04
  7.467066577208e-04
  7.503015235471e-04
  7.498484383275e-04
  7.442822133263e-04
  7.392368901710e-04
  7.342015056593e-04
  7.275385221136e-04
  7.201121703154e-04
  7.136647603758e-04
  7.081488132183e-04
  7.027796072093e-04
  6.981587225953e-04
  6.981856153954e-04
  7.008450794781e-04
  6.841171731698e-04
  6.613319559448e-04
  6.517516882108e-04
  6.520124314469e-04
  6.533985799058e-04
  6.522796055699e-04
  6.504853881002e-04
  6.518241818459e-04
  6.553658466981e-04
  6.586397528012e-04
  6.637879701482e-04
  6.688783095123e-04
  6.835541782453e-04
  6.986907323371e-04
  7.055331960924e-04
  7.108690784143e-04
  7.158378155517e-04
  7.212415145000e-04
  7.208626767938e-04
  7.201172785293e-04
  7.265990279872e-04
  7.405786070472e-04
  7.525061485319e-04
  7.595941552450e-04
  7.753188431831e-04
  7.832937276745e-04
  7.944647629989e-04
  8.004618574284e-04
  8.133867710223e-04
  8.247309464443e-04
  8.353284572288e-04
  8.455219133019e-04
  8.558271173873e-04
  8.657184062011e-04
  8.782147888712e-04
  8.960289304544e-04
  9.145943165630e-04
  9.231625965355e-04
  9.216753077630e-04
  9.324195660419e-04
  9.507078393839e-04
  9.709464253616e-04
  9.903273648655e-04
  1.009152909584e-03
  1.026577690191e-03
  1.040749026609e-03
  1.052371393275e-03
  1.061913660313e-03
  1.067197041333e-03
  1.070048015262e-03
  1.077424586079e-03
  1.090193710031e-03
  1.106453926550e-03
  1.125026531635e-03
  1.144699000382e-03
  1.164102738086e-03
  1.175861599783e-03
  1.182006095999e-03
  1.189221937215e-03
  1.194803506080e-03
  1.198396124292e-03
  1.201655248693e-03
  1.205341184179e-03
  1.208620288532e-03
  1.211645676093e-03
  1.218905863521e-03
  1.266989789999e-03
  1.259895935890e-03
  1.201153075274e-03
  1.303321140518e-03
  1.394918374465e-03
  1.350547270743e-03
  1.222481652074e-03
  1.273318606811e-03
  1.352947757473e-03
  1.335564963736e-03
  1.356872206983e-03
  1.428374844593e-03
  1.421914564014e-03
  1.382281715196e-03
  1.315113658935e-03
  1.326698276981e-03
  1.361147192084e-03
  1.383910164684e-03
  1.374629272915e-03
  1.377561733463e-03
  1.483071121390e-03
  1.540819741362e-03
  1.494973571241e-03
  1.517430576067e-03
  1.616758197884e-03
  1.660675089904e-03
  1.572456200550e-03
  1.447887510735e-03
  1.472582585878e-03
  1.524693745355e-03
  1.527025605109e-03
  1.562946683316e-03
  1.660724740067e-03
  1.639192261350e-03
  1.661191029974e-03
  1.615099303213e-03
  1.582167669007e-03
  1.602094060943e-03
  1.675753487604e-03
  1.726157488546e-03
  1.772060341791e-03
  1.707767324593e-03
  1.692568193486e-03
  1.772973650575e-03
  1.767972863176e-03
  1.612448445816e-03
  1.634595335152e-03
  1.682721159587e-03
  1.739777480399e-03
  1.805875663575e-03
  1.778195841540e-03
  1.891572462014e-03
  1.981479613055e-03
  1.806023392222e-03
  1.818391915254e-03
  1.815638890559e-03
  1.847961424975e-03
  1.929672691897e-03
  2.032398288113e-03
  2.153744400464e-03
  2.178620015851e-03
  2.272329005649e-03
  2.237798244286e-03
  2.182233961555e-03
  2.103358711593e-03
  2.127937446551e-03
  2.110293894592e-03
  2.115399032132e-03
  2.227038041528e-03
  2.339539289188e-03
  2.380361551309e-03
  2.395756454909e-03
  2.556668315767e-03
  2.443739060592e-03
  2.470479710491e-03
  2.513498795997e-03
  2.728829636275e-03
  2.579234902808e-03
  2.456298643893e-03
  2.537390867275e-03
  2.615307136133e-03
  2.680446889210e-03
  2.737985160979e-03
  2.738665637858e-03
  2.559710085177e-03
  2.584952770657e-03
  2.623554213741e-03
  2.666052187363e-03
  2.681532296379e-03
  2.689024438477e-03
  2.697723065731e-03
  2.786914554611e-03
  2.958338864786e-03
  3.067705201475e-03
  3.048166640055e-03
  2.952801175684e-03
  2.820514307165e-03
  2.766232703554e-03
  1.611762466605e-03
  2.524592096220e-03
  3.893475870426e-03
  6.150718026383e-03
  1.898195416409e-03
  3.349004489745e-03
  5.340272265830e-03
  8.067134775440e-03
  1.970017856620e-03
  5.242855134656e-03
  3.414277803498e-03
  7.344000249916e-03
  5.660683796878e-03
  2.048859983941e-03
  3.898555888448e-03
  8.519978255724e-03
  2.035274344026e-03
  4.333559775819e-03
  1.058525930875e-02
  6.464403407947e-03
  8.358371980057e-03
  1.491494787671e-03
  3.012963470767e-03
  5.205208487784e-03
  2.549601069128e-03
  5.955541652750e-03
  4.300305333159e-03
  1.094154086245e-02
  5.671373459620e-03
  3.609983303404e-03
  1.048987300011e-02
  1.952888212004e-03
  1.587732637347e-03
  7.766085142298e-03
  3.854154243195e-03
  5.417791045159e-03
  5.085854012401e-03
  1.158015689645e-02
  6.784387174011e-03
  2.157613642293e-03
  1.979635264558e-03
  4.383276691308e-03
  7.626370881171e-03
  1.606698620942e-02
  1.735681914799e-02
  8.503630126849e-03
  2.642980158894e-03
  5.304976309050e-03
  4.932565939369e-03
  1.956951937078e-03
  7.760644643240e-03
  1.295102047169e-02
  2.449650347035e-03
  6.124940585930e-03
  1.280145633788e-02
  2.201450410917e-02
  6.306060772797e-03
  2.259126289839e-03
  1.267713056457e-02
  1.667849453642e-02
  1.283211690861e-02
  7.697591200339e-03
  2.492027600583e-02
  3.491677279909e-03
  2.549356917416e-03
  6.188089488492e-03
  1.749748621239e-02
  9.884519107810e-03
  9.102998334924e-03
  1.584340001419e-02
  2.239307651994e-03
  5.599279699998e-03
  1.240858822971e-02
  2.575113956640e-03
  6.249057200573e-03
  9.205121416602e-03
  2.420660077487e-02
  3.364735051639e-03
  7.288019661514e-03
  1.494365759262e-02
  9.983273452058e-03
  5.972210362643e-03
  2.779889311831e-03
  2.117246196717e-02
  3.250071546692e-03
  9.907532200291e-03
  1.917765822861e-02
  3.513095394765e-02
  3.511635565419e-03
  3.241601076286e-02
  1.224286164652e-02
  2.231908547946e-02
  2.537707742141e-03
  1.339951342719e-02
  6.202243422346e-03
  2.509145205021e-02
  2.865817496981e-02
  1.834652642798e-02
  1.021594452354e-02
  3.317539624222e-03
  2.866555479240e-03
  8.629293183424e-03
  1.770884128010e-02
  5.234656430411e-02
  1.126008364832e-02
  4.337690701945e-03
  2.122767209197e-02
  2.286417933396e-02
  5.764815756455e-03
  1.956263219571e-03
  1.306578609836e-02
  1.997878838101e-02
  2.815452248905e-03
  6.596237472928e-03
  1.777065098593e-02
  3.054992231098e-02
  1.728734202523e-02
  7.553297628353e-03
  4.660984633194e-03
  4.210632839405e-02
  2.039490269105e-02
  6.357288811630e-03
  1.259598623812e-02
  2.353807100373e-03
  2.902144850088e-02
  1.960178026617e-02
  9.622529945425e-03
  3.898322333437e-03
  6.529796197191e-03
  1.604614770301e-02
  2.537894473901e-02
  2.050685275862e-02
  8.657915347767e-03
  3.138684306105e-02
  2.773256033505e-03
  1.947296434481e-02
  9.749700802045e-03
  2.974424578450e-03
  2.142168223168e-02
  4.021842273492e-02
  4.731305668981e-02
  1.517727709658e-02
  8.013723430846e-03
  1.825676999373e-03
  2.232164541927e-03
  6.118800007462e-03
  1.077140455042e-02
  1.590323460399e-02
  7.437105574729e-03
  2.257069607147e-02
  5.419020784328e-02
  1.009463651289e-01
  6.473870631547e-03
  1.513750917185e-02
  9.157660868785e-02
  3.817681930812e-02
  3.443355149996e-02
  1.997210691600e-02
  1.393121622024e-02
  6.092011703919e-03
  1.953701329422e-02
  2.632639998212e-02
  1.010157160370e-02
  3.086522568777e-02
  1.785020310838e-02
  9.952507639101e-02
  3.721969148040e-02
  7.177574984051e-03
  7.886116246573e-03
  1.426346317421e-01
  7.115887995805e-02
  1.819603681500e-02
  7.685240847000e-02
  2.046618362527e-03
  1.064267961897e-02
  2.542910524480e-02
  2.428373871209e-03
  1.036840424624e-02
  4.595070824285e-02
  2.112591656223e-02
  8.539930959769e-03
  1.736282204467e-02
  4.166956998551e-02
  2.789413552183e-02
  4.597528204589e-02
  2.702152004475e-02
  1.613552437383e-02
  5.151981172179e-02
  2.595423526312e-03
  7.868114131403e-03
  8.061862375295e-02
  1.703544155371e-02
  1.121433434668e-02
  2.095701830852e-01
  5.836551340865e-02
  2.239770378814e-02
  1.597588544575e-02
  3.797953548527e-02
  8.973658310287e-03
  4.091704909620e-03
  1.262347811485e-02
  4.400106503417e-03
  2.896606802153e-02
  3.590989233292e-02
  1.066692970563e-02
  5.320336353530e-03
  2.179603482980e-02
  3.694874219086e-02
  3.389390550508e-02
  1.408336409248e-02
  9.912960780419e-03
  1.630794654290e-02
  1.072443930062e-01
  5.287524226653e-02
  2.899724297051e-02
  1.123955398709e-02
  7.660278499163e-03
  7.683842789944e-03
  7.240410114654e-03
  8.273498493529e-03
  1.096913085437e-02
  1.721869145147e-02
  2.154685576310e-02
  3.267116310017e-02
  4.977241452185e-02
  1.010287712015e-01
  1.938350932231e-01
  3.316666085785e-01
  2.141204935416e-02
  1.270835585390e-02
  7.459667176347e-03
  2.474877650224e-03
  2.511096613460e-03
  8.643470074145e-03
  1.844253157365e-02
  3.642587727372e-02
  3.578017609646e-03
  8.391185867926e-03
  2.237665089783e-02
  6.402746616987e-02
  4.477620142594e-02
  3.000955211511e-02
  2.667080599418e-02
  1.115014311579e-02
  9.095036961194e-03
  7.076392985799e-03
  5.881357838687e-03
  4.950527605625e-03
  3.603460079440e-03
  3.988566828562e-03
  1.052903254400e-02
  6.535421375130e-03
  2.951150836831e-03
  2.667341890138e-03
  2.448401974483e-03
  2.188175662752e-03
  1.754017364230e-03
  1.566233863430e-03
  1.295622522193e-03
  1.371593083250e-03
  2.486577392213e-03
  8.602088310143e-03
  1.692798919551e-02
  3.803584409968e-02
  2.260576212999e-02
  1.929606610214e-02
  1.506690981435e-02
  1.124991976253e-02
  2.717775763612e-02
  1.997147046248e-02
  1.583820549300e-02
  1.246780549869e-02
  9.623018556735e-03
  6.920590609348e-03
  5.536265684243e-03
  4.599701966716e-03
  4.990886627618e-03
  5.389161501948e-03
  5.616510420185e-03
  5.885173444723e-03
  6.154513411970e-03
  6.401941520568e-03
  6.630350014337e-03
  6.872433348975e-03
  7.401042373504e-03
  8.847359654223e-03
  1.135725945601e-02
  1.428929163016e-02
  8.349716824143e-03
  8.147377666546e-03
  7.940505215147e-03
  7.712148169380e-03
  8.087390592757e-03
  9.081818622726e-03
  1.321660166254e-02
  4.414459347364e-02
  4.196332717549e-02
  3.184644654345e-02
  3.055979939240e-02
  3.210265432991e-02
  3.523749794540e-02
  3.982845366784e-02
  4.622599404932e-02
  5.536751650528e-02
  6.879511580131e-02
  8.718717095711e-02
  1.038482426008e-01
  1.065819745012e-01
  1.006057506980e-01
  9.706446147683e-02
  9.814174094518e-02
  1.026404022986e-01
  1.094473769748e-01
  1.180314327498e-01
  1.280901656523e-01
  1.389187802248e-01
  1.507271836642e-01
  1.634195499783e-01
  1.770023718415e-01
  1.914415781578e-01
  2.067295693109e-01
  2.228711719676e-01
  2.398699372936e-01
  2.577547185121e-01
  2.765727905190e-01
  2.963739806109e-01
  3.172055081968e-01
  3.391811215597e-01
  3.623933174737e-01
  3.869454348535e-01
  4.129601612177e-01
  4.405203544772e-01
  4.698261846171e-01
  5.009873324794e-01
  5.341319174716e-01
  5.693850627047e-01
  6.068692834023e-01
  6.466900602890e-01
  6.890055312214e-01
  7.340171138905e-01
  7.818696292806e-01
  8.326779354139e-01
  8.865885178838e-01
  9.439132134460e-01
  1.004812379436e+00
  1.069495756589e+00
  1.138208597301e+00
  1.211168410484e+00
  1.288615454704e+00
  1.370946461778e+00
  1.458384489314e+00
  1.551175899446e+00
  1.649863354714e+00
  1.754718186386e+00
  1.866129358105e+00
  1.984529113343e+00
  2.110214862245e+00
  2.243779205621e+00
  2.385793659233e+00
  2.536804150736e+00
  2.697168208507e+00
  2.867415540774e+00
  3.048552190356e+00
  3.241065887694e+00
  3.445702932498e+00
  3.663194642995e+00
  3.894209637139e+00
  4.139750009560e+00
  4.400872786982e+00
  4.678239928923e+00
  4.972911236458e+00
  5.286384857702e+00
  5.619586870136e+00
  5.973799022703e+00
  6.350294741302e+00
  6.750028401767e+00
  7.175136252337e+00
  7.627177476790e+00
  8.107766745871e+00
  8.618718483409e+00
  9.160798409550e+00
  9.737762991975e+00
  1.035150988496e+01
  1.100339851921e+01
  1.169563172731e+01
  1.243228780136e+01
  1.321539201567e+01
  1.404780194903e+01
  1.493180921320e+01
  1.587156423332e+01
  1.687100658407e+01
  3.301517188892e-03
  3.048581535259e-03
  2.842962698883e-03
  2.782459429569e-03
  2.831610605940e-03
  2.855277914603e-03
  2.875086051724e-03
  2.895173266292e-03
  2.916622967175e-03
  2.877235998955e-03
  2.744374098277e-03
  2.551783809999e-03
  2.494269780480e-03
  2.366936036748e-03
  2.280529528579e-03
  2.412594307482e-03
  2.625155350944e-03
  2.832016963895e-03
  3.046665768556e-03
  3.227615832856e-03
  3.386225151611e-03
  3.466159725008e-03
  3.515103152654e-03
  3.568213968769e-03
  3.621303661264e-03
  3.674299806299e-03
  3.737221035096e-03
  3.782914442915e-03
  3.808646029790e-03
  3.830035203917e-03
  3.854270031429e-03
  3.872825622809e-03
  3.870486936304e-03
  3.841755795382e-03
  3.815713389526e-03
  3.789722283889e-03
  3.755330012795e-03
  3.716997469643e-03
  3.683717923180e-03
  3.655246301018e-03
  3.627532111518e-03
  3.603680526826e-03
  3.603819339187e-03
  3.617546674556e-03
  3.531202368789e-03
  3.413592087695e-03
  3.364141693167e-03
  3.365487569530e-03
  3.372642441406e-03
  3.366866640153e-03
  3.357605441593e-03
  3.364515883008e-03
  3.382796867328e-03
  3.399695763364e-03
  3.426269277382e-03
  3.452544043059e-03
  3.528296362203e-03
  3.606426597432e-03
  3.641745290149e-03
  3.669287473028e-03
  3.694934565424e-03
  3.722826796864e-03
  3.720871353180e-03
  3.717023836672e-03
  3.750480633164e-03
  3.822638919241e-03
  3.884205218694e-03
  3.920791328613e-03
  4.001957329809e-03
  4.043121229958e-03
  4.100782677363e-03
  4.131737833710e-03
  4.198452261135e-03
  4.257007404454e-03
  4.311708494637e-03
  4.364323978714e-03
  4.417516271649e-03
  4.468572061300e-03
  4.533074543940e-03
  4.625025661999e-03
  4.720854473166e-03
  4.765081298222e-03
  4.757404371165e-03
  4.812862926766e-03
  4.907261367090e-03
  5.011726721196e-03
  5.111765168073e-03
  5.208936837944e-03
  5.298878194438e-03
  5.372026272997e-03
  5.432017353927e-03
  5.481271600554e-03
  5.508542787867e-03
  5.523258638144e-03
  5.561334227183e-03
  5.627244516411e-03
  5.711174751375e-03
  5.807040824678e-03
  5.908584055814e-03
  6.008740179986e-03
  6.069435806270e-03
  6.101151805293e-03
  6.138397757584e-03
  6.167208098811e-03
  6.185752088694e-03
  6.202574686132e-03
  6.221600351077e-03
  6.238526078881e-03
  6.254142198666e-03
  6.291617052459e-03
  6.539811487185e-03
  6.503195194807e-03
  6.199982621449e-03
  6.727342740671e-03
  7.200139481010e-03
  6.971109495049e-03
  6.310074172827e-03
  6.572478892413e-03
  6.983500069001e-03
  6.893775435812e-03
  7.003756869954e-03
  7.372831486418e-03
  7.339485505672e-03
  7.134912933729e-03
  6.788212092588e-03
  6.848008326759e-03
  7.025823027783e-03
  7.143318488968e-03
  7.095413381064e-03
  7.110549840198e-03
  7.655156839098e-03
  7.953237448145e-03
  7.716593623258e-03
  7.832509772931e-03
  8.345208397086e-03
  8.571893881989e-03
  8.116535117035e-03
  7.473549865675e-03
  7.601018245743e-03
  7.870000018170e-03
  7.882036360786e-03
  8.067449914822e-03
  8.572150160858e-03
  8.461006130515e-03
  8.574557005894e-03
  8.336645693178e-03
  8.166662729328e-03
  8.269516633844e-03
  8.649723931817e-03
  8.909893877121e-03
  9.146830282855e-03
  8.814969508810e-03
  8.736516270281e-03
  9.151544501805e-03
  9.125731975816e-03
  8.322962782870e-03
  8.437278211797e-03
  8.685688910881e-03
  8.980196084665e-03
  9.321374570099e-03
  9.178499844877e-03
  9.763715077713e-03
  1.022778813008e-02
  9.322137099927e-03
  9.385979610455e-03
  9.371769343985e-03
  9.538608322123e-03
  9.960376742250e-03
  1.049061466481e-02
  1.111696596278e-02
  1.124536623605e-02
  1.172906321038e-02
  1.155082604414e-02
  1.126402031189e-02
  1.085689053876e-02
  1.098375840659e-02
  1.089268781969e-02
  1.091903896899e-02
  1.149528518805e-02
  1.207598201574e-02
  1.228669397322e-02
  1.236615772912e-02
  1.319673524787e-02
  1.261382917707e-02
  1.275185618468e-02
  1.297390746859e-02
  1.408537901627e-02
  1.331321702722e-02
  1.267865788192e-02
  1.309723098976e-02
  1.349941079747e-02
  1.383564216162e-02
  1.413263701796e-02
  1.413614943025e-02
  1.321243592572e-02
  1.334273090187e-02
  1.354197967474e-02
  1.376134113943e-02
  1.384124469948e-02
  1.387991683192e-02
  1.392481646954e-02
  1.438519549401e-02
  1.527003504182e-02
  1.583455042358e-02
  1.573369838087e-02
  1.524145119443e-02
  1.455862707922e-02
  1.427844214194e-02
  8.319421969236e-03
  1.303116767131e-02
  2.009692455573e-02
  3.174811408970e-02
  9.797900730646e-03
  1.728653080361e-02
  2.756484241976e-02
  4.164006773341e-02
  1.016862606974e-02
  2.706200516051e-02
  1.762345156686e-02
  3.790746979605e-02
  2.921870816352e-02
  1.057558487399e-02
  2.012314604581e-02
  4.397750645441e-02
  1.050545998058e-02
  2.236850227682e-02
  5.463785183482e-02
  3.336726151923e-02
  4.314334458006e-02
  7.698637212769e-03
  1.555199045180e-02
  2.686768475193e-02
  1.316025629507e-02
  3.074067369801e-02
  2.219685307505e-02
  5.647686759956e-02
  2.927388491376e-02
  1.863362314559e-02
  5.414549705669e-02
  1.008020811443e-02
  8.195387383752e-03
  4.008614214965e-02
  1.989395841386e-02
  2.796497050882e-02
  2.625161367123e-02
  5.977320708708e-02
  3.501891927175e-02
  1.113693779868e-02
  1.021826817058e-02
  2.262512569841e-02
  3.936498011894e-02
  8.293283955892e-02
  8.959056035100e-02
  4.389312244291e-02
  1.364225042694e-02
  2.738265555020e-02
  2.546038779966e-02
  1.010118381300e-02
  4.005805996737e-02
  6.684918309532e-02
  1.264434141899e-02
  3.161505887290e-02
  6.607717905228e-02
  1.136320971126e-01
  3.254994555312e-02
  1.166091485339e-02
  6.543544766115e-02
  8.608925740305e-02
  6.623543948517e-02
  3.973259749447e-02
  1.286307976380e-01
  1.802296385096e-02
  1.315899605905e-02
  3.194101407921e-02
  9.031664045909e-02
  5.102084651101e-02
  4.698687672819e-02
  8.177875640887e-02
  1.155861714234e-02
  2.890175910734e-02
  6.404931474978e-02
  1.329194597097e-02
  3.225571065132e-02
  4.751400465609e-02
  1.249470256689e-01
  1.736772712435e-02
  3.761851522200e-02
  7.713456284826e-02
  5.153058605273e-02
  3.082671245009e-02
  1.434893335220e-02
  1.092857346427e-01
  1.677586938980e-02
  5.113963301407e-02
  9.898917147618e-02
  1.813351757024e-01
  1.812598238030e-02
  1.673214742763e-01
  6.319388511569e-02
  1.152042524369e-01
  1.309886660032e-02
  6.916416574589e-02
  3.201407233109e-02
  1.295143557142e-01
  1.479246820683e-01
  9.469912483174e-02
  5.273156253891e-02
  1.712411884842e-02
  1.479627744419e-02
  4.454175647878e-02
  9.140759029198e-02
  2.701968597165e-01
  5.812108745565e-02
  2.238982484654e-02
  1.095707123207e-01
  1.180178592074e-01
  2.975620530107e-02
  1.009762886512e-02
  6.744156795075e-02
  1.031243588429e-01
  1.453249829190e-02
  3.404774840189e-02
  9.172663297673e-02
  1.576892998184e-01
  8.923194081903e-02
  3.898779847000e-02
  2.405856865332e-02
  2.173399125141e-01
  1.052722128874e-01
  3.281436892849e-02
  6.501660561331e-02
  1.214962806737e-02
  1.497997882690e-01
  1.011783589464e-01
  4.966853905975e-02
  2.012194050671e-02
  3.370479897822e-02
  8.282527760016e-02
  1.309983045222e-01
  1.058500646930e-01
  4.468949528508e-02
  1.620092272388e-01
  1.431469441031e-02
  1.005134507925e-01
  5.032495589556e-02
  1.535306454674e-02
  1.105721329717e-01
  2.075951243447e-01
  2.442154420472e-01
  7.834043485106e-02
  4.136437480543e-02
  9.423582973308e-03
  1.152174660586e-02
  3.158336309610e-02
  5.559867630186e-02
  8.208760415238e-02
  3.838805083746e-02
  1.165029889010e-01
  2.797131804406e-01
  5.210540791019e-01
  3.341612841472e-02
  7.813516505885e-02
  4.726902791022e-01
  1.970569955860e-01
  1.777353988339e-01
  1.030898711762e-01
  7.190865197711e-02
  3.144509011504e-02
  1.008440517637e-01
  1.358887769880e-01
  5.214120471528e-02
  1.593167988415e-01
  9.213725655741e-02
  5.137178239182e-01
  1.921165962144e-01
  3.704843377693e-02
  4.070570578051e-02
  7.362360853264e-01
  3.673002452255e-01
  9.392234374994e-02
  3.966884877031e-01
  1.056401431392e-02
  5.493423780995e-02
  1.312572176204e-01
  1.253451879681e-02
  5.351851272093e-02
  2.371834185113e-01
  1.090454815829e-01
  4.408049617393e-02
  8.962154545678e-02
  2.150854999846e-01
  1.439809455062e-01
  2.373102609221e-01
  1.394767728870e-01
  8.328661247683e-02
  2.659294172497e-01
  1.339677772107e-02
  4.061278440063e-02
  4.161285322599e-01
  8.793170808608e-02
  5.788494363607e-02
  1.081736807613e+00
  3.012648231725e-01
  1.156100559582e-01
  8.246260544543e-02
  1.960386771899e-01
  4.631926331445e-02
  2.112012186785e-02
  6.515851022274e-02
  2.271199601056e-02
  1.495139312732e-01
  1.853558159948e-01
  5.505940929636e-02
  2.746193937406e-02
  1.125044259079e-01
  1.907180393435e-01
  1.749499122387e-01
  7.269399248296e-02
  5.116765367450e-02
  8.417660266524e-02
  5.535625613200e-01
  2.729257327027e-01
  1.496748467684e-01
  5.801511966064e-02
  3.954000081082e-02
  3.966163242992e-02
  3.737276938892e-02
  4.270525375522e-02
  5.661927864937e-02
  8.887758767865e-02
  1.112182402293e-01
  1.686384921400e-01
  2.569098905171e-01
  5.214794338952e-01
  1.000517114886e+00
  1.711960991177e+00
  1.105224110216e-01
  6.559662299775e-02
  3.850450688358e-02
  1.277455699649e-02
  1.296150814140e-02
  4.461493322695e-02
  9.519467385625e-02
  1.880191715086e-01
  1.846862606914e-02
  4.331271977354e-02
  1.155013874156e-01
  3.304900813395e-01
  2.311209756774e-01
  1.549000751205e-01
  1.376664948605e-01
  5.755360825162e-02
  4.694578256644e-02
  3.652616343215e-02
  3.035775967360e-02
  2.555310039469e-02
  1.859995227045e-02
  2.058775482544e-02
  5.434762657418e-02
  3.373383441606e-02
  1.523293265302e-02
  1.376799818836e-02
  1.263789770396e-02
  1.129468954541e-02
  9.053697983881e-03
  8.084417327220e-03
  6.687604841473e-03
  7.079741504141e-03
  1.283494746503e-02
  4.440133329290e-02
  8.737707207238e-02
  1.963293249333e-01
  1.166839891065e-01
  9.960035648933e-02
  7.777075289641e-02
  5.806862460429e-02
  1.402832232648e-01
  1.030865859989e-01
  8.175194388867e-02
  6.435497607316e-02
  4.967106112100e-02
  3.572195949989e-02
  2.857650014524e-02
  2.374224638352e-02
  2.576142124915e-02
  2.781719361508e-02
  2.899069878365e-02
  3.037745465803e-02
  3.176770470239e-02
  3.304485247393e-02
  3.422382684540e-02
  3.547338653816e-02
  3.820190368813e-02
  4.566734850956e-02
  5.862267907732e-02
  7.375692707571e-02
  4.309866932812e-02
  4.205425684934e-02
  4.098644490269e-02
  3.980773608999e-02
  4.174462203038e-02
  4.687755357009e-02
  6.822003149235e-02
  2.278608097515e-01
  2.166017842204e-01
  1.643815590108e-01
  1.577402822738e-01
  1.657040247783e-01
  1.818851230389e-01
  2.055822240003e-01
  2.386043591484e-01
  2.857900855369e-01
  3.550992218966e-01
  4.500333520138e-01
  5.360326778047e-01
  5.501433608002e-01
  5.192959322049e-01
  5.010168867770e-01
  5.065774719512e-01
  5.297981777753e-01
  5.649336867840e-01
  6.092419416785e-01
  6.611620261981e-01
  7.170560030324e-01
  7.780073485510e-01
  8.435214384636e-01
  9.136317859587e-01
  9.881625265207e-01
  1.067074433269e+00
  1.150392419971e+00
  1.238134816654e+00
  1.330450554777e+00
  1.427583652809e+00
  1.529791303925e+00
  1.637317240185e+00
  1.750748595231e+00
  1.870562808952e+00
  1.997293285032e+00
  2.131573298695e+00
  2.273830536986e+00
  2.425098215781e+00
  2.585942473842e+00
  2.757024624134e+00
  2.938990513657e+00
  3.132472528304e+00
  3.338015127122e+00
  3.556434569074e+00
  3.788770510309e+00
  4.035770472195e+00
  4.298027316502e+00
  4.576297156797e+00
  4.872189598469e+00
  5.186532356749e+00
  5.520408048784e+00
  5.875082591983e+00
  6.251678700427e+00
  6.651436514925e+00
  7.076403843047e+00
  7.527732039541e+00
  8.006692749946e+00
  8.516087031332e+00
  9.057315412235e+00
  9.632385603293e+00
  1.024352871234e+01
  1.089227987903e+01
  1.158169792642e+01
  1.231473284305e+01
  1.309420253950e+01
  1.392195246726e+01
  1.480071681722e+01
  1.573568847290e+01
  1.672938494878e+01
  1.778565841434e+01
  1.890828370927e+01
  2.010071203375e+01
  2.136811589193e+01
  2.271595133057e+01
  2.414763518102e+01
  2.566863781039e+01
  2.728669219829e+01
  2.900657847178e+01
  3.083491262454e+01
  3.277826768928e+01
  3.484156986043e+01
  3.703584579414e+01
  3.936914351736e+01
  4.184979746372e+01
  4.448717313077e+01
  4.728522293033e+01
  5.026333659283e+01
  5.343130922582e+01
  5.679615779229e+01
  6.036925263639e+01
  6.417164464713e+01
  6.821378766736e+01
  7.251043163972e+01
  7.707340515901e+01
  8.192413144288e+01
  8.708294536372e+01
  3.151914967188e-03
  2.910440630752e-03
  2.714139036416e-03
  2.656377362250e-03
  2.703301342831e-03
  2.725896210627e-03
  2.744806778190e-03
  2.763983777317e-03
  2.784461524179e-03
  2.746859304489e-03
  2.620017798189e-03
  2.436154387087e-03
  2.381246500776e-03
  2.259682653086e-03
  2.177191498026e-03
  2.303272002669e-03
  2.506201230657e-03
  2.703689287418e-03
  2.908611673519e-03
  3.081362316132e-03
  3.232784543283e-03
  3.309097027475e-03
  3.355822673085e-03
  3.406526869566e-03
  3.457210899606e-03
  3.507805621118e-03
  3.567875689347e-03
  3.611498583843e-03
  3.636064190854e-03
  3.656484153619e-03
  3.679620824184e-03
  3.697335602829e-03
  3.695102889632e-03
  3.667673647888e-03
  3.642811306090e-03
  3.617997939937e-03
  3.585164091795e-03
  3.548568517828e-03
  3.516796973232e-03
  3.489615490630e-03
  3.463157119012e-03
  3.440386325319e-03
  3.440518847651e-03
  3.453624153889e-03
  3.371192382643e-03
  3.258911396639e-03
  3.211701756427e-03
  3.212986646860e-03
  3.219817308784e-03
  3.214303227417e-03
  3.205461683155e-03
  3.212058990538e-03
  3.229511605441e-03
  3.245644758867e-03
  3.271014142629e-03
  3.296098315286e-03
  3.368418056438e-03
  3.443007962751e-03
  3.476726253411e-03
  3.503020412575e-03
  3.527505353819e-03
  3.554133699733e-03
  3.552266863408e-03
  3.548593690083e-03
  3.580534452946e-03
  3.649423018075e-03
  3.708199553110e-03
  3.743127830277e-03
  3.820615942366e-03
  3.859914575559e-03
  3.914963199784e-03
  3.944515679756e-03
  4.008207064746e-03
  4.064108888687e-03
  4.116331298872e-03
  4.166562608382e-03
  4.217344589710e-03
  4.266086879499e-03
  4.327666549941e-03
  4.415451071020e-03
  4.506937574626e-03
  4.549160341878e-03
  4.541831280750e-03
  4.594776833190e-03
  4.684897780595e-03
  4.784629477970e-03
  4.880134865331e-03
  4.972903378451e-03
  5.058769206640e-03
  5.128602713612e-03
  5.185875408274e-03
  5.232897788670e-03
  5.258933231937e-03
  5.272982260335e-03
  5.309332523596e-03
  5.372256208443e-03
  5.452383298095e-03
  5.543905375371e-03
  5.640847360441e-03
  5.736465092765e-03
  5.794410407596e-03
  5.824689254047e-03
  5.860247474034e-03
  5.887752327266e-03
  5.905456030116e-03
  5.921516342274e-03
  5.939679893959e-03
  5.955838663321e-03
  5.970747167158e-03
  6.006523916394e-03
  6.243471873598e-03
  6.208514781636e-03
  5.919041732268e-03
  6.422505490829e-03
  6.873878310371e-03
  6.655226399935e-03
  6.024144686061e-03
  6.274659015021e-03
  6.667055517658e-03
  6.581396592354e-03
  6.686394418672e-03
  7.038745092949e-03
  7.006910124419e-03
  6.811607384953e-03
  6.480616659233e-03
  6.537703336261e-03
  6.707460688860e-03
  6.819632057808e-03
  6.773897682377e-03
  6.788348260510e-03
  7.308277387895e-03
  7.592851018542e-03
  7.366930276386e-03
  7.477593897440e-03
  7.967060519806e-03
  8.183474165966e-03
  7.748749151804e-03
  7.134899602796e-03
  7.256591986023e-03
  7.513385340685e-03
  7.524876278418e-03
  7.701888155883e-03
  8.183718832026e-03
  8.077611090432e-03
  8.186016615276e-03
  7.958885819187e-03
  7.796605322896e-03
  7.894798590576e-03
  8.257777489231e-03
  8.506158308624e-03
  8.732358373860e-03
  8.415535264698e-03
  8.340636991390e-03
  8.736858976588e-03
  8.712216098072e-03
  7.945822924970e-03
  8.054958359014e-03
  8.292112780953e-03
  8.573274900030e-03
  8.898993505506e-03
  8.762592887518e-03
  9.321290160884e-03
  9.764334590438e-03
  8.899721482687e-03
  8.960671086449e-03
  8.947104732252e-03
  9.106383706800e-03
  9.509040461264e-03
  1.001525162077e-02
  1.061322095360e-02
  1.073580300298e-02
  1.119758213232e-02
  1.102742145775e-02
  1.075361180345e-02
  1.036493037243e-02
  1.048604945454e-02
  1.039910556495e-02
  1.042426266005e-02
  1.097439733411e-02
  1.152878094561e-02
  1.172994487557e-02
  1.180580787650e-02
  1.259874929191e-02
  1.204225654512e-02
  1.217402911097e-02
  1.238601854648e-02
  1.344712579092e-02
  1.270995291217e-02
  1.210414765561e-02
  1.250375388753e-02
  1.288770965177e-02
  1.320870530573e-02
  1.349224238257e-02
  1.349559563631e-02
  1.261373852222e-02
  1.273812941949e-02
  1.292834959812e-02
  1.313777109866e-02
  1.321405397481e-02
  1.325097375020e-02
  1.329383884275e-02
  1.373335663253e-02
  1.457810129226e-02
  1.511703669050e-02
  1.502075457391e-02
  1.455081266971e-02
  1.389892948220e-02
  1.363144061364e-02
  7.942442556839e-03
  1.244068410770e-02
  1.918626912342e-02
  3.030950628275e-02
  9.353926753389e-03
  1.650322323142e-02
  2.631579192844e-02
  3.975322411322e-02
  9.707853350816e-03
  2.583573982124e-02
  1.682487704562e-02
  3.618976203438e-02
  2.789471576655e-02
  1.009637156010e-02
  1.921130243456e-02
  4.198474606755e-02
  1.002942424816e-02
  2.135491444876e-02
  5.216203736652e-02
  3.185528500363e-02
  4.118838271507e-02
  7.349787527844e-03
  1.484728040778e-02
  2.565022468707e-02
  1.256392331623e-02
  2.934771621247e-02
  2.119104321708e-02
  5.391772149056e-02
  2.794739228312e-02
  1.778927454418e-02
  5.169199274595e-02
  9.623441893668e-03
  7.824028372066e-03
  3.826971182928e-02
  1.899250002158e-02
  2.669778894391e-02
  2.506206974224e-02
  5.706469337446e-02
  3.343210090159e-02
  1.063228780223e-02
  9.755246010517e-03
  2.159990944868e-02
  3.758122793891e-02
  7.917488939833e-02
  8.553092773202e-02
  4.190418576341e-02
  1.302407676430e-02
  2.614186052414e-02
  2.430669682598e-02
  9.643467116764e-03
  3.824290213980e-02
  6.382003445306e-02
  1.207138618053e-02
  3.018248022010e-02
  6.308301236328e-02
  1.084830661634e-01
  3.107500421783e-02
  1.113252179366e-02
  6.247035985813e-02
  8.218827993256e-02
  6.323410151370e-02
  3.793218740446e-02
  1.228021279673e-01
  1.720628616022e-02
  1.256272018551e-02
  3.049366536154e-02
  8.622410684607e-02
  4.870893003306e-02
  4.485775222353e-02
  7.807310141847e-02
  1.103485951656e-02
  2.759212867799e-02
  6.114703702807e-02
  1.268964571499e-02
  3.079410203323e-02
  4.536099431209e-02
  1.192852793971e-01
  1.658074028918e-02
  3.591390090913e-02
  7.363935100716e-02
  4.919557165841e-02
  2.942985627564e-02
  1.369873764346e-02
  1.043336511709e-01
  1.601570150693e-02
  4.882233394268e-02
  9.450365795917e-02
  1.731183033961e-01
  1.730463659304e-02
  1.597396072563e-01
  6.033036962554e-02
  1.099839821405e-01
  1.250531538339e-02
  6.603011789278e-02
  3.056341311216e-02
  1.236456492229e-01
  1.412217452619e-01
  9.040800694331e-02
  5.034212808852e-02
  1.634817067736e-02
  1.412581115492e-02
  4.252342813258e-02
  8.726562227975e-02
  2.579533824913e-01
  5.548743652679e-02
  2.137527082518e-02
  1.046057156059e-01
  1.126700954588e-01
  2.840785720296e-02
  9.640073254856e-03
  6.438557647067e-02
  9.845146686268e-02
  1.387398467316e-02
  3.250493686601e-02
  8.757020812792e-02
  1.505438971922e-01
  8.518855838917e-02
  3.722113758752e-02
  2.296839855406e-02
  2.074915513163e-01
  1.005019948239e-01
  3.132744573087e-02
  6.207049687273e-02
  1.159908986091e-02
  1.430118844497e-01
  9.659364639743e-02
  4.741789992417e-02
  1.921015152226e-02
  3.217752756913e-02
  7.907220141328e-02
  1.250623556009e-01
  1.010536623303e-01
  4.266447242469e-02
  1.546680749913e-01
  1.366605017669e-02
  9.595886734216e-02
  4.804457242991e-02
  1.465736846680e-02
  1.055617587090e-01
  1.981883304254e-01
  2.331492653126e-01
  7.479058112249e-02
  3.949002370676e-02
  8.996570521591e-03
  1.099965970111e-02
  3.015222067953e-02
  5.307932382764e-02
  7.836795429054e-02
  3.664856642360e-02
  1.112238687337e-01
  2.670384885219e-01
  4.974434651322e-01
  3.190193758500e-02
  7.459461275602e-02
  4.512711824004e-01
  1.881277177252e-01
  1.696816438420e-01
  9.841854194157e-02
  6.865024274281e-02
  3.002021328608e-02
  9.627448773415e-02
  1.297312252387e-01
  4.977852125146e-02
  1.520976490695e-01
  8.796222505098e-02
  4.904396389536e-01
  1.834111835282e-01
  3.536965166357e-02
  3.886120106575e-02
  7.028748917413e-01
  3.506567054303e-01
  8.966642427756e-02
  3.787132733730e-01
  1.008532529882e-02
  5.244499315249e-02
  1.253095365250e-01
  1.196653996990e-02
  5.109341906028e-02
  2.264358850803e-01
  1.041042847397e-01
  4.208306899603e-02
  8.556050880431e-02
  2.053392933732e-01
  1.374567119195e-01
  2.265569798589e-01
  1.331566376564e-01
  7.951263174258e-02
  2.538793113861e-01
  1.278972720578e-02
  3.877249024849e-02
  3.972724278150e-01
  8.394724332784e-02
  5.526199313311e-02
  1.032719879801e+00
  2.876135579241e-01
  1.103713974163e-01
  7.872596308488e-02
  1.871555425674e-01
  4.422039049234e-02
  2.016310211805e-02
  6.220597133395e-02
  2.168284339130e-02
  1.427389805417e-01
  1.769567557168e-01
  5.256449272160e-02
  2.621755174631e-02
  1.074064933198e-01
  1.820759997077e-01
  1.670223764846e-01
  6.939999697795e-02
  4.884908489806e-02
  8.036229365103e-02
  5.284788848503e-01
  2.605586015820e-01
  1.428926044451e-01
  5.538627046888e-02
  3.774831788778e-02
  3.786443799220e-02
  3.567929059965e-02
  4.077014317585e-02
  5.405367944374e-02
  8.485026211418e-02
  1.061785887963e-01
  1.609969468608e-01
  2.452684880345e-01
  4.978495457498e-01
  9.551805091148e-01
  1.634386605494e+00
  1.055142898183e-01
  6.262423182870e-02
  3.675974547669e-02
  1.219570127695e-02
  1.237418107216e-02
  4.259328901005e-02
  9.088110106882e-02
  1.794994261396e-01
  1.763175400891e-02
  4.135008298099e-02
  1.102676529903e-01
  3.155145268927e-01
  2.206481507714e-01
  1.478810611174e-01
  1.314283890725e-01
  5.494567160647e-02
  4.481852016866e-02
  3.487104704561e-02
  2.898215323775e-02
  2.439520831909e-02
  1.775712940326e-02
  1.965485831588e-02
  5.188496313352e-02
  3.220524731914e-02
  1.454268013045e-02
  1.314412649558e-02
  1.206523445067e-02
  1.078289131667e-02
  8.643446194923e-03
  7.718086720977e-03
  6.384568241959e-03
  6.758935947935e-03
  1.225335526170e-02
  4.238936796691e-02
  8.341773963214e-02
  1.874330201391e-01
  1.113966672454e-01
  9.508714823968e-02
  7.424671326517e-02
  5.543735093371e-02
  1.339265452082e-01
  9.841540562612e-02
  7.804750385865e-02
  6.143884786683e-02
  4.742030770282e-02
  3.410328414579e-02
  2.728160823172e-02
  2.266640985019e-02
  2.459408949450e-02
  2.655670829022e-02
  2.767703821530e-02
  2.900095577993e-02
  3.032820918261e-02
  3.154748533539e-02
  3.267303663643e-02
  3.386597481385e-02
  3.647085419238e-02
  4.359801601621e-02
  5.596629944020e-02
  7.041476663091e-02
  4.114573184058e-02
  4.014864500582e-02
  3.912921900734e-02
  3.800392123175e-02
  3.985304072318e-02
  4.475338284467e-02
  6.512876535863e-02
  2.175357133102e-01
  2.067868699581e-01
  1.569329088818e-01
  1.505925694708e-01
  1.581954495283e-01
  1.736433308734e-01
  1.962666409839e-01
  2.277924383876e-01
  2.728400297622e-01
  3.390085491903e-01
  4.296409125837e-01
  5.117433359908e-01
  5.252146191574e-01
  4.957649854508e-01
  4.783142215827e-01
  4.836228389952e-01
  5.057913409440e-01
  5.393347485315e-01
  5.816352557776e-01
  6.312026764912e-01
  6.845639198470e-01
  7.427533664617e-01
  8.052988050412e-01
  8.722322301853e-01
  9.433857463576e-01
  1.018721904172e+00
  1.098264488474e+00
  1.182030998700e+00
  1.270163617750e+00
  1.362895306843e+00
  1.460471604915e+00
  1.563125199753e+00
  1.671416620110e+00
  1.785801671558e+00
  1.906789587568e+00
  2.034984947654e+00
  2.170796059002e+00
  2.315209319200e+00
  2.468765213465e+00
  2.632095088571e+00
  2.805815526143e+00
  2.990530256661e+00
  3.186759068006e+00
  3.395281231854e+00
  3.617089294239e+00
  3.852896903958e+00
  4.103270058338e+00
  4.368930609036e+00
  4.651415225116e+00
  4.951514115403e+00
  5.270260840226e+00
  5.608863954258e+00
  5.968395297843e+00
  6.350038817072e+00
  6.755749526858e+00
  7.186626610408e+00
  7.643884090969e+00
  8.130196100825e+00
  8.646899706117e+00
  9.195911641744e+00
  9.779361916959e+00
  1.039871610937e+01
  1.105689443707e+01
  1.175671321522e+01
  1.250086266596e+01
  1.329110461750e+01
  1.413004936587e+01
  1.502265448856e+01
  1.597132342346e+01
  1.697973378605e+01
  1.805148936604e+01
  1.918988497879e+01
  2.039985874585e+01
  2.168661948320e+01
  2.305342919472e+01
  2.450551036781e+01
  2.605024557625e+01
  2.769219834436e+01
  2.943768487417e+01
  3.129298035339e+01
  3.326278775495e+01
  3.535763408223e+01
  3.758520268053e+01
  3.995345032384e+01
  4.247131812930e+01
  4.514257941240e+01
  4.798574529335e+01
  5.101016703228e+01
  5.422254363134e+01
  5.763373020828e+01
  6.126382376954e+01
  6.512280446116e+01
  6.922475385907e+01
  7.358096456690e+01
  7.821188904832e+01
  8.313694073811e+01
  7.066853543147e-03
  6.525448147446e-03
  6.085323768489e-03
  5.955817326854e-03
  6.061024764834e-03
  6.111684323610e-03
  6.154083377132e-03
  6.197079792212e-03
  6.242992591090e-03
  6.158685310528e-03
  5.874296182793e-03
  5.462059237403e-03
  5.338951223715e-03
  5.066395042247e-03
  4.881443063059e-03
  5.164125962259e-03
  5.619110042967e-03
  6.061894568622e-03
  6.521347474351e-03
  6.908668675443e-03
  7.248169808434e-03
  7.419268697495e-03
  7.524031452097e-03
  7.637714446178e-03
  7.751352225431e-03
  7.864789767593e-03
  7.999471819273e-03
  8.097277949749e-03
  8.152356068529e-03
  8.198139310690e-03
  8.250013636001e-03
  8.289731632058e-03
  8.284725704762e-03
  8.223227080520e-03
  8.167483657855e-03
  8.111850042627e-03
  8.038233844698e-03
  7.956183546945e-03
  7.884949121259e-03
  7.824005993466e-03
  7.764684140192e-03
  7.713630141032e-03
  7.713927267039e-03
  7.743310445452e-03
  7.558491609678e-03
  7.306748370399e-03
  7.200900459945e-03
  7.203781290363e-03
  7.219096198259e-03
  7.206733172653e-03
  7.186909700560e-03
  7.201701408312e-03
  7.240831611616e-03
  7.277003473369e-03
  7.333883725975e-03
  7.390124511740e-03
  7.552271341309e-03
  7.719508068567e-03
  7.795107259630e-03
  7.854060935027e-03
  7.908958194498e-03
  7.968661144173e-03
  7.964475543027e-03
  7.956239985218e-03
  8.027853812227e-03
  8.182307661912e-03
  8.314089505392e-03
  8.392401586087e-03
  8.566136329938e-03
  8.654247109612e-03
  8.777670669322e-03
  8.843929768940e-03
  8.986731111732e-03
  9.112067615636e-03
  9.229154570166e-03
  9.341777312620e-03
  9.455634706748e-03
  9.564918944069e-03
  9.702985648528e-03
  9.899805791291e-03
  1.010492608447e-02
  1.019959301409e-02
  1.018316065404e-02
  1.030186895320e-02
  1.050392755665e-02
  1.072753425490e-02
  1.094166521721e-02
  1.114965988155e-02
  1.134217815647e-02
  1.149875064378e-02
  1.162716075300e-02
  1.173258881149e-02
  1.179096242448e-02
  1.182246150588e-02
  1.190396179678e-02
  1.204504189248e-02
  1.222469344187e-02
  1.242989349416e-02
  1.264724542713e-02
  1.286162827613e-02
  1.299154645529e-02
  1.305943412852e-02
  1.313915859302e-02
  1.320082674446e-02
  1.324051990766e-02
  1.327652845328e-02
  1.331725263554e-02
  1.335348193033e-02
  1.338690802661e-02
  1.346712245173e-02
  1.399837933154e-02
  1.392000264570e-02
  1.327098017337e-02
  1.439978748038e-02
  1.541180260207e-02
  1.492156696942e-02
  1.350662967190e-02
  1.406830347707e-02
  1.494808882784e-02
  1.475603444626e-02
  1.499144824031e-02
  1.578144753816e-02
  1.571007091078e-02
  1.527218604689e-02
  1.453007751695e-02
  1.465807055928e-02
  1.503868055707e-02
  1.529017802586e-02
  1.518763778083e-02
  1.522003716988e-02
  1.638576119299e-02
  1.702379876410e-02
  1.651726581071e-02
  1.676538278425e-02
  1.786280735647e-02
  1.834802461584e-02
  1.737333524807e-02
  1.599703388667e-02
  1.626987825542e-02
  1.684563015455e-02
  1.687139378551e-02
  1.726826902690e-02
  1.834857317734e-02
  1.811067086162e-02
  1.835372499707e-02
  1.784447900287e-02
  1.748063273413e-02
  1.770079014600e-02
  1.851461880025e-02
  1.907150910086e-02
  1.957866831966e-02
  1.886832475556e-02
  1.870039664404e-02
  1.958875904249e-02
  1.953350767462e-02
  1.781519091571e-02
  1.805988156783e-02
  1.859160135863e-02
  1.922199003918e-02
  1.995227804033e-02
  1.964645659510e-02
  2.089910200176e-02
  2.189244418559e-02
  1.995391022526e-02
  2.009056426821e-02
  2.006014738222e-02
  2.041726399144e-02
  2.132005367377e-02
  2.245502088048e-02
  2.379571748633e-02
  2.407055656005e-02
  2.510590348733e-02
  2.472438920838e-02
  2.411048536078e-02
  2.323902950727e-02
  2.351058848757e-02
  2.331565311001e-02
  2.337205739392e-02
  2.460550474610e-02
  2.584847856677e-02
  2.629950470357e-02
  2.646959581406e-02
  2.824743592375e-02
  2.699973324765e-02
  2.729517821794e-02
  2.777047603184e-02
  3.014956606695e-02
  2.849676362008e-02
  2.713849822641e-02
  2.803444838537e-02
  2.889530890388e-02
  2.961500765784e-02
  3.025072118975e-02
  3.025823946145e-02
  2.828104301544e-02
  2.855993767543e-02
  2.898642701836e-02
  2.945596731007e-02
  2.962699981546e-02
  2.970977699956e-02
  2.980588407551e-02
  3.079131924187e-02
  3.268530650160e-02
  3.389364415291e-02
  3.367777169956e-02
  3.262412315721e-02
  3.116254723867e-02
  3.056281511447e-02
  1.780761185131e-02
  2.789304073266e-02
  4.301719917766e-02
  6.795641509845e-02
  2.097227593627e-02
  3.700158880565e-02
  5.900217783987e-02
  8.913001004168e-02
  2.176580858390e-02
  5.792586138781e-02
  3.772276320922e-02
  8.114043390150e-02
  6.254225542314e-02
  2.263689848081e-02
  4.307332592772e-02
  9.413326647268e-02
  2.248679708103e-02
  4.787948101609e-02
  1.169515936879e-01
  7.142217859281e-02
  9.234775409760e-02
  1.647883035336e-02
  3.328882829901e-02
  5.750992114296e-02
  2.816935321144e-02
  6.580000236630e-02
  4.751206818728e-02
  1.208879824235e-01
  6.266036052168e-02
  3.988502201082e-02
  1.158977148469e-01
  2.157655112892e-02
  1.754211747411e-02
  8.580385303897e-02
  4.258275285594e-02
  5.985864668194e-02
  5.619122920518e-02
  1.279437531659e-01
  7.495753000025e-02
  2.383846693489e-02
  2.187206683916e-02
  4.842878002994e-02
  8.426021532325e-02
  1.775166378210e-01
  1.917674004482e-01
  9.395264362066e-02
  2.920105522711e-02
  5.861220927360e-02
  5.449762077183e-02
  2.162144933215e-02
  8.574374350206e-02
  1.430897855092e-01
  2.706504429485e-02
  6.767161218014e-02
  1.414373211437e-01
  2.432279894823e-01
  6.967272465981e-02
  2.496003283740e-02
  1.400637036534e-01
  1.842729081504e-01
  1.417760754912e-01
  8.504709541629e-02
  2.753325080676e-01
  3.857791392900e-02
  2.816665569304e-02
  6.836931495520e-02
  1.933215652430e-01
  1.092094419965e-01
  1.005747834375e-01
  1.750463382189e-01
  2.474106595023e-02
  6.186383019239e-02
  1.370967046298e-01
  2.845123320767e-02
  6.904291877381e-02
  1.017030937421e-01
  2.674474432617e-01
  3.717538844809e-02
  8.052193048668e-02
  1.651055037961e-01
  1.103005326922e-01
  6.598416716848e-02
  3.071370061060e-02
  2.339246585399e-01
  3.590852485504e-02
  1.094637029232e-01
  2.118850023054e-01
  3.881455269175e-01
  3.879842371810e-02
  3.581493857771e-01
  1.352656688984e-01
  2.465931670017e-01
  2.803794938798e-02
  1.480449750208e-01
  6.852569516969e-02
  2.772237523543e-01
  3.166308105589e-01
  2.027022146369e-01
  1.128712068553e-01
  3.665394818007e-02
  3.167123467771e-02
  9.534103613003e-02
  1.956567288212e-01
  5.783527772805e-01
  1.244074131128e-01
  4.792512169241e-02
  2.345346494618e-01
  2.526156547967e-01
  6.369276088277e-02
  2.161384001360e-02
  1.443577773975e-01
  2.207363157538e-01
  3.110661891763e-02
  7.287875169623e-02
  1.963396354359e-01
  3.375318447189e-01
  1.909997801194e-01
  8.345286303043e-02
  5.149704557130e-02
  4.652131862239e-01
  2.253337687113e-01
  7.023871937078e-02
  1.391671778320e-01
  2.600611695879e-02
  3.206444503918e-01
  2.165709289099e-01
  1.063148459194e-01
  4.307074548733e-02
  7.214467302537e-02
  1.772864028817e-01
  2.804001250012e-01
  2.265706528002e-01
  9.565726907598e-02
  3.467785917901e-01
  3.064041261179e-02
  2.151477018678e-01
  1.077198974083e-01
  3.286303005034e-02
  2.366781770192e-01
  4.443545970172e-01
  5.227398990163e-01
  1.676866567473e-01
  8.853989300353e-02
  2.017105376526e-02
  2.466214505828e-02
  6.760376779230e-02
  1.190082256546e-01
  1.757074226978e-01
  8.216911121587e-02
  2.493730950947e-01
  5.987223349654e-01
  1.115309312174e+00
  7.152677753134e-02
  1.672472794927e-01
  1.011787242824e+00
  4.217978728521e-01
  3.804402525052e-01
  2.206624953628e-01
  1.539195112226e-01
  6.730779631913e-02
  2.158553488407e-01
  2.908681161384e-01
  1.116075538016e-01
  3.410154846880e-01
  1.972185697380e-01
  1.099606155724e+00
  4.112230138383e-01
  7.930167875105e-02
  8.713002073385e-02
  1.575903528743e+00
  7.862012798552e-01
  2.010395250835e-01
  8.491064212181e-01
  2.261213185118e-02
  1.175860039177e-01
  2.809543250374e-01
  2.682997043569e-02
  1.145556632321e-01
  5.076879463544e-01
  2.334104000672e-01
  9.435371459477e-02
  1.918337236542e-01
  4.603876462493e-01
  3.081892950064e-01
  5.079594508442e-01
  2.985481735426e-01
  1.782738840370e-01
  5.692183735530e-01
  2.867562417165e-02
  8.693112375858e-02
  8.907175775124e-01
  1.882166492829e-01
  1.239019504141e-01
  2.315443220273e+00
  6.448533390118e-01
  2.474617840308e-01
  1.765101079679e-01
  4.196181758964e-01
  9.914576582276e-02
  4.520733938799e-02
  1.394709227573e-01
  4.861472477538e-02
  3.200325773020e-01
  3.967516538800e-01
  1.178539318162e-01
  5.878191524194e-02
  2.408142242972e-01
  4.082294214948e-01
  3.744779555706e-01
  1.556005221091e-01
  1.095236807734e-01
  1.801788961743e-01
  1.184893285117e+00
  5.841938935394e-01
  3.203770147749e-01
  1.241805904598e-01
  8.463484478170e-02
  8.489519564138e-02
  7.999591480604e-02
  9.141002652552e-02
  1.211928113777e-01
  1.902412919449e-01
  2.380611609934e-01
  3.609684449622e-01
  5.499121967859e-01
  1.116219778440e+00
  2.141593550414e+00
  3.664429686124e+00
  2.365717478477e-01
  1.404086973134e-01
  8.241838383059e-02
  2.734376900309e-02
  2.774393543724e-02
  9.549766998425e-02
  2.037629307196e-01
  4.024525308623e-01
  3.953184796762e-02
  9.271029944196e-02
  2.472291804637e-01
  7.074096146301e-01
  4.947113682633e-01
  3.315615464253e-01
  2.946732975527e-01
  1.231927314394e-01
  1.004868219319e-01
  7.818376603838e-02
  6.498038000019e-02
  5.469607084590e-02
  3.981294995133e-02
  4.406781482862e-02
  1.163303703853e-01
  7.220682299313e-02
  3.260588933285e-02
  2.947021663458e-02
  2.705125160870e-02
  2.417613244641e-02
  1.937931987489e-02
  1.730458754701e-02
  1.431472903674e-02
  1.515409233713e-02
  2.747303399617e-02
  9.504046217209e-02
  1.870294582872e-01
  4.202403035175e-01
  2.497605236223e-01
  2.131932356807e-01
  1.664672601155e-01
  1.242951170786e-01
  3.002743698285e-01
  2.206554634846e-01
  1.749889463767e-01
  1.377509686189e-01
  1.063202443579e-01
  7.646237823909e-02
  6.116761771877e-02
  5.081996196843e-02
  5.514197885856e-02
  5.954233221034e-02
  6.205420438423e-02
  6.502253685188e-02
  6.799834854384e-02
  7.073206632813e-02
  7.325564525794e-02
  7.593031112728e-02
  8.177066572354e-02
  9.775035087103e-02
  1.254810632942e-01
  1.578757194390e-01
  9.225212731622e-02
  9.001657632438e-02
  8.773093908343e-02
  8.520792857861e-02
  8.935380712094e-02
  1.003407786746e-01
  1.460240682337e-01
  4.877330265474e-01
  4.636332324483e-01
  3.518565363319e-01
  3.376409719853e-01
  3.546872566825e-01
  3.893226818620e-01
  4.400460106562e-01
  5.107294508511e-01
  6.117298693363e-01
  7.600851520240e-01
  9.632903923424e-01
  1.147370803075e+00
  1.177574531973e+00
  1.111546022172e+00
  1.072419969040e+00
  1.084322327499e+00
  1.134025938850e+00
  1.209233027629e+00
  1.304074256730e+00
  1.415208505699e+00
  1.534848818208e+00
  1.665314360985e+00
  1.805546397330e+00
  1.955616661775e+00
  2.115148718669e+00
  2.284058603395e+00
  2.462399643544e+00
  2.650211074292e+00
  2.847811681443e+00
  3.055723783277e+00
  3.274497898356e+00
  3.504655731913e+00
  3.747454035675e+00
  4.003914763369e+00
  4.275179658467e+00
  4.562604238150e+00
  4.867103960833e+00
  5.190890411332e+00
  5.535175402125e+00
  5.901374464793e+00
  6.290870026240e+00
  6.705015700036e+00
  7.144976893517e+00
  7.612500798114e+00
  8.109812783963e+00
  8.638512910583e+00
  9.199870190698e+00
  9.795503075316e+00
  1.042885690333e+01
  1.110170338814e+01
  1.181635985735e+01
  1.257553599028e+01
  1.338163494147e+01
  1.423731121578e+01
  1.514694811804e+01
  1.611301010774e+01
  1.713821912520e+01
  1.822857079575e+01
  1.938706293207e+01
  2.061799301200e+01
  2.192613669214e+01
  2.331477991846e+01
  2.479047006096e+01
  2.635952153077e+01
  2.802796602795e+01
  2.979975371680e+01
  3.168073709651e+01
  3.368203146503e+01
  3.580902552854e+01
  3.806996480450e+01
  4.047292928695e+01
  4.302530622388e+01
  4.573816729149e+01
  4.862319108514e+01
  5.168769128684e+01
  5.494337714442e+01
  5.840680099774e+01
  6.208819464503e+01
  6.600171953263e+01
  7.016144514939e+01
  7.457791594888e+01
  7.927473434163e+01
  8.426912702209e+01
  8.957893373432e+01
  9.522420120106e+01
  1.012133895071e+02
  1.075880021120e+02
  1.143690053130e+02
  1.215714188259e+02
  1.292195807206e+02
  1.373585501447e+02
  1.460107034095e+02
  1.552076125705e+02
  1.649745965773e+02
  1.753575115417e+02
  1.863998839872e+02
  2.897310385220e-03
  2.675341801040e-03
  2.494897006740e-03
  2.441801190333e-03
  2.484934757599e-03
  2.505704462937e-03
  2.523087477505e-03
  2.540715401895e-03
  2.559539002553e-03
  2.524974205359e-03
  2.408378669849e-03
  2.239367330396e-03
  2.188894779297e-03
  2.077150585039e-03
  2.001322879427e-03
  2.117218885277e-03
  2.303755947931e-03
  2.485291364897e-03
  2.673660582847e-03
  2.832456818186e-03
  2.971647499357e-03
  3.041795633197e-03
  3.084746886544e-03
  3.131355312396e-03
  3.177945200806e-03
  3.224452994829e-03
  3.279670738434e-03
  3.319769873903e-03
  3.342351126587e-03
  3.361121610816e-03
  3.382389353317e-03
  3.398673172099e-03
  3.396620812438e-03
  3.371407242976e-03
  3.348553225072e-03
  3.325744226671e-03
  3.295562622726e-03
  3.261923156683e-03
  3.232718045800e-03
  3.207732222055e-03
  3.183411098019e-03
  3.162479677682e-03
  3.162601495159e-03
  3.174648184318e-03
  3.098875065630e-03
  2.995663884428e-03
  2.952267732471e-03
  2.953448832354e-03
  2.959727728814e-03
  2.954659062502e-03
  2.946531718244e-03
  2.952596110017e-03
  2.968638942052e-03
  2.983468895732e-03
  3.006788997894e-03
  3.029846927661e-03
  3.096324843238e-03
  3.164889545155e-03
  3.195884148347e-03
  3.220054324639e-03
  3.242561427555e-03
  3.267038795745e-03
  3.265322758248e-03
  3.261946295580e-03
  3.291306955661e-03
  3.354630857875e-03
  3.408659556979e-03
  3.440766406697e-03
  3.511995203864e-03
  3.548119382105e-03
  3.598721302627e-03
  3.625886599922e-03
  3.684433138486e-03
  3.735819339175e-03
  3.783823340852e-03
  3.829997078475e-03
  3.876677005890e-03
  3.921482003446e-03
  3.978087407002e-03
  4.058780892464e-03
  4.142877322655e-03
  4.181689430001e-03
  4.174952393901e-03
  4.223621124032e-03
  4.306462304572e-03
  4.398137900375e-03
  4.485928577956e-03
  4.571203459823e-03
  4.650133240080e-03
  4.714325753867e-03
  4.766972089432e-03
  4.810196107998e-03
  4.834128466879e-03
  4.847042646451e-03
  4.880456617433e-03
  4.938297468941e-03
  5.011952073016e-03
  5.096081203316e-03
  5.185192433483e-03
  5.273086381054e-03
  5.326351004047e-03
  5.354183993575e-03
  5.386869900752e-03
  5.412152973977e-03
  5.428426611640e-03
  5.443189608007e-03
  5.459885948954e-03
  5.474739449372e-03
  5.488443677895e-03
  5.521330462022e-03
  5.739138297675e-03
  5.707004960756e-03
  5.440914891415e-03
  5.903709983113e-03
  6.318621924354e-03
  6.117632222078e-03
  5.537527865658e-03
  5.767806212155e-03
  6.128505810352e-03
  6.049766219831e-03
  6.146282558560e-03
  6.470171140089e-03
  6.440907728514e-03
  6.261381103840e-03
  5.957127062402e-03
  6.009602406417e-03
  6.165647142957e-03
  6.268757561722e-03
  6.226717505985e-03
  6.240000799010e-03
  6.717931224174e-03
  6.979517638788e-03
  6.771846264623e-03
  6.873570727968e-03
  7.323499340561e-03
  7.522431580502e-03
  7.122822672470e-03
  6.558558505505e-03
  6.670420852490e-03
  6.906471019155e-03
  6.917033744855e-03
  7.079747002105e-03
  7.522656482989e-03
  7.425119885436e-03
  7.524768656490e-03
  7.315984973820e-03
  7.166813130000e-03
  7.257074566989e-03
  7.590732848903e-03
  7.819050025923e-03
  8.026978160079e-03
  7.735747307087e-03
  7.666899147365e-03
  8.031115214269e-03
  8.008462931898e-03
  7.303977270735e-03
  7.404296990570e-03
  7.622294613202e-03
  7.880745090455e-03
  8.180152881633e-03
  8.054770397917e-03
  8.568337365671e-03
  8.975593665483e-03
  8.180822054459e-03
  8.236848286700e-03
  8.224377791996e-03
  8.370790570231e-03
  8.740921620253e-03
  9.206242184039e-03
  9.755908902877e-03
  9.868589050792e-03
  1.029306670360e-02
  1.013665122452e-02
  9.884959296519e-03
  9.527674674839e-03
  9.639010030672e-03
  9.559089272388e-03
  9.582214234088e-03
  1.008791027000e-02
  1.059751202376e-02
  1.078242638517e-02
  1.085216134400e-02
  1.158105074034e-02
  1.106951022247e-02
  1.119063849766e-02
  1.138550390472e-02
  1.236089729925e-02
  1.168327158297e-02
  1.112640190865e-02
  1.149372885046e-02
  1.184666953407e-02
  1.214173588310e-02
  1.240236947438e-02
  1.240545185985e-02
  1.159482917443e-02
  1.170917205558e-02
  1.188402667721e-02
  1.207653158129e-02
  1.214665249876e-02
  1.218058997797e-02
  1.221999252502e-02
  1.262400705907e-02
  1.340051515048e-02
  1.389591656281e-02
  1.380741189844e-02
  1.337543084132e-02
  1.277620530739e-02
  1.253032358631e-02
  7.300869961117e-03
  1.143575370520e-02
  1.763644557787e-02
  2.786117272771e-02
  8.598337647845e-03
  1.517013008147e-02
  2.419006161120e-02
  3.654204833195e-02
  8.923674853006e-03
  2.374878703047e-02
  1.546580142605e-02
  3.326643468252e-02
  2.564144354290e-02
  9.280809437635e-03
  1.765945675461e-02
  3.859331297597e-02
  9.219269978557e-03
  1.962991262517e-02
  4.794850563848e-02
  2.928208693000e-02
  3.786127805892e-02
  6.756088268643e-03
  1.364795058418e-02
  2.357825739042e-02
  1.154903792843e-02
  2.697707389002e-02
  1.947927854197e-02
  4.956236955889e-02
  2.568986496927e-02
  1.635229706985e-02
  4.751643016218e-02
  8.846081962978e-03
  7.192021007110e-03
  3.517837082428e-02
  1.745832870704e-02
  2.454120176935e-02
  2.303761227545e-02
  5.245513615194e-02
  3.073153119620e-02
  9.773435574473e-03
  8.967239240549e-03
  1.985511748158e-02
  3.454550110971e-02
  7.277932041011e-02
  7.862193230312e-02
  3.851926015150e-02
  1.197202121883e-02
  2.403017999344e-02
  2.234325667965e-02
  8.864489593718e-03
  3.515372676105e-02
  5.866479601475e-02
  1.109628683164e-02
  2.774440754390e-02
  5.798730890705e-02
  9.972004876012e-02
  2.856483546616e-02
  1.023326179235e-02
  5.742414508943e-02
  7.554929605363e-02
  5.812619341667e-02
  3.486811086121e-02
  1.128824490479e-01
  1.581640117263e-02
  1.154793198389e-02
  2.803045585148e-02
  7.925911797179e-02
  4.477433252700e-02
  4.123424417467e-02
  7.176653237820e-02
  1.014348845372e-02
  2.536329875687e-02
  5.620771729286e-02
  1.166460475537e-02
  2.830662392646e-02
  4.169683550237e-02
  1.096496835730e-01
  1.524138548615e-02
  3.301285699677e-02
  6.769093032488e-02
  4.522166433947e-02
  2.705257886414e-02
  1.259218451385e-02
  9.590581415177e-02
  1.472198926230e-02
  4.487857592458e-02
  8.686986562033e-02
  1.591341973127e-01
  1.590680707931e-02
  1.468362020716e-01
  5.545701844113e-02
  1.010997241298e-01
  1.149516421221e-02
  6.069635389901e-02
  2.809456953612e-02
  1.136578325590e-01
  1.298141712025e-01
  8.310505205587e-02
  4.627560452719e-02
  1.502760232302e-02
  1.298475999031e-02
  3.908848151877e-02
  8.021650213785e-02
  2.371164900624e-01
  5.100528655496e-02
  1.964862465942e-02
  9.615590183533e-02
  1.035688592728e-01
  2.611313457146e-02
  8.861369880321e-03
  5.918465482375e-02
  9.049877942482e-02
  1.275327548376e-02
  2.987926138021e-02
  8.049648422819e-02
  1.383833007258e-01
  7.830721878358e-02
  3.421449804473e-02
  2.111306312362e-02
  1.907308517940e-01
  9.238367036221e-02
  2.879688532315e-02
  5.705658213411e-02
  1.066214154346e-02
  1.314597069843e-01
  8.879102950648e-02
  4.358758891842e-02
  1.765839881040e-02
  2.957829946786e-02
  7.268492732888e-02
  1.149601005911e-01
  9.289077541174e-02
  3.921813257109e-02
  1.421743367442e-01
  1.256213746692e-02
  8.820752647156e-02
  4.416364023260e-02
  1.347337930146e-02
  9.703471793293e-02
  1.821791241035e-01
  2.143159935241e-01
  6.874916666807e-02
  3.630010866069e-02
  8.269847846441e-03
  1.011113199996e-02
  2.771659230077e-02
  4.879169576819e-02
  7.203756770030e-02
  3.368817788801e-02
  1.022394554806e-01
  2.454677217190e-01
  4.572611039926e-01
  2.932497102106e-02
  6.856902818424e-02
  4.148185141192e-01
  1.729311850057e-01
  1.559751433660e-01
  9.046851410458e-02
  6.310483097330e-02
  2.759524816682e-02
  8.849765176016e-02
  1.192518294701e-01
  4.575752457923e-02
  1.398115440309e-01
  8.085683490840e-02
  4.508230310957e-01
  1.685956418031e-01
  3.251257097773e-02
  3.572208089432e-02
  6.460982433066e-01
  3.223314476648e-01
  8.242337276524e-02
  3.481216693302e-01
  9.270655468432e-03
  4.820860489426e-02
  1.151873147977e-01
  1.099990986142e-02
  4.696620790877e-02
  2.081449050052e-01
  9.569497542351e-02
  3.868369360005e-02
  7.864912388311e-02
  1.887524483932e-01
  1.263532687615e-01
  2.082562180206e-01
  1.224005447987e-01
  7.308978068956e-02
  2.333715132320e-01
  1.175660188907e-02
  3.564053593679e-02
  3.651816571361e-01
  7.716617435314e-02
  5.079805397013e-02
  9.492990971900e-01
  2.643807834216e-01
  1.014558448735e-01
  7.236665735171e-02
  1.720375399644e-01
  4.064836708657e-02
  1.853437220643e-02
  5.718111327391e-02
  1.993135220737e-02
  1.312088476384e-01
  1.626625881124e-01
  4.831845155771e-02
  2.409975704941e-02
  9.873043904264e-02
  1.673683111201e-01
  1.535306856278e-01
  6.379402175237e-02
  4.490316599812e-02
  7.387080882544e-02
  4.857895525056e-01
  2.395112654309e-01
  1.313500621494e-01
  5.091229246302e-02
  3.469909390938e-02
  3.480583409367e-02
  3.279719797893e-02
  3.747682296635e-02
  4.968734513526e-02
  7.799624931866e-02
  9.760172187700e-02
  1.479919766188e-01
  2.254562527693e-01
  4.576343823338e-01
  8.780231819790e-01
  1.502364541828e+00
  9.699108347214e-02
  5.756558762928e-02
  3.379037614795e-02
  1.121056003496e-02
  1.137462263487e-02
  3.915269919213e-02
  8.353993070498e-02
  1.649998673534e-01
  1.620750068814e-02
  3.800991654207e-02
  1.013604806883e-01
  2.900279750470e-01
  2.028246908195e-01
  1.359355625431e-01
  1.208119002373e-01
  5.050728418296e-02
  4.119818119671e-02
  3.205424251622e-02
  2.664104026787e-02
  2.242461841398e-02
  1.632274854091e-02
  1.806718319226e-02
  4.769381283709e-02
  2.960378007899e-02
  1.336795523023e-02
  1.208237360358e-02
  1.109063202464e-02
  9.911873676702e-03
  7.945248106416e-03
  7.094637083646e-03
  5.868837219639e-03
  6.212964346706e-03
  1.126355686086e-02
  3.896525043091e-02
  7.667944277170e-02
  1.722926035237e-01
  1.023982957183e-01
  8.740622287204e-02
  6.824923122958e-02
  5.095924676312e-02
  1.231082609549e-01
  9.046563113361e-02
  7.174300253153e-02
  5.647595631023e-02
  4.358980220214e-02
  3.134849777177e-02
  2.507786145188e-02
  2.083546838613e-02
  2.260743441661e-02
  2.441151729266e-02
  2.544134949327e-02
  2.665832398310e-02
  2.787836484950e-02
  2.899915062472e-02
  3.003378243032e-02
  3.113035775241e-02
  3.352482085000e-02
  4.007626661687e-02
  5.144546800228e-02
  6.472682060156e-02
  3.782207242587e-02
  3.690552801671e-02
  3.596844895109e-02
  3.493405019173e-02
  3.663380198129e-02
  4.113830551883e-02
  5.986781058958e-02
  1.999636690364e-01
  1.900830930065e-01
  1.442562224613e-01
  1.384280413675e-01
  1.454167779221e-01
  1.596168142545e-01
  1.804126644007e-01
  2.093918789959e-01
  2.508006275432e-01
  3.116242032137e-01
  3.949354887116e-01
  4.704058635363e-01
  4.827889668329e-01
  4.557182081141e-01
  4.396770775914e-01
  4.445568768628e-01
  4.649346572247e-01
  4.957685040039e-01
  5.346520716826e-01
  5.802155479493e-01
  6.292663904220e-01
  6.827554247842e-01
  7.402485839053e-01
  8.017752779332e-01
  8.671811735545e-01
  9.364318464596e-01
  1.009549160209e+00
  1.086549200672e+00
  1.167562665537e+00
  1.252803697939e+00
  1.342498002734e+00
  1.436859471715e+00
  1.536403355384e+00
  1.641548640370e+00
  1.752763425410e+00
  1.870603453451e+00
  1.995444049543e+00
  2.128191932303e+00
  2.269343927771e+00
  2.419480383954e+00
  2.579168076402e+00
  2.748961967609e+00
  2.929339858164e+00
  3.121018071934e+00
  3.324908979322e+00
  3.541668582188e+00
  3.771817157869e+00
  4.016018248474e+00
  4.275684394405e+00
  4.551541973201e+00
  4.844541056520e+00
  5.155792574714e+00
  5.486281787279e+00
  5.837097003814e+00
  6.210035317536e+00
  6.606107122112e+00
  7.026428374728e+00
  7.473457197294e+00
  7.948422650766e+00
  8.453086640518e+00
  8.989407118462e+00
  9.558731276155e+00
  1.016374344304e+01
  1.080703243873e+01
  1.149107117525e+01
  1.221747916432e+01
  1.298865584814e+01
  1.380915834227e+01
  1.468119594032e+01
  1.560814918826e+01
  1.659333076983e+01
  1.763976935260e+01
  1.875200416783e+01
  1.993482327508e+01
  2.119122518092e+01
  2.252601051198e+01
  2.394596549441e+01
  2.545528502130e+01
  2.705977508614e+01
  2.876520398113e+01
  3.057589478366e+01
  3.250152414950e+01
  3.454915478067e+01
  3.672610072089e+01
  3.904058084402e+01
  4.149606366565e+01
  4.410956501944e+01
  4.688968079182e+01
  4.984256885466e+01
  5.297820747378e+01
  5.631507026476e+01
  5.986233119996e+01
  6.363293437738e+01
  6.763726020957e+01
  7.189410905634e+01
  7.642132617899e+01
  1.213673147138e-03
  1.120691286616e-03
  1.045103595873e-03
  1.022861944814e-03
  1.040930444688e-03
  1.049630801326e-03
  1.056912485092e-03
  1.064296760723e-03
  1.072181900944e-03
  1.057702828766e-03
  1.008861368339e-03
  9.380631116857e-04
  9.169203372531e-04
  8.701110866419e-04
  8.383471270127e-04
  8.868955569213e-04
  9.650352774856e-04
  1.041079826233e-03
  1.119987030218e-03
  1.186506215625e-03
  1.244812703232e-03
  1.274197510189e-03
  1.292189639403e-03
  1.311713745337e-03
  1.331230086003e-03
  1.350712037618e-03
  1.373842556529e-03
  1.390639943579e-03
  1.400099151039e-03
  1.407962040975e-03
  1.416871023632e-03
  1.423692258143e-03
  1.422832531887e-03
  1.412270656171e-03
  1.402697188318e-03
  1.393142578976e-03
  1.380499611059e-03
  1.366408156851e-03
  1.354174238449e-03
  1.343707764614e-03
  1.333519731153e-03
  1.324751632670e-03
  1.324802661583e-03
  1.329848977373e-03
  1.298107884014e-03
  1.254873082610e-03
  1.236694586931e-03
  1.237189345525e-03
  1.239819553205e-03
  1.237696306685e-03
  1.234291790712e-03
  1.236832143132e-03
  1.243552429141e-03
  1.249764644666e-03
  1.259533353578e-03
  1.269192239395e-03
  1.297039604809e-03
  1.325761117693e-03
  1.338744648139e-03
  1.348869450120e-03
  1.358297596503e-03
  1.368551080091e-03
  1.367832238009e-03
  1.366417849653e-03
  1.378716927068e-03
  1.405243087358e-03
  1.427875519704e-03
  1.441324966315e-03
  1.471162459345e-03
  1.486294750769e-03
  1.507491717598e-03
  1.518871165250e-03
  1.543396104683e-03
  1.564921603720e-03
  1.585030311468e-03
  1.604372328030e-03
  1.623926385718e-03
  1.642695041872e-03
  1.666406846665e-03
  1.700209064389e-03
  1.735436763711e-03
  1.751695019198e-03
  1.748872898431e-03
  1.769260058594e-03
  1.803961938245e-03
  1.842364523430e-03
  1.879139730012e-03
  1.914861078603e-03
  1.947924486409e-03
  1.974814505037e-03
  1.996867870150e-03
  2.014974259756e-03
  2.024999440859e-03
  2.030409145336e-03
  2.044406140455e-03
  2.068635470057e-03
  2.099489125083e-03
  2.134730522366e-03
  2.172058903790e-03
  2.208877369808e-03
  2.231189733354e-03
  2.242848874938e-03
  2.256540886685e-03
  2.267131877283e-03
  2.273948846960e-03
  2.280133014301e-03
  2.287127052898e-03
  2.293349132069e-03
  2.299089785278e-03
  2.312865943674e-03
  2.404104881248e-03
  2.390644339241e-03
  2.279180143508e-03
  2.473043382422e-03
  2.646848537742e-03
  2.562654657187e-03
  2.319650979184e-03
  2.416113769963e-03
  2.567209565135e-03
  2.534225827141e-03
  2.574656182540e-03
  2.710331972083e-03
  2.698073631726e-03
  2.622870559016e-03
  2.495419609375e-03
  2.517401346728e-03
  2.582767938950e-03
  2.625960531322e-03
  2.608350099588e-03
  2.613914424395e-03
  2.814117801355e-03
  2.923695431937e-03
  2.836702622489e-03
  2.879314643002e-03
  3.067788158998e-03
  3.151120175805e-03
  2.983725407364e-03
  2.747357129105e-03
  2.794215873478e-03
  2.893096459459e-03
  2.897521148166e-03
  2.965681160298e-03
  3.151214386667e-03
  3.110356648429e-03
  3.152099168730e-03
  3.064640417155e-03
  3.002152855561e-03
  3.039963054584e-03
  3.179731337314e-03
  3.275372601085e-03
  3.362472966392e-03
  3.240477384663e-03
  3.211637132300e-03
  3.364205963866e-03
  3.354717002319e-03
  3.059610432495e-03
  3.101634010884e-03
  3.192952449557e-03
  3.301216446990e-03
  3.426637319413e-03
  3.374115037236e-03
  3.589246436757e-03
  3.759844670763e-03
  3.426917633560e-03
  3.450386825523e-03
  3.445162979079e-03
  3.506494777787e-03
  3.661541375012e-03
  3.856462525317e-03
  4.086715983812e-03
  4.133917302123e-03
  4.311729500429e-03
  4.246207605462e-03
  4.140774740578e-03
  3.991109467078e-03
  4.037747456708e-03
  4.004268931686e-03
  4.013955896944e-03
  4.225790190753e-03
  4.439260576056e-03
  4.516720552769e-03
  4.545932282163e-03
  4.851261490963e-03
  4.636978964186e-03
  4.687719173348e-03
  4.769347608139e-03
  5.177936476241e-03
  4.894081443016e-03
  4.660810691765e-03
  4.814682657904e-03
  4.962528271001e-03
  5.086130528551e-03
  5.195309024786e-03
  5.196600225236e-03
  4.857033228624e-03
  4.904931060049e-03
  4.978177047092e-03
  5.058816675474e-03
  5.088190081589e-03
  5.102406372463e-03
  5.118911961070e-03
  5.288152230781e-03
  5.613428743748e-03
  5.820950655885e-03
  5.783876362745e-03
  5.602921014716e-03
  5.351907542594e-03
  5.248908552993e-03
  3.058308791407e-03
  4.790397073119e-03
  7.387845126297e-03
  1.167094742762e-02
  3.601813449621e-03
  6.354714224748e-03
  1.013313187116e-02
  1.530733573736e-02
  3.738096062517e-03
  9.948283498727e-03
  6.478569912810e-03
  1.393519268117e-02
  1.074111066616e-02
  3.887698486023e-03
  7.397484427433e-03
  1.616660329420e-02
  3.861919822697e-03
  8.222901472816e-03
  2.008546065194e-02
  1.226616339774e-02
  1.585995643781e-02
  2.830101653303e-03
  5.717078578113e-03
  9.876849231283e-03
  4.837851436459e-03
  1.130060152881e-02
  8.159801384280e-03
  2.076150258150e-02
  1.076139423165e-02
  6.849919825277e-03
  1.990446575205e-02
  3.705592673334e-03
  3.012712346771e-03
  1.473609601763e-02
  7.313232594522e-03
  1.028022325046e-02
  9.650374890975e-03
  2.197327235005e-02
  1.287333051147e-02
  4.094057845003e-03
  3.756345031493e-03
  8.317238996410e-03
  1.447098911637e-02
  3.048700177215e-02
  3.293445137916e-02
  1.613558282605e-02
  5.015037651600e-03
  1.006615802287e-02
  9.359511769959e-03
  3.713303565217e-03
  1.472577270608e-02
  2.457447706280e-02
  4.648195591744e-03
  1.162203490211e-02
  2.429068009222e-02
  4.177237828188e-02
  1.196570927800e-02
  4.286677433099e-03
  2.405477274644e-02
  3.164733484310e-02
  2.434885832565e-02
  1.460612920851e-02
  4.728606154570e-02
  6.625434915602e-03
  4.837388160175e-03
  1.174185953376e-02
  3.320136621844e-02
  1.875581068091e-02
  1.727288010032e-02
  3.006274842175e-02
  4.249071696764e-03
  1.062459679193e-02
  2.354521541366e-02
  4.886261974480e-03
  1.185754537067e-02
  1.746665798321e-02
  4.593186743938e-02
  6.384562863570e-03
  1.382896987898e-02
  2.835549303215e-02
  1.894319640645e-02
  1.133223029736e-02
  5.274821878326e-03
  4.017460879723e-02
  6.166989609138e-03
  1.879947787413e-02
  3.638948168504e-02
  6.666075649158e-02
  6.663305632474e-03
  6.150916946666e-02
  2.323075030058e-02
  4.235031944984e-02
  4.815283925899e-03
  2.542548952718e-02
  1.176871653114e-02
  4.761086697594e-02
  5.437870050447e-02
  3.481241450216e-02
  1.938468825042e-02
  6.295009847184e-03
  5.439270366980e-03
  1.637402765811e-02
  3.360241108397e-02
  9.932726510776e-02
  2.136593544468e-02
  8.230739878258e-03
  4.027936964975e-02
  4.338463149143e-02
  1.093870038179e-02
  3.711996728229e-03
  2.479224409253e-02
  3.790962093566e-02
  5.342302319988e-03
  1.251631767810e-02
  3.371969459852e-02
  5.796827877328e-02
  3.280261899087e-02
  1.433233309469e-02
  8.844188008879e-03
  7.989648410950e-02
  3.869919513098e-02
  1.206291414831e-02
  2.390080191507e-02
  4.466333654928e-03
  5.506800966558e-02
  3.719425049123e-02
  1.825868795025e-02
  7.397041258321e-03
  1.239024578977e-02
  3.044746084186e-02
  4.815638248199e-02
  3.891161965564e-02
  1.642833802869e-02
  5.955633045006e-02
  5.262235275869e-03
  3.694982311874e-02
  1.849999382309e-02
  5.643951280745e-03
  4.064750262728e-02
  7.631419540736e-02
  8.977621716652e-02
  2.879878452056e-02
  1.520598805858e-02
  3.464210225229e-03
  4.235517691898e-03
  1.161038319443e-02
  2.043867003661e-02
  3.017628416651e-02
  1.411185942909e-02
  4.282774891076e-02
  1.028255667253e-01
  1.915450708966e-01
  1.228412739291e-02
  2.872332514220e-02
  1.737660190259e-01
  7.244026619128e-02
  6.533743988561e-02
  3.789694289928e-02
  2.643439211679e-02
  1.155955256279e-02
  3.707135558343e-02
  4.995417263997e-02
  1.916766637934e-02
  5.856656487883e-02
  3.387064423317e-02
  1.888481847659e-01
  7.062412236695e-02
  1.361940182225e-02
  1.496385425686e-02
  2.706482854976e-01
  1.350235116349e-01
  3.452686144087e-02
  1.458269449342e-01
  3.883445023977e-03
  2.019441531691e-02
  4.825156171529e-02
  4.607823617326e-03
  1.967397958208e-02
  8.719116985427e-02
  4.008628919428e-02
  1.620446342027e-02
  3.294584183654e-02
  7.906773787163e-02
  5.292894062411e-02
  8.723779848561e-02
  5.127315843514e-02
  3.061705249310e-02
  9.775850746313e-02
  4.924799250762e-03
  1.492969536048e-02
  1.529733139239e-01
  3.232463948547e-02
  2.127912644255e-02
  3.976580585701e-01
  1.107481818637e-01
  4.249949717893e-02
  3.031413866596e-02
  7.206592142131e-02
  1.702745824528e-02
  7.763983438138e-03
  2.395296757227e-02
  8.349173455362e-03
  5.496292556641e-02
  6.813878700847e-02
  2.024042969853e-02
  1.009530360731e-02
  4.135783424601e-02
  7.010999785332e-02
  6.431346512223e-02
  2.672309171421e-02
  1.880977856960e-02
  3.094422243683e-02
  2.034955378077e-01
  1.003304281009e-01
  5.502207982922e-02
  2.132698054610e-02
  1.453532860085e-02
  1.458004168925e-02
  1.373863107365e-02
  1.569890954946e-02
  2.081385441161e-02
  3.267235497391e-02
  4.088501858855e-02
  6.199331936622e-02
  9.444283264789e-02
  1.917014358830e-01
  3.678008279570e-01
  6.293352313684e-01
  4.062922430487e-02
  2.411402252974e-02
  1.415466992134e-02
  4.696064235372e-03
  4.764789482407e-03
  1.640092821599e-02
  3.499458364130e-02
  6.911786507573e-02
  6.789265129395e-03
  1.592222057650e-02
  4.245954945658e-02
  1.214917003815e-01
  8.496255081261e-02
  5.694292984323e-02
  5.060768080655e-02
  2.115732399967e-02
  1.725777344548e-02
  1.342740963903e-02
  1.115983822440e-02
  9.393593914789e-03
  6.837542050256e-03
  7.568279600529e-03
  1.997877073173e-02
  1.240091952830e-02
  5.599789507482e-03
  5.061263878096e-03
  4.645826812950e-03
  4.152049079933e-03
  3.328236533888e-03
  2.971918563173e-03
  2.458435304251e-03
  2.602588949457e-03
  4.718264419657e-03
  1.632240658810e-02
  3.212074933505e-02
  7.217276665070e-02
  4.289428652860e-02
  3.661415985449e-02
  2.858936332078e-02
  2.134664953754e-02
  5.156961824799e-02
  3.789573523286e-02
  3.005289185160e-02
  2.365757979618e-02
  1.825961508703e-02
  1.313177564364e-02
  1.050502810712e-02
  8.727904548051e-03
  9.470174896374e-03
  1.022589887854e-02
  1.065729197136e-02
  1.116707831202e-02
  1.167814914707e-02
  1.214764237293e-02
  1.258104600343e-02
  1.304039755548e-02
  1.404342973946e-02
  1.678780736733e-02
  2.155032590737e-02
  2.711383787683e-02
  1.584353333579e-02
  1.545959610103e-02
  1.506705697078e-02
  1.463375096253e-02
  1.534577101890e-02
  1.723269173426e-02
  2.507841564409e-02
  8.376407883347e-02
  7.962514022791e-02
  6.042842506691e-02
  5.798702047099e-02
  6.091457767438e-02
  6.686292303394e-02
  7.557423164039e-02
  8.771352288055e-02
  1.050595022498e-01
  1.305382845303e-01
  1.654370894973e-01
  1.970513645147e-01
  2.022386030052e-01
  1.908987572306e-01
  1.841791839793e-01
  1.862233147598e-01
  1.947594954016e-01
  2.076756855515e-01
  2.239638755215e-01
  2.430502557441e-01
  2.635974814253e-01
  2.860038501054e-01
  3.100875325873e-01
  3.358608486790e-01
  3.632591486971e-01
  3.922680124195e-01
  4.228965984146e-01
  4.551516449968e-01
  4.890879009688e-01
  5.247950701383e-01
  5.623676994761e-01
  6.018953875037e-01
  6.435939708475e-01
  6.876389615349e-01
  7.342264444835e-01
  7.835892184618e-01
  8.358845058163e-01
  8.914921277911e-01
  9.506202030705e-01
  1.013511837396e+00
  1.080404451056e+00
  1.151530515891e+00
  1.227090180890e+00
  1.307383511605e+00
  1.392792696794e+00
  1.483592533334e+00
  1.580000963573e+00
  1.682295942972e+00
  1.791069179746e+00
  1.906624950894e+00
  2.029361238098e+00
  2.159743406182e+00
  2.298184176890e+00
  2.445139439290e+00
  2.601361989422e+00
  2.767275077645e+00
  2.943346174506e+00
  3.130604978641e+00
  3.329566339370e+00
  3.540968312667e+00
  3.765631077713e+00
  4.004118968321e+00
  4.257556440672e+00
  4.527027942204e+00
  4.813569367090e+00
  5.117859123098e+00
  5.440902328145e+00
  5.784607941931e+00
  6.149901429796e+00
  6.538198890580e+00
  6.950887995862e+00
  7.389237443860e+00
  7.855148702608e+00
  8.350627473439e+00
  8.876929820232e+00
  9.436066708628e+00
  1.003088086492e+01
  1.066312951512e+01
  1.133524476948e+01
  1.204964294538e+01
  1.280813496474e+01
  1.361477434469e+01
  1.447251962631e+01
  1.538443463683e+01
  1.635396223365e+01
  1.738255536577e+01
  1.847734190617e+01
  1.964192264149e+01
  2.087887708264e+01
  2.219238509012e+01
  2.359018519665e+01
  2.507612034702e+01
  2.665561277845e+01
  2.833301080929e+01
  3.011618984427e+01
  3.201262520068e+01
