599
  1.431628894677e+00
  1.214996752595e+00
  9.911612731806e-01
  8.797032277994e-01
  9.037602521381e-01
  9.603420201123e-01
  1.033238977432e+00
  1.116036110584e+00
  1.199623516699e+00
  1.241167912017e+00
  1.215209609216e+00
  1.131847753969e+00
  1.043277132813e+00
  9.791403490090e-01
  9.671530328746e-01
  1.029797564563e+00
  1.067701800344e+00
  1.089976291854e+00
  1.116597171000e+00
  1.132615573739e+00
  1.144566433614e+00
  1.161726123354e+00
  1.180707650574e+00
  1.201901562457e+00
  1.223530152059e+00
  1.245135147459e+00
  1.270100732363e+00
  1.289910714915e+00
  1.303444208726e+00
  1.315118675104e+00
  1.327944886186e+00
  1.339495540236e+00
  1.344248275730e+00
  1.340301794366e+00
  1.337118370727e+00
  1.333145757797e+00
  1.326542394462e+00
  1.318012382670e+00
  1.310928394881e+00
  1.305535039937e+00
  1.299966474159e+00
  1.295484458657e+00
  1.299080082909e+00
  1.307105385841e+00
  1.281728954172e+00
  1.245528541630e+00
  1.231871807501e+00
  1.236737872926e+00
  1.244045291200e+00
  1.247235655146e+00
  1.249457074537e+00
  1.256917312985e+00
  1.268602679516e+00
  1.280733817870e+00
  1.296533980924e+00
  1.312192179550e+00
  1.345121788521e+00
  1.379963883430e+00
  1.399497462802e+00
  1.415965266080e+00
  1.431736042424e+00
  1.448077129638e+00
  1.454027951302e+00
  1.459181040255e+00
  1.477948894525e+00
  1.513523674314e+00
  1.546576848842e+00
  1.568108923950e+00
  1.605352076570e+00
  1.629618281186e+00
  1.659113562922e+00
  1.679744745239e+00
  1.712395745657e+00
  1.741605171084e+00
  1.769768424300e+00
  1.798223826999e+00
  1.828084771760e+00
  1.856979752930e+00
  1.891077668248e+00
  1.936338004930e+00
  1.983675332688e+00
  2.021182184200e+00
  2.009494566480e+00
  2.034028492664e+00
  2.090320663414e+00
  2.155028865240e+00
  2.199278847320e+00
  2.240376306900e+00
  2.279167603040e+00
  2.315339378800e+00
  2.359169794040e+00
  2.377528438229e+00
  2.368449611244e+00
  2.401307615379e+00
  2.444984674430e+00
  2.498447835900e+00
  2.520757069890e+00
  2.568064777730e+00
  2.624671058460e+00
  2.713840223612e+00
  2.743909431970e+00
  2.741448147155e+00
  2.761860534660e+00
  2.806051642808e+00
  2.806698280660e+00
  2.801559464160e+00
  2.806619642030e+00
  2.818358785513e+00
  2.831211593610e+00
  2.856446102698e+00
  2.965225681330e+00
  2.951050587260e+00
  2.817121688996e+00
  3.060840530226e+00
  3.278689912150e+00
  3.177228081480e+00
  2.879892033740e+00
  3.004372518542e+00
  3.194614915943e+00
  3.154673811065e+00
  3.206374797450e+00
  3.376925887600e+00
  3.363962318490e+00
  3.272754844170e+00
  3.116100273747e+00
  3.146361789491e+00
  3.230178435234e+00
  3.285652902190e+00
  3.265967567717e+00
  3.275251474464e+00
  3.527355552625e+00
  3.666680347564e+00
  3.560834632625e+00
  3.617591881121e+00
  3.856694042749e+00
  3.962907033113e+00
  3.754701910032e+00
  3.461449577939e+00
  3.523418578079e+00
  3.649254505500e+00
  3.656879709750e+00
  3.745388430543e+00
  3.981985190410e+00
  3.934027052566e+00
  3.990505966330e+00
  3.883037663876e+00
  3.807011359180e+00
  3.863944178246e+00
  4.055107280132e+00
  4.188497494114e+00
  4.321945763060e+00
  4.220589362230e+00
  4.280655193370e+00
  4.520220541619e+00
  4.522704017950e+00
  4.118900514960e+00
  4.104490048584e+00
  4.150931309250e+00
  4.245374584650e+00
  4.395496565867e+00
  4.334762899003e+00
  4.626124369442e+00
  4.861787545460e+00
  4.454214729300e+00
  4.501558915460e+00
  4.481669699646e+00
  4.536269229831e+00
  4.725734073926e+00
  4.949016725874e+00
  5.201039385240e+00
  5.175817510855e+00
  5.348152658942e+00
  5.261947302859e+00
  5.133828821970e+00
  4.957176919773e+00
  5.027779320935e+00
  4.992793078464e+00
  5.012229120474e+00
  5.288674170674e+00
  5.566821317545e+00
  5.669834254067e+00
  5.709766880359e+00
  6.099864306120e+00
  5.834303360290e+00
  5.907446134848e+00
  6.016116374433e+00
  6.540138491374e+00
  6.181405524958e+00
  5.887761564329e+00
  6.088462595149e+00
  6.282209628257e+00
  6.445978663744e+00
  6.590879975299e+00
  6.595017717620e+00
  6.159448957507e+00
  6.228826795453e+00
  6.328209811526e+00
  6.437469818860e+00
  6.479289824664e+00
  6.501503831001e+00
  6.527144838286e+00
  6.752124205736e+00
  7.180396851699e+00
  7.453866256401e+00
  7.404659859584e+00
  7.164519865336e+00
  6.830544229967e+00
  6.705519789104e+00
  5.055188918689e+00
  7.873631369385e+00
  1.197835377099e+01
  1.810931161480e+01
  5.725165402274e+00
  9.772758874625e+00
  1.450531946481e+01
  2.175857251609e+01
  5.440323903105e+00
  1.350928997458e+01
  9.132243720313e+00
  1.879034019096e+01
  1.547268329647e+01
  5.802701928099e+00
  1.042610281112e+01
  2.288344646343e+01
  5.711377942151e+00
  1.140036846535e+01
  3.243606387549e+01
  1.678902035903e+01
  2.199767931454e+01
  4.016014959516e+00
  7.801793556998e+00
  1.293871382528e+01
  6.621683305471e+00
  1.593868925172e+01
  1.127879150402e+01
  2.654472634821e+01
  1.577939154003e+01
  1.008345520848e+01
  2.844693075133e+01
  5.693091637911e+00
  5.288312660302e+00
  2.516556746664e+01
  1.164886373841e+01
  1.777431548203e+01
  1.443970560116e+01
  3.290056059946e+01
  2.153095835105e+01
  6.345194110489e+00
  5.779648057074e+00
  1.144709517241e+01
  1.990368243374e+01
  3.925214904604e+01
  4.973168428450e+01
  2.290266247894e+01
  6.544183307972e+00
  1.353495690993e+01
  1.234932992057e+01
  5.137662660953e+00
  2.125273889204e+01
  3.644911126637e+01
  6.359951613115e+00
  1.454922840756e+01
  3.043055073991e+01
  5.750237843722e+01
  1.565655285074e+01
  5.836085064989e+00
  3.124742614693e+01
  5.236555860155e+01
  3.027502704882e+01
  1.875112933043e+01
  5.487353723471e+01
  8.641810713689e+00
  6.102905827983e+00
  1.467634378679e+01
  4.400904465915e+01
  2.408895819655e+01
  2.324364905220e+01
  3.974160843022e+01
  5.444231417826e+00
  1.420763776534e+01
  4.291760102333e+01
  6.345225469340e+00
  1.580351164702e+01
  2.580181906243e+01
  7.211913969494e+01
  7.797356424806e+00
  1.858681473308e+01
  4.232979351465e+01
  2.860375852159e+01
  1.425094070213e+01
  6.844641645604e+00
  5.708465811216e+01
  7.890423858581e+00
  2.315520136079e+01
  4.181195186197e+01
  9.031800765361e+01
  8.124380470425e+00
  8.754813146320e+01
  2.574651429956e+01
  5.209587028765e+01
  6.387151624267e+00
  3.400074095331e+01
  1.496835476182e+01
  7.384310081149e+01
  9.359171753567e+01
  4.683463380603e+01
  2.664286690371e+01
  9.142508667005e+00
  7.463476468862e+00
  2.477091798479e+01
  6.407462549675e+01
  1.448359483115e+02
  2.709382878956e+01
  1.028432545993e+01
  5.107419136135e+01
  9.289756309713e+01
  1.964061689486e+01
  6.241163968819e+00
  3.318166890904e+01
  6.286151624980e+01
  6.959513732900e+00
  1.902814372579e+01
  4.848240583363e+01
  9.651941920151e+01
  4.600337037630e+01
  2.229272420599e+01
  1.114096560012e+01
  1.065196791009e+02
  5.987847773631e+01
  1.812635605412e+01
  3.397743656213e+01
  6.351242284248e+00
  1.205360030784e+02
  5.843359936383e+01
  2.745526049285e+01
  1.017758268367e+01
  1.591808054869e+01
  4.478125170146e+01
  8.166815079563e+01
  1.483869062465e+02
  1.990382327517e+01
  7.824913742600e+01
  7.435120090058e+00
  4.474178655980e+01
  2.487975617122e+01
  7.513616582174e+00
  5.119243448845e+01
  1.183491071000e+02
  1.093631851732e+02
  3.487960320560e+01
  1.902496022274e+01
  5.291596298762e+00
  6.429000641104e+00
  1.431722056272e+01
  2.717144764748e+01
  5.641474722314e+01
  1.770635129685e+01
  5.589180812471e+01
  1.362984195348e+02
  2.850338615747e+02
  1.655693149036e+01
  3.959365417388e+01
  2.258396731170e+02
  9.276954833329e+01
  1.003027530563e+02
  5.240245317599e+01
  3.428044831442e+01
  1.535821370536e+01
  5.281860473363e+01
  8.161918280753e+01
  2.692924884175e+01
  1.782034980000e+02
  4.484448757141e+01
  3.057484760000e+02
  1.145992224331e+02
  1.634272892360e+01
  1.649475428000e+01
  4.337897583939e+02
  1.914172695906e+02
  4.739816130638e+01
  2.567915202451e+02
  8.719582767620e+00
  3.672711308097e+01
  1.045743453814e+02
  7.092746466320e+00
  3.122049543598e+01
  1.175975065000e+02
  5.378189678774e+01
  2.096605878864e+01
  3.706990660992e+01
  8.382971094877e+01
  5.609638095164e+01
  1.446456355624e+02
  8.332584283671e+01
  3.985785451128e+01
  2.709739025000e+02
  8.135405500000e+00
  3.456438350000e+01
  3.524998260000e+02
  6.974813717671e+01
  2.946674260757e+01
  6.078644870000e+02
  1.728929520913e+02
  6.332201328468e+01
  3.771069242419e+01
  8.912396410000e+01
  2.132893900468e+01
  9.978238300000e+00
  4.045828216781e+01
  1.622366882276e+01
  8.572056735123e+01
  1.536190206580e+02
  3.765574066372e+01
  1.496760644000e+01
  5.538005316219e+01
  8.493626837683e+01
  7.424398156217e+01
  3.340604691432e+01
  2.483050385285e+01
  4.507631593530e+01
  6.070683929486e+02
  3.302572887740e+02
  1.562608191574e+02
  4.569097805270e+01
  2.534258000000e+01
  1.854252837241e+01
  1.627456950000e+01
  2.102563799286e+01
  2.594720086146e+01
  3.930869849961e+01
  5.535333634481e+01
  7.766820300000e+01
  1.243854100463e+02
  2.470585448805e+02
  4.775059989125e+02
  8.181647822000e+02
  5.807850400000e+01
  3.569586800000e+01
  2.196125400000e+01
  8.640791000000e+00
  8.967568180000e+00
  3.426457600000e+01
  7.442153100000e+01
  1.495146860000e+02
  1.716951050000e+01
  5.066384964774e+01
  1.969869675000e+02
  4.948735530000e+02
  2.562358600000e+02
  1.133558484310e+02
  7.334341900000e+01
  2.668483800000e+01
  1.968048060000e+01
  1.576839900000e+01
  1.354785600000e+01
  1.189966400000e+01
  1.188457388000e+01
  3.587002083241e+01
  1.682610157900e+02
  8.752599251584e+01
  1.576851200000e+01
  1.126126000000e+01
  8.379342000000e+00
  6.174471300000e+00
  5.192269800000e+00
  5.265174753321e+00
  5.486147000000e+00
  5.989515000000e+00
  1.066191421500e+01
  3.363515400000e+01
  6.097657100000e+01
  1.128696384000e+02
  5.707770135164e+01
  4.796589500238e+01
  3.662149042343e+01
  2.643796330000e+01
  6.536119900000e+01
  4.491881760000e+01
  3.453184300000e+01
  2.651535000000e+01
  2.098159420000e+01
  1.623566800000e+01
  1.356950500000e+01
  1.118258000000e+01
  1.125514964392e+01
  1.180850824348e+01
  1.217601800000e+01
  1.267421600000e+01
  1.327475000000e+01
  1.401105334300e+01
  1.492912600000e+01
  1.627682800000e+01
  2.013858619000e+01
  3.189099733787e+01
  5.455938895273e+01
  8.143494700000e+01
  2.580233700000e+01
  2.377705300000e+01
  2.160943300000e+01
  1.780869000000e+01
  1.753139430000e+01
  2.024534400000e+01
  3.283238320000e+01
  1.048485677000e+02
  8.868214500000e+01
  6.472067280000e+01
  6.152999380000e+01
  6.456952540000e+01
  7.103829450000e+01
  8.066866500000e+01
  9.432381790000e+01
  1.143045991000e+02
  1.445996430000e+02
  1.878060547000e+02
  2.292440349000e+02
  2.381977947000e+02
  2.239585455000e+02
  2.134118330000e+02
  2.129967053000e+02
  2.204189029000e+02
  2.331832876000e+02
  2.500054240000e+02
  2.701508670000e+02
  2.921177700000e+02
  3.162775160000e+02
  3.424120420000e+02
  3.705326280000e+02
  4.005741750000e+02
  4.325333600000e+02
  4.664403710000e+02
  5.023252100000e+02
  5.402737494000e+02
  5.804099310000e+02
  6.228575762000e+02
  6.677242068000e+02
  7.152512565000e+02
  7.656188920000e+02
  8.190176200000e+02
  8.756732166000e+02
  9.357151270000e+02
  9.995340095000e+02
  1.067324291500e+03
  1.139328256000e+03
  1.215793704100e+03
  1.296966385800e+03
  1.383065084300e+03
  1.474429519100e+03
  1.571492367300e+03
  1.674571349700e+03
  1.783918112900e+03
  1.899855334200e+03
  2.023059511600e+03
  2.153880196500e+03
  2.292774920800e+03
  2.440276062100e+03
  2.596853027500e+03
  2.763029118300e+03
  2.939657444500e+03
  3.127220147500e+03
  3.326247310300e+03
  3.537904579400e+03
  3.762778741600e+03
  4.001704345100e+03
  4.255607720800e+03
  4.525129241000e+03
  4.811541636000e+03
  5.116069501000e+03
  5.439883240000e+03
  5.783756391000e+03
  6.148819091000e+03
  6.537230364000e+03
  6.950036092000e+03
  7.388837567000e+03
  7.855203075000e+03
  8.350566047000e+03
  8.877076149000e+03
  9.436998871000e+03
  1.003175588500e+04
  1.066361485600e+04
  1.133579535100e+04
  1.205028360300e+04
  1.280982492700e+04
  1.361713481700e+04
  1.447427978300e+04
  1.538584288400e+04
  1.635516894500e+04
  1.738569278200e+04
  1.848132849000e+04
  1.964371364600e+04
  2.088090639900e+04
  2.219697080700e+04
  2.359482260800e+04
  2.507918489100e+04
  2.665880486900e+04
  2.833803614900e+04
  3.012296980200e+04
  3.201855862800e+04
  3.403368956500e+04
  3.617681002000e+04
