1501
  1.419983000000e+01
  1.419949500000e+01
  1.419916000000e+01
  1.419882500000e+01
  1.419849000000e+01
  1.419815500000e+01
  1.419782000000e+01
  1.419748000000e+01
  1.419714500000e+01
  1.419681000000e+01
  1.419647500000e+01
  1.419614000000e+01
  1.419580500000e+01
  1.419547000000e+01
  1.419513500000e+01
  1.419480000000e+01
  1.419446000000e+01
  1.419412500000e+01
  1.419379000000e+01
  1.419345500000e+01
  1.419312000000e+01
  1.419278500000e+01
  1.419245000000e+01
  1.419211500000e+01
  1.419178000000e+01
  1.419144000000e+01
  1.419110500000e+01
  1.419077000000e+01
  1.419043500000e+01
  1.419010000000e+01
  1.418976500000e+01
  1.418943000000e+01
  1.418909500000e+01
  1.418876000000e+01
  1.418842500000e+01
  1.418809000000e+01
  1.418775000000e+01
  1.418741500000e+01
  1.418708000000e+01
  1.418674500000e+01
  1.418641000000e+01
  1.418607500000e+01
  1.418574000000e+01
  1.418540500000e+01
  1.418507000000e+01
  1.418473500000e+01
  1.418440000000e+01
  1.418406500000e+01
  1.418373000000e+01
  1.418339000000e+01
  1.418305500000e+01
  1.418272000000e+01
  1.418238500000e+01
  1.418205000000e+01
  1.418171500000e+01
  1.418138000000e+01
  1.418104500000e+01
  1.418071000000e+01
  1.418037500000e+01
  1.418004000000e+01
  1.417970500000e+01
  1.417937000000e+01
  1.417903500000e+01
  1.417870000000e+01
  1.417836500000e+01
  1.417803000000e+01
  1.417769500000e+01
  1.417736000000e+01
  1.417702500000e+01
  1.417669000000e+01
  1.417635500000e+01
  1.417602000000e+01
  1.417568000000e+01
  1.417534500000e+01
  1.417501000000e+01
  1.417467500000e+01
  1.417434000000e+01
  1.417400500000e+01
  1.417367000000e+01
  1.417333500000e+01
  1.417300000000e+01
  1.417266500000e+01
  1.417233000000e+01
  1.417199500000e+01
  1.417166000000e+01
  1.417132500000e+01
  1.417099000000e+01
  1.417065500000e+01
  1.417032000000e+01
  1.416998500000e+01
  1.416965000000e+01
  1.416931500000e+01
  1.416898000000e+01
  1.416864500000e+01
  1.416831000000e+01
  1.416797500000e+01
  1.416764000000e+01
  1.416730500000e+01
  1.416697000000e+01
  1.416663500000e+01
  1.416630000000e+01
  1.416596500000e+01
  1.416563000000e+01
  1.416529500000e+01
  1.416496000000e+01
  1.416462500000e+01
  1.416429500000e+01
  1.416396000000e+01
  1.416362500000e+01
  1.416329000000e+01
  1.416295500000e+01
  1.416262000000e+01
  1.416228500000e+01
  1.416195000000e+01
  1.416161500000e+01
  1.416128000000e+01
  1.416094500000e+01
  1.416061000000e+01
  1.416027500000e+01
  1.415994000000e+01
  1.415960500000e+01
  1.415927000000e+01
  1.415893500000e+01
  1.415860000000e+01
  1.415826500000e+01
  1.415793000000e+01
  1.415759500000e+01
  1.415726500000e+01
  1.415693000000e+01
  1.415659500000e+01
  1.415626000000e+01
  1.415592500000e+01
  1.415559000000e+01
  1.415525500000e+01
  1.415492000000e+01
  1.415458500000e+01
  1.415425000000e+01
  1.415391500000e+01
  1.415358000000e+01
  1.415324500000e+01
  1.415291000000e+01
  1.415257500000e+01
  1.415224500000e+01
  1.415191000000e+01
  1.415157500000e+01
  1.415124000000e+01
  1.415090500000e+01
  1.415057000000e+01
  1.415023500000e+01
  1.414990000000e+01
  1.414956500000e+01
  1.414923000000e+01
  1.414889500000e+01
  1.414856500000e+01
  1.414823000000e+01
  1.414789500000e+01
  1.414756000000e+01
  1.414722500000e+01
  1.414689000000e+01
  1.414655500000e+01
  1.414622000000e+01
  1.414588500000e+01
  1.414555500000e+01
  1.414522000000e+01
  1.414488500000e+01
  1.414455000000e+01
  1.414421500000e+01
  1.414388000000e+01
  1.414354500000e+01
  1.414321000000e+01
  1.414287500000e+01
  1.414254500000e+01
  1.414221000000e+01
  1.414187500000e+01
  1.414154000000e+01
  1.414120500000e+01
  1.414087000000e+01
  1.414053500000e+01
  1.414020500000e+01
  1.413987000000e+01
  1.413953500000e+01
  1.413920000000e+01
  1.413886500000e+01
  1.413853000000e+01
  1.413819500000e+01
  1.413786500000e+01
  1.413753000000e+01
  1.413719500000e+01
  1.413686000000e+01
  1.413652500000e+01
  1.413619500000e+01
  1.413586000000e+01
  1.413552500000e+01
  1.413519000000e+01
  1.413485500000e+01
  1.413452000000e+01
  1.413418500000e+01
  1.413385500000e+01
  1.413352000000e+01
  1.413318500000e+01
  1.413285000000e+01
  1.413251500000e+01
  1.413218500000e+01
  1.413185000000e+01
  1.413151500000e+01
  1.413118000000e+01
  1.413084500000e+01
  1.413051500000e+01
  1.413018000000e+01
  1.412984500000e+01
  1.412951000000e+01
  1.412917500000e+01
  1.412884500000e+01
  1.412851000000e+01
  1.412817500000e+01
  1.412784000000e+01
  1.412750500000e+01
  1.412717000000e+01
  1.412683500000e+01
  1.412650500000e+01
  1.412617000000e+01
  1.412583500000e+01
  1.412550500000e+01
  1.412517000000e+01
  1.412483500000e+01
  1.412450000000e+01
  1.412416500000e+01
  1.412383500000e+01
  1.412350000000e+01
  1.412316500000e+01
  1.412283000000e+01
  1.412249500000e+01
  1.412216500000e+01
  1.412183000000e+01
  1.412149500000e+01
  1.412116000000e+01
  1.412082500000e+01
  1.412049500000e+01
  1.412016000000e+01
  1.411982500000e+01
  1.411949500000e+01
  1.411916000000e+01
  1.411882500000e+01
  1.411849000000e+01
  1.411815500000e+01
  1.411782500000e+01
  1.411749000000e+01
  1.411715500000e+01
  1.411682500000e+01
  1.411649000000e+01
  1.411615500000e+01
  1.411582000000e+01
  1.411548500000e+01
  1.411515500000e+01
  1.411482000000e+01
  1.411448500000e+01
  1.411415500000e+01
  1.411382000000e+01
  1.411348500000e+01
  1.411315000000e+01
  1.411281500000e+01
  1.411248500000e+01
  1.411215000000e+01
  1.411181500000e+01
  1.411148500000e+01
  1.411115000000e+01
  1.411081500000e+01
  1.411048500000e+01
  1.411015000000e+01
  1.410981500000e+01
  1.410948500000e+01
  1.410915000000e+01
  1.410881500000e+01
  1.410848000000e+01
  1.410814500000e+01
  1.410781500000e+01
  1.410748000000e+01
  1.410714500000e+01
  1.410681500000e+01
  1.410648000000e+01
  1.410614500000e+01
  1.410581500000e+01
  1.410548000000e+01
  1.410514500000e+01
  1.410481500000e+01
  1.410448000000e+01
  1.410414500000e+01
  1.410381500000e+01
  1.410348000000e+01
  1.410314500000e+01
  1.410281500000e+01
  1.410248000000e+01
  1.410214500000e+01
  1.410181500000e+01
  1.410148000000e+01
  1.410114500000e+01
  1.410081500000e+01
  1.410048000000e+01
  1.410014500000e+01
  1.409981500000e+01
  1.409948000000e+01
  1.409914500000e+01
  1.409881500000e+01
  1.409848000000e+01
  1.409814500000e+01
  1.409781500000e+01
  1.409748000000e+01
  1.409714500000e+01
  1.409681500000e+01
  1.409648000000e+01
  1.409614500000e+01
  1.409581500000e+01
  1.409548000000e+01
  1.409514500000e+01
  1.409481500000e+01
  1.409448000000e+01
  1.409414500000e+01
  1.409381500000e+01
  1.409348000000e+01
  1.409314500000e+01
  1.409281500000e+01
  1.409248000000e+01
  1.409214500000e+01
  1.409181500000e+01
  1.409148000000e+01
  1.409114500000e+01
  1.409081500000e+01
  1.409048500000e+01
  1.409015000000e+01
  1.408981500000e+01
  1.408948500000e+01
  1.408915000000e+01
  1.408881500000e+01
  1.408848500000e+01
  1.408815000000e+01
  1.408781500000e+01
  1.408748500000e+01
  1.408715000000e+01
  1.408681500000e+01
  1.408648500000e+01
  1.408615500000e+01
  1.408582000000e+01
  1.408548500000e+01
  1.408515500000e+01
  1.408482000000e+01
  1.408448500000e+01
  1.408415500000e+01
  1.408382000000e+01
  1.408348500000e+01
  1.408315500000e+01
  1.408282500000e+01
  1.408249000000e+01
  1.408215500000e+01
  1.408182500000e+01
  1.408149000000e+01
  1.408115500000e+01
  1.408082500000e+01
  1.408049500000e+01
  1.408016000000e+01
  1.407982500000e+01
  1.407949500000e+01
  1.407916000000e+01
  1.407882500000e+01
  1.407849500000e+01
  1.407816500000e+01
  1.407783000000e+01
  1.407749500000e+01
  1.407716500000e+01
  1.407683000000e+01
  1.407649500000e+01
  1.407616500000e+01
  1.407583500000e+01
  1.407550000000e+01
  1.407516500000e+01
  1.407483500000e+01
  1.407450500000e+01
  1.407417000000e+01
  1.407383500000e+01
  1.407350500000e+01
  1.407317000000e+01
  1.407283500000e+01
  1.407250500000e+01
  1.407217500000e+01
  1.407184000000e+01
  1.407150500000e+01
  1.407117500000e+01
  1.407084500000e+01
  1.407051000000e+01
  1.407017500000e+01
  1.406984500000e+01
  1.406951000000e+01
  1.406917500000e+01
  1.406884500000e+01
  1.406851500000e+01
  1.406818000000e+01
  1.406784500000e+01
  1.406751500000e+01
  1.406718500000e+01
  1.406685000000e+01
  1.406651500000e+01
  1.406618500000e+01
  1.406585500000e+01
  1.406552000000e+01
  1.406518500000e+01
  1.406485500000e+01
  1.406452500000e+01
  1.406419000000e+01
  1.406385500000e+01
  1.406352500000e+01
  1.406319500000e+01
  1.406286000000e+01
  1.406252500000e+01
  1.406219500000e+01
  1.406186500000e+01
  1.406153000000e+01
  1.406119500000e+01
  1.406086500000e+01
  1.406053500000e+01
  1.406020000000e+01
  1.405986500000e+01
  1.405953500000e+01
  1.405920500000e+01
  1.405887500000e+01
  1.405854000000e+01
  1.405820500000e+01
  1.405787500000e+01
  1.405754500000e+01
  1.405721000000e+01
  1.405687500000e+01
  1.405654500000e+01
  1.405621500000e+01
  1.405588000000e+01
  1.405554500000e+01
  1.405521500000e+01
  1.405488500000e+01
  1.405455500000e+01
  1.405422000000e+01
  1.405388500000e+01
  1.405355500000e+01
  1.405322500000e+01
  1.405289000000e+01
  1.405255500000e+01
  1.405222500000e+01
  1.405189500000e+01
  1.405156500000e+01
  1.405123000000e+01
  1.405089500000e+01
  1.405056500000e+01
  1.405023500000e+01
  1.404990000000e+01
  1.404956500000e+01
  1.404923500000e+01
  1.404890500000e+01
  1.404857500000e+01
  1.404824000000e+01
  1.404790500000e+01
  1.404757500000e+01
  1.404724500000e+01
  1.404691500000e+01
  1.404658000000e+01
  1.404624500000e+01
  1.404591500000e+01
  1.404558500000e+01
  1.404525000000e+01
  1.404491500000e+01
  1.404458500000e+01
  1.404425500000e+01
  1.404392500000e+01
  1.404359000000e+01
  1.404325500000e+01
  1.404292500000e+01
  1.404259500000e+01
  1.404226500000e+01
  1.404193000000e+01
  1.404159500000e+01
  1.404126500000e+01
  1.404093500000e+01
  1.404060500000e+01
  1.404027500000e+01
  1.403994000000e+01
  1.403960500000e+01
  1.403927500000e+01
  1.403894500000e+01
  1.403861500000e+01
  1.403828000000e+01
  1.403794500000e+01
  1.403761500000e+01
  1.403728500000e+01
  1.403695500000e+01
  1.403662000000e+01
  1.403628500000e+01
  1.403595500000e+01
  1.403562500000e+01
  1.403529500000e+01
  1.403496500000e+01
  1.403463000000e+01
  1.403429500000e+01
  1.403396500000e+01
  1.403363500000e+01
  1.403330500000e+01
  1.403297000000e+01
  1.403263500000e+01
  1.403230500000e+01
  1.403197500000e+01
  1.403164500000e+01
  1.403131500000e+01
  1.403098000000e+01
  1.403064500000e+01
  1.403031500000e+01
  1.402998500000e+01
  1.402965500000e+01
  1.402932500000e+01
  1.402899000000e+01
  1.402865500000e+01
  1.402832500000e+01
  1.402799500000e+01
  1.402766500000e+01
  1.402733500000e+01
  1.402700000000e+01
  1.402666500000e+01
  1.402633500000e+01
  1.402600500000e+01
  1.402567500000e+01
  1.402534500000e+01
  1.402501500000e+01
  1.402468000000e+01
  1.402434500000e+01
  1.402401500000e+01
  1.402368500000e+01
  1.402335500000e+01
  1.402302500000e+01
  1.402269000000e+01
  1.402235500000e+01
  1.402202500000e+01
  1.402169500000e+01
  1.402136500000e+01
  1.402103500000e+01
  1.402070500000e+01
  1.402037000000e+01
  1.402003500000e+01
  1.401970500000e+01
  1.401937500000e+01
  1.401904500000e+01
  1.401871500000e+01
  1.401838500000e+01
  1.401805000000e+01
  1.401771500000e+01
  1.401738500000e+01
  1.401705500000e+01
  1.401672500000e+01
  1.401639500000e+01
  1.401606500000e+01
  1.401573000000e+01
  1.401539500000e+01
  1.401506500000e+01
  1.401473500000e+01
  1.401440500000e+01
  1.401407500000e+01
  1.401374500000e+01
  1.401341500000e+01
  1.401308000000e+01
  1.401274500000e+01
  1.401241500000e+01
  1.401208500000e+01
  1.401175500000e+01
  1.401142500000e+01
  1.401109500000e+01
  1.401076500000e+01
  1.401043000000e+01
  1.401009500000e+01
  1.400976500000e+01
  1.400943500000e+01
  1.400910500000e+01
  1.400877500000e+01
  1.400844500000e+01
  1.400811500000e+01
  1.400778000000e+01
  1.400744500000e+01
  1.400711500000e+01
  1.400678500000e+01
  1.400645500000e+01
  1.400612500000e+01
  1.400579500000e+01
  1.400546500000e+01
  1.400513500000e+01
  1.400480000000e+01
  1.400446500000e+01
  1.400413500000e+01
  1.400380500000e+01
  1.400347500000e+01
  1.400314500000e+01
  1.400281500000e+01
  1.400248500000e+01
  1.400215500000e+01
  1.400182500000e+01
  1.400149000000e+01
  1.400115500000e+01
  1.400082500000e+01
  1.400049500000e+01
  1.400016500000e+01
  1.383491000000e+01
  1.350862000000e+01
  1.319002500000e+01
  1.287894500000e+01
  1.257520000000e+01
  1.227862000000e+01
  1.198903500000e+01
  1.170628000000e+01
  1.143019500000e+01
  1.116062000000e+01
  1.089740500000e+01
  1.064039500000e+01
  1.038944500000e+01
  1.014442000000e+01
  9.905169500000e+00
  9.671559000000e+00
  9.443460500000e+00
  9.220741500000e+00
  9.003275500000e+00
  8.790938000000e+00
  8.583608500000e+00
  8.381169000000e+00
  8.183503500000e+00
  7.990499500000e+00
  7.802048000000e+00
  7.618041000000e+00
  7.438373500000e+00
  7.262943500000e+00
  7.091650500000e+00
  6.924397500000e+00
  6.761089500000e+00
  6.601633000000e+00
  6.445937000000e+00
  6.293913000000e+00
  6.145474500000e+00
  6.000537000000e+00
  5.859017500000e+00
  5.720835500000e+00
  5.585912500000e+00
  5.454171500000e+00
  5.325538000000e+00
  5.199938500000e+00
  5.077300500000e+00
  4.957555000000e+00
  4.840634000000e+00
  4.726470000000e+00
  4.614998500000e+00
  4.506156500000e+00
  4.399881000000e+00
  4.296112000000e+00
  4.194790500000e+00
  4.095858500000e+00
  3.999260000000e+00
  3.904939500000e+00
  3.812843500000e+00
  3.722919500000e+00
  3.635116500000e+00
  3.549384500000e+00
  3.465674000000e+00
  3.383938000000e+00
  3.304130000000e+00
  3.226203500000e+00
  3.150115000000e+00
  3.075821500000e+00
  3.003280000000e+00
  2.932449000000e+00
  2.863288500000e+00
  2.795759500000e+00
  2.729823000000e+00
  2.665441500000e+00
  2.602578500000e+00
  2.541198000000e+00
  2.481265500000e+00
  2.422746500000e+00
  2.377154000000e+00
  2.348925000000e+00
  2.313372000000e+00
  2.285809500000e+00
  2.267060500000e+00
  2.240147500000e+00
  2.202149000000e+00
  2.173048500000e+00
  2.147390000000e+00
  2.099500500000e+00
  2.053928000000e+00
  2.029466000000e+00
  2.006328000000e+00
  1.982442500000e+00
  1.970617500000e+00
  1.952180000000e+00
  1.935992500000e+00
  1.917916500000e+00
  1.900019000000e+00
  1.890438000000e+00
  1.873906000000e+00
  1.851671000000e+00
  1.832492500000e+00
  1.810782000000e+00
  1.785825500000e+00
  1.764627000000e+00
  1.752903000000e+00
  1.740865500000e+00
  1.722539000000e+00
  1.699025500000e+00
  1.678815000000e+00
  1.665116500000e+00
  1.650169500000e+00
  1.638776000000e+00
  1.618333000000e+00
  1.599065000000e+00
  1.583659000000e+00
  1.564845000000e+00
  1.540459500000e+00
  1.522089000000e+00
  1.516117500000e+00
  1.500674500000e+00
  1.487704000000e+00
  1.479330000000e+00
  1.469689000000e+00
  1.458055000000e+00
  1.441038000000e+00
  1.423937500000e+00
  1.411143500000e+00
  1.403656000000e+00
  1.397551500000e+00
  1.388341000000e+00
  1.377988000000e+00
  1.365184500000e+00
  1.353478000000e+00
  1.339127000000e+00
  1.323207500000e+00
  1.312808000000e+00
  1.304734000000e+00
  1.294521500000e+00
  1.285202000000e+00
  1.274426500000e+00
  1.261099000000e+00
  1.251275000000e+00
  1.241794000000e+00
  1.233275000000e+00
  1.227937000000e+00
  1.223881500000e+00
  1.215504500000e+00
  1.207289000000e+00
  1.201196000000e+00
  1.197094000000e+00
  1.194609500000e+00
  1.191507500000e+00
  1.186718000000e+00
  1.176716500000e+00
  1.164447000000e+00
  1.152202000000e+00
  1.143822000000e+00
  1.136192000000e+00
  1.128564000000e+00
  1.122339500000e+00
  1.116497500000e+00
  1.111718000000e+00
  1.103204500000e+00
  1.093666000000e+00
  1.086304000000e+00
  1.080136000000e+00
  1.070017000000e+00
  1.052885000000e+00
  1.040346000000e+00
  1.031459000000e+00
  1.020803000000e+00
  1.015365500000e+00
  1.011109500000e+00
  1.003257250000e+00
  9.939710000000e-01
  9.877729000000e-01
  9.808695500000e-01
  9.729220500000e-01
  9.681526500000e-01
  9.656742000000e-01
  9.618222500000e-01
  9.562545000000e-01
  9.517061500000e-01
  9.467252500000e-01
  9.424775000000e-01
  9.361678000000e-01
  9.262897000000e-01
  9.206431000000e-01
  9.153108500000e-01
  9.052722500000e-01
  8.976902000000e-01
  8.909610000000e-01
  8.823992000000e-01
  8.727791000000e-01
  8.634099500000e-01
  8.587896500000e-01
  8.564120500000e-01
  8.522433500000e-01
  8.444066500000e-01
  8.389378500000e-01
  8.380462500000e-01
  8.352886000000e-01
  8.319108500000e-01
  8.267166500000e-01
  8.204288000000e-01
  8.180260000000e-01
  8.163730000000e-01
  8.143626000000e-01
  8.061605000000e-01
  7.931399000000e-01
  7.852770000000e-01
  7.812477000000e-01
  7.791205500000e-01
  7.738034500000e-01
  7.680719000000e-01
  7.641946500000e-01
  7.597842000000e-01
  7.574839000000e-01
  7.550984500000e-01
  7.484212500000e-01
  7.397095000000e-01
  7.339611000000e-01
  7.299627500000e-01
  7.274378000000e-01
  7.263114000000e-01
  7.251697500000e-01
  7.199765000000e-01
  7.138866000000e-01
  7.105208500000e-01
  7.070482500000e-01
  7.046794000000e-01
  7.003512500000e-01
  6.961890500000e-01
  6.943989500000e-01
  6.925728000000e-01
  6.917310000000e-01
  6.893423500000e-01
  6.869349000000e-01
  6.822897500000e-01
  6.767927500000e-01
  6.740675500000e-01
  6.721458500000e-01
  6.686114000000e-01
  6.625655000000e-01
  6.589364500000e-01
  6.556757000000e-01
  6.522484000000e-01
  6.500572500000e-01
  6.478841000000e-01
  6.455563000000e-01
  6.404779000000e-01
  6.365033500000e-01
  6.360909500000e-01
  6.330430500000e-01
  6.297758000000e-01
  6.292020000000e-01
  6.257792000000e-01
  6.197775000000e-01
  6.160403500000e-01
  6.146250000000e-01
  6.114340000000e-01
  6.051786500000e-01
  6.009246000000e-01
  6.000426500000e-01
  5.997658500000e-01
  5.993496000000e-01
  5.924425500000e-01
  5.857566000000e-01
  5.855923000000e-01
  5.847529000000e-01
  5.835631500000e-01
  5.791450500000e-01
  5.741083000000e-01
  5.723872500000e-01
  5.670673000000e-01
  5.621521500000e-01
  5.610103000000e-01
  5.597508000000e-01
  5.587928000000e-01
  5.557324500000e-01
  5.500833000000e-01
  5.464281000000e-01
  5.457449000000e-01
  5.453106000000e-01
  5.428650000000e-01
  5.403093000000e-01
  5.395154000000e-01
  5.359101500000e-01
  5.326761000000e-01
  5.324096000000e-01
  5.320738000000e-01
  5.318317500000e-01
  5.314011000000e-01
  5.253672500000e-01
  5.193420500000e-01
  5.188035500000e-01
  5.176803000000e-01
  5.120909500000e-01
  5.073194000000e-01
  5.070860500000e-01
  5.053452500000e-01
  5.011909000000e-01
  4.980691500000e-01
  4.964735000000e-01
  4.951660000000e-01
  4.946729500000e-01
  4.894521500000e-01
  4.841029500000e-01
  4.836557000000e-01
  4.835254000000e-01
  4.824521000000e-01
  4.768779500000e-01
  4.719407000000e-01
  4.712930000000e-01
  4.707443000000e-01
  4.698446500000e-01
  4.682509000000e-01
  4.661548000000e-01
  4.631801000000e-01
  4.612536000000e-01
  4.562317500000e-01
  4.509089000000e-01
  4.504364000000e-01
  4.501951500000e-01
  4.497247500000e-01
  4.482369000000e-01
  4.433970500000e-01
  4.392568000000e-01
  4.385341000000e-01
  4.375108500000e-01
  4.366352500000e-01
  4.358178500000e-01
  4.322311000000e-01
  4.249932500000e-01
  4.199304500000e-01
  4.187414500000e-01
  4.178799500000e-01
  4.133996500000e-01
  4.091090500000e-01
  4.084764000000e-01
  4.065613000000e-01
  4.027288500000e-01
  4.000259500000e-01
  3.950136500000e-01
  3.903007000000e-01
  3.901452000000e-01
  3.863754500000e-01
  3.818669000000e-01
  3.810086000000e-01
  3.809519500000e-01
  3.799290500000e-01
  3.770642000000e-01
  3.743720000000e-01
  3.728002000000e-01
  3.712169500000e-01
  3.692407500000e-01
  3.680700000000e-01
  3.656589500000e-01
  3.632084500000e-01
  3.625556500000e-01
  3.617103500000e-01
  3.605293000000e-01
  3.591616000000e-01
  3.579939000000e-01
  3.567470500000e-01
  3.554648000000e-01
  3.518176500000e-01
  3.483333500000e-01
  3.476600500000e-01
  3.474206000000e-01
  3.471384000000e-01
  3.468481500000e-01
  3.465094000000e-01
  3.444791500000e-01
  3.407857000000e-01
  3.388697000000e-01
  3.386722000000e-01
  3.384985500000e-01
  3.383054000000e-01
  3.354874000000e-01
  3.323514500000e-01
  3.316901000000e-01
  3.313966000000e-01
  3.312074000000e-01
  3.310404000000e-01
  3.308773500000e-01
  3.304859500000e-01
  3.289999000000e-01
  3.263815500000e-01
  3.236846000000e-01
  3.223714000000e-01
  3.204169000000e-01
  3.178746000000e-01
  3.169130000000e-01
  3.161296500000e-01
  3.152438500000e-01
  3.147678000000e-01
  3.146789500000e-01
  3.145762000000e-01
  3.137420000000e-01
  3.128654000000e-01
  3.127191000000e-01
  3.126113500000e-01
  3.118492500000e-01
  3.103126500000e-01
  3.084318500000e-01
  3.071070500000e-01
  3.035281500000e-01
  3.002067000000e-01
  3.001782500000e-01
  3.001488000000e-01
  2.997786500000e-01
  2.965614000000e-01
  2.936004500000e-01
  2.934035500000e-01
  2.931780500000e-01
  2.898385500000e-01
  2.864800000000e-01
  2.862705000000e-01
  2.861733000000e-01
  2.837460500000e-01
  2.812795500000e-01
  2.803007500000e-01
  2.786190500000e-01
  2.771068500000e-01
  2.763083500000e-01
  2.761865000000e-01
  2.760561000000e-01
  2.758933000000e-01
  2.756188000000e-01
  2.752638500000e-01
  2.748751000000e-01
  2.737322500000e-01
  2.717719000000e-01
  2.706895000000e-01
  2.689333500000e-01
  2.671444000000e-01
  2.668185500000e-01
  2.665095000000e-01
  2.664063000000e-01
  2.640510500000e-01
  2.616235500000e-01
  2.614643500000e-01
  2.613613000000e-01
  2.606981000000e-01
  2.600517000000e-01
  2.581600000000e-01
  2.562748500000e-01
  2.550995000000e-01
  2.539285500000e-01
  2.538584000000e-01
  2.538021000000e-01
  2.537704000000e-01
  2.508570000000e-01
  2.474858500000e-01
  2.462727500000e-01
  2.454014500000e-01
  2.450314500000e-01
  2.445082000000e-01
  2.438913000000e-01
  2.428401500000e-01
  2.420991000000e-01
  2.420764500000e-01
  2.420623500000e-01
  2.420359500000e-01
  2.392119500000e-01
  2.363871000000e-01
  2.363346000000e-01
  2.362809000000e-01
  2.362225000000e-01
  2.335072500000e-01
  2.287220500000e-01
  2.260875000000e-01
  2.255265000000e-01
  2.254390500000e-01
  2.236137500000e-01
  2.210857000000e-01
  2.202498500000e-01
  2.201201000000e-01
  2.197529000000e-01
  2.192745000000e-01
  2.186474000000e-01
  2.174825500000e-01
  2.158324000000e-01
  2.123786500000e-01
  2.098657000000e-01
  2.098432000000e-01
  2.098222500000e-01
  2.097856000000e-01
  2.073617500000e-01
  2.049146500000e-01
  2.025441500000e-01
  2.001787000000e-01
  2.001133000000e-01
  2.000629500000e-01
  1.977876000000e-01
  1.954897500000e-01
  1.953760500000e-01
  1.939658000000e-01
  1.925969000000e-01
  1.925602500000e-01
  1.916259500000e-01
  1.900917000000e-01
  1.883696000000e-01
  1.870323500000e-01
  1.865055500000e-01
  1.850183500000e-01
  1.836501000000e-01
  1.828565500000e-01
  1.820289500000e-01
  1.817958500000e-01
  1.817327000000e-01
  1.816494500000e-01
  1.815819000000e-01
  1.815335000000e-01
  1.795201500000e-01
  1.765513500000e-01
  1.747944500000e-01
  1.737620000000e-01
  1.734662500000e-01
  1.734118000000e-01
  1.733709500000e-01
  1.728338500000e-01
  1.716846000000e-01
  1.705872500000e-01
  1.696924000000e-01
  1.692394500000e-01
  1.692064000000e-01
  1.691286000000e-01
  1.690273000000e-01
  1.689191000000e-01
  1.686160500000e-01
  1.681939500000e-01
  1.675030000000e-01
  1.662046000000e-01
  1.653370500000e-01
  1.633844000000e-01
  1.614614000000e-01
  1.614102500000e-01
  1.613844000000e-01
  1.594635500000e-01
  1.557197500000e-01
  1.538617500000e-01
  1.520305500000e-01
  1.484450000000e-01
  1.449440000000e-01
  1.421299500000e-01
  1.404411000000e-01
  1.396959500000e-01
  1.394412500000e-01
  1.391729000000e-01
  1.388745000000e-01
  1.385384000000e-01
  1.380272000000e-01
  1.371234500000e-01
  1.362031500000e-01
  1.353265500000e-01
  1.340521000000e-01
  1.327967000000e-01
  1.318809500000e-01
  1.310499500000e-01
  1.304911500000e-01
  1.302719000000e-01
  1.299999500000e-01
  1.297744500000e-01
  1.296951500000e-01
  1.296286500000e-01
  1.295306500000e-01
  1.294198500000e-01
  1.292904000000e-01
  1.289220000000e-01
  1.278680500000e-01
  1.258004500000e-01
  1.243880500000e-01
  1.242641500000e-01
  1.242149000000e-01
  1.241633000000e-01
  1.241261000000e-01
  1.228626000000e-01
  1.215135000000e-01
  1.213798500000e-01
  1.213348000000e-01
  1.212884000000e-01
  1.212297500000e-01
  1.211902500000e-01
  1.197506000000e-01
  1.169263000000e-01
  1.141686500000e-01
  1.127928000000e-01
  1.127746500000e-01
  1.127618000000e-01
  1.114497000000e-01
  1.088469500000e-01
  1.062995500000e-01
  1.050425500000e-01
  1.050228500000e-01
  1.038953500000e-01
  1.027096000000e-01
  1.026312000000e-01
  1.026041500000e-01
  1.025803500000e-01
  1.025548500000e-01
  1.013259000000e-01
  9.893618000000e-02
  9.773373000000e-02
  9.659438000000e-02
  9.546345000000e-02
  9.432447500000e-02
  9.317196000000e-02
  9.207293500000e-02
  9.098606000000e-02
  9.095988500000e-02
  9.093538500000e-02
  9.091307000000e-02
  8.987926500000e-02
  8.780685500000e-02
  8.611251500000e-02
  8.508943500000e-02
  8.437492500000e-02
  8.368507000000e-02
  8.327344000000e-02
  8.313805500000e-02
  8.300008500000e-02
  8.282637000000e-02
  8.241460000000e-02
  8.174844000000e-02
  8.116933500000e-02
  8.091186000000e-02
  8.085718500000e-02
  8.084028000000e-02
  8.082321000000e-02
  8.080922500000e-02
  8.080010000000e-02
  8.078470000000e-02
  8.076967000000e-02
  8.032339000000e-02
  7.937100000000e-02
  7.795070000000e-02
  7.703130500000e-02
  7.701009500000e-02
  7.648934500000e-02
  7.558135000000e-02
  7.489579500000e-02
  7.439176500000e-02
  7.394614500000e-02
  7.366251500000e-02
  7.355065000000e-02
  7.345172500000e-02
  7.303950000000e-02
  7.217383000000e-02
  7.083380500000e-02
  6.916322500000e-02
  6.753204500000e-02
  6.593934000000e-02
  6.438419500000e-02
  6.360623000000e-02
  6.285606000000e-02
  6.138307500000e-02
  5.995140000000e-02
  5.924997000000e-02
  5.924631000000e-02
  5.924134500000e-02
  5.922899000000e-02
  5.921824500000e-02
  5.921043500000e-02
  5.851403500000e-02
  5.714164000000e-02
  5.581609000000e-02
  5.515030500000e-02
  5.447811500000e-02
  5.380221500000e-02
  5.316746000000e-02
  5.252917000000e-02
  5.248111000000e-02
  5.245812000000e-02
  5.244359500000e-02
  5.242741500000e-02
  5.241580000000e-02
  5.186454000000e-02
  5.071379500000e-02
  4.951773500000e-02
  4.834988500000e-02
  4.720958000000e-02
  4.611881500000e-02
  4.558248000000e-02
  4.556609500000e-02
  4.555584000000e-02
  4.554957500000e-02
  4.500901000000e-02
  4.394749500000e-02
  4.291101500000e-02
  4.189898500000e-02
  4.091082000000e-02
  3.994596000000e-02
  3.900386000000e-02
  3.808397500000e-02
  3.718578500000e-02
  3.630877500000e-02
  3.545245000000e-02
  3.461632500000e-02
  3.379991500000e-02
  3.300276000000e-02
  3.222441000000e-02
  3.146441500000e-02
  3.072234500000e-02
  2.999777500000e-02
  2.929029000000e-02
  2.859949500000e-02
  2.792499500000e-02
  2.750872000000e-02
  2.732462000000e-02
  2.708230000000e-02
  2.687114500000e-02
  2.669280500000e-02
  2.644499500000e-02
  2.622141500000e-02
  2.605286000000e-02
  2.582688000000e-02
  2.556640000000e-02
  2.526351500000e-02
  2.478372000000e-02
  2.419921000000e-02
  2.362848500000e-02
  2.307903500000e-02
  2.280991000000e-02
  2.280720000000e-02
  2.280101500000e-02
  2.279340000000e-02
  2.252458500000e-02
  2.199580500000e-02
  2.147704500000e-02
  2.097052000000e-02
  2.047594000000e-02
  1.999302500000e-02
  1.952150000000e-02
  1.906109500000e-02
  1.861155000000e-02
  1.817261000000e-02
  1.774402000000e-02
  1.732553500000e-02
  1.691692000000e-02
  1.651794500000e-02
  1.612838000000e-02
  1.574800000000e-02
  1.537659000000e-02
  1.501394000000e-02
  1.465984500000e-02
  1.431410000000e-02
  1.397651000000e-02
  1.364688500000e-02
  1.332503000000e-02
  1.301076500000e-02
  1.270391500000e-02
  1.240430000000e-02
  1.211175000000e-02
  1.182610000000e-02
  1.154719000000e-02
  1.128406500000e-02
  1.115550000000e-02
  1.114629000000e-02
  1.100894000000e-02
  1.074930000000e-02
  1.049578500000e-02
  1.024825000000e-02
  1.000655050000e-02
  9.770549500000e-03
  9.545154500000e-03
  9.431313000000e-03
  9.315118000000e-03
  9.095425500000e-03
  8.880914500000e-03
  8.671463000000e-03
  8.466951500000e-03
  8.267263000000e-03
  8.072284000000e-03
  7.881903500000e-03
  7.696013000000e-03
  7.514506500000e-03
  7.337281000000e-03
  7.164235500000e-03
  6.995270500000e-03
  6.830290500000e-03
  6.669202000000e-03
  6.511912500000e-03
  6.358332500000e-03
  6.208374500000e-03
  6.061953000000e-03
  5.918985000000e-03
  5.779389000000e-03
  5.643085500000e-03
  5.509996500000e-03
  5.380046000000e-03
  5.253160500000e-03
  5.129267500000e-03
  5.008296500000e-03
  4.890178500000e-03
  4.774846000000e-03
  4.662234000000e-03
  4.552278000000e-03
  4.444915000000e-03
  4.340084000000e-03
  4.237725500000e-03
  4.137781000000e-03
  4.040193500000e-03
  3.944907500000e-03
  3.851869000000e-03
  3.761025000000e-03
  3.672323000000e-03
  3.585713000000e-03
  3.501146000000e-03
  3.418573500000e-03
  3.337948500000e-03
  3.259224500000e-03
  3.182357000000e-03
  3.107303000000e-03
  3.034019000000e-03
  2.962463000000e-03
  2.892595000000e-03
  2.824375000000e-03
  2.757763500000e-03
  2.692723000000e-03
  2.629216500000e-03
  2.567208000000e-03
  2.506662000000e-03
  2.447543500000e-03
  2.389819500000e-03
  2.333457000000e-03
  2.278423500000e-03
  2.231853000000e-03
  2.205306000000e-03
  2.189562500000e-03
  2.163641500000e-03
  2.143828500000e-03
  2.118519000000e-03
  2.075703500000e-03
  2.050990500000e-03
  2.029985500000e-03
  2.005855500000e-03
  1.975976000000e-03
  1.952415500000e-03
  1.945884000000e-03
  1.922879000000e-03
  1.898997500000e-03
  1.876534500000e-03
  1.851966000000e-03
  1.830033500000e-03
  1.805041500000e-03
  1.783626000000e-03
  1.759639500000e-03
  1.738729000000e-03
  1.714745000000e-03
  1.694327500000e-03
  1.678781500000e-03
  1.658846000000e-03
  1.642083500000e-03
  1.622617500000e-03
  1.602049000000e-03
  1.583042500000e-03
  1.571409500000e-03
  1.552851500000e-03
  1.531794000000e-03
  1.513673500000e-03
  1.485478500000e-03
  1.467785000000e-03
  1.457507500000e-03
  1.440661000000e-03
  1.430902500000e-03
  1.428116000000e-03
  1.411247500000e-03
  1.383149500000e-03
  1.366679000000e-03
  1.357636000000e-03
  1.341554000000e-03
  1.323252000000e-03
  1.307549000000e-03
  1.293717500000e-03
  1.278385000000e-03
  1.258765500000e-03
  1.243794500000e-03
  1.230313500000e-03
  1.215695500000e-03
  1.206738000000e-03
  1.192465000000e-03
  1.176812500000e-03
  1.168808500000e-03
  1.159895500000e-03
  1.153456500000e-03
  1.151524000000e-03
  1.149600000000e-03
  1.145752500000e-03
  1.134575000000e-03
  1.116544500000e-03
  1.103258000000e-03
  1.091098500000e-03
  1.079387500000e-03
  1.075489500000e-03
  1.069082000000e-03
  1.061775500000e-03
  1.054253000000e-03
  1.040959000000e-03
  1.028590000000e-03
  1.019372000000e-03
  1.011504000000e-03
  1.004209000000e-03
  5.000000000000e-04
