1501
  5.220097584504e+03
  5.220037636471e+03
  5.219974965000e+03
  5.219915019783e+03
  5.219852351256e+03
  5.219792408856e+03
  5.219729743273e+03
  5.219667079194e+03
  5.219604416620e+03
  5.219544479914e+03
  5.219481820284e+03
  5.219421886393e+03
  5.219359229706e+03
  5.219296574523e+03
  5.219236644887e+03
  5.219173992647e+03
  5.219111341912e+03
  5.219051416529e+03
  5.218988768736e+03
  5.218926122447e+03
  5.218866201318e+03
  5.218803557972e+03
  5.218740916129e+03
  5.218680999252e+03
  5.218618360352e+03
  5.218555722955e+03
  5.218495810331e+03
  5.218433175876e+03
  5.218370542924e+03
  5.218310634552e+03
  5.218248004542e+03
  5.218188098983e+03
  5.218125471914e+03
  5.218062846349e+03
  5.218002945041e+03
  5.217940322417e+03
  5.217877701295e+03
  5.217820309922e+03
  5.217755186057e+03
  5.217692569380e+03
  5.217632676573e+03
  5.217570062835e+03
  5.217507450601e+03
  5.217447562043e+03
  5.217384952749e+03
  5.217322344957e+03
  5.217262460649e+03
  5.217199855797e+03
  5.217139974300e+03
  5.217077372388e+03
  5.217014771977e+03
  5.216952173069e+03
  5.216892297259e+03
  5.216829701290e+03
  5.216767106823e+03
  5.216707235260e+03
  5.216644643732e+03
  5.216582053706e+03
  5.216522186391e+03
  5.216459599303e+03
  5.216399734798e+03
  5.216337150649e+03
  5.216274568001e+03
  5.216214707743e+03
  5.216152128034e+03
  5.216089549825e+03
  5.216029693814e+03
  5.215967118543e+03
  5.215904544774e+03
  5.215844693008e+03
  5.215782122177e+03
  5.215719552846e+03
  5.215656985016e+03
  5.215597138932e+03
  5.215537077531e+03
  5.215472010648e+03
  5.215412168808e+03
  5.215349608353e+03
  5.215287049399e+03
  5.215227211804e+03
  5.215164655786e+03
  5.215102101269e+03
  5.215042267918e+03
  5.214979716336e+03
  5.214917166256e+03
  5.214857337148e+03
  5.214794790003e+03
  5.214732244358e+03
  5.214672419493e+03
  5.214609876784e+03
  5.214547335575e+03
  5.214487514953e+03
  5.214424976678e+03
  5.214362439904e+03
  5.214302623524e+03
  5.214240089685e+03
  5.214177557346e+03
  5.214117745207e+03
  5.214055215802e+03
  5.213992687897e+03
  5.213932879999e+03
  5.213870355028e+03
  5.213807831556e+03
  5.213748027900e+03
  5.213685507362e+03
  5.213622988324e+03
  5.213563188907e+03
  5.213500672802e+03
  5.213440876192e+03
  5.213378363020e+03
  5.213315851348e+03
  5.213253557674e+03
  5.213193550237e+03
  5.213131042996e+03
  5.213071254864e+03
  5.213008750556e+03
  5.212946247747e+03
  5.212883746437e+03
  5.212823963977e+03
  5.212761465599e+03
  5.212698968720e+03
  5.212639190498e+03
  5.212576696550e+03
  5.212514204101e+03
  5.212454430117e+03
  5.212391940600e+03
  5.212329452580e+03
  5.212269682833e+03
  5.212207197745e+03
  5.212144714156e+03
  5.212084948645e+03
  5.212022467986e+03
  5.211959988826e+03
  5.211900227552e+03
  5.211837751321e+03
  5.211775276589e+03
  5.211715519551e+03
  5.211653047749e+03
  5.211590577444e+03
  5.211528108637e+03
  5.211468357267e+03
  5.211405891390e+03
  5.211346142822e+03
  5.211283679875e+03
  5.211221218425e+03
  5.211158758473e+03
  5.211099015571e+03
  5.211036558548e+03
  5.210974103022e+03
  5.210914364354e+03
  5.210851911757e+03
  5.210789460657e+03
  5.210727011054e+03
  5.210667278052e+03
  5.210604831377e+03
  5.210545101176e+03
  5.210482657430e+03
  5.210420215180e+03
  5.210357774427e+03
  5.210298049890e+03
  5.210235612065e+03
  5.210173175736e+03
  5.210113455431e+03
  5.210051022030e+03
  5.209988590125e+03
  5.209928874051e+03
  5.209866445074e+03
  5.209804017592e+03
  5.209744305749e+03
  5.209681881195e+03
  5.209619458137e+03
  5.209559750525e+03
  5.209497330393e+03
  5.209434911757e+03
  5.209372494617e+03
  5.209312792666e+03
  5.209250378452e+03
  5.209187965734e+03
  5.209128051854e+03
  5.209065858220e+03
  5.209003449923e+03
  5.208943756430e+03
  5.208881351059e+03
  5.208818947183e+03
  5.208756544803e+03
  5.208696856968e+03
  5.208636954385e+03
  5.208572059553e+03
  5.208512375946e+03
  5.208449980911e+03
  5.208390300102e+03
  5.208327907992e+03
  5.208265517376e+03
  5.208203128255e+03
  5.208143453103e+03
  5.208081066907e+03
  5.208018682205e+03
  5.207959011279e+03
  5.207896629501e+03
  5.207834249218e+03
  5.207771870429e+03
  5.207712205159e+03
  5.207649829293e+03
  5.207587454922e+03
  5.207527793878e+03
  5.207465422430e+03
  5.207403052476e+03
  5.207343395657e+03
  5.207281028625e+03
  5.207218663088e+03
  5.207156299045e+03
  5.207096647879e+03
  5.207034286759e+03
  5.206971927132e+03
  5.206912280190e+03
  5.206849923485e+03
  5.206787568274e+03
  5.206725214556e+03
  5.206665573267e+03
  5.206603222471e+03
  5.206540873168e+03
  5.206481236102e+03
  5.206418889721e+03
  5.206356544833e+03
  5.206296911989e+03
  5.206234570022e+03
  5.206172229548e+03
  5.206112600927e+03
  5.206050263374e+03
  5.205987927314e+03
  5.205925592747e+03
  5.205865969775e+03
  5.205803638128e+03
  5.205741307974e+03
  5.205681689223e+03
  5.205619361989e+03
  5.205557036247e+03
  5.205494711998e+03
  5.205435098895e+03
  5.205372777566e+03
  5.205310457729e+03
  5.205250848846e+03
  5.205188531929e+03
  5.205126216503e+03
  5.205063902570e+03
  5.205004299334e+03
  5.204941988319e+03
  5.204879678796e+03
  5.204820079779e+03
  5.204757773176e+03
  5.204695468063e+03
  5.204633164443e+03
  5.204573571071e+03
  5.204511270369e+03
  5.204448971159e+03
  5.204389382005e+03
  5.204327085712e+03
  5.204264790911e+03
  5.204202497601e+03
  5.204142914091e+03
  5.204080623699e+03
  5.204020827246e+03
  5.203958755504e+03
  5.203896469521e+03
  5.203834185028e+03
  5.203774609951e+03
  5.203712328375e+03
  5.203650048290e+03
  5.203587769695e+03
  5.203528200261e+03
  5.203465924583e+03
  5.203403650396e+03
  5.203341377699e+03
  5.203281813906e+03
  5.203219544125e+03
  5.203157275835e+03
  5.203097716256e+03
  5.203035450882e+03
  5.202973186998e+03
  5.202910924604e+03
  5.202851370665e+03
  5.202789111187e+03
  5.202726853198e+03
  5.202664596700e+03
  5.202605048400e+03
  5.202542794816e+03
  5.202480542723e+03
  5.202420998636e+03
  5.202358749457e+03
  5.202296501768e+03
  5.202236961894e+03
  5.202174717119e+03
  5.202112473833e+03
  5.202052938172e+03
  5.201990697800e+03
  5.201928458918e+03
  5.201866221526e+03
  5.201806691500e+03
  5.201744457021e+03
  5.201682224031e+03
  5.201619992530e+03
  5.201560468140e+03
  5.201498239553e+03
  5.201436012454e+03
  5.201373786845e+03
  5.201314268089e+03
  5.201252045392e+03
  5.201189824184e+03
  5.201130309639e+03
  5.201068091343e+03
  5.201005874536e+03
  5.200943659218e+03
  5.200884150306e+03
  5.200821937899e+03
  5.200759726981e+03
  5.200697517551e+03
  5.200638014272e+03
  5.200575807753e+03
  5.200513602723e+03
  5.200451399181e+03
  5.200391901534e+03
  5.200329700903e+03
  5.200267501760e+03
  5.200208008320e+03
  5.200145812089e+03
  5.200083617345e+03
  5.200021424088e+03
  5.199961936279e+03
  5.199899745933e+03
  5.199837557075e+03
  5.199778073472e+03
  5.199715887524e+03
  5.199653703063e+03
  5.199591520090e+03
  5.199529338604e+03
  5.199469862053e+03
  5.199410171510e+03
  5.199345506388e+03
  5.199283330786e+03
  5.199223859862e+03
  5.199161687170e+03
  5.199099515964e+03
  5.199040049245e+03
  5.198977880949e+03
  5.198915714139e+03
  5.198853548815e+03
  5.198794087723e+03
  5.198731925309e+03
  5.198669764381e+03
  5.198607604939e+03
  5.198548149473e+03
  5.198485992939e+03
  5.198423837892e+03
  5.198364386629e+03
  5.198302234490e+03
  5.198240083837e+03
  5.198177934670e+03
  5.198118489032e+03
  5.198056342772e+03
  5.197994197999e+03
  5.197932054711e+03
  5.197872614696e+03
  5.197810474316e+03
  5.197748335421e+03
  5.197688899608e+03
  5.197626763620e+03
  5.197564629117e+03
  5.197502496101e+03
  5.197440364569e+03
  5.197378234523e+03
  5.197318807174e+03
  5.197256680034e+03
  5.197194554380e+03
  5.197135131230e+03
  5.197073008482e+03
  5.197010887218e+03
  5.196951468269e+03
  5.196889349911e+03
  5.196827233038e+03
  5.196765117650e+03
  5.196703003746e+03
  5.196643591837e+03
  5.196581480839e+03
  5.196519371325e+03
  5.196457263296e+03
  5.196397857006e+03
  5.196335751881e+03
  5.196273648241e+03
  5.196211546086e+03
  5.196152145413e+03
  5.196090046162e+03
  5.196027948395e+03
  5.195965852112e+03
  5.195906457057e+03
  5.195844363678e+03
  5.195782271783e+03
  5.195720181372e+03
  5.195660791933e+03
  5.195598704426e+03
  5.195536618402e+03
  5.195474533862e+03
  5.195415150038e+03
  5.195353068401e+03
  5.195290988248e+03
  5.195228909579e+03
  5.195169531370e+03
  5.195107455603e+03
  5.195045381319e+03
  5.194983308519e+03
  5.194923935924e+03
  5.194861866026e+03
  5.194799797611e+03
  5.194737730679e+03
  5.194678363697e+03
  5.194616299667e+03
  5.194554237120e+03
  5.194492176056e+03
  5.194432814687e+03
  5.194370756524e+03
  5.194308699844e+03
  5.194246644647e+03
  5.194187288889e+03
  5.194125236592e+03
  5.194063185779e+03
  5.194001136447e+03
  5.193941786300e+03
  5.193879739870e+03
  5.193817694921e+03
  5.193755651455e+03
  5.193696306918e+03
  5.193634266352e+03
  5.193572227269e+03
  5.193510189667e+03
  5.193448153547e+03
  5.193388816037e+03
  5.193326782817e+03
  5.193264751079e+03
  5.193202720823e+03
  5.193143388921e+03
  5.193081361564e+03
  5.193019335688e+03
  5.192957311294e+03
  5.192897985000e+03
  5.192835963505e+03
  5.192773943491e+03
  5.192711924959e+03
  5.192652604271e+03
  5.192590588637e+03
  5.192528574485e+03
  5.192466561813e+03
  5.192404550623e+03
  5.192345236958e+03
  5.192283228666e+03
  5.192221221854e+03
  5.192161912377e+03
  5.192099908463e+03
  5.192037906030e+03
  5.191975905078e+03
  5.191916601205e+03
  5.191854603150e+03
  5.191792606576e+03
  5.191730611482e+03
  5.191671313212e+03
  5.191609321015e+03
  5.191547330299e+03
  5.191485341062e+03
  5.191423353306e+03
  5.191364062055e+03
  5.191302077196e+03
  5.191240093816e+03
  5.191178111917e+03
  5.191116131497e+03
  5.191056847264e+03
  5.190994869740e+03
  5.190932893696e+03
  5.190870919132e+03
  5.190811640499e+03
  5.190749668830e+03
  5.190687698641e+03
  5.190625729932e+03
  5.190563762702e+03
  5.190504491084e+03
  5.190442526749e+03
  5.190380563893e+03
  5.190318602517e+03
  5.190256642620e+03
  5.190194898792e+03
  5.190135421013e+03
  5.190073465490e+03
  5.190011511446e+03
  5.189952252439e+03
  5.189890301289e+03
  5.189828351617e+03
  5.189769096793e+03
  5.189707150015e+03
  5.189645204716e+03
  5.189583260895e+03
  5.189521318554e+03
  5.189462070741e+03
  5.189400131292e+03
  5.189338193322e+03
  5.189276256830e+03
  5.189214321816e+03
  5.189155081013e+03
  5.189093148892e+03
  5.189031218250e+03
  5.188969289085e+03
  5.188907361399e+03
  5.188848127604e+03
  5.188786202810e+03
  5.188724279494e+03
  5.188665049879e+03
  5.188603129454e+03
  5.188541210507e+03
  5.188479293039e+03
  5.188417377047e+03
  5.188358154439e+03
  5.188296241339e+03
  5.188234329716e+03
  5.188172419572e+03
  5.188110510904e+03
  5.188051295301e+03
  5.187989389524e+03
  5.187927485225e+03
  5.187868273799e+03
  5.187803681058e+03
  5.187741781190e+03
  5.187682574004e+03
  5.187620677026e+03
  5.187558781525e+03
  5.187499578516e+03
  5.187437685905e+03
  5.187375794771e+03
  5.187313905114e+03
  5.187252016933e+03
  5.187192820925e+03
  5.187130935634e+03
  5.187069051819e+03
  5.187007169481e+03
  5.186945288620e+03
  5.186886099612e+03
  5.186824221639e+03
  5.186762345143e+03
  5.186700470123e+03
  5.186641286702e+03
  5.186579414570e+03
  5.186517543914e+03
  5.186455674735e+03
  5.186393807031e+03
  5.186334630609e+03
  5.186272765793e+03
  5.186210902453e+03
  5.186149040588e+03
  5.186087180200e+03
  5.186025321287e+03
  5.185966153273e+03
  5.185904297248e+03
  5.185842442698e+03
  5.185783278857e+03
  5.185721427194e+03
  5.185659577006e+03
  5.185597728293e+03
  5.185540830609e+03
  5.185474035294e+03
  5.185414879859e+03
  5.185353036983e+03
  5.185291195583e+03
  5.185232044319e+03
  5.185167517207e+03
  5.185105680231e+03
  5.185046533200e+03
  5.184984699110e+03
  5.184922866495e+03
  5.184863723634e+03
  5.184801893904e+03
  5.184740065649e+03
  5.184678238868e+03
  5.184616413562e+03
  5.184554589731e+03
  5.184495455271e+03
  5.184433634324e+03
  5.184371814852e+03
  5.184309996853e+03
  5.184250867973e+03
  5.184189052859e+03
  5.184127239219e+03
  5.184065427053e+03
  5.184003616361e+03
  5.183941807143e+03
  5.183882686661e+03
  5.183820880327e+03
  5.183759075466e+03
  5.183697272079e+03
  5.183638157175e+03
  5.183576356672e+03
  5.183514557641e+03
  5.183452760085e+03
  5.183390964002e+03
  5.183329169392e+03
  5.183270062883e+03
  5.152479759145e+03
  5.091356924835e+03
  5.030965042012e+03
  4.971283184678e+03
  4.912310194555e+03
  4.854036326424e+03
  4.796456978553e+03
  4.739556623957e+03
  4.683329816031e+03
  4.627772093331e+03
  4.572890808735e+03
  4.518645226702e+03
  4.465043952601e+03
  4.412077954100e+03
  4.359739632982e+03
  4.308019916343e+03
  4.256905689861e+03
  4.206401282319e+03
  4.156504014352e+03
  4.107196177350e+03
  4.058472853484e+03
  4.010327301088e+03
  3.962756521771e+03
  3.915750641771e+03
  3.869302431030e+03
  3.823401408776e+03
  3.778047482939e+03
  3.733222676179e+03
  3.688948715982e+03
  3.645188271098e+03
  3.601944155209e+03
  3.559219630632e+03
  3.517001135310e+03
  3.475274801860e+03
  3.434054493240e+03
  3.393315173268e+03
  3.353063484501e+03
  3.313284087959e+03
  3.273980878616e+03
  3.235143015131e+03
  3.196767728529e+03
  3.158846462737e+03
  3.121374536800e+03
  3.084346108814e+03
  3.047756956083e+03
  3.011604066594e+03
  2.975878878219e+03
  2.940577604281e+03
  2.905694477819e+03
  2.871226086321e+03
  2.837166313553e+03
  2.803509446834e+03
  2.770252070488e+03
  2.737389919783e+03
  2.704917297770e+03
  2.672830065486e+03
  2.641123941715e+03
  2.609792673538e+03
  2.578833995331e+03
  2.548242527997e+03
  2.518013838049e+03
  2.488144287211e+03
  2.458627662388e+03
  2.429462140295e+03
  2.400642695036e+03
  2.372165038785e+03
  2.344024831835e+03
  2.316218423379e+03
  2.288742103788e+03
  2.261591414849e+03
  2.234763129188e+03
  2.208253217026e+03
  2.182057251792e+03
  2.156173252794e+03
  2.131394421638e+03
  2.129197420181e+03
  2.105368408732e+03
  2.103748972357e+03
  2.083353875975e+03
  2.076375771223e+03
  2.055668196856e+03
  2.037050205084e+03
  2.030515423341e+03
  2.007186033561e+03
  1.983390083868e+03
  1.983552337629e+03
  1.960525771942e+03
  1.956514998630e+03
  1.939933737814e+03
  1.937872315978e+03
  1.928886581083e+03
  1.916797239733e+03
  1.910955319762e+03
  1.907516955707e+03
  1.892145450290e+03
  1.889345947404e+03
  1.869443369562e+03
  1.867832497907e+03
  1.845503223277e+03
  1.847299676277e+03
  1.833689153590e+03
  1.823252228319e+03
  1.823065045399e+03
  1.803442549996e+03
  1.801146579414e+03
  1.782838877081e+03
  1.781962542719e+03
  1.777794173891e+03
  1.760258761082e+03
  1.759947136614e+03
  1.741357234425e+03
  1.736172848616e+03
  1.719315842963e+03
  1.709060481600e+03
  1.698541181174e+03
  1.698382433588e+03
  1.697871112780e+03
  1.684880767015e+03
  1.677166321992e+03
  1.673682261504e+03
  1.660967667087e+03
  1.655151501815e+03
  1.640847594687e+03
  1.640972731778e+03
  1.636308559696e+03
  1.637213113765e+03
  1.620726680985e+03
  1.620938593702e+03
  1.613490369955e+03
  1.601358259390e+03
  1.597168380413e+03
  1.581408447956e+03
  1.582224348699e+03
  1.580467927197e+03
  1.561698548291e+03
  1.561879155325e+03
  1.562963219124e+03
  1.545807423692e+03
  1.543200672342e+03
  1.543382879339e+03
  1.535301138690e+03
  1.527587893259e+03
  1.526092472196e+03
  1.523660798379e+03
  1.523815067350e+03
  1.515283554651e+03
  1.514349153091e+03
  1.506815206557e+03
  1.505503554658e+03
  1.505582766179e+03
  1.491697879959e+03
  1.488660302003e+03
  1.485773474292e+03
  1.474275839116e+03
  1.472842891679e+03
  1.469752322399e+03
  1.465278746628e+03
  1.457145390719e+03
  1.454269586600e+03
  1.452191323240e+03
  1.441316622281e+03
  1.439001453129e+03
  1.434448244470e+03
  1.420930548206e+03
  1.415853736661e+03
  1.404283734017e+03
  1.401745074905e+03
  1.400768377486e+03
  1.387384913839e+03
  1.388182711918e+03
  1.383816406696e+03
  1.371012887006e+03
  1.369928084125e+03
  1.372174977599e+03
  1.365242031971e+03
  1.359154964162e+03
  1.354080389776e+03
  1.357086282046e+03
  1.351299192101e+03
  1.350899847702e+03
  1.343397566741e+03
  1.337385960720e+03
  1.336682909093e+03
  1.327698414584e+03
  1.322556679237e+03
  1.320519607823e+03
  1.304949594538e+03
  1.305503037908e+03
  1.307644324474e+03
  1.291434960880e+03
  1.289543133922e+03
  1.290912573181e+03
  1.277508748514e+03
  1.276553578740e+03
  1.274486152069e+03
  1.273773158592e+03
  1.273400283122e+03
  1.261883806224e+03
  1.261545999086e+03
  1.259141443151e+03
  1.260186565498e+03
  1.258571320120e+03
  1.246923740490e+03
  1.245992521585e+03
  1.245046362963e+03
  1.231210444942e+03
  1.229651820710e+03
  1.229148186275e+03
  1.215697108222e+03
  1.219033507543e+03
  1.214186580074e+03
  1.211628698744e+03
  1.202872343511e+03
  1.201357397729e+03
  1.202630292847e+03
  1.200650399319e+03
  1.190034108842e+03
  1.187607501631e+03
  1.183458307202e+03
  1.185058255877e+03
  1.184091352846e+03
  1.174430789989e+03
  1.176111664749e+03
  1.170493173805e+03
  1.167684335115e+03
  1.161140774573e+03
  1.158167272203e+03
  1.161102986604e+03
  1.156792729881e+03
  1.155302214609e+03
  1.155669473541e+03
  1.152142224803e+03
  1.149502033894e+03
  1.148172844980e+03
  1.143945645163e+03
  1.142242091854e+03
  1.136994734250e+03
  1.134205888013e+03
  1.132959761354e+03
  1.127582349997e+03
  1.119533272103e+03
  1.118039935360e+03
  1.118936581568e+03
  1.118675324578e+03
  1.119225077350e+03
  1.118036729515e+03
  1.107798621137e+03
  1.104446094171e+03
  1.104085723848e+03
  1.102624675290e+03
  1.103518980637e+03
  1.103693177086e+03
  1.095589854575e+03
  1.090698093405e+03
  1.087478023956e+03
  1.087159578997e+03
  1.082417306079e+03
  1.076783381123e+03
  1.078231452282e+03
  1.081136994307e+03
  1.080573613551e+03
  1.067898767049e+03
  1.066304892692e+03
  1.067970149379e+03
  1.066263468668e+03
  1.053089643221e+03
  1.053354964969e+03
  1.054428445322e+03
  1.053491079533e+03
  1.049999720555e+03
  1.042678341211e+03
  1.038377254821e+03
  1.038657374970e+03
  1.038524038248e+03
  1.036866942497e+03
  1.032526323204e+03
  1.027305437918e+03
  1.024633392159e+03
  1.024372899636e+03
  1.024272585299e+03
  1.016990812206e+03
  1.017296657875e+03
  1.016654680715e+03
  1.016597649843e+03
  1.013969708323e+03
  1.013780280885e+03
  1.008083853621e+03
  1.008203211583e+03
  1.006064763777e+03
  1.004423849957e+03
  9.917024962299e+02
  9.913009942843e+02
  9.915754730945e+02
  9.929826396565e+02
  9.828666682393e+02
  9.815835037026e+02
  9.814703862287e+02
  9.821432982006e+02
  9.784779674083e+02
  9.773728205253e+02
  9.703350619961e+02
  9.700241755711e+02
  9.691965939790e+02
  9.695683946986e+02
  9.609101201380e+02
  9.609070754067e+02
  9.536971652068e+02
  9.586472523560e+02
  9.481053434308e+02
  9.482437407733e+02
  9.476883508897e+02
  9.469730187197e+02
  9.457789499779e+02
  9.507410310381e+02
  9.432829851681e+02
  9.440053060659e+02
  9.352802636168e+02
  9.350419240611e+02
  9.346072001782e+02
  9.280405869971e+02
  9.277270116072e+02
  9.208239462810e+02
  9.246688870848e+02
  9.160210245146e+02
  9.156586159705e+02
  9.148798038304e+02
  9.152303773591e+02
  9.171085562600e+02
  9.109657532150e+02
  9.030124668795e+02
  8.980891854159e+02
  8.960080173226e+02
  8.959370229347e+02
  8.906709722041e+02
  8.811299161839e+02
  8.811007415344e+02
  8.779934093452e+02
  8.831865108744e+02
  8.792192632540e+02
  8.706826391494e+02
  8.690135385342e+02
  8.616172566391e+02
  8.611115913968e+02
  8.560383075956e+02
  8.530248815816e+02
  8.530224721380e+02
  8.537974715911e+02
  8.493914577990e+02
  8.490508233411e+02
  8.477387799365e+02
  8.440165134703e+02
  8.417664300181e+02
  8.389818193042e+02
  8.377691245305e+02
  8.343129151029e+02
  8.328086693057e+02
  8.294831490498e+02
  8.315226287750e+02
  8.293327699071e+02
  8.305501807942e+02
  8.281402828134e+02
  8.270830510297e+02
  8.205627081199e+02
  8.193411696320e+02
  8.196416268676e+02
  8.192609382874e+02
  8.193644278161e+02
  8.192450620006e+02
  8.191486663385e+02
  8.127854397102e+02
  8.082701444967e+02
  8.098859116175e+02
  8.094894228595e+02
  8.097521739637e+02
  8.097991675593e+02
  8.023505380411e+02
  7.987552571060e+02
  7.981573235274e+02
  7.976504408614e+02
  7.972071865005e+02
  7.970904892020e+02
  7.969155927202e+02
  7.964769483125e+02
  7.945746443285e+02
  7.914059510801e+02
  7.881295085934e+02
  7.858076845705e+02
  7.841476670185e+02
  7.809975658203e+02
  7.797865280671e+02
  7.788433966369e+02
  7.778995622759e+02
  7.771655950073e+02
  7.739189963611e+02
  7.737665701518e+02
  7.746124880580e+02
  7.742816960702e+02
  7.739207101063e+02
  7.736678178629e+02
  7.733672594883e+02
  7.730868791641e+02
  7.698752580087e+02
  7.625114471458e+02
  7.636228726008e+02
  7.644084932764e+02
  7.644100157611e+02
  7.644169357176e+02
  7.515190113037e+02
  7.550990539930e+02
  7.515154124358e+02
  7.522769308800e+02
  7.514616930426e+02
  7.454186835445e+02
  7.469103172421e+02
  7.454822706958e+02
  7.454449222645e+02
  7.378411745154e+02
  7.374192042797e+02
  7.335353902989e+02
  7.307720501269e+02
  7.296016288686e+02
  7.282466336081e+02
  7.282238778723e+02
  7.278401581985e+02
  7.276256609301e+02
  7.272637047281e+02
  7.267953591320e+02
  7.262817839381e+02
  7.247694214888e+02
  7.221691483216e+02
  7.183511296623e+02
  7.179982641870e+02
  7.179312844889e+02
  7.175218284318e+02
  7.178138473719e+02
  7.158559655867e+02
  7.112849097815e+02
  7.113291112852e+02
  7.112866250374e+02
  7.112954547102e+02
  7.086785105034e+02
  7.045466008772e+02
  7.037731523877e+02
  7.034891984988e+02
  6.997996490659e+02
  6.975543459179e+02
  6.975535802527e+02
  6.975529127274e+02
  6.975552542364e+02
  6.938236667598e+02
  6.871596082347e+02
  6.886219503383e+02
  6.863357384362e+02
  6.860004459003e+02
  6.848517538971e+02
  6.841496018568e+02
  6.826939085046e+02
  6.809326327394e+02
  6.809301951044e+02
  6.809323842221e+02
  6.809320801621e+02
  6.775356247504e+02
  6.713828550929e+02
  6.694226886184e+02
  6.696502251638e+02
  6.698597153605e+02
  6.695818134868e+02
  6.625013258174e+02
  6.585989882744e+02
  6.583512514599e+02
  6.583383578847e+02
  6.549358161581e+02
  6.516377285212e+02
  6.501223530268e+02
  6.499309201430e+02
  6.489018779176e+02
  6.485755184074e+02
  6.478621291475e+02
  6.462110594758e+02
  6.435685047266e+02
  6.384063081145e+02
  6.358725459163e+02
  6.358717947781e+02
  6.358716452760e+02
  6.317869482072e+02
  6.308481837321e+02
  6.300592541186e+02
  6.233475783379e+02
  6.219605333418e+02
  6.219597938574e+02
  6.219585997225e+02
  6.160572255868e+02
  6.129271402579e+02
  6.129035298011e+02
  6.100669723454e+02
  6.086096074514e+02
  6.086100997135e+02
  6.064470554051e+02
  6.020868497327e+02
  6.021445229865e+02
  5.991139546493e+02
  5.982507149096e+02
  5.940012790480e+02
  5.962646750681e+02
  5.935058529402e+02
  5.964318885614e+02
  5.896472983413e+02
  5.891088928607e+02
  5.888367267686e+02
  5.886351579000e+02
  5.882218441034e+02
  5.871596152227e+02
  5.820647232690e+02
  5.790584363226e+02
  5.776762569603e+02
  5.773547912113e+02
  5.773379386893e+02
  5.773325247946e+02
  5.758513295920e+02
  5.740320039054e+02
  5.721504618399e+02
  5.706479250671e+02
  5.697034902288e+02
  5.697103199112e+02
  5.697755316171e+02
  5.695289293399e+02
  5.693466955492e+02
  5.681708232822e+02
  5.678452425073e+02
  5.667139847737e+02
  5.648892324508e+02
  5.664688944403e+02
  5.598772366920e+02
  5.605166575385e+02
  5.571846268850e+02
  5.571856083490e+02
  5.531720232519e+02
  5.466393787773e+02
  5.435358167870e+02
  5.401256873833e+02
  5.337187433968e+02
  5.273874904871e+02
  5.208976316347e+02
  5.212929049629e+02
  5.177609993055e+02
  5.172888115389e+02
  5.167907912015e+02
  5.162364094312e+02
  5.156114037399e+02
  5.136178438055e+02
  5.135576544128e+02
  5.112469154769e+02
  5.094219955711e+02
  5.073388809641e+02
  5.048126312197e+02
  5.030694784226e+02
  5.014818789523e+02
  5.004123344617e+02
  4.999917448388e+02
  4.994695487397e+02
  4.990363065520e+02
  4.988837079624e+02
  4.987558482522e+02
  4.985671273667e+02
  4.983539264184e+02
  4.981047010552e+02
  4.951295043996e+02
  4.962116719902e+02
  4.911465648783e+02
  4.900782998234e+02
  4.901230162618e+02
  4.902122565701e+02
  4.889657747953e+02
  4.891121537172e+02
  4.850933904029e+02
  4.854731455552e+02
  4.854566077523e+02
  4.854502552127e+02
  4.854701115623e+02
  4.854427519512e+02
  4.854432286645e+02
  4.793669023058e+02
  4.736794148209e+02
  4.680616012507e+02
  4.650913848565e+02
  4.650907467062e+02
  4.650900442576e+02
  4.624558597326e+02
  4.570219443189e+02
  4.516146304892e+02
  4.508864363798e+02
  4.508862910193e+02
  4.464987826745e+02
  4.441189727494e+02
  4.439406147137e+02
  4.439395215112e+02
  4.439383866729e+02
  4.439481985739e+02
  4.409505441578e+02
  4.357195942967e+02
  4.303120012614e+02
  4.305728696180e+02
  4.299863614743e+02
  4.254433797153e+02
  4.219928159796e+02
  4.203649690379e+02
  4.163674266413e+02
  4.163656030822e+02
  4.163637518952e+02
  4.163655761437e+02
  4.153686706923e+02
  4.104816382154e+02
  4.065064497860e+02
  4.040862500206e+02
  4.017524761632e+02
  4.012901958600e+02
  3.997519870890e+02
  3.994268955176e+02
  3.990953273293e+02
  3.986774968682e+02
  3.966762790483e+02
  3.960165814510e+02
  3.959475925721e+02
  3.958247820444e+02
  3.938657848762e+02
  3.938730177230e+02
  3.938728915385e+02
  3.938704539691e+02
  3.938731234187e+02
  3.938692420510e+02
  3.938742457023e+02
  3.926059518961e+02
  3.902706895637e+02
  3.867693430116e+02
  3.846047277524e+02
  3.846082150626e+02
  3.831206216522e+02
  3.808406676899e+02
  3.786455296444e+02
  3.777311335058e+02
  3.772915633623e+02
  3.759764601297e+02
  3.756909806788e+02
  3.754382272875e+02
  3.742600856250e+02
  3.722583122988e+02
  3.686802974069e+02
  3.643063095690e+02
  3.599839937610e+02
  3.557134787288e+02
  3.514948280345e+02
  3.490083257323e+02
  3.473037581877e+02
  3.432046054311e+02
  3.391795315794e+02
  3.371952236591e+02
  3.371848657531e+02
  3.371495951279e+02
  3.371442820112e+02
  3.371049580700e+02
  3.370827997748e+02
  3.350887384773e+02
  3.311345726389e+02
  3.272594427115e+02
  3.259098856484e+02
  3.233256656218e+02
  3.205649057775e+02
  3.194487051441e+02
  3.163606685088e+02
  3.163286261385e+02
  3.163168512320e+02
  3.163175458227e+02
  3.163172864457e+02
  3.163184115044e+02
  3.155621533172e+02
  3.119553666575e+02
  3.082542424734e+02
  3.045973062945e+02
  3.009847231983e+02
  2.974246605175e+02
  2.972810551514e+02
  2.972816546284e+02
  2.972792902900e+02
  2.972803880085e+02
  2.938860536480e+02
  2.903990866931e+02
  2.869540286391e+02
  2.835501580068e+02
  2.801864522050e+02
  2.768628307300e+02
  2.735791972505e+02
  2.703339223993e+02
  2.671269901716e+02
  2.639581101895e+02
  2.608261135966e+02
  2.577328902016e+02
  2.546755143456e+02
  2.516542471711e+02
  2.486685626699e+02
  2.457190400408e+02
  2.428044391055e+02
  2.399241443624e+02
  2.370780726189e+02
  2.342656513243e+02
  2.314867642366e+02
  2.297587497393e+02
  2.289885114646e+02
  2.279704889644e+02
  2.270806528222e+02
  2.263255717597e+02
  2.252722214821e+02
  2.243183959747e+02
  2.235962489711e+02
  2.226238301303e+02
  2.214985610705e+02
  2.201817648108e+02
  2.180785223329e+02
  2.154915466001e+02
  2.129351238116e+02
  2.104448036618e+02
  2.092180537622e+02
  2.092056634782e+02
  2.091773063002e+02
  2.091423552654e+02
  2.079014046602e+02
  2.054459617648e+02
  2.030089747726e+02
  2.006007225019e+02
  1.982210431089e+02
  1.958700755345e+02
  1.935462660864e+02
  1.912501213719e+02
  1.889812432694e+02
  1.867394427480e+02
  1.845250593607e+02
  1.823356054856e+02
  1.801723644033e+02
  1.780350194050e+02
  1.759230444595e+02
  1.738363126695e+02
  1.717740415686e+02
  1.697365330150e+02
  1.677229811663e+02
  1.657332418069e+02
  1.637673509102e+02
  1.618244992639e+02
  1.599049136908e+02
  1.580082103373e+02
  1.561337999285e+02
  1.542820866390e+02
  1.524512648018e+02
  1.506427722533e+02
  1.488559146018e+02
  1.471384114721e+02
  1.464727345828e+02
  1.464730895084e+02
  1.453451811765e+02
  1.436209118528e+02
  1.419173365959e+02
  1.402337885063e+02
  1.385703680474e+02
  1.369263871676e+02
  1.353258335803e+02
  1.348782895212e+02
  1.336971980029e+02
  1.321114364318e+02
  1.305439312314e+02
  1.289954570746e+02
  1.274650301602e+02
  1.259529738072e+02
  1.244589228107e+02
  1.229824715759e+02
  1.215236255356e+02
  1.200820795817e+02
  1.186575474806e+02
  1.172499293488e+02
  1.158591414480e+02
  1.144846334582e+02
  1.131266304656e+02
  1.117848252759e+02
  1.104585219033e+02
  1.091482864589e+02
  1.078533993274e+02
  1.065740750632e+02
  1.053098060814e+02
  1.040606519123e+02
  1.028261280738e+02
  1.016062813911e+02
  1.004010232910e+02
  9.921009135489e+01
  9.803334166973e+01
  9.687013417738e+01
  9.572117389181e+01
  9.458564544213e+01
  9.346379818222e+01
  9.235479624124e+01
  9.125921779618e+01
  9.017670861345e+01
  8.910688810332e+01
  8.804989326041e+01
  8.700534770430e+01
  8.597337952484e+01
  8.495342484195e+01
  8.394573979483e+01
  8.294979270511e+01
  8.196583433857e+01
  8.099346824062e+01
  8.003268393634e+01
  7.908335289713e+01
  7.814527995230e+01
  7.721824173830e+01
  7.630232596676e+01
  7.539703628850e+01
  7.450265633361e+01
  7.361889119643e+01
  7.274548075286e+01
  7.188251578235e+01
  7.102979310164e+01
  7.018721347826e+01
  6.935462542916e+01
  6.853192759153e+01
  6.771910465243e+01
  6.691592686998e+01
  6.612190424968e+01
  6.537144206392e+01
  6.524882696037e+01
  6.458368962664e+01
  6.455326800749e+01
  6.409196931056e+01
  6.376512156120e+01
  6.305577440707e+01
  6.297591764442e+01
  6.231886922508e+01
  6.223868513583e+01
  6.155508217772e+01
  6.153276075840e+01
  6.082073379983e+01
  6.082444331196e+01
  6.013816257898e+01
  6.008946216159e+01
  5.937738772025e+01
  5.939592852631e+01
  5.875055928079e+01
  5.861475483666e+01
  5.800716353143e+01
  5.795384268820e+01
  5.731583027886e+01
  5.723210897473e+01
  5.666768269563e+01
  5.655300882999e+01
  5.603708681864e+01
  5.588025970770e+01
  5.531271147155e+01
  5.525703971468e+01
  5.466585081895e+01
  5.462438308193e+01
  5.401621494831e+01
  5.396885321020e+01
  5.337262397476e+01
  5.317101142708e+01
  5.271871827396e+01
  5.271433284103e+01
  5.240131653068e+01
  5.226679319302e+01
  5.205323019771e+01
  5.146197946426e+01
  5.148153159648e+01
  5.084246710186e+01
  5.086261811227e+01
  5.026792082946e+01
  5.023299861214e+01
  4.965892124631e+01
  4.965303544618e+01
  4.910156940793e+01
  4.897576421109e+01
  4.851077650445e+01
  4.843831587558e+01
  4.785955233367e+01
  4.792638459760e+01
  4.736671624172e+01
  4.740880635237e+01
  4.728992615388e+01
  4.701147668237e+01
  4.697199494904e+01
  4.693268878855e+01
  4.674022749537e+01
  4.672505032041e+01
  4.624729971066e+01
  4.614994465662e+01
  4.570481991972e+01
  4.567981220642e+01
  4.546506320877e+01
  4.518433133969e+01
  4.512920358924e+01
  4.508610712999e+01
  4.460892539602e+01
  4.458037834822e+01
  4.409225546706e+01
  4.413290496860e+01
  4.399731584975e+01
  2.190525800670e+01
