111
 -1.557705929314e-02
 -5.575857992584e-03
  3.808431304784e-03
  1.018645650317e-02
  1.143909571972e-02
  1.079409796596e-02
  1.006131876016e-02
  9.419915913257e-03
  8.972565328102e-03
  8.321702012463e-03
  7.656808122771e-03
  6.963522380993e-03
  6.219286498758e-03
  5.572002282963e-03
  4.957758604073e-03
  4.240548594740e-03
  3.583615414889e-03
  2.962871134926e-03
  2.511638593489e-03
  2.251201203686e-03
  1.997179683598e-03
  1.756694663075e-03
  1.613087908049e-03
  1.549030587462e-03
  1.426275610339e-03
  1.241163214563e-03
  1.106678226858e-03
  1.081201105739e-03
  1.061931778423e-03
  9.448372309433e-04
  6.631590956319e-04
  6.248037728640e-04
  5.498414775861e-04
 -1.233360808172e-04
  2.986683643809e-04
  2.450981366873e-04
 -3.903545087197e-04
 -5.621583157165e-04
 -1.517500450458e-03
 -2.456482504681e-04
 -9.266243245352e-04
 -5.401633298422e-04
 -9.361997141125e-04
 -5.765198342672e-04
 -2.848945455780e-04
 -1.121045121795e-04
 -1.452430282985e-03
 -4.239907841596e-04
 -8.836964686545e-04
 -1.399459470173e-03
 -7.239646604393e-05
  5.458753605102e-04
  4.555762363763e-04
  3.715929011978e-04
  3.450577579768e-04
  3.722496972744e-04
  3.593514811149e-04
  4.106194068230e-04
  3.917693702622e-04
  4.211044854755e-04
  2.569121948225e-04
  4.869358588414e-04
  2.007282179270e-04
  5.056778228416e-04
  1.723754410752e-03
  3.246726466100e-04
  7.248140171270e-04
  1.030606469457e-03
  3.751012595908e-04
  4.442606232077e-04
  5.023781290436e-04
  4.705422884551e-04
  3.235254915700e-04
 -8.852596903391e-05
  8.164920527198e-04
  1.116915691906e-03
  9.406305003901e-05
  2.837113929982e-03
  3.625656900841e-04
  8.942197428623e-04
  3.317117522214e-03
  6.964576313351e-04
  3.022307609060e-04
  1.335388844697e-03
  2.040453290200e-04
  2.051199571600e-04
  5.776814010999e-05
  5.592222452003e-05
  5.410534718070e-04
  4.773530128005e-05
  4.730025998895e-05
  4.962152714705e-05
  2.827597576496e-04
  1.771999898044e-03
  6.461715400002e-05
  2.694413253000e-04
  8.298665099998e-05
  2.579452843000e-03
  1.208464979000e-04
  1.450570279999e-04
  7.627637398400e-04
  5.103540645710e-03
  3.009093519470e-03
  8.299468701430e-03
  2.153027933511e-02
  5.523431497430e-02
  1.411996409416e-01
  3.593502242361e-01
  9.079556190810e-01
  2.291480748751e+00
  5.835933914460e+00
