111
  2.217271951960e-01
  2.280213111930e-01
  2.338680221170e-01
  2.424238946590e-01
  2.505449103620e-01
  2.575456212250e-01
  2.639070375450e-01
  2.705970044160e-01
  2.760223317920e-01
  2.808955547670e-01
  2.888853685830e-01
  2.959921593510e-01
  3.009097926230e-01
  3.038659872480e-01
  3.087157988990e-01
  3.079269110890e-01
  3.113473242950e-01
  3.123127907200e-01
  3.127765786070e-01
  3.123180894890e-01
  3.139801126560e-01
  3.128930580900e-01
  3.103021712900e-01
  3.131084009650e-01
  3.081692217640e-01
  2.944399491850e-01
  2.877193675710e-01
  2.833438780490e-01
  2.986397482720e-01
  2.805027579390e-01
  2.819799919520e-01
  2.818946217400e-01
  3.165949283470e-01
  2.705318701410e-01
  2.536512930820e-01
  2.659618978920e-01
  2.783741580840e-01
  2.501386606330e-01
  2.363450746890e-01
  2.304379175810e-01
  2.455100764510e-01
  2.625651547760e-01
  2.313334426280e-01
  2.245335334030e-01
  2.214139515410e-01
  2.406939128320e-01
  2.059740099090e-01
  1.893916446770e-01
  2.009729430610e-01
  2.191155425890e-01
  1.877247730890e-01
  2.656216935800e-01
  1.713607566360e-01
  2.417314249560e-01
  3.200502111140e-01
  2.342822880040e-01
  2.244622515110e-01
  1.821813170650e-01
  3.456107646850e-01
  2.343881456630e-01
  3.172541043100e-01
  1.963221771050e-01
  2.175764577670e-01
  2.853032056550e-01
  3.669843233510e-01
  5.141439104280e-01
  2.524372208690e-01
  3.349076729960e-01
  2.199201175180e-01
  3.238792645560e-01
  4.036683277460e-01
  3.838644314900e-01
  3.978415742990e-01
  4.718867455140e-01
  4.998170283100e-01
  5.592573726100e-01
  6.382792561300e-01
  7.730671360710e-01
  1.183859750600e+00
  2.718714502430e+00
  4.953277536650e+00
  3.189384344750e-01
  4.225656749170e-02
  6.025838641420e-02
  1.159782145280e-01
  1.593744035850e-01
  1.854957641270e-01
  2.085420286100e-01
  2.332179241960e-01
  2.570828783990e-01
  2.855957529360e-01
  3.033507102700e-01
  3.129416262890e-01
  3.376284695220e-01
  3.463282753020e-01
  3.790911310690e-01
  4.207482066690e-01
  4.786018590290e-01
  4.811746470820e-01
  5.367422023070e-01
  6.971441058540e-01
  7.669320072520e-01
  9.203957308930e-01
  9.592587154570e-01
  9.780035154270e-01
  1.013048087430e+00
  1.102431254140e+00
  1.341833665920e+00
  2.023063312180e+00
  4.067847904360e+00
  9.815986255310e+00
