1601
  5.215768086603e+03
  5.207050554733e+03
  5.198344824840e+03
  5.189652855365e+03
  5.180976697003e+03
  5.172310403586e+03
  5.163667495493e+03
  5.155029788340e+03
  5.146415366754e+03
  5.137809453523e+03
  5.129220450817e+03
  5.120644955473e+03
  5.112090191420e+03
  5.103538027738e+03
  5.095003991936e+03
  5.086493274893e+03
  5.077985157049e+03
  5.069500164321e+03
  5.061018165513e+03
  5.052561597051e+03
  5.044111046001e+03
  5.035677777050e+03
  5.027260319080e+03
  5.018856242706e+03
  5.010471486272e+03
  5.002088371895e+03
  4.993732865254e+03
  4.985377886658e+03
  4.977046061799e+03
  4.968721895667e+03
  4.960415881267e+03
  4.952130233102e+03
  4.943845332788e+03
  4.935585283299e+03
  4.927329567944e+03
  4.919093355815e+03
  4.910865338670e+03
  4.902655327152e+03
  4.894465674198e+03
  4.886276793899e+03
  4.878112750559e+03
  4.869955429900e+03
  4.861810472155e+03
  4.853683290370e+03
  4.845569558676e+03
  4.837472727224e+03
  4.829382786696e+03
  4.821308422028e+03
  4.813250502059e+03
  4.805201919390e+03
  4.797173121823e+03
  4.789148173371e+03
  4.781143171332e+03
  4.773148937044e+03
  4.765167767262e+03
  4.757208452675e+03
  4.749249143710e+03
  4.741309416904e+03
  4.733382880828e+03
  4.725469144577e+03
  4.717573184083e+03
  4.709681126330e+03
  4.701808926948e+03
  4.693954187007e+03
  4.686101748359e+03
  4.678270393269e+03
  4.670446303178e+03
  4.662637469793e+03
  4.654847444679e+03
  4.647060408997e+03
  4.639293017787e+03
  4.631535849709e+03
  4.623794230060e+03
  4.616065832351e+03
  4.608345898756e+03
  4.600641329401e+03
  4.592956150588e+03
  4.585277179695e+03
  4.577612182837e+03
  4.569959417804e+03
  4.562318202160e+03
  4.554692201605e+03
  4.547076695803e+03
  4.539476474674e+03
  4.531887601510e+03
  4.524307357743e+03
  4.516746027695e+03
  4.509194472990e+03
  4.501653295885e+03
  4.494131080352e+03
  4.486618659847e+03
  4.479116544972e+03
  4.471629574183e+03
  4.464153704936e+03
  4.456689330178e+03
  4.449237441202e+03
  4.441800607791e+03
  4.434375257601e+03
  4.426962391662e+03
  4.419559067577e+03
  4.412172366660e+03
  4.404795103554e+03
  4.397432492432e+03
  4.390079342161e+03
  4.382740984698e+03
  4.375414023552e+03
  4.368099311437e+03
  4.360796158444e+03
  4.353508210804e+03
  4.346228868690e+03
  4.338959367535e+03
  4.331706638238e+03
  4.324466000432e+03
  4.317235359791e+03
  4.310019718340e+03
  4.302812755120e+03
  4.295620774602e+03
  4.288438669538e+03
  4.281270500076e+03
  4.274112076041e+03
  4.266967061148e+03
  4.259832546783e+03
  4.252705996826e+03
  4.245597633674e+03
  4.238503696445e+03
  4.231412568226e+03
  4.224339565482e+03
  4.217280860323e+03
  4.210226724919e+03
  4.203188875336e+03
  4.196165402796e+03
  4.189146675011e+03
  4.182142438117e+03
  4.175155845101e+03
  4.168170681588e+03
  4.161203454658e+03
  4.154250650036e+03
  4.147300501367e+03
  4.140370040594e+03
  4.133445818172e+03
  4.126536103064e+03
  4.119639168692e+03
  4.112750224865e+03
  4.105874068736e+03
  4.099012367693e+03
  4.092157012791e+03
  4.085316107462e+03
  4.078489621700e+03
  4.071667869166e+03
  4.064860540732e+03
  4.058069156599e+03
  4.051281116371e+03
  4.044507376979e+03
  4.037749729774e+03
  4.030995127736e+03
  4.024256609137e+03
  4.017530803468e+03
  4.010813058216e+03
  4.004106611741e+03
  3.997414378904e+03
  3.990733330552e+03
  3.984058983196e+03
  3.977398921377e+03
  3.970751260495e+03
  3.964112008468e+03
  3.957484049897e+03
  3.950867017767e+03
  3.944264297828e+03
  3.937671115200e+03
  3.931084936200e+03
  3.924512781549e+03
  3.917956425272e+03
  3.911402228780e+03
  3.904867775360e+03
  3.898334820052e+03
  3.891818347044e+03
  3.885316043763e+03
  3.878817761207e+03
  3.872330802378e+03
  3.865857770420e+03
  3.859395940602e+03
  3.852946627528e+03
  3.846501424219e+03
  3.840075842272e+03
  3.833650248421e+03
  3.827241385645e+03
  3.820847819389e+03
  3.814457089076e+03
  3.808078915581e+03
  3.801712088296e+03
  3.795357367054e+03
  3.789011185540e+03
  3.782677636490e+03
  3.776352664141e+03
  3.770041233252e+03
  3.763736698014e+03
  3.757447565997e+03
  3.751163107282e+03
  3.744892049342e+03
  3.738633537428e+03
  3.732380829746e+03
  3.726145981576e+03
  3.719912879640e+03
  3.713693539324e+03
  3.707489382032e+03
  3.701287140718e+03
  3.695098230491e+03
  3.688922056397e+03
  3.682758435835e+03
  3.676600192542e+03
  3.670452047534e+03
  3.664318981094e+03
  3.658191577397e+03
  3.652076629141e+03
  3.645970281577e+03
  3.639872473428e+03
  3.633790680805e+03
  3.627712608288e+03
  3.621649128207e+03
  3.615593269696e+03
  3.609551656449e+03
  3.603514002715e+03
  3.597491336689e+03
  3.591474203144e+03
  3.585474442967e+03
  3.579477506495e+03
  3.573492263211e+03
  3.567519514847e+03
  3.561553264845e+03
  3.555602183653e+03
  3.549657686087e+03
  3.543723132597e+03
  3.537801472959e+03
  3.531886505483e+03
  3.525980974362e+03
  3.520086630257e+03
  3.514201062202e+03
  3.508323705243e+03
  3.502463521296e+03
  3.496607130743e+03
  3.490756025854e+03
  3.484922829869e+03
  3.479099271512e+03
  3.473278677820e+03
  3.467472718155e+03
  3.461676129735e+03
  3.455891932877e+03
  3.450112610500e+03
  3.444344627806e+03
  3.438586094282e+03
  3.432837356246e+03
  3.427099792444e+03
  3.421369601657e+03
  3.415651540889e+03
  3.409939770666e+03
  3.404241141455e+03
  3.398545964846e+03
  3.392866836762e+03
  3.387190863126e+03
  3.381531294247e+03
  3.375879476592e+03
  3.370231753987e+03
  3.364601566080e+03
  3.358975556354e+03
  3.353359465358e+03
  3.347752298202e+03
  3.342155640438e+03
  3.336570724059e+03
  3.330992561153e+03
  3.325423324520e+03
  3.319864449173e+03
  3.314310296999e+03
  3.308769352070e+03
  3.303236618844e+03
  3.297715804171e+03
  3.292206828998e+03
  3.286703518746e+03
  3.281207999120e+03
  3.275722938668e+03
  3.270242720685e+03
  3.264775416964e+03
  3.259317492398e+03
  3.253872340559e+03
  3.248431251338e+03
  3.242997476624e+03
  3.237576609157e+03
  3.232167565910e+03
  3.226761867771e+03
  3.221365124341e+03
  3.215979102570e+03
  3.210603725135e+03
  3.205239942823e+03
  3.199879951799e+03
  3.194528862329e+03
  3.189191209634e+03
  3.183859436923e+03
  3.178531553970e+03
  3.173222838937e+03
  3.167913463513e+03
  3.162620357471e+03
  3.157334824540e+03
  3.152054361413e+03
  3.146784599762e+03
  3.141525232263e+03
  3.136269990193e+03
  3.131029016139e+03
  3.125795124135e+03
  3.120569533402e+03
  3.115352030344e+03
  3.110142359837e+03
  3.104942981908e+03
  3.099755117426e+03
  3.094572614765e+03
  3.089395791824e+03
  3.084233912867e+03
  3.079078376401e+03
  3.073929376734e+03
  3.068788426985e+03
  3.063659676957e+03
  3.058537198520e+03
  3.053422994046e+03
  3.048321272211e+03
  3.043225456565e+03
  3.038134050981e+03
  3.033059384176e+03
  3.027984328364e+03
  3.022925260591e+03
  3.017871980867e+03
  3.012826538866e+03
  3.007788261414e+03
  3.002761181186e+03
  2.997737607428e+03
  2.992729552144e+03
  2.987726962784e+03
  2.982731861183e+03
  2.977744722589e+03
  2.972767163293e+03
  2.967796579934e+03
  2.962835465481e+03
  2.957881485950e+03
  2.952935951431e+03
  2.948000839072e+03
  2.943071952747e+03
  2.938151902453e+03
  2.933240124453e+03
  2.928336375448e+03
  2.923440594106e+03
  2.918553190634e+03
  2.913672961455e+03
  2.908802252629e+03
  2.903940072231e+03
  2.899084968142e+03
  2.894237694839e+03
  2.889399924851e+03
  2.884569293808e+03
  2.879747033377e+03
  2.874931970701e+03
  2.870127264950e+03
  2.865327678879e+03
  2.860537153906e+03
  2.855754960232e+03
  2.850979805749e+03
  2.846215539664e+03
  2.841456201216e+03
  2.836707218342e+03
  2.831961814518e+03
  2.827230709019e+03
  2.822503994682e+03
  2.817783927113e+03
  2.813072552777e+03
  2.808369410570e+03
  2.803676603812e+03
  2.798988436389e+03
  2.794309039018e+03
  2.789636055711e+03
  2.784974389623e+03
  2.780316998514e+03
  2.775668950239e+03
  2.771028783230e+03
  2.766396883527e+03
  2.761772429502e+03
  2.757154130554e+03
  2.752545835499e+03
  2.747944973873e+03
  2.743350788745e+03
  2.738763201770e+03
  2.734185786784e+03
  2.729613569041e+03
  2.725050151212e+03
  2.720493994393e+03
  2.715945419931e+03
  2.711405452866e+03
  2.706873482628e+03
  2.702347574901e+03
  2.697829838699e+03
  2.693319589368e+03
  2.688817503772e+03
  2.684322817335e+03
  2.679834808707e+03
  2.675351213419e+03
  2.670878274085e+03
  2.666414873960e+03
  2.661958862189e+03
  2.657508372757e+03
  2.653066487299e+03
  2.648629891546e+03
  2.644202724440e+03
  2.639781518027e+03
  2.635368861723e+03
  2.630963179375e+03
  2.626564338147e+03
  2.622172169048e+03
  2.617789178921e+03
  2.613413539425e+03
  2.609044157639e+03
  2.604680910040e+03
  2.600327002558e+03
  2.595980460691e+03
  2.591640404711e+03
  2.587307928757e+03
  2.582982649056e+03
  2.578665139591e+03
  2.574352993879e+03
  2.570050352040e+03
  2.565752386406e+03
  2.561461784913e+03
  2.557181704640e+03
  2.552906432916e+03
  2.548638004663e+03
  2.544377764784e+03
  2.540123720027e+03
  2.535876422885e+03
  2.531638482020e+03
  2.527406340868e+03
  2.523180872198e+03
  2.518961556754e+03
  2.514751310657e+03
  2.510544249155e+03
  2.506349763860e+03
  2.502159806595e+03
  2.497975978456e+03
  2.493800815928e+03
  2.489631710414e+03
  2.485469870481e+03
  2.481313086085e+03
  2.477166030409e+03
  2.473024072687e+03
  2.468889380578e+03
  2.464760806631e+03
  2.460641283652e+03
  2.456527447887e+03
  2.452421615231e+03
  2.448320244205e+03
  2.444228599582e+03
  2.440142654975e+03
  2.436061762531e+03
  2.431990495161e+03
  2.427923867651e+03
  2.423864457778e+03
  2.419813329685e+03
  2.415766349074e+03
  2.411726004773e+03
  2.407697142540e+03
  2.403672234293e+03
  2.399653681981e+03
  2.395642063191e+03
  2.391636566135e+03
  2.387638336781e+03
  2.383647572136e+03
  2.379660598322e+03
  2.375683289452e+03
  2.371711740258e+03
  2.367746523635e+03
  2.363788825431e+03
  2.359836864958e+03
  2.355891144470e+03
  2.351952249725e+03
  2.348019630427e+03
  2.344094870449e+03
  2.340176960995e+03
  2.336262911414e+03
  2.332357771713e+03
  2.328459479566e+03
  2.324567235318e+03
  2.320680284640e+03
  2.316800720618e+03
  2.312927026509e+03
  2.309060870308e+03
  2.305199239355e+03
  2.301346018407e+03
  2.297499488820e+03
  2.293657974793e+03
  2.289821462486e+03
  2.285994753052e+03
  2.282173947163e+03
  2.278358321352e+03
  2.274549345806e+03
  2.270747503253e+03
  2.266950036163e+03
  2.263161753690e+03
  2.259378245116e+03
  2.255600570157e+03
  2.251829184575e+03
  2.248063849128e+03
  2.244305573704e+03
  2.240554852600e+03
  2.236809171373e+03
  2.233068367356e+03
  2.229333445323e+03
  2.225609075743e+03
  2.221888243169e+03
  2.218173635964e+03
  2.214465110681e+03
  2.210762957282e+03
  2.207065538806e+03
  2.203377869525e+03
  2.199693906299e+03
  2.196016426203e+03
  2.192344324170e+03
  2.188680423118e+03
  2.185021025365e+03
  2.181367546793e+03
  2.177720685398e+03
  2.174078962785e+03
  2.170445826678e+03
  2.166816746172e+03
  2.163194001927e+03
  2.159577700255e+03
  2.155967043487e+03
  2.152363208709e+03
  2.148764449101e+03
  2.145173128810e+03
  2.141587020777e+03
  2.138005325554e+03
  2.134432055418e+03
  2.130864379148e+03
  2.127301900857e+03
  2.123745079197e+03
  2.120194208955e+03
  2.116650133692e+03
  2.113111476351e+03
  2.109579108727e+03
  2.106052764992e+03
  2.102531611476e+03
  2.099016018492e+03
  2.095506402709e+03
  2.092003226323e+03
  2.088506149376e+03
  2.085015067723e+03
  2.081527276179e+03
  2.078049053071e+03
  2.074575067851e+03
  2.071105940734e+03
  2.067644648801e+03
  2.064186761290e+03
  2.060736725026e+03
  2.057291328643e+03
  2.053852818427e+03
  2.050418982615e+03
  2.046990299927e+03
  2.043568864293e+03
  2.040152530712e+03
  2.036741938428e+03
  2.033336504439e+03
  2.029937494434e+03
  2.026543668976e+03
  2.023155803782e+03
  2.019773175433e+03
  2.016396841529e+03
  2.013026245760e+03
  2.009660319664e+03
  2.006300847688e+03
  2.002946972238e+03
  1.999597940530e+03
  1.996254275162e+03
  1.992917430221e+03
  1.989584990284e+03
  1.986260220329e+03
  1.982939164829e+03
  1.979624056074e+03
  1.976313556093e+03
  1.973010401514e+03
  1.969712450441e+03
  1.966419796434e+03
  1.963131921034e+03
  1.959849689488e+03
  1.956573804935e+03
  1.953302399534e+03
  1.950036881177e+03
  1.946776638595e+03
  1.943522389012e+03
  1.940272957385e+03
  1.937029142262e+03
  1.933790852401e+03
  1.930558191593e+03
  1.927330422589e+03
  1.924107787035e+03
  1.920891504226e+03
  1.917680107155e+03
  1.914474622312e+03
  1.911273734388e+03
  1.908079012197e+03
  1.904888889666e+03
  1.901704318771e+03
  1.898524244675e+03
  1.895350869367e+03
  1.892181986793e+03
  1.889018985193e+03
  1.885860929497e+03
  1.882708015641e+03
  1.879560609596e+03
  1.876417963230e+03
  1.873281470431e+03
  1.870149533416e+03
  1.867022822809e+03
  1.863901658402e+03
  1.860785350019e+03
  1.857674649949e+03
  1.854569139079e+03
  1.851469167534e+03
  1.848373768510e+03
  1.845283279616e+03
  1.842198084253e+03
  1.839118361153e+03
  1.836043881129e+03
  1.832974557493e+03
  1.829910192220e+03
  1.826850691146e+03
  1.823797123726e+03
  1.820747741302e+03
  1.817703630211e+03
  1.814665288213e+03
  1.811631308016e+03
  1.808602492097e+03
  1.805579134298e+03
  1.802560819178e+03
  1.799546719985e+03
  1.796538429754e+03
  1.793535045760e+03
  1.790535968758e+03
  1.787543006050e+03
  1.784554925092e+03
  1.781571185037e+03
  1.778593206028e+03
  1.775619886659e+03
  1.772651138221e+03
  1.769687252910e+03
  1.766728872611e+03
  1.763774866316e+03
  1.760826516699e+03
  1.757882857571e+03
  1.754944425754e+03
  1.752010318363e+03
  1.749081301415e+03
  1.746156976893e+03
  1.743237806226e+03
  1.740323522363e+03
  1.737413869879e+03
  1.734509110447e+03
  1.731609551479e+03
  1.728714571259e+03
  1.725824501854e+03
  1.722939805395e+03
  1.720059314525e+03
  1.717182541605e+03
  1.714312849409e+03
  1.711446698294e+03
  1.708585986192e+03
  1.705729271813e+03
  1.702877511524e+03
  1.700030872768e+03
  1.697189143482e+03
  1.694351540166e+03
  1.691518254801e+03
  1.688690854236e+03
  1.685867591043e+03
  1.683048920238e+03
  1.680235113415e+03
  1.677426525036e+03
  1.674622474472e+03
  1.671822304305e+03
  1.669027762449e+03
  1.666237610482e+03
  1.663451785058e+03
  1.660671090473e+03
  1.657894745568e+03
  1.655123269153e+03
  1.652355887716e+03
  1.649593146471e+03
  1.646835755205e+03
  1.644082189450e+03
  1.641333795546e+03
  1.638590209392e+03
  1.635850251371e+03
  1.633115681825e+03
  1.630385437913e+03
  1.627659333025e+03
  1.624938801465e+03
  1.622222349061e+03
  1.619509817094e+03
  1.616802342442e+03
  1.614099502547e+03
  1.611400984244e+03
  1.608707100461e+03
  1.606017818451e+03
  1.603332885572e+03
  1.600652804813e+03
  1.597976583549e+03
  1.595305178450e+03
  1.592637945038e+03
  1.589975516970e+03
  1.587317661612e+03
  1.584663992748e+03
  1.582014389446e+03
  1.579369412418e+03
  1.576729222516e+03
  1.574093395460e+03
  1.571461737284e+03
  1.568834433683e+03
  1.566211653471e+03
  1.563593279456e+03
  1.560979259569e+03
  1.558369785212e+03
  1.555764275104e+03
  1.553163559739e+03
  1.550566721475e+03
  1.547974709469e+03
  1.545387031067e+03
  1.542803448198e+03
  1.540223810334e+03
  1.537649167734e+03
  1.535078447922e+03
  1.532512109463e+03
  1.529950481588e+03
  1.527392408188e+03
  1.524838753904e+03
  1.522289688263e+03
  1.519744602696e+03
  1.517203864759e+03
  1.514667510034e+03
  1.512135231942e+03
  1.509607099868e+03
  1.507083380458e+03
  1.504563939472e+03
  1.502049090595e+03
  1.499537687765e+03
  1.497030402515e+03
  1.494527716789e+03
  1.492029150498e+03
  1.489535109076e+03
  1.487044791425e+03
  1.484558794053e+03
  1.482076727409e+03
  1.479599207445e+03
  1.477125401397e+03
  1.474656169753e+03
  1.472190631525e+03
  1.469729486320e+03
  1.467272212708e+03
  1.464819419165e+03
  1.462370749238e+03
  1.459925776383e+03
  1.457485228752e+03
  1.455048294489e+03
  1.452615957974e+03
  1.450187504789e+03
  1.447762962309e+03
  1.445342953204e+03
  1.442926490193e+03
  1.440514309102e+03
  1.438105686763e+03
  1.435701524900e+03
  1.433301315281e+03
  1.430905628197e+03
  1.428513459810e+03
  1.426124626723e+03
  1.423741065716e+03
  1.421360667158e+03
  1.418984566131e+03
  1.416611997176e+03
  1.414243925398e+03
  1.411879387933e+03
  1.409519159453e+03
  1.407162829774e+03
  1.404810464377e+03
  1.402461584933e+03
  1.400117061245e+03
  1.397776601232e+03
  1.395439501068e+03
  1.393106895678e+03
  1.390777979712e+03
  1.388452660796e+03
  1.386131212828e+03
  1.383814130884e+03
  1.381500502581e+03
  1.379190673967e+03
  1.376885306349e+03
  1.374583299078e+03
  1.372285021728e+03
  1.369991177375e+03
  1.367700911168e+03
  1.365414370519e+03
  1.363131421946e+03
  1.360852511112e+03
  1.358577504209e+03
  1.356306441263e+03
  1.354038886083e+03
  1.351775303810e+03
  1.349515452574e+03
  1.347259157195e+03
  1.345006850080e+03
  1.342758397432e+03
  1.340513319433e+03
  1.338272271761e+03
  1.336035065420e+03
  1.333801729541e+03
  1.331571881005e+03
  1.329345650873e+03
  1.327123281127e+03
  1.324904478025e+03
  1.322689555726e+03
  1.320478388192e+03
  1.318270771498e+03
  1.316066900528e+03
  1.313866723355e+03
  1.311670297437e+03
  1.309477427736e+03
  1.307288231825e+03
  1.305102732951e+03
  1.302920744868e+03
  1.300742600193e+03
  1.298567880645e+03
  1.296396924489e+03
  1.294229641423e+03
  1.292065933211e+03
  1.289905975570e+03
  1.287749379001e+03
  1.285596707751e+03
  1.283447290905e+03
  1.281301418354e+03
  1.279159567567e+03
  1.277021282115e+03
  1.274886267337e+03
  1.272754936458e+03
  1.270627190327e+03
  1.268502991069e+03
  1.266382237216e+03
  1.264265174717e+03
  1.262151504661e+03
  1.260041418360e+03
  1.257935041717e+03
  1.255831916460e+03
  1.253732502572e+03
  1.251636502264e+03
  1.249544072607e+03
  1.247454879384e+03
  1.245369487874e+03
  1.243287490837e+03
  1.241208928191e+03
  1.239133838484e+03
  1.237062177236e+03
  1.234994190787e+03
  1.232929618079e+03
  1.230868296567e+03
  1.228810553398e+03
  1.226756308145e+03
  1.224705382107e+03
  1.222657922881e+03
  1.220613967141e+03
  1.218573125585e+03
  1.216536082804e+03
  1.214502364211e+03
  1.212471836189e+03
  1.210444777316e+03
  1.208420950079e+03
  1.206400867675e+03
  1.204384224604e+03
  1.202370627473e+03
  1.200360556942e+03
  1.198353941027e+03
  1.196350332053e+03
  1.194350401706e+03
  1.192353434393e+03
  1.190360249484e+03
  1.188370358636e+03
  1.186383422477e+03
  1.184400082309e+03
  1.182419957234e+03
  1.180443377842e+03
  1.178469680639e+03
  1.176499773995e+03
  1.174532736393e+03
  1.172569232486e+03
  1.170608988629e+03
  1.168651795886e+03
  1.166698021897e+03
  1.164747694391e+03
  1.162800404090e+03
  1.160856405031e+03
  1.158915688117e+03
  1.156978221046e+03
  1.155044109463e+03
  1.153113120927e+03
  1.151185264265e+03
  1.149260821371e+03
  1.147339238641e+03
  1.145421436489e+03
  1.143506384131e+03
  1.141594854725e+03
  1.139686072049e+03
  1.137780591978e+03
  1.135878822630e+03
  1.133979945977e+03
  1.132083967575e+03
  1.130191370575e+03
  1.128301913755e+03
  1.126415591950e+03
  1.124532531827e+03
  1.122652480208e+03
  1.120775681706e+03
  1.118902025918e+03
  1.117031335736e+03
  1.115163859137e+03
  1.113299612738e+03
  1.111438488876e+03
  1.109580267410e+03
  1.107725143091e+03
  1.105873438340e+03
  1.104024632108e+03
  1.102178935121e+03
  1.100336372829e+03
  1.098496700202e+03
  1.096660246699e+03
  1.094826866696e+03
  1.092996522511e+03
  1.091169041133e+03
  1.089344916785e+03
  1.087523941862e+03
  1.085705808256e+03
  1.083890746549e+03
  1.082078674933e+03
  1.080269637749e+03
  1.078463725305e+03
  1.076660718958e+03
  1.074860818293e+03
  1.073063936000e+03
  1.071269865584e+03
  1.069478908949e+03
  1.067691178920e+03
  1.065906007222e+03
  1.064124117038e+03
  1.062344581713e+03
  1.060568781281e+03
  1.058795878533e+03
  1.057025648894e+03
  1.055258733013e+03
  1.053494670668e+03
  1.051733393936e+03
  1.049975130720e+03
  1.048219367136e+03
  1.046467129355e+03
  1.044717889491e+03
  1.042971230236e+03
  1.041227717211e+03
  1.039486981482e+03
  1.037749049035e+03
  1.036014233187e+03
  1.034282214866e+03
  1.032553193036e+03
  1.030826868771e+03
  1.029103563323e+03
  1.027382762773e+03
  1.025665401694e+03
  1.023950799092e+03
  1.022238999769e+03
  1.020529983785e+03
  1.018823683450e+03
  1.017120671285e+03
  1.015420172897e+03
  1.013722654121e+03
  1.012027836243e+03
  1.010336032667e+03
  1.008646936492e+03
  1.006960502072e+03
  1.005277293542e+03
  1.003595940215e+03
  1.001918652471e+03
  1.000242658185e+03
  9.985710237054e+02
  9.969025814208e+02
  9.952357852072e+02
  9.935715918010e+02
  9.919109085536e+02
  9.902519597086e+02
  9.885965389235e+02
  9.869446749267e+02
  9.852944593163e+02
  9.836468707734e+02
  9.820028340602e+02
  9.803604393191e+02
  9.784779674083e+02
  9.777773619990e+02
  9.761002686615e+02
  9.730538176925e+02
  9.730942394385e+02
  9.719508433831e+02
  9.714930307323e+02
  9.652536827289e+02
  9.679903638907e+02
  9.638395891885e+02
  9.641116865689e+02
  9.649075079696e+02
  9.558922439328e+02
  9.481053434308e+02
  9.482437407733e+02
  9.474699688832e+02
  9.465682911327e+02
  9.455800064553e+02
  9.482932162338e+02
  9.501964706129e+02
  9.437973237969e+02
  9.440053060659e+02
  9.374420470778e+02
  9.375629738870e+02
  9.373825112237e+02
  9.370117884668e+02
  9.286118582729e+02
  9.280548975583e+02
  9.285452269671e+02
  9.283008322492e+02
  9.215445368751e+02
  9.187976939774e+02
  9.180071319919e+02
  9.170155419390e+02
  9.158970988997e+02
  9.160210245146e+02
  9.156989973703e+02
  9.153511094645e+02
  9.143324792384e+02
  9.134246276073e+02
  9.105245755945e+02
  9.098235463543e+02
  9.022713737987e+02
  8.978643227986e+02
  8.960229719256e+02
  8.960504513978e+02
  8.957758426389e+02
  8.915810169135e+02
  8.846229948691e+02
  8.858225682031e+02
  8.811299161839e+02
  8.812581533509e+02
  8.811007415344e+02
  8.797426764573e+02
  8.788229778865e+02
  8.790861313771e+02
  8.786631886645e+02
  8.748997885298e+02
  8.690119840123e+02
  8.668433211242e+02
  8.616136038715e+02
  8.616201576714e+02
  8.596827501994e+02
  8.555842271337e+02
  8.530256913347e+02
  8.530231997859e+02
  8.532366922525e+02
  8.529968231004e+02
  8.493561252408e+02
  8.492770632038e+02
  8.494456015048e+02
  8.490675895139e+02
  8.451177816097e+02
  8.428661344301e+02
  8.395853666712e+02
  8.389817781548e+02
  8.389799368730e+02
  8.358157772710e+02
  8.343369237620e+02
  8.343129151029e+02
  8.330903486483e+02
  8.320181066086e+02
  8.314079311328e+02
  8.308160013239e+02
  8.302854936670e+02
  8.299939505710e+02
  8.297921548876e+02
  8.295973395656e+02
  8.234765377138e+02
  8.278535413998e+02
  8.279959177644e+02
  8.275789697242e+02
  8.263121635347e+02
  8.270014725533e+02
  8.251336850163e+02
  8.279260130520e+02
  8.187708965254e+02
  8.187416234540e+02
  8.187219646666e+02
  8.173933237374e+02
  8.185158146747e+02
  8.183464332686e+02
  8.167694754601e+02
  8.171635291751e+02
  8.115144820586e+02
  8.093809180033e+02
  8.097521739637e+02
  8.094894983273e+02
  8.097991675593e+02
  8.075148961994e+02
  8.034412997752e+02
  7.998990467123e+02
  7.982619194935e+02
  7.976045458957e+02
  7.976201570662e+02
  7.975352969184e+02
  7.972282104724e+02
  7.971693311033e+02
  7.970904892020e+02
  7.969155927202e+02
  7.964769483125e+02
  7.946578366034e+02
  7.915840237160e+02
  7.861424938010e+02
  7.858076845705e+02
  7.809762102779e+02
  7.817257529189e+02
  7.798770326621e+02
  7.788792101106e+02
  7.779333384322e+02
  7.771655950073e+02
  7.771665577869e+02
  7.768359583291e+02
  7.763923767206e+02
  7.760362943237e+02
  7.755072986157e+02
  7.749879484937e+02
  7.741118167286e+02
  7.716045292259e+02
  7.721172794329e+02
  7.725618331853e+02
  7.725327939519e+02
  7.725193245709e+02
  7.712611612907e+02
  7.713425423109e+02
  7.688970372317e+02
  7.658306123573e+02
  7.644636164697e+02
  7.644192264219e+02
  7.644084932764e+02
  7.644100157611e+02
  7.644128833413e+02
  7.613373984315e+02
  7.587115257385e+02
  7.587114483318e+02
  7.587122071222e+02
  7.587098902822e+02
  7.568831488464e+02
  7.535057970342e+02
  7.494993566112e+02
  7.491900778755e+02
  7.484594258022e+02
  7.490810654266e+02
  7.485931960125e+02
  7.413249071618e+02
  7.412542871577e+02
  7.408901955806e+02
  7.410014728507e+02
  7.360393574965e+02
  7.332167289399e+02
  7.313715149417e+02
  7.296389573427e+02
  7.288644257152e+02
  7.282886355917e+02
  7.282466336081e+02
  7.282238778723e+02
  7.278401581985e+02
  7.276256609301e+02
  7.273636829322e+02
  7.271256735563e+02
  7.267953591320e+02
  7.262817839381e+02
  7.246775379776e+02
  7.227192799936e+02
  7.214403301835e+02
  7.195155342958e+02
  7.195366570372e+02
  7.184923230930e+02
  7.189269403298e+02
  7.182779302963e+02
  7.158559655867e+02
  7.158581383649e+02
  7.127620357441e+02
  7.132484413264e+02
  7.131254203208e+02
  7.131938981719e+02
  7.127464159405e+02
  7.062550247269e+02
  7.062231387765e+02
  7.062240157866e+02
  7.062284521568e+02
  7.059512677428e+02
  6.990927780843e+02
  6.982771546908e+02
  6.993528616049e+02
  6.975536400973e+02
  6.975543459179e+02
  6.975530585166e+02
  6.922197271547e+02
  6.878919391790e+02
  6.865727290027e+02
  6.860004459003e+02
  6.854470005525e+02
  6.849727729918e+02
  6.847397477998e+02
  6.841496018568e+02
  6.829581602064e+02
  6.809326327394e+02
  6.809301951044e+02
  6.809348679664e+02
  6.809347394596e+02
  6.809323842221e+02
  6.787650259901e+02
  6.713830449419e+02
  6.713816417394e+02
  6.713828814485e+02
  6.713813552092e+02
  6.713821203676e+02
  6.713789493060e+02
  6.722660974455e+02
  6.680306760842e+02
  6.680303131773e+02
  6.680273046362e+02
  6.666620743427e+02
  6.655976857133e+02
  6.605059078951e+02
  6.583512514599e+02
  6.583462709908e+02
  6.571935150626e+02
  6.540715324762e+02
  6.513595812164e+02
  6.518902492356e+02
  6.502085532367e+02
  6.500230590646e+02
  6.498439063376e+02
  6.496767443875e+02
  6.489401978823e+02
  6.487881737522e+02
  6.485755184074e+02
  6.479161020619e+02
  6.468267649153e+02
  6.451786995790e+02
  6.436695806211e+02
  6.401245665856e+02
  6.338618823991e+02
  6.335211830715e+02
  6.339425376622e+02
  6.334807498197e+02
  6.277255056800e+02
  6.219594386860e+02
  6.219593485809e+02
  6.219589865553e+02
  6.219586652056e+02
  6.216134681553e+02
  6.157040758428e+02
  6.129198282361e+02
  6.129020491622e+02
  6.096570801249e+02
  6.086088959808e+02
  6.086096164745e+02
  6.086100997135e+02
  6.038264114317e+02
  6.037305880315e+02
  6.002677557172e+02
  5.995907642501e+02
  5.989257381698e+02
  5.984279088929e+02
  5.978912167070e+02
  5.974696664491e+02
  5.969920732543e+02
  5.963960768675e+02
  5.954708972154e+02
  5.935267597475e+02
  5.912248229741e+02
  5.899949677413e+02
  5.904725915577e+02
  5.909350224809e+02
  5.896472983413e+02
  5.896470243804e+02
  5.896460730083e+02
  5.895663524846e+02
  5.873560082150e+02
  5.873526635464e+02
  5.873493883601e+02
  5.873500954513e+02
  5.873624947579e+02
  5.867462848114e+02
  5.842404563061e+02
  5.814166449120e+02
  5.785781442106e+02
  5.773379386893e+02
  5.773322249032e+02
  5.773325318609e+02
  5.756235927423e+02
  5.728734960422e+02
  5.735817703312e+02
  5.715007174995e+02
  5.707664065047e+02
  5.704190960670e+02
  5.697060390099e+02
  5.697034902288e+02
  5.695140090235e+02
  5.693920809592e+02
  5.692536780742e+02
  5.690962145172e+02
  5.689569842728e+02
  5.681708232822e+02
  5.678452425073e+02
  5.672049402821e+02
  5.649149221011e+02
  5.621794978408e+02
  5.618659661308e+02
  5.582766198469e+02
  5.571863519941e+02
  5.571849874381e+02
  5.571869984990e+02
  5.571859392174e+02
  5.527806456417e+02
  5.474002749096e+02
  5.428954395422e+02
  5.420630124747e+02
  5.367980594650e+02
  5.315736285671e+02
  5.264002847013e+02
  5.212772334775e+02
  5.183600596239e+02
  5.177462555205e+02
  5.172888115389e+02
  5.167907912015e+02
  5.162364094312e+02
  5.158066308336e+02
  5.154492887402e+02
  5.151195309116e+02
  5.147135974431e+02
  5.140605739224e+02
  5.126835231548e+02
  5.112236543020e+02
  5.104147261313e+02
  5.098439096316e+02
  5.091951661261e+02
  5.080851797016e+02
  5.064927303098e+02
  5.046124097311e+02
  5.030239283452e+02
  5.017710007471e+02
  5.004857197845e+02
  4.997288606479e+02
  4.995092175931e+02
  4.987546190106e+02
  4.986317584613e+02
  4.985169069201e+02
  4.983539264184e+02
  4.981185955071e+02
  4.964008456685e+02
  4.953545470074e+02
  4.917867514353e+02
  4.904105995934e+02
  4.912029109964e+02
  4.901237462284e+02
  4.901234351564e+02
  4.901232424368e+02
  4.901228411459e+02
  4.901221226357e+02
  4.870640389505e+02
  4.858761388521e+02
  4.864417694702e+02
  4.857079477726e+02
  4.859825348981e+02
  4.854483210674e+02
  4.854466251456e+02
  4.854427519512e+02
  4.820969457905e+02
  4.814126659392e+02
  4.773544022214e+02
  4.727083123682e+02
  4.681087260043e+02
  4.650838206147e+02
  4.650913848565e+02
  4.650907467062e+02
  4.650900442576e+02
  4.634991707078e+02
  4.590409806164e+02
  4.545739610294e+02
  4.508864363798e+02
  4.508862910193e+02
  4.508872890807e+02
  4.501344095871e+02
  4.460181637135e+02
  4.441189727494e+02
  4.439496891233e+02
  4.439406147137e+02
  4.439395215112e+02
  4.439383866729e+02
  4.439462420937e+02
  4.414307362906e+02
  4.371342148803e+02
  4.328800099720e+02
  4.303120012614e+02
  4.299965552997e+02
  4.285587794582e+02
  4.299863614743e+02
  4.244950458722e+02
  4.219928159796e+02
  4.203168176312e+02
  4.163674266413e+02
  4.163941948468e+02
  4.163656030822e+02
  4.163637518952e+02
  4.163655761437e+02
  4.162682347401e+02
  4.122211484896e+02
  4.082091636497e+02
  4.053909816315e+02
  4.034143913889e+02
  4.012526750759e+02
  4.000505596075e+02
  3.997321726665e+02
  3.995135455328e+02
  3.993318312090e+02
  3.990953273293e+02
  3.987719351868e+02
  3.984716315280e+02
  3.982045600317e+02
  3.966762790483e+02
  3.962212448174e+02
  3.958609133898e+02
  3.943173881272e+02
  3.938657848762e+02
  3.938730177230e+02
  3.938728915385e+02
  3.938704539691e+02
  3.938731234187e+02
  3.938692420510e+02
  3.938742457023e+02
  3.925763503151e+02
  3.912222312406e+02
  3.887278412324e+02
  3.849975201587e+02
  3.846047277524e+02
  3.846082150626e+02
  3.821010160818e+02
  3.802371006465e+02
  3.778467936751e+02
  3.775254233858e+02
  3.780692821081e+02
  3.772915633623e+02
  3.759658420296e+02
  3.757402492858e+02
  3.732431281549e+02
  3.741076278287e+02
  3.714250712615e+02
  3.696148437470e+02
  3.665736195347e+02
  3.630054321040e+02
  3.594719491128e+02
  3.559732029999e+02
  3.525091748275e+02
  3.490854753065e+02
  3.490082110475e+02
  3.490084770712e+02
  3.456816633695e+02
  3.423170079662e+02
  3.389861467149e+02
  3.371434881178e+02
  3.371445093438e+02
  3.371456717257e+02
  3.371439682835e+02
  3.371499393933e+02
  3.356264332088e+02
  3.324193304171e+02
  3.291835311725e+02
  3.259933596990e+02
  3.259075426762e+02
  3.228081778821e+02
  3.205727158690e+02
  3.196408117756e+02
  3.165379628654e+02
  3.163197660955e+02
  3.163378325922e+02
  3.163168512320e+02
  3.163175458227e+02
  3.163172864457e+02
  3.163184115044e+02
  3.134747161724e+02
  3.104234087111e+02
  3.074025206574e+02
  3.044100142907e+02
  3.014480041583e+02
  2.985833299290e+02
  2.972833796632e+02
  2.972810551514e+02
  2.972792902900e+02
  2.972803880085e+02
  2.972804044057e+02
  2.956092343025e+02
  2.927318174280e+02
  2.898822979134e+02
  2.870606537071e+02
  2.842667792522e+02
  2.815005492633e+02
  2.787608929763e+02
  2.760481374824e+02
  2.733621557864e+02
  2.707018190702e+02
  2.680664116987e+02
  2.654601280351e+02
  2.654721017228e+02
  2.628743690839e+02
  2.603156612453e+02
  2.577827912611e+02
  2.552740200535e+02
  2.527890946545e+02
  2.503286728592e+02
  2.478923476872e+02
  2.454802220535e+02
  2.430912349283e+02
  2.407253398668e+02
  2.383825827134e+02
  2.360625719821e+02
  2.337650764197e+02
  2.314900424350e+02
  2.298849838462e+02
  2.289885114646e+02
  2.283406146730e+02
  2.278396723778e+02
  2.272571454134e+02
  2.264236113899e+02
  2.254404896988e+02
  2.246900858971e+02
  2.240464492126e+02
  2.234659096244e+02
  2.227830638640e+02
  2.219261090595e+02
  2.208613381332e+02
  2.197833916792e+02
  2.182970242648e+02
  2.161724398309e+02
  2.140685800862e+02
  2.119849190079e+02
  2.099613343133e+02
  2.091780214993e+02
  2.091771139733e+02
  2.091771312798e+02
  2.078788005763e+02
  2.058551011578e+02
  2.038516215018e+02
  2.018675422647e+02
  1.999029077378e+02
  1.979575025072e+02
  1.960315555928e+02
  1.941230644562e+02
  1.922337525208e+02
  1.903630295670e+02
  1.885102682283e+02
  1.866756250615e+02
  1.848593549409e+02
  1.830599399005e+02
  1.812781208349e+02
  1.795137375839e+02
  1.777663524458e+02
  1.760362111362e+02
  1.743230111714e+02
  1.726263595351e+02
  1.709462576707e+02
  1.692828814743e+02
  1.676354477563e+02
  1.665213055132e+02
  1.659903357656e+02
  1.644299002829e+02
  1.636265691374e+02
  1.627883398950e+02
  1.612040233237e+02
  1.596351536102e+02
  1.580816290842e+02
  1.565429546181e+02
  1.550199563525e+02
  1.535110351178e+02
  1.520168282464e+02
  1.505372073027e+02
  1.490723209975e+02
  1.476213808251e+02
  1.464727345828e+02
  1.464731311629e+02
  1.464730198570e+02
  1.461569328341e+02
  1.447619731205e+02
  1.433530615404e+02
  1.419579629000e+02
  1.405763413925e+02
  1.392083939600e+02
  6.926580507162e+01
