1601
  3.390000000000e-02
  3.382000000000e-02
  3.374000000000e-02
  3.366000000000e-02
  3.358000000000e-02
  3.350000000000e-02
  3.342000000000e-02
  3.334000000000e-02
  3.326000000000e-02
  3.318000000000e-02
  3.310000000000e-02
  3.302000000000e-02
  3.294000000000e-02
  3.286000000000e-02
  3.279000000000e-02
  3.271000000000e-02
  3.263000000000e-02
  3.255000000000e-02
  3.247000000000e-02
  3.240000000000e-02
  3.232000000000e-02
  3.224000000000e-02
  3.216000000000e-02
  3.209000000000e-02
  3.201000000000e-02
  3.194000000000e-02
  3.186000000000e-02
  3.178000000000e-02
  3.171000000000e-02
  3.163000000000e-02
  3.155000000000e-02
  3.148000000000e-02
  3.141000000000e-02
  3.133000000000e-02
  3.125000000000e-02
  3.118000000000e-02
  3.111000000000e-02
  3.103000000000e-02
  3.096000000000e-02
  3.088000000000e-02
  3.081000000000e-02
  3.074000000000e-02
  3.066000000000e-02
  3.059000000000e-02
  3.052000000000e-02
  3.044000000000e-02
  3.038000000000e-02
  3.030000000000e-02
  3.022000000000e-02
  3.016000000000e-02
  3.008000000000e-02
  3.001000000000e-02
  2.994000000000e-02
  2.987000000000e-02
  2.979000000000e-02
  2.973000000000e-02
  2.965000000000e-02
  2.958000000000e-02
  2.952000000000e-02
  2.944000000000e-02
  2.937000000000e-02
  2.930000000000e-02
  2.924000000000e-02
  2.916000000000e-02
  2.909000000000e-02
  2.902000000000e-02
  2.896000000000e-02
  2.888000000000e-02
  2.882000000000e-02
  2.874000000000e-02
  2.868000000000e-02
  2.861000000000e-02
  2.854000000000e-02
  2.848000000000e-02
  2.840000000000e-02
  2.834000000000e-02
  2.827000000000e-02
  2.820000000000e-02
  2.814000000000e-02
  2.806000000000e-02
  2.800000000000e-02
  2.794000000000e-02
  2.787000000000e-02
  2.780000000000e-02
  2.773000000000e-02
  2.767000000000e-02
  2.760000000000e-02
  2.754000000000e-02
  2.747000000000e-02
  2.740000000000e-02
  2.734000000000e-02
  2.728000000000e-02
  2.721000000000e-02
  2.714000000000e-02
  2.708000000000e-02
  2.701000000000e-02
  2.695000000000e-02
  2.689000000000e-02
  2.682000000000e-02
  2.676000000000e-02
  2.669000000000e-02
  2.663000000000e-02
  2.657000000000e-02
  2.650000000000e-02
  2.644000000000e-02
  2.638000000000e-02
  2.631000000000e-02
  2.625000000000e-02
  2.619000000000e-02
  2.613000000000e-02
  2.606000000000e-02
  2.600000000000e-02
  2.594000000000e-02
  2.588000000000e-02
  2.581000000000e-02
  2.576000000000e-02
  2.569000000000e-02
  2.563000000000e-02
  2.557000000000e-02
  2.551000000000e-02
  2.544000000000e-02
  2.539000000000e-02
  2.533000000000e-02
  2.526000000000e-02
  2.521000000000e-02
  2.514000000000e-02
  2.509000000000e-02
  2.503000000000e-02
  2.496000000000e-02
  2.491000000000e-02
  2.484000000000e-02
  2.479000000000e-02
  2.473000000000e-02
  2.467000000000e-02
  2.461000000000e-02
  2.455000000000e-02
  2.449000000000e-02
  2.444000000000e-02
  2.437000000000e-02
  2.432000000000e-02
  2.426000000000e-02
  2.420000000000e-02
  2.415000000000e-02
  2.408000000000e-02
  2.403000000000e-02
  2.397000000000e-02
  2.391700000000e-02
  2.385800000000e-02
  2.380000000000e-02
  2.374300000000e-02
  2.368700000000e-02
  2.363000000000e-02
  2.357400000000e-02
  2.351700000000e-02
  2.346200000000e-02
  2.340500000000e-02
  2.334900000000e-02
  2.329400000000e-02
  2.323800000000e-02
  2.318300000000e-02
  2.312700000000e-02
  2.307200000000e-02
  2.301700000000e-02
  2.296200000000e-02
  2.290700000000e-02
  2.285300000000e-02
  2.279800000000e-02
  2.274300000000e-02
  2.269000000000e-02
  2.263500000000e-02
  2.258100000000e-02
  2.252700000000e-02
  2.247300000000e-02
  2.242000000000e-02
  2.236600000000e-02
  2.231300000000e-02
  2.225900000000e-02
  2.220600000000e-02
  2.215400000000e-02
  2.210000000000e-02
  2.204800000000e-02
  2.199500000000e-02
  2.194200000000e-02
  2.189100000000e-02
  2.183700000000e-02
  2.178600000000e-02
  2.173400000000e-02
  2.168200000000e-02
  2.163000000000e-02
  2.157800000000e-02
  2.152700000000e-02
  2.147600000000e-02
  2.142400000000e-02
  2.137300000000e-02
  2.132200000000e-02
  2.127100000000e-02
  2.122100000000e-02
  2.116900000000e-02
  2.111900000000e-02
  2.106900000000e-02
  2.101900000000e-02
  2.096800000000e-02
  2.091800000000e-02
  2.086800000000e-02
  2.081900000000e-02
  2.076900000000e-02
  2.071900000000e-02
  2.067000000000e-02
  2.062000000000e-02
  2.057100000000e-02
  2.052200000000e-02
  2.047300000000e-02
  2.042400000000e-02
  2.037600000000e-02
  2.032600000000e-02
  2.027900000000e-02
  2.022900000000e-02
  2.018200000000e-02
  2.013300000000e-02
  2.008500000000e-02
  2.003800000000e-02
  1.998900000000e-02
  1.994200000000e-02
  1.989400000000e-02
  1.984700000000e-02
  1.979900000000e-02
  1.975200000000e-02
  1.970500000000e-02
  1.965800000000e-02
  1.961000000000e-02
  1.956400000000e-02
  1.951800000000e-02
  1.947100000000e-02
  1.942400000000e-02
  1.937800000000e-02
  1.933100000000e-02
  1.928600000000e-02
  1.923900000000e-02
  1.919400000000e-02
  1.914700000000e-02
  1.910200000000e-02
  1.905700000000e-02
  1.901000000000e-02
  1.896600000000e-02
  1.892000000000e-02
  1.887500000000e-02
  1.883000000000e-02
  1.878500000000e-02
  1.874000000000e-02
  1.869500000000e-02
  1.865100000000e-02
  1.860600000000e-02
  1.856200000000e-02
  1.851800000000e-02
  1.847300000000e-02
  1.842900000000e-02
  1.838500000000e-02
  1.834200000000e-02
  1.829700000000e-02
  1.825400000000e-02
  1.821000000000e-02
  1.816700000000e-02
  1.812400000000e-02
  1.808000000000e-02
  1.803700000000e-02
  1.799400000000e-02
  1.795000000000e-02
  1.790900000000e-02
  1.786500000000e-02
  1.782300000000e-02
  1.778000000000e-02
  1.773700000000e-02
  1.769600000000e-02
  1.765300000000e-02
  1.761100000000e-02
  1.756900000000e-02
  1.752700000000e-02
  1.748500000000e-02
  1.744300000000e-02
  1.740200000000e-02
  1.736000000000e-02
  1.731900000000e-02
  1.727700000000e-02
  1.723600000000e-02
  1.719500000000e-02
  1.715400000000e-02
  1.711300000000e-02
  1.707200000000e-02
  1.703200000000e-02
  1.699000000000e-02
  1.695000000000e-02
  1.691000000000e-02
  1.686900000000e-02
  1.682900000000e-02
  1.678900000000e-02
  1.674900000000e-02
  1.670900000000e-02
  1.666900000000e-02
  1.662900000000e-02
  1.658900000000e-02
  1.655000000000e-02
  1.651000000000e-02
  1.647100000000e-02
  1.643200000000e-02
  1.639200000000e-02
  1.635300000000e-02
  1.631400000000e-02
  1.627600000000e-02
  1.623600000000e-02
  1.619700000000e-02
  1.615900000000e-02
  1.612100000000e-02
  1.608100000000e-02
  1.604400000000e-02
  1.600500000000e-02
  1.596700000000e-02
  1.592900000000e-02
  1.589100000000e-02
  1.585200000000e-02
  1.581500000000e-02
  1.577800000000e-02
  1.573900000000e-02
  1.570200000000e-02
  1.566500000000e-02
  1.562700000000e-02
  1.559000000000e-02
  1.555200000000e-02
  1.551600000000e-02
  1.547800000000e-02
  1.544100000000e-02
  1.540500000000e-02
  1.536800000000e-02
  1.533100000000e-02
  1.529400000000e-02
  1.525800000000e-02
  1.522200000000e-02
  1.518500000000e-02
  1.514900000000e-02
  1.511300000000e-02
  1.507700000000e-02
  1.504000000000e-02
  1.500500000000e-02
  1.496900000000e-02
  1.493400000000e-02
  1.489700000000e-02
  1.486200000000e-02
  1.482700000000e-02
  1.479100000000e-02
  1.475600000000e-02
  1.472000000000e-02
  1.468600000000e-02
  1.465000000000e-02
  1.461600000000e-02
  1.458000000000e-02
  1.454600000000e-02
  1.451100000000e-02
  1.447600000000e-02
  1.444200000000e-02
  1.440800000000e-02
  1.437300000000e-02
  1.433800000000e-02
  1.430500000000e-02
  1.427000000000e-02
  1.423600000000e-02
  1.420200000000e-02
  1.416800000000e-02
  1.413500000000e-02
  1.410100000000e-02
  1.406700000000e-02
  1.403300000000e-02
  1.400000000000e-02
  1.396700000000e-02
  1.393300000000e-02
  1.390000000000e-02
  1.386600000000e-02
  1.383400000000e-02
  1.380100000000e-02
  1.376700000000e-02
  1.373500000000e-02
  1.370200000000e-02
  1.366900000000e-02
  1.363700000000e-02
  1.360400000000e-02
  1.357200000000e-02
  1.353900000000e-02
  1.350700000000e-02
  1.347400000000e-02
  1.344300000000e-02
  1.341000000000e-02
  1.337900000000e-02
  1.334600000000e-02
  1.331500000000e-02
  1.328200000000e-02
  1.325100000000e-02
  1.322000000000e-02
  1.318800000000e-02
  1.315600000000e-02
  1.312500000000e-02
  1.309400000000e-02
  1.306200000000e-02
  1.303100000000e-02
  1.300000000000e-02
  1.296900000000e-02
  1.293800000000e-02
  1.290800000000e-02
  1.287600000000e-02
  1.284600000000e-02
  1.281500000000e-02
  1.278400000000e-02
  1.275400000000e-02
  1.272300000000e-02
  1.269300000000e-02
  1.266300000000e-02
  1.263200000000e-02
  1.260300000000e-02
  1.257200000000e-02
  1.254200000000e-02
  1.251300000000e-02
  1.248200000000e-02
  1.245300000000e-02
  1.242200000000e-02
  1.239400000000e-02
  1.236300000000e-02
  1.233400000000e-02
  1.230500000000e-02
  1.227500000000e-02
  1.224600000000e-02
  1.221700000000e-02
  1.218800000000e-02
  1.215800000000e-02
  1.213000000000e-02
  1.210000000000e-02
  1.207200000000e-02
  1.204300000000e-02
  1.201400000000e-02
  1.198500000000e-02
  1.195700000000e-02
  1.192800000000e-02
  1.190000000000e-02
  1.187100000000e-02
  1.184300000000e-02
  1.181500000000e-02
  1.178600000000e-02
  1.175800000000e-02
  1.173100000000e-02
  1.170200000000e-02
  1.167400000000e-02
  1.164700000000e-02
  1.161800000000e-02
  1.159100000000e-02
  1.156400000000e-02
  1.153500000000e-02
  1.150800000000e-02
  1.148100000000e-02
  1.145300000000e-02
  1.142600000000e-02
  1.139900000000e-02
  1.137100000000e-02
  1.134400000000e-02
  1.131700000000e-02
  1.129100000000e-02
  1.126300000000e-02
  1.123600000000e-02
  1.120900000000e-02
  1.118300000000e-02
  1.115600000000e-02
  1.113000000000e-02
  1.110200000000e-02
  1.107700000000e-02
  1.104900000000e-02
  1.102400000000e-02
  1.099700000000e-02
  1.097100000000e-02
  1.094500000000e-02
  1.091800000000e-02
  1.089300000000e-02
  1.086600000000e-02
  1.084100000000e-02
  1.081400000000e-02
  1.078900000000e-02
  1.076300000000e-02
  1.073800000000e-02
  1.071200000000e-02
  1.068600000000e-02
  1.066000000000e-02
  1.063600000000e-02
  1.060900000000e-02
  1.058500000000e-02
  1.055900000000e-02
  1.053400000000e-02
  1.050900000000e-02
  1.048400000000e-02
  1.045900000000e-02
  1.043300000000e-02
  1.040900000000e-02
  1.038400000000e-02
  1.036000000000e-02
  1.033400000000e-02
  1.031000000000e-02
  1.028500000000e-02
  1.026100000000e-02
  1.023600000000e-02
  1.021200000000e-02
  1.018700000000e-02
  1.016300000000e-02
  1.013900000000e-02
  1.011400000000e-02
  1.009100000000e-02
  1.006600000000e-02
  1.004300000000e-02
  1.001800000000e-02
  9.994000000001e-03
  9.970999999999e-03
  9.946000000000e-03
  9.923000000001e-03
  9.900000000000e-03
  9.874999999999e-03
  9.853000000001e-03
  9.828000000000e-03
  9.805000000000e-03
  9.782000000000e-03
  9.758000000000e-03
  9.735000000000e-03
  9.711999999999e-03
  9.689000000001e-03
  9.665000000000e-03
  9.643000000000e-03
  9.619000000000e-03
  9.596000000000e-03
  9.574000000000e-03
  9.550000000000e-03
  9.528000000000e-03
  9.505000000000e-03
  9.483000000000e-03
  9.460000000000e-03
  9.437000000000e-03
  9.414000000000e-03
  9.393000000000e-03
  9.369000000000e-03
  9.348000000000e-03
  9.325000000000e-03
  9.303000000000e-03
  9.280000000000e-03
  9.259000000000e-03
  9.236000000000e-03
  9.214000000000e-03
  9.193000000000e-03
  9.170000000000e-03
  9.148000000000e-03
  9.127000000000e-03
  9.105000000000e-03
  9.083000000000e-03
  9.061000000000e-03
  9.040000000000e-03
  9.018000000000e-03
  8.997000000000e-03
  8.975000000000e-03
  8.954000000000e-03
  8.932000000000e-03
  8.911000000000e-03
  8.890000000000e-03
  8.869000000000e-03
  8.847000000000e-03
  8.826000000000e-03
  8.805000000000e-03
  8.785000000000e-03
  8.763000000000e-03
  8.742000000000e-03
  8.721000000000e-03
  8.701000000000e-03
  8.680000000000e-03
  8.659000000000e-03
  8.638000000000e-03
  8.618000000000e-03
  8.597000000000e-03
  8.577000000000e-03
  8.556000000000e-03
  8.536000000000e-03
  8.515000000000e-03
  8.495000000000e-03
  8.475000000000e-03
  8.455000000000e-03
  8.434000000000e-03
  8.414000000000e-03
  8.394000000000e-03
  8.375000000000e-03
  8.354000000000e-03
  8.334000000000e-03
  8.314000000000e-03
  8.294000000000e-03
  8.275000000000e-03
  8.255000000000e-03
  8.235000000000e-03
  8.216000000000e-03
  8.195000000000e-03
  8.177000000000e-03
  8.157000000000e-03
  8.137000000000e-03
  8.118000000000e-03
  8.098000000000e-03
  8.080000000000e-03
  8.059000000000e-03
  8.041000000000e-03
  8.021000000000e-03
  8.003000000000e-03
  7.983000000000e-03
  7.964000000000e-03
  7.945000000000e-03
  7.926000000000e-03
  7.908000000000e-03
  7.888000000000e-03
  7.869000000000e-03
  7.851000000000e-03
  7.832000000000e-03
  7.813000000000e-03
  7.795000000000e-03
  7.776000000000e-03
  7.758000000000e-03
  7.739000000000e-03
  7.720000000000e-03
  7.702000000000e-03
  7.684000000000e-03
  7.665000000000e-03
  7.647000000000e-03
  7.629000000000e-03
  7.610000000000e-03
  7.593000000000e-03
  7.574000000000e-03
  7.556000000000e-03
  7.538000000000e-03
  7.520000000000e-03
  7.502000000000e-03
  7.485000000000e-03
  7.466000000000e-03
  7.449000000000e-03
  7.430000000000e-03
  7.413000000000e-03
  7.396000000000e-03
  7.377000000000e-03
  7.361000000000e-03
  7.342000000000e-03
  7.325000000000e-03
  7.307000000000e-03
  7.290000000000e-03
  7.273000000000e-03
  7.255000000000e-03
  7.238000000000e-03
  7.221000000000e-03
  7.203000000000e-03
  7.187000000000e-03
  7.169000000000e-03
  7.152000000000e-03
  7.135000000000e-03
  7.117000000000e-03
  7.101000000000e-03
  7.084000000000e-03
  7.067000000000e-03
  7.050000000000e-03
  7.034000000000e-03
  7.016000000000e-03
  7.000000000000e-03
  6.983000000000e-03
  6.966000000000e-03
  6.950000000000e-03
  6.933000000000e-03
  6.917000000000e-03
  6.900000000000e-03
  6.883000000000e-03
  6.867000000000e-03
  6.851000000000e-03
  6.835000000000e-03
  6.818000000000e-03
  6.802000000000e-03
  6.785000000000e-03
  6.769000000000e-03
  6.754000000000e-03
  6.737000000000e-03
  6.721000000000e-03
  6.705000000000e-03
  6.689000000000e-03
  6.673000000000e-03
  6.657000000000e-03
  6.641000000000e-03
  6.625000000000e-03
  6.610000000000e-03
  6.593000000000e-03
  6.578000000000e-03
  6.563000000000e-03
  6.546000000000e-03
  6.531000000000e-03
  6.516000000000e-03
  6.499000000000e-03
  6.485000000000e-03
  6.469000000000e-03
  6.453000000000e-03
  6.438000000000e-03
  6.423000000000e-03
  6.407000000000e-03
  6.392000000000e-03
  6.376000000000e-03
  6.362000000000e-03
  6.346000000000e-03
  6.331000000000e-03
  6.316000000000e-03
  6.301000000000e-03
  6.286000000000e-03
  6.271000000000e-03
  6.256000000000e-03
  6.241000000000e-03
  6.226000000000e-03
  6.211000000000e-03
  6.197000000000e-03
  6.181000000000e-03
  6.167000000000e-03
  6.152000000000e-03
  6.138000000000e-03
  6.123000000000e-03
  6.108000000000e-03
  6.093000000000e-03
  6.079000000000e-03
  6.065000000000e-03
  6.050000000000e-03
  6.036000000000e-03
  6.021000000000e-03
  6.007000000000e-03
  5.992000000000e-03
  5.978000000000e-03
  5.964000000000e-03
  5.950000000000e-03
  5.935000000000e-03
  5.922000000000e-03
  5.907000000000e-03
  5.893000000000e-03
  5.879000000000e-03
  5.865000000000e-03
  5.851000000000e-03
  5.837000000000e-03
  5.823000000000e-03
  5.809000000000e-03
  5.795000000000e-03
  5.782000000000e-03
  5.767000000000e-03
  5.754000000000e-03
  5.740000000000e-03
  5.727000000000e-03
  5.712000000000e-03
  5.699000000000e-03
  5.686000000000e-03
  5.672000000000e-03
  5.658000000000e-03
  5.645000000000e-03
  5.632000000000e-03
  5.617000000000e-03
  5.605000000000e-03
  5.591000000000e-03
  5.578000000000e-03
  5.564000000000e-03
  5.552000000000e-03
  5.538000000000e-03
  5.524000000000e-03
  5.512000000000e-03
  5.498000000000e-03
  5.486000000000e-03
  5.472000000000e-03
  5.459000000000e-03
  5.446000000000e-03
  5.433000000000e-03
  5.420000000000e-03
  5.407000000000e-03
  5.395000000000e-03
  5.381000000000e-03
  5.368000000000e-03
  5.356000000000e-03
  5.343000000000e-03
  5.330000000000e-03
  5.318000000000e-03
  5.304000000000e-03
  5.292000000000e-03
  5.280000000000e-03
  5.267000000000e-03
  5.254000000000e-03
  5.242000000000e-03
  5.229000000000e-03
  5.217000000000e-03
  5.204000000000e-03
  5.192000000000e-03
  5.179000000000e-03
  5.167000000000e-03
  5.155000000000e-03
  5.142000000000e-03
  5.131000000000e-03
  5.118000000000e-03
  5.105000000000e-03
  5.094000000000e-03
  5.081000000000e-03
  5.069000000000e-03
  5.057000000000e-03
  5.045000000000e-03
  5.033000000000e-03
  5.021000000000e-03
  5.009000000000e-03
  4.997000000000e-03
  4.986000000000e-03
  4.973000000000e-03
  4.961000000000e-03
  4.950000000000e-03
  4.937000000000e-03
  4.926000000000e-03
  4.914000000000e-03
  4.903000000000e-03
  4.890000000000e-03
  4.879000000000e-03
  4.868000000000e-03
  4.855000000000e-03
  4.844000000000e-03
  4.833000000000e-03
  4.821000000000e-03
  4.810000000000e-03
  4.798000000000e-03
  4.786000000000e-03
  4.775000000000e-03
  4.764000000000e-03
  4.753000000000e-03
  4.741000000000e-03
  4.729000000000e-03
  4.719000000000e-03
  4.707000000000e-03
  4.696000000000e-03
  4.685000000000e-03
  4.673000000000e-03
  4.663000000000e-03
  4.651000000000e-03
  4.640000000000e-03
  4.629000000000e-03
  4.618000000000e-03
  4.607000000000e-03
  4.596000000000e-03
  4.585000000000e-03
  4.574000000000e-03
  4.563000000000e-03
  4.553000000000e-03
  4.541000000000e-03
  4.530000000000e-03
  4.520000000000e-03
  4.509000000000e-03
  4.498000000000e-03
  4.488000000000e-03
  4.476000000000e-03
  4.466000000000e-03
  4.456000000000e-03
  4.445000000000e-03
  4.434000000000e-03
  4.423000000000e-03
  4.413000000000e-03
  4.403000000000e-03
  4.392000000000e-03
  4.381000000000e-03
  4.371000000000e-03
  4.361000000000e-03
  4.350000000000e-03
  4.339000000000e-03
  4.330000000000e-03
  4.319000000000e-03
  4.309000000000e-03
  4.298000000000e-03
  4.288000000000e-03
  4.278000000000e-03
  4.268000000000e-03
  4.258000000000e-03
  4.247000000000e-03
  4.237000000000e-03
  4.227000000000e-03
  4.217000000000e-03
  4.207000000000e-03
  4.197000000000e-03
  4.187000000000e-03
  4.177000000000e-03
  4.167000000000e-03
  4.157000000000e-03
  4.147000000000e-03
  4.137000000000e-03
  4.128000000000e-03
  4.117000000000e-03
  4.108000000000e-03
  4.097000000000e-03
  4.089000000000e-03
  4.078000000000e-03
  4.068000000000e-03
  4.059000000000e-03
  4.049000000000e-03
  4.040000000000e-03
  4.029000000000e-03
  4.021000000000e-03
  4.010000000000e-03
  4.001000000000e-03
  3.992000000000e-03
  3.982000000000e-03
  3.972000000000e-03
  3.963000000000e-03
  3.954000000000e-03
  3.944000000000e-03
  3.934000000000e-03
  3.925000000000e-03
  3.916000000000e-03
  3.907000000000e-03
  3.897000000000e-03
  3.888000000000e-03
  3.878000000000e-03
  3.870000000000e-03
  3.860000000000e-03
  3.851000000000e-03
  3.842000000000e-03
  3.832000000000e-03
  3.823000000000e-03
  3.815000000000e-03
  3.805000000000e-03
  3.796000000000e-03
  3.787000000000e-03
  3.778000000000e-03
  3.769000000000e-03
  3.760000000000e-03
  3.751000000000e-03
  3.742000000000e-03
  3.733000000000e-03
  3.724000000000e-03
  3.715000000000e-03
  3.706000000000e-03
  3.698000000000e-03
  3.689000000000e-03
  3.680000000000e-03
  3.671000000000e-03
  3.662000000000e-03
  3.654000000000e-03
  3.645000000000e-03
  3.636000000000e-03
  3.627000000000e-03
  3.619000000000e-03
  3.610000000000e-03
  3.602000000000e-03
  3.593000000000e-03
  3.584000000000e-03
  3.576000000000e-03
  3.568000000000e-03
  3.558000000000e-03
  3.551000000000e-03
  3.542000000000e-03
  3.533000000000e-03
  3.525000000000e-03
  3.516000000000e-03
  3.509000000000e-03
  3.499000000000e-03
  3.492000000000e-03
  3.483000000000e-03
  3.474000000000e-03
  3.467000000000e-03
  3.458000000000e-03
  3.450000000000e-03
  3.442000000000e-03
  3.433000000000e-03
  3.425000000000e-03
  3.418000000000e-03
  3.408000000000e-03
  3.401000000000e-03
  3.393000000000e-03
  3.385000000000e-03
  3.376000000000e-03
  3.368000000000e-03
  3.361000000000e-03
  3.352000000000e-03
  3.345000000000e-03
  3.336000000000e-03
  3.328000000000e-03
  3.321000000000e-03
  3.312000000000e-03
  3.305000000000e-03
  3.297000000000e-03
  3.289000000000e-03
  3.281000000000e-03
  3.273000000000e-03
  3.265000000000e-03
  3.258000000000e-03
  3.250000000000e-03
  3.242000000000e-03
  3.234000000000e-03
  3.227000000000e-03
  3.218000000000e-03
  3.212000000000e-03
  3.203000000000e-03
  3.196000000000e-03
  3.188000000000e-03
  3.181000000000e-03
  3.173000000000e-03
  3.165000000000e-03
  3.158000000000e-03
  3.151000000000e-03
  3.143000000000e-03
  3.135000000000e-03
  3.128000000000e-03
  3.120000000000e-03
  3.113000000000e-03
  3.106000000000e-03
  3.098000000000e-03
  3.090000000000e-03
  3.084000000000e-03
  3.076000000000e-03
  3.068000000000e-03
  3.062000000000e-03
  3.054000000000e-03
  3.046000000000e-03
  3.040000000000e-03
  3.032000000000e-03
  3.025000000000e-03
  3.017000000000e-03
  3.011000000000e-03
  3.003000000000e-03
  2.996000000000e-03
  2.989000000000e-03
  2.982000000000e-03
  2.975000000000e-03
  2.968000000000e-03
  2.960000000000e-03
  2.954000000000e-03
  2.946000000000e-03
  2.939000000000e-03
  2.933000000000e-03
  2.925000000000e-03
  2.919000000000e-03
  2.911000000000e-03
  2.905000000000e-03
  2.897000000000e-03
  2.891000000000e-03
  2.883000000000e-03
  2.877000000000e-03
  2.870000000000e-03
  2.863000000000e-03
  2.857000000000e-03
  2.849000000000e-03
  2.843000000000e-03
  2.836000000000e-03
  2.829000000000e-03
  2.822000000000e-03
  2.816000000000e-03
  2.808000000000e-03
  2.803000000000e-03
  2.795000000000e-03
  2.789000000000e-03
  2.782000000000e-03
  2.776000000000e-03
  2.768000000000e-03
  2.763000000000e-03
  2.755000000000e-03
  2.750000000000e-03
  2.742000000000e-03
  2.736000000000e-03
  2.730000000000e-03
  2.722000000000e-03
  2.717000000000e-03
  2.710000000000e-03
  2.703000000000e-03
  2.697000000000e-03
  2.691000000000e-03
  2.684000000000e-03
  2.678000000000e-03
  2.671000000000e-03
  2.665000000000e-03
  2.659000000000e-03
  2.652000000000e-03
  2.646000000000e-03
  2.640000000000e-03
  2.633000000000e-03
  2.627000000000e-03
  2.621000000000e-03
  2.614000000000e-03
  2.609000000000e-03
  2.602000000000e-03
  2.596000000000e-03
  2.589000000000e-03
  2.584000000000e-03
  2.577000000000e-03
  2.571000000000e-03
  2.565000000000e-03
  2.559000000000e-03
  2.553000000000e-03
  2.546000000000e-03
  2.541000000000e-03
  2.535000000000e-03
  2.528000000000e-03
  2.522000000000e-03
  2.517000000000e-03
  2.510000000000e-03
  2.505000000000e-03
  2.498000000000e-03
  2.493000000000e-03
  2.486000000000e-03
  2.481000000000e-03
  2.474000000000e-03
  2.469000000000e-03
  2.463000000000e-03
  2.457000000000e-03
  2.451000000000e-03
  2.445000000000e-03
  2.440000000000e-03
  2.433000000000e-03
  2.428000000000e-03
  2.422000000000e-03
  2.416000000000e-03
  2.411000000000e-03
  2.404000000000e-03
  2.399000000000e-03
  2.394000000000e-03
  2.387100000000e-03
  2.381800000000e-03
  2.376100000000e-03
  2.370400000000e-03
  2.364800000000e-03
  2.359200000000e-03
  2.353500000000e-03
  2.347900000000e-03
  2.342200000000e-03
  2.336700000000e-03
  2.331100000000e-03
  2.325600000000e-03
  2.320000000000e-03
  2.314400000000e-03
  2.309000000000e-03
  2.303400000000e-03
  2.297900000000e-03
  2.292400000000e-03
  2.287000000000e-03
  2.281500000000e-03
  2.276100000000e-03
  2.270600000000e-03
  2.265200000000e-03
  2.259800000000e-03
  2.254400000000e-03
  2.249000000000e-03
  2.243600000000e-03
  2.238300000000e-03
  2.232900000000e-03
  2.227600000000e-03
  2.222300000000e-03
  2.217000000000e-03
  2.211700000000e-03
  2.206400000000e-03
  2.201200000000e-03
  2.195900000000e-03
  2.190600000000e-03
  2.185500000000e-03
  2.180200000000e-03
  2.174900000000e-03
  2.169900000000e-03
  2.164600000000e-03
  2.159400000000e-03
  2.154300000000e-03
  2.149200000000e-03
  2.144000000000e-03
  2.138900000000e-03
  2.133800000000e-03
  2.128700000000e-03
  2.123700000000e-03
  2.118500000000e-03
  2.113500000000e-03
  2.108500000000e-03
  2.103400000000e-03
  2.098400000000e-03
  2.093400000000e-03
  2.088400000000e-03
  2.083400000000e-03
  2.078400000000e-03
  2.073500000000e-03
  2.068500000000e-03
  2.063500000000e-03
  2.058700000000e-03
  2.053700000000e-03
  2.048900000000e-03
  2.043900000000e-03
  2.039100000000e-03
  2.034200000000e-03
  2.029300000000e-03
  2.024500000000e-03
  2.019700000000e-03
  2.014800000000e-03
  2.010000000000e-03
  2.005200000000e-03
  2.000500000000e-03
  1.995600000000e-03
  1.991000000000e-03
  1.986100000000e-03
  1.981400000000e-03
  1.976700000000e-03
  1.971900000000e-03
  1.967300000000e-03
  1.962500000000e-03
  1.957900000000e-03
  1.953200000000e-03
  1.948500000000e-03
  1.943900000000e-03
  1.939200000000e-03
  1.934600000000e-03
  1.930000000000e-03
  1.925400000000e-03
  1.920800000000e-03
  1.916200000000e-03
  1.911600000000e-03
  1.907100000000e-03
  1.902500000000e-03
  1.897900000000e-03
  1.893500000000e-03
  1.888900000000e-03
  1.884400000000e-03
  1.879900000000e-03
  1.875400000000e-03
  1.870900000000e-03
  1.866500000000e-03
  1.862000000000e-03
  1.857600000000e-03
  1.853100000000e-03
  1.848700000000e-03
  1.844300000000e-03
  1.839900000000e-03
  1.835500000000e-03
  1.831200000000e-03
  1.826700000000e-03
  1.822400000000e-03
  1.818000000000e-03
  1.813700000000e-03
  1.809400000000e-03
  1.805000000000e-03
  1.800800000000e-03
  1.796400000000e-03
  1.792100000000e-03
  1.787900000000e-03
  1.783600000000e-03
  1.779400000000e-03
  1.775100000000e-03
  1.770800000000e-03
  1.766600000000e-03
  1.762500000000e-03
  1.758200000000e-03
  1.754000000000e-03
  1.749800000000e-03
  1.745600000000e-03
  1.741500000000e-03
  1.737300000000e-03
  1.733200000000e-03
  1.729000000000e-03
  1.724900000000e-03
  1.720800000000e-03
  1.716700000000e-03
  1.712500000000e-03
  1.708500000000e-03
  1.704400000000e-03
  1.700400000000e-03
  1.696300000000e-03
  1.692200000000e-03
  1.688200000000e-03
  1.684200000000e-03
  1.680100000000e-03
  1.676100000000e-03
  1.672200000000e-03
  1.668100000000e-03
  1.664100000000e-03
  1.660200000000e-03
  1.656200000000e-03
  1.652300000000e-03
  1.648300000000e-03
  1.644400000000e-03
  1.640500000000e-03
  1.636500000000e-03
  1.632600000000e-03
  1.628800000000e-03
  1.624800000000e-03
  1.621000000000e-03
  1.617100000000e-03
  1.613200000000e-03
  1.609400000000e-03
  1.605500000000e-03
  1.601700000000e-03
  1.597900000000e-03
  1.594100000000e-03
  1.590300000000e-03
  1.586400000000e-03
  1.582700000000e-03
  1.578900000000e-03
  1.575200000000e-03
  1.571300000000e-03
  1.567600000000e-03
  1.563900000000e-03
  1.560200000000e-03
  1.556400000000e-03
  1.552700000000e-03
  1.549000000000e-03
  1.545300000000e-03
  1.541600000000e-03
  1.537900000000e-03
  1.534300000000e-03
  1.530600000000e-03
  1.526900000000e-03
  1.523300000000e-03
  1.519700000000e-03
  1.516000000000e-03
  1.512400000000e-03
  1.508800000000e-03
  1.505200000000e-03
  1.501600000000e-03
  1.498000000000e-03
  1.494500000000e-03
  1.490900000000e-03
  1.487300000000e-03
  1.483700000000e-03
  1.480300000000e-03
  1.476700000000e-03
  1.473100000000e-03
  1.469700000000e-03
  1.466100000000e-03
  1.462600000000e-03
  1.459200000000e-03
  1.455600000000e-03
  1.452200000000e-03
  1.448800000000e-03
  1.445200000000e-03
  1.441800000000e-03
  1.438400000000e-03
  1.434900000000e-03
  1.431500000000e-03
  1.428100000000e-03
  1.424700000000e-03
  1.421300000000e-03
  1.417900000000e-03
  1.414500000000e-03
  1.411100000000e-03
  1.407800000000e-03
  1.404400000000e-03
  1.401000000000e-03
  1.397700000000e-03
  1.394400000000e-03
  1.391000000000e-03
  1.387700000000e-03
  1.384400000000e-03
  1.381100000000e-03
  1.377800000000e-03
  1.374500000000e-03
  1.371200000000e-03
  1.368000000000e-03
  1.364600000000e-03
  1.361500000000e-03
  1.358100000000e-03
  1.355000000000e-03
  1.351700000000e-03
  1.348400000000e-03
  1.345300000000e-03
  1.342000000000e-03
  1.338900000000e-03
  1.335600000000e-03
  1.332500000000e-03
  1.329200000000e-03
  1.326100000000e-03
  1.323000000000e-03
  1.319700000000e-03
  1.316700000000e-03
  1.313400000000e-03
  1.310400000000e-03
  1.307200000000e-03
  1.304100000000e-03
  1.301000000000e-03
  1.297800000000e-03
  1.294800000000e-03
  1.291700000000e-03
  1.288600000000e-03
  1.285500000000e-03
  1.282500000000e-03
  1.279400000000e-03
  1.276300000000e-03
  1.273300000000e-03
  1.270300000000e-03
  1.267200000000e-03
  1.264200000000e-03
  1.261100000000e-03
  1.258200000000e-03
  1.255200000000e-03
  1.252100000000e-03
  1.249200000000e-03
  1.246200000000e-03
  1.243200000000e-03
  1.240300000000e-03
  1.237200000000e-03
  1.234400000000e-03
  1.231400000000e-03
  1.228400000000e-03
  1.225500000000e-03
  1.222600000000e-03
  1.219700000000e-03
  1.216700000000e-03
  1.213900000000e-03
  1.211000000000e-03
  1.208000000000e-03
  1.205200000000e-03
  1.202300000000e-03
  1.199400000000e-03
  1.196600000000e-03
  3.182600000000e-03
  1.478130000000e-02
  1.218600000000e-03
  1.337010000000e-02
  1.295400000000e-03
  3.637900000000e-03
  1.431000000000e-04
  1.564470000000e-02
  2.094100000000e-03
  2.403100000000e-03
  1.982600000000e-03
  1.267260000000e-02
  1.148800000000e-03
  1.525500000000e-02
  1.265300000000e-03
  1.378590000000e-02
  7.233000000000e-04
  1.504090000000e-02
  1.284000000000e-04
  3.744600000000e-03
  3.095800000000e-03
  4.683400000000e-03
  3.063600000000e-03
  3.720500000000e-03
  3.244500000000e-03
  3.874100000000e-03
  3.188600000000e-03
  1.168000000000e-02
  9.537000000000e-04
  8.558000000000e-04
  1.168900000000e-02
  1.662000000001e-04
  2.122000000000e-04
  9.046000000000e-04
  7.781800000000e-03
  1.205000000000e-04
  1.550500000000e-03
  1.583700000000e-03
  1.437900000000e-03
  1.931400000000e-03
  8.492100000000e-03
  2.466000000000e-04
  1.325600000000e-03
  1.081260000000e-02
  3.882000000000e-04
  3.348000000000e-04
  7.091400000000e-03
  4.001600000000e-03
  2.161100000000e-03
  4.585100000000e-03
  6.372000000000e-04
  3.284000000000e-03
  1.029000000000e-04
  3.568000000000e-04
  9.798400000000e-03
  9.628700000000e-03
  1.468000000000e-04
  8.910000000001e-05
  1.233800000000e-03
  2.473000000000e-03
  5.779400000000e-03
  1.050000000000e-04
  1.168000000000e-04
  8.900400000000e-03
  6.523700000000e-03
  1.959400000000e-03
  2.891000000000e-04
  6.358000000000e-04
  1.594600000000e-03
  6.205300000000e-03
  1.410000000000e-04
  7.971100000000e-03
  7.611800000000e-03
  1.890000000000e-04
  5.364100000000e-03
  2.137400000000e-03
  1.069800000000e-03
  3.974100000000e-03
  1.532500000000e-03
  6.374000000000e-04
  5.519999999998e-05
  5.055800000000e-03
  1.826000000000e-03
  2.523100000000e-03
  1.512200000000e-03
  1.021100000000e-03
  7.703000000000e-04
  8.442000000000e-04
  6.294300000000e-03
  8.460000000002e-05
  3.599999999998e-05
  6.168900000000e-03
  5.932100000000e-03
  5.704600000000e-03
  3.167200000000e-03
  4.935000000000e-04
  5.968000000000e-04
  3.842000000000e-04
  8.440000000000e-04
  2.300400000000e-03
  2.974900000000e-03
  1.493000000000e-03
  6.382000000000e-04
  8.693000000000e-04
  2.072400000000e-03
  3.268800000000e-03
  1.260500000000e-03
  2.309000000000e-04
  1.180000000000e-04
  4.691100000000e-03
  4.511200000000e-03
  5.270000000000e-05
  4.285300000000e-03
  4.132200000000e-03
  3.939999999999e-05
  3.888900000000e-03
  6.540000000001e-05
  5.730000000001e-05
  3.857720000000e-03
  7.048000000000e-05
  3.639200000000e-03
  3.494890000000e-03
  2.784000000000e-05
  4.463000000000e-05
  3.430500000000e-03
  2.122790000000e-03
  8.524200000000e-04
  3.236800000000e-04
  1.530510000000e-03
  1.538300000000e-03
  3.414000000000e-05
  5.187000000001e-05
  1.751000000000e-05
  3.021150000000e-03
  2.947000000000e-05
  9.823400000000e-04
  1.060000000000e-03
  8.912400000000e-04
  2.821040000000e-03
  2.712810000000e-03
  2.608730000000e-03
  2.508650000000e-03
  2.412410000000e-03
  2.285300000000e-03
  1.304999999999e-05
  2.150000000000e-05
  2.230850000000e-03
  2.145270000000e-03
  2.004760000000e-03
  2.584000000000e-05
  3.236000000000e-05
  1.983820000000e-03
  1.907710000000e-03
  1.804140000000e-03
  1.784000000001e-05
  1.253000000000e-05
  1.764140000000e-03
  1.696460000000e-03
  1.631370000000e-03
  1.568790000000e-03
  1.508600000000e-03
  1.450720000000e-03
  1.395060000000e-03
  1.341540000000e-03
  1.290080000000e-03
  1.240580000000e-03
  1.192990000000e-03
  1.147220000000e-03
  1.103200000000e-03
  4.287900000000e-04
  6.320900000000e-04
  4.542900000000e-04
  3.782400000000e-04
  1.876500000000e-04
  9.810400000000e-04
  9.434000000000e-04
  8.912900000000e-04
  1.592000000000e-05
  8.724100000000e-04
  8.389300000000e-04
  8.067500000000e-04
  7.758000000000e-04
  7.460400000000e-04
  7.174100000000e-04
  6.898900000000e-04
  6.634200000000e-04
  6.379700000000e-04
  6.135000000000e-04
  5.899500000000e-04
  5.673300000000e-04
  5.455600000000e-04
  5.246200000000e-04
  5.045100000000e-04
  4.851400000000e-04
  4.665400000000e-04
  4.486300000000e-04
  1.196000000000e-05
  4.194600000000e-04
  4.148800000000e-04
  3.989500000000e-04
  1.000000000000e-02
