1601
  1.418305000000e+01
  1.414919000000e+01
  1.411541000000e+01
  1.408171000000e+01
  1.404809000000e+01
  1.401455000000e+01
  1.398109000000e+01
  1.394771000000e+01
  1.391441000000e+01
  1.388119000000e+01
  1.384805000000e+01
  1.381499000000e+01
  1.378201000000e+01
  1.374911000000e+01
  1.371628500000e+01
  1.368353500000e+01
  1.365086500000e+01
  1.361827500000e+01
  1.358576500000e+01
  1.355333000000e+01
  1.352097000000e+01
  1.348869000000e+01
  1.345649000000e+01
  1.342436500000e+01
  1.339231500000e+01
  1.336034000000e+01
  1.332844000000e+01
  1.329662000000e+01
  1.326487500000e+01
  1.323320500000e+01
  1.320161500000e+01
  1.317010000000e+01
  1.313865500000e+01
  1.310728500000e+01
  1.307599500000e+01
  1.304478000000e+01
  1.301363500000e+01
  1.298256500000e+01
  1.295157000000e+01
  1.292065000000e+01
  1.288980500000e+01
  1.285903000000e+01
  1.282833000000e+01
  1.279770500000e+01
  1.276715000000e+01
  1.273667000000e+01
  1.270626000000e+01
  1.267592000000e+01
  1.264566000000e+01
  1.261547000000e+01
  1.258535000000e+01
  1.255530500000e+01
  1.252533000000e+01
  1.249542500000e+01
  1.246559500000e+01
  1.243583500000e+01
  1.240614500000e+01
  1.237653000000e+01
  1.234698000000e+01
  1.231750000000e+01
  1.228809500000e+01
  1.225876000000e+01
  1.222949000000e+01
  1.220029000000e+01
  1.217116500000e+01
  1.214211000000e+01
  1.211312000000e+01
  1.208420000000e+01
  1.205535000000e+01
  1.202657000000e+01
  1.199786000000e+01
  1.196921500000e+01
  1.194064000000e+01
  1.191213000000e+01
  1.188369000000e+01
  1.185532000000e+01
  1.182701500000e+01
  1.179878000000e+01
  1.177061000000e+01
  1.174251000000e+01
  1.171448000000e+01
  1.168651000000e+01
  1.165860500000e+01
  1.163077000000e+01
  1.160300500000e+01
  1.157530500000e+01
  1.154767000000e+01
  1.152010000000e+01
  1.149259500000e+01
  1.146516000000e+01
  1.143779000000e+01
  1.141048000000e+01
  1.138323500000e+01
  1.135606000000e+01
  1.132895000000e+01
  1.130190500000e+01
  1.127492500000e+01
  1.124800500000e+01
  1.122115000000e+01
  1.119436000000e+01
  1.116763500000e+01
  1.114097500000e+01
  1.111437500000e+01
  1.108784000000e+01
  1.106137000000e+01
  1.103496000000e+01
  1.100861500000e+01
  1.098233500000e+01
  1.095611500000e+01
  1.092995500000e+01
  1.090386000000e+01
  1.087783000000e+01
  1.085186000000e+01
  1.082595000000e+01
  1.080010500000e+01
  1.077432000000e+01
  1.074859500000e+01
  1.072293500000e+01
  1.069733500000e+01
  1.067179500000e+01
  1.064632000000e+01
  1.062090500000e+01
  1.059554500000e+01
  1.057025000000e+01
  1.054501500000e+01
  1.051984000000e+01
  1.049472500000e+01
  1.046966500000e+01
  1.044467000000e+01
  1.041973500000e+01
  1.039486000000e+01
  1.037004500000e+01
  1.034528500000e+01
  1.032058500000e+01
  1.029594500000e+01
  1.027136500000e+01
  1.024684500000e+01
  1.022238000000e+01
  1.019797500000e+01
  1.017363000000e+01
  1.014934000000e+01
  1.012511000000e+01
  1.010093500000e+01
  1.007682000000e+01
  1.005276500000e+01
  1.002876500000e+01
  1.000482150000e+01
  9.980934000000e+00
  9.957105000000e+00
  9.933333500000e+00
  9.909618500000e+00
  9.885960000000e+00
  9.862358000000e+00
  9.838812500000e+00
  9.815323000000e+00
  9.791889500000e+00
  9.768512500000e+00
  9.745191000000e+00
  9.721925000000e+00
  9.698714500000e+00
  9.675559500000e+00
  9.652460000000e+00
  9.629415500000e+00
  9.606426000000e+00
  9.583491500000e+00
  9.560611500000e+00
  9.537786000000e+00
  9.515015500000e+00
  9.492299000000e+00
  9.469636500000e+00
  9.447028500000e+00
  9.424474500000e+00
  9.401974500000e+00
  9.379528000000e+00
  9.357135000000e+00
  9.334795500000e+00
  9.312509500000e+00
  9.290277000000e+00
  9.268097000000e+00
  9.245970000000e+00
  9.223896000000e+00
  9.201874500000e+00
  9.179906000000e+00
  9.157989500000e+00
  9.136125500000e+00
  9.114314000000e+00
  9.092554000000e+00
  9.070846000000e+00
  9.049190000000e+00
  9.027586000000e+00
  9.006033500000e+00
  8.984532000000e+00
  8.963082000000e+00
  8.941683500000e+00
  8.920336000000e+00
  8.899039500000e+00
  8.877793500000e+00
  8.856598500000e+00
  8.835454500000e+00
  8.814360500000e+00
  8.793316500000e+00
  8.772323000000e+00
  8.751380000000e+00
  8.730487000000e+00
  8.709643500000e+00
  8.688849500000e+00
  8.668105500000e+00
  8.647411000000e+00
  8.626766000000e+00
  8.606170500000e+00
  8.585624000000e+00
  8.565126500000e+00
  8.544678000000e+00
  8.524278000000e+00
  8.503927000000e+00
  8.483624500000e+00
  8.463370500000e+00
  8.443165000000e+00
  8.423007500000e+00
  8.402898500000e+00
  8.382837000000e+00
  8.362823500000e+00
  8.342858000000e+00
  8.322940000000e+00
  8.303069500000e+00
  8.283246500000e+00
  8.263471000000e+00
  8.243742500000e+00
  8.224061000000e+00
  8.204427000000e+00
  8.184840000000e+00
  8.165299000000e+00
  8.145804500000e+00
  8.126357000000e+00
  8.106956000000e+00
  8.087601500000e+00
  8.068293000000e+00
  8.049030500000e+00
  8.029814000000e+00
  8.010643500000e+00
  7.991519000000e+00
  7.972439500000e+00
  7.953406000000e+00
  7.934418000000e+00
  7.915475000000e+00
  7.896577500000e+00
  7.877725000000e+00
  7.858917500000e+00
  7.840155000000e+00
  7.821437500000e+00
  7.802764500000e+00
  7.784136000000e+00
  7.765552000000e+00
  7.747012000000e+00
  7.728516500000e+00
  7.710065500000e+00
  7.691658500000e+00
  7.673295000000e+00
  7.654975500000e+00
  7.636700000000e+00
  7.618468000000e+00
  7.600279500000e+00
  7.582134000000e+00
  7.564032000000e+00
  7.545973500000e+00
  7.527958000000e+00
  7.509986000000e+00
  7.492056500000e+00
  7.474169500000e+00
  7.456325500000e+00
  7.438524000000e+00
  7.420765500000e+00
  7.403049000000e+00
  7.385374500000e+00
  7.367742500000e+00
  7.350152500000e+00
  7.332604500000e+00
  7.315098500000e+00
  7.297634500000e+00
  7.280212000000e+00
  7.262831000000e+00
  7.245491500000e+00
  7.228193500000e+00
  7.210937000000e+00
  7.193721500000e+00
  7.176547000000e+00
  7.159413500000e+00
  7.142321000000e+00
  7.125269000000e+00
  7.108258000000e+00
  7.091288000000e+00
  7.074358000000e+00
  7.057468500000e+00
  7.040619500000e+00
  7.023810500000e+00
  7.007041500000e+00
  6.990312500000e+00
  6.973623500000e+00
  6.956974500000e+00
  6.940365500000e+00
  6.923796000000e+00
  6.907266000000e+00
  6.890775500000e+00
  6.874324000000e+00
  6.857912000000e+00
  6.841539500000e+00
  6.825206000000e+00
  6.808911000000e+00
  6.792655000000e+00
  6.776438500000e+00
  6.760260500000e+00
  6.744120500000e+00
  6.728019500000e+00
  6.711957000000e+00
  6.695932500000e+00
  6.679946500000e+00
  6.663998500000e+00
  6.648088500000e+00
  6.632217000000e+00
  6.616383500000e+00
  6.600587000000e+00
  6.584828500000e+00
  6.569108000000e+00
  6.553424500000e+00
  6.537778500000e+00
  6.522170000000e+00
  6.506599000000e+00
  6.491065000000e+00
  6.475568000000e+00
  6.460108500000e+00
  6.444685500000e+00
  6.429299000000e+00
  6.413949500000e+00
  6.398637000000e+00
  6.383361000000e+00
  6.368121000000e+00
  6.352917500000e+00
  6.337750500000e+00
  6.322619500000e+00
  6.307524500000e+00
  6.292466000000e+00
  6.277443500000e+00
  6.262456500000e+00
  6.247505000000e+00
  6.232589500000e+00
  6.217710000000e+00
  6.202865500000e+00
  6.188056500000e+00
  6.173283000000e+00
  6.158545000000e+00
  6.143842000000e+00
  6.129174000000e+00
  6.114541000000e+00
  6.099943000000e+00
  6.085380000000e+00
  6.070851500000e+00
  6.056358000000e+00
  6.041899000000e+00
  6.027474000000e+00
  6.013083500000e+00
  5.998728000000e+00
  5.984406500000e+00
  5.970119000000e+00
  5.955866000000e+00
  5.941647000000e+00
  5.927462000000e+00
  5.913310500000e+00
  5.899192500000e+00
  5.885108500000e+00
  5.871058500000e+00
  5.857042000000e+00
  5.843058500000e+00
  5.829108500000e+00
  5.815192000000e+00
  5.801309000000e+00
  5.787459000000e+00
  5.773641500000e+00
  5.759857500000e+00
  5.746106500000e+00
  5.732388000000e+00
  5.718702500000e+00
  5.705049500000e+00
  5.691429000000e+00
  5.677841000000e+00
  5.664285500000e+00
  5.650762500000e+00
  5.637272000000e+00
  5.623813500000e+00
  5.610387000000e+00
  5.596992500000e+00
  5.583630000000e+00
  5.570299500000e+00
  5.557001000000e+00
  5.543734500000e+00
  5.530499000000e+00
  5.517295000000e+00
  5.504123000000e+00
  5.490982500000e+00
  5.477873000000e+00
  5.464795000000e+00
  5.451748500000e+00
  5.438733000000e+00
  5.425748500000e+00
  5.412795000000e+00
  5.399872000000e+00
  5.386980000000e+00
  5.374119000000e+00
  5.361288500000e+00
  5.348489000000e+00
  5.335720000000e+00
  5.322981500000e+00
  5.310273500000e+00
  5.297595500000e+00
  5.284948000000e+00
  5.272330500000e+00
  5.259743000000e+00
  5.247186000000e+00
  5.234658500000e+00
  5.222161000000e+00
  5.209693500000e+00
  5.197256000000e+00
  5.184848000000e+00
  5.172469500000e+00
  5.160121000000e+00
  5.147801500000e+00
  5.135511500000e+00
  5.123251000000e+00
  5.111019500000e+00
  5.098817000000e+00
  5.086644000000e+00
  5.074500000000e+00
  5.062385000000e+00
  5.050299000000e+00
  5.038241500000e+00
  5.026213000000e+00
  5.014213500000e+00
  5.002242500000e+00
  4.990300000000e+00
  4.978386000000e+00
  4.966500500000e+00
  4.954643500000e+00
  4.942814500000e+00
  4.931014000000e+00
  4.919242000000e+00
  4.907497500000e+00
  4.895781000000e+00
  4.884093000000e+00
  4.872432500000e+00
  4.860800000000e+00
  4.849195500000e+00
  4.837618000000e+00
  4.826068500000e+00
  4.814547000000e+00
  4.803052500000e+00
  4.791585500000e+00
  4.780146000000e+00
  4.768733500000e+00
  4.757348500000e+00
  4.745991000000e+00
  4.734660500000e+00
  4.723356500000e+00
  4.712079500000e+00
  4.700830000000e+00
  4.689607500000e+00
  4.678411500000e+00
  4.667242000000e+00
  4.656099000000e+00
  4.644983000000e+00
  4.633893500000e+00
  4.622830500000e+00
  4.611794000000e+00
  4.600783500000e+00
  4.589799500000e+00
  4.578841500000e+00
  4.567910000000e+00
  4.557004500000e+00
  4.546125000000e+00
  4.535271500000e+00
  4.524444000000e+00
  4.513642500000e+00
  4.502866500000e+00
  4.492116000000e+00
  4.481391000000e+00
  4.470692000000e+00
  4.460019000000e+00
  4.449371000000e+00
  4.438748500000e+00
  4.428151500000e+00
  4.417579500000e+00
  4.407033000000e+00
  4.396511500000e+00
  4.386015000000e+00
  4.375543500000e+00
  4.365097500000e+00
  4.354676500000e+00
  4.344280000000e+00
  4.333908000000e+00
  4.323561000000e+00
  4.313239000000e+00
  4.302941500000e+00
  4.292668500000e+00
  4.282420000000e+00
  4.272196000000e+00
  4.261996500000e+00
  4.251821500000e+00
  4.241670500000e+00
  4.231544000000e+00
  4.221441500000e+00
  4.211363000000e+00
  4.201308500000e+00
  4.191278000000e+00
  4.181272000000e+00
  4.171289500000e+00
  4.161331000000e+00
  4.151396500000e+00
  4.141485000000e+00
  4.131597500000e+00
  4.121733500000e+00
  4.111893000000e+00
  4.102076500000e+00
  4.092283000000e+00
  4.082513000000e+00
  4.072766500000e+00
  4.063043000000e+00
  4.053342500000e+00
  4.043665500000e+00
  4.034011500000e+00
  4.024380500000e+00
  4.014773000000e+00
  4.005188000000e+00
  3.995626000000e+00
  3.986087000000e+00
  3.976570500000e+00
  3.967076500000e+00
  3.957605000000e+00
  3.948156500000e+00
  3.938731000000e+00
  3.929327500000e+00
  3.919946500000e+00
  3.910588000000e+00
  3.901251500000e+00
  3.891937500000e+00
  3.882646000000e+00
  3.873376500000e+00
  3.864129000000e+00
  3.854904000000e+00
  3.845700500000e+00
  3.836519000000e+00
  3.827360000000e+00
  3.818222500000e+00
  3.809106500000e+00
  3.800012500000e+00
  3.790940500000e+00
  3.781890000000e+00
  3.772861000000e+00
  3.763853500000e+00
  3.754867500000e+00
  3.745903000000e+00
  3.736960000000e+00
  3.728038500000e+00
  3.719138000000e+00
  3.710258500000e+00
  3.701400500000e+00
  3.692564000000e+00
  3.683748500000e+00
  3.674953500000e+00
  3.666179500000e+00
  3.657427000000e+00
  3.648695500000e+00
  3.639984500000e+00
  3.631294000000e+00
  3.622624500000e+00
  3.613976000000e+00
  3.605348000000e+00
  3.596740500000e+00
  3.588153500000e+00
  3.579587000000e+00
  3.571041000000e+00
  3.562515500000e+00
  3.554010500000e+00
  3.545525500000e+00
  3.537060500000e+00
  3.528616000000e+00
  3.520192000000e+00
  3.511788000000e+00
  3.503403500000e+00
  3.495039000000e+00
  3.486695000000e+00
  3.478371000000e+00
  3.470067000000e+00
  3.461782500000e+00
  3.453517500000e+00
  3.445272500000e+00
  3.437047000000e+00
  3.428841500000e+00
  3.420655500000e+00
  3.412488500000e+00
  3.404341500000e+00
  3.396214000000e+00
  3.388106000000e+00
  3.380017000000e+00
  3.371947500000e+00
  3.363897500000e+00
  3.355866500000e+00
  3.347854500000e+00
  3.339861500000e+00
  3.331888000000e+00
  3.323933500000e+00
  3.315998000000e+00
  3.308081000000e+00
  3.300183000000e+00
  3.292304500000e+00
  3.284444500000e+00
  3.276603000000e+00
  3.268780500000e+00
  3.260976500000e+00
  3.253191000000e+00
  3.245424000000e+00
  3.237675500000e+00
  3.229946000000e+00
  3.222235000000e+00
  3.214542000000e+00
  3.206867500000e+00
  3.199211500000e+00
  3.191573500000e+00
  3.183954000000e+00
  3.176352500000e+00
  3.168769000000e+00
  3.161204000000e+00
  3.153657000000e+00
  3.146128000000e+00
  3.138617000000e+00
  3.131123500000e+00
  3.123648000000e+00
  3.116190500000e+00
  3.108751000000e+00
  3.101329500000e+00
  3.093925000000e+00
  3.086538500000e+00
  3.079169500000e+00
  3.071818000000e+00
  3.064484500000e+00
  3.057168500000e+00
  3.049870000000e+00
  3.042588500000e+00
  3.035324500000e+00
  3.028078000000e+00
  3.020848500000e+00
  3.013636500000e+00
  3.006441500000e+00
  2.999263500000e+00
  2.992103000000e+00
  2.984959500000e+00
  2.977833500000e+00
  2.970724500000e+00
  2.963632000000e+00
  2.956556500000e+00
  2.949498000000e+00
  2.942456000000e+00
  2.935431000000e+00
  2.928423000000e+00
  2.921431500000e+00
  2.914457000000e+00
  2.907499000000e+00
  2.900557500000e+00
  2.893632500000e+00
  2.886724000000e+00
  2.879832500000e+00
  2.872957500000e+00
  2.866098500000e+00
  2.859255500000e+00
  2.852429000000e+00
  2.845619000000e+00
  2.838825500000e+00
  2.832048500000e+00
  2.825287000000e+00
  2.818541500000e+00
  2.811812500000e+00
  2.805099500000e+00
  2.798402500000e+00
  2.791721500000e+00
  2.785056500000e+00
  2.778407500000e+00
  2.771774500000e+00
  2.765157000000e+00
  2.758555500000e+00
  2.751970000000e+00
  2.745399500000e+00
  2.738845000000e+00
  2.732306500000e+00
  2.725783000000e+00
  2.719275500000e+00
  2.712783500000e+00
  2.706306500000e+00
  2.699845500000e+00
  2.693400000000e+00
  2.686969500000e+00
  2.680554500000e+00
  2.674155000000e+00
  2.667771000000e+00
  2.661402000000e+00
  2.655048000000e+00
  2.648709500000e+00
  2.642386000000e+00
  2.636077500000e+00
  2.629784000000e+00
  2.623505500000e+00
  2.617242000000e+00
  2.610993500000e+00
  2.604760000000e+00
  2.598541500000e+00
  2.592337500000e+00
  2.586148500000e+00
  2.579974500000e+00
  2.573815000000e+00
  2.567670000000e+00
  2.561539500000e+00
  2.555424000000e+00
  2.549323500000e+00
  2.543237500000e+00
  2.537165500000e+00
  2.531108000000e+00
  2.525065000000e+00
  2.519036500000e+00
  2.513022500000e+00
  2.507023000000e+00
  2.501038000000e+00
  2.495067000000e+00
  2.489110000000e+00
  2.483167500000e+00
  2.477239000000e+00
  2.471324500000e+00
  2.465424500000e+00
  2.459538500000e+00
  2.453666500000e+00
  2.447808500000e+00
  2.441964500000e+00
  2.436134500000e+00
  2.430318500000e+00
  2.424516500000e+00
  2.418728000000e+00
  2.412953500000e+00
  2.407193000000e+00
  2.401446000000e+00
  2.395712500000e+00
  2.389993000000e+00
  2.384287500000e+00
  2.378595000000e+00
  2.372916000000e+00
  2.367251000000e+00
  2.361599500000e+00
  2.355961000000e+00
  2.350336500000e+00
  2.344725500000e+00
  2.339127500000e+00
  2.333543000000e+00
  2.327972000000e+00
  2.322414000000e+00
  2.316869000000e+00
  2.311338000000e+00
  2.305820000000e+00
  2.300315000000e+00
  2.294823000000e+00
  2.289344000000e+00
  2.283878500000e+00
  2.278426000000e+00
  2.272986500000e+00
  2.267560000000e+00
  2.262146500000e+00
  2.256745500000e+00
  2.251357500000e+00
  2.245983000000e+00
  2.240621000000e+00
  2.235271500000e+00
  2.229935000000e+00
  2.224611000000e+00
  2.219300000000e+00
  2.214002000000e+00
  2.208716000000e+00
  2.203442500000e+00
  2.198182000000e+00
  2.192934000000e+00
  2.187698500000e+00
  2.182475500000e+00
  2.177265000000e+00
  2.172067000000e+00
  2.166881500000e+00
  2.161708500000e+00
  2.156547500000e+00
  2.151399000000e+00
  2.146262500000e+00
  2.141138000000e+00
  2.136026500000e+00
  2.130927000000e+00
  2.125839500000e+00
  2.120764500000e+00
  2.115701500000e+00
  2.110650500000e+00
  2.105611500000e+00
  2.100584500000e+00
  2.095569500000e+00
  2.090566500000e+00
  2.085575000000e+00
  2.080595500000e+00
  2.075628500000e+00
  2.070673000000e+00
  2.065729500000e+00
  2.060798000000e+00
  2.055878000000e+00
  2.050969500000e+00
  2.046073000000e+00
  2.041188500000e+00
  2.036315000000e+00
  2.031453500000e+00
  2.026604000000e+00
  2.021765500000e+00
  2.016938500000e+00
  2.012123000000e+00
  2.007319000000e+00
  2.002527000000e+00
  1.997746500000e+00
  1.992977000000e+00
  1.988218500000e+00
  1.983471500000e+00
  1.978736500000e+00
  1.974012500000e+00
  1.969299500000e+00
  1.964598000000e+00
  1.959907500000e+00
  1.955228500000e+00
  1.950560500000e+00
  1.945903500000e+00
  1.941258000000e+00
  1.936623500000e+00
  1.932000000000e+00
  1.927387500000e+00
  1.922786000000e+00
  1.918195500000e+00
  1.913616000000e+00
  1.909047500000e+00
  1.904489500000e+00
  1.899942500000e+00
  1.895407000000e+00
  1.890882000000e+00
  1.886367500000e+00
  1.881864000000e+00
  1.877371000000e+00
  1.872889000000e+00
  1.868418000000e+00
  1.863957000000e+00
  1.859506500000e+00
  1.855067000000e+00
  1.850638500000e+00
  1.846220500000e+00
  1.841812500000e+00
  1.837415000000e+00
  1.833028500000e+00
  1.828652500000e+00
  1.824286500000e+00
  1.819931000000e+00
  1.815586500000e+00
  1.811252000000e+00
  1.806927500000e+00
  1.802613500000e+00
  1.798310000000e+00
  1.794017000000e+00
  1.789734000000e+00
  1.785461000000e+00
  1.781198000000e+00
  1.776945500000e+00
  1.772703500000e+00
  1.768471500000e+00
  1.764249500000e+00
  1.760037500000e+00
  1.755835500000e+00
  1.751643500000e+00
  1.747461500000e+00
  1.743289500000e+00
  1.739127500000e+00
  1.734975500000e+00
  1.730833500000e+00
  1.726701000000e+00
  1.722578500000e+00
  1.718466000000e+00
  1.714363500000e+00
  1.710270500000e+00
  1.706187000000e+00
  1.702114000000e+00
  1.698050500000e+00
  1.693996500000e+00
  1.689952000000e+00
  1.685917500000e+00
  1.681892500000e+00
  1.677877000000e+00
  1.673871500000e+00
  1.669875000000e+00
  1.665888000000e+00
  1.661911000000e+00
  1.657943500000e+00
  1.653985000000e+00
  1.650036000000e+00
  1.646097000000e+00
  1.642167500000e+00
  1.638247000000e+00
  1.634335500000e+00
  1.630433500000e+00
  1.626541000000e+00
  1.622658000000e+00
  1.618784000000e+00
  1.614919000000e+00
  1.611063500000e+00
  1.607217000000e+00
  1.603380000000e+00
  1.599552500000e+00
  1.595733500000e+00
  1.591923500000e+00
  1.588123000000e+00
  1.584331500000e+00
  1.580549000000e+00
  1.576775500000e+00
  1.573011000000e+00
  1.569255500000e+00
  1.565509000000e+00
  1.561771500000e+00
  1.558043000000e+00
  1.554323500000e+00
  1.550613000000e+00
  1.546911000000e+00
  1.543217500000e+00
  1.539533000000e+00
  1.535857500000e+00
  1.532191000000e+00
  1.528533000000e+00
  1.524883500000e+00
  1.521243000000e+00
  1.517611500000e+00
  1.513988500000e+00
  1.510374000000e+00
  1.506768000000e+00
  1.503170500000e+00
  1.499582000000e+00
  1.496002000000e+00
  1.492430000000e+00
  1.488867000000e+00
  1.485312500000e+00
  1.481766000000e+00
  1.478228500000e+00
  1.474699500000e+00
  1.471179000000e+00
  1.467666500000e+00
  1.464162500000e+00
  1.460667000000e+00
  1.457179500000e+00
  1.453701000000e+00
  1.450230500000e+00
  1.446768000000e+00
  1.443314000000e+00
  1.439868000000e+00
  1.436430500000e+00
  1.433001500000e+00
  1.429580000000e+00
  1.426167000000e+00
  1.422762500000e+00
  1.419365500000e+00
  1.415976500000e+00
  1.412596000000e+00
  1.409224000000e+00
  1.405859500000e+00
  1.402503000000e+00
  1.399154500000e+00
  1.395814000000e+00
  1.392482000000e+00
  1.389157500000e+00
  1.385841000000e+00
  1.382532500000e+00
  1.379231500000e+00
  1.375938500000e+00
  1.372653500000e+00
  1.369376500000e+00
  1.366107500000e+00
  1.362846000000e+00
  1.359592000000e+00
  1.356346000000e+00
  1.353108000000e+00
  1.349877500000e+00
  1.346655000000e+00
  1.343440000000e+00
  1.340232500000e+00
  1.337033000000e+00
  1.333841000000e+00
  1.330656500000e+00
  1.327479500000e+00
  1.324310500000e+00
  1.321149000000e+00
  1.317994500000e+00
  1.314847500000e+00
  1.311708500000e+00
  1.308577000000e+00
  1.305453000000e+00
  1.302336500000e+00
  1.299227000000e+00
  1.296125000000e+00
  1.293031000000e+00
  1.289944000000e+00
  1.286864000000e+00
  1.283792000000e+00
  1.280727000000e+00
  1.277669000000e+00
  1.274619000000e+00
  1.271576000000e+00
  1.268540000000e+00
  1.265511500000e+00
  1.262490500000e+00
  1.259476500000e+00
  1.256469500000e+00
  1.253470000000e+00
  1.250477500000e+00
  1.247492000000e+00
  1.244513500000e+00
  1.241542000000e+00
  1.238578000000e+00
  1.235621000000e+00
  1.232671000000e+00
  1.229728500000e+00
  1.226792500000e+00
  1.223863500000e+00
  1.220941500000e+00
  1.218026500000e+00
  1.215118500000e+00
  1.212217500000e+00
  1.209323500000e+00
  1.206436500000e+00
  1.203556500000e+00
  1.200683000000e+00
  1.197816500000e+00
  1.194956500000e+00
  1.192103500000e+00
  1.189257500000e+00
  1.186418000000e+00
  1.183585500000e+00
  1.180760000000e+00
  1.177941000000e+00
  1.175129000000e+00
  1.172323500000e+00
  1.169524500000e+00
  1.166732500000e+00
  1.163947000000e+00
  1.161168000000e+00
  1.158396000000e+00
  1.155630500000e+00
  1.152871500000e+00
  1.150119000000e+00
  1.147373000000e+00
  1.144634000000e+00
  1.141901000000e+00
  1.139175000000e+00
  1.136455500000e+00
  1.133742000000e+00
  1.131035500000e+00
  1.128335500000e+00
  1.125641500000e+00
  1.122954000000e+00
  1.120273000000e+00
  1.117598500000e+00
  1.114930500000e+00
  1.112268500000e+00
  1.109613000000e+00
  1.106964000000e+00
  1.104321000000e+00
  1.101684500000e+00
  1.099054500000e+00
  1.096430500000e+00
  1.093813000000e+00
  1.091201500000e+00
  1.088596000000e+00
  1.085997000000e+00
  1.083404500000e+00
  1.080818000000e+00
  1.078237500000e+00
  1.075663500000e+00
  1.073095500000e+00
  1.070533500000e+00
  1.067977500000e+00
  1.065428000000e+00
  1.062884500000e+00
  1.060346500000e+00
  1.057815000000e+00
  1.055290000000e+00
  1.052770500000e+00
  1.050257000000e+00
  1.047749500000e+00
  1.045248000000e+00
  1.042752500000e+00
  1.040263000000e+00
  1.037779500000e+00
  1.035302000000e+00
  1.032830500000e+00
  1.030364500000e+00
  1.027904500000e+00
  1.025450500000e+00
  1.023002500000e+00
  1.020560000000e+00
  1.018123500000e+00
  1.015693000000e+00
  1.013268000000e+00
  1.010849000000e+00
  1.008435500000e+00
  1.006028000000e+00
  1.003626500000e+00
  1.001230000000e+00
  9.988394500000e-01
  9.964550000000e-01
  9.940760500000e-01
  9.917028000000e-01
  9.893352000000e-01
  9.869732000000e-01
  9.846168500000e-01
  9.822661500000e-01
  9.799211000000e-01
  9.775816500000e-01
  9.752477500000e-01
  9.729194000000e-01
  9.705966000000e-01
  9.682794000000e-01
  9.659677000000e-01
  9.636615000000e-01
  9.613608500000e-01
  9.590657000000e-01
  9.567760000000e-01
  9.544917500000e-01
  9.522129500000e-01
  9.499396000000e-01
  9.476717000000e-01
  9.454092000000e-01
  9.431521000000e-01
  9.409004000000e-01
  9.386541000000e-01
  9.364131500000e-01
  9.341775500000e-01
  9.319473000000e-01
  9.297223500000e-01
  9.275027000000e-01
  9.252883500000e-01
  9.230793000000e-01
  9.208755000000e-01
  9.186769500000e-01
  9.164837000000e-01
  9.142956500000e-01
  9.121128000000e-01
  9.099352500000e-01
  9.077628500000e-01
  9.055956000000e-01
  9.034336000000e-01
  9.012767500000e-01
  8.991250000000e-01
  8.969784000000e-01
  8.948369500000e-01
  8.927006000000e-01
  8.905693500000e-01
  8.884431500000e-01
  8.863220500000e-01
  8.842060500000e-01
  8.820950500000e-01
  8.799891000000e-01
  8.778882000000e-01
  8.757923000000e-01
  8.737014000000e-01
  8.716155000000e-01
  8.695346000000e-01
  8.674586500000e-01
  8.653876500000e-01
  8.633216500000e-01
  8.612605500000e-01
  8.592043500000e-01
  8.571530500000e-01
  8.551066500000e-01
  8.530651500000e-01
  8.510285000000e-01
  8.489967500000e-01
  8.469698500000e-01
  8.449477500000e-01
  8.429305000000e-01
  8.409181000000e-01
  8.389105000000e-01
  8.369076500000e-01
  8.349096000000e-01
  8.329163000000e-01
  8.309277500000e-01
  8.289440000000e-01
  8.269649500000e-01
  8.249906500000e-01
  8.230210500000e-01
  8.210561500000e-01
  8.190959500000e-01
  8.171404000000e-01
  8.151895500000e-01
  8.132433500000e-01
  8.113018000000e-01
  8.093649000000e-01
  8.074326000000e-01
  8.055049000000e-01
  8.035818000000e-01
  8.016633000000e-01
  7.997494000000e-01
  7.978400500000e-01
  7.959352500000e-01
  7.940350500000e-01
  7.921393500000e-01
  7.902481500000e-01
  7.883615000000e-01
  7.864793500000e-01
  7.846017000000e-01
  7.827285500000e-01
  7.808598500000e-01
  7.789956000000e-01
  7.771358000000e-01
  7.752804500000e-01
  7.734295500000e-01
  7.715830500000e-01
  7.697409500000e-01
  7.679032500000e-01
  7.660699000000e-01
  7.642409500000e-01
  7.624164000000e-01
  7.605962000000e-01
  7.587803500000e-01
  7.569688000000e-01
  7.551616000000e-01
  7.533587000000e-01
  7.515601000000e-01
  7.497658500000e-01
  7.479758500000e-01
  7.461901000000e-01
  7.444086000000e-01
  7.426313500000e-01
  7.408584000000e-01
  7.390897000000e-01
  7.373251500000e-01
  7.355648000000e-01
  7.338087000000e-01
  7.320568000000e-01
  7.303091000000e-01
  7.285655500000e-01
  7.268261500000e-01
  7.250909000000e-01
  7.233598000000e-01
  7.216328500000e-01
  7.199100000000e-01
  7.181912500000e-01
  7.164766500000e-01
  7.147661500000e-01
  7.130597000000e-01
  7.113573000000e-01
  7.096589500000e-01
  7.079647000000e-01
  7.062745000000e-01
  7.045883000000e-01
  7.029061500000e-01
  7.012280500000e-01
  6.995539000000e-01
  6.978837500000e-01
  6.962176500000e-01
  6.945555000000e-01
  6.928973000000e-01
  6.912430500000e-01
  6.895927500000e-01
  6.879464000000e-01
  6.863039500000e-01
  6.846654500000e-01
  6.830309000000e-01
  6.814002000000e-01
  6.797734000000e-01
  6.781505000000e-01
  6.765314500000e-01
  6.749163000000e-01
  6.733050000000e-01
  6.716975500000e-01
  6.700939500000e-01
  6.684941500000e-01
  6.668981500000e-01
  6.653059500000e-01
  6.637176000000e-01
  6.621330500000e-01
  6.605522500000e-01
  6.589752000000e-01
  6.574019500000e-01
  6.558325000000e-01
  6.542667500000e-01
  6.527047000000e-01
  6.511464000000e-01
  6.495918500000e-01
  6.480410000000e-01
  6.464938500000e-01
  6.449504000000e-01
  6.434106500000e-01
  6.418745500000e-01
  6.403421000000e-01
  6.388133500000e-01
  6.372882500000e-01
  6.357667500000e-01
  6.342489000000e-01
  6.327347000000e-01
  6.312241000000e-01
  6.297171000000e-01
  6.282137000000e-01
  6.267139000000e-01
  6.252176500000e-01
  6.237249500000e-01
  6.222358500000e-01
  6.207503500000e-01
  6.192683500000e-01
  6.177898500000e-01
  6.163149500000e-01
  6.148435500000e-01
  6.133756500000e-01
  6.119113000000e-01
  6.104504000000e-01
  6.089930000000e-01
  6.075391000000e-01
  6.060886000000e-01
  6.046416000000e-01
  6.031981000000e-01
  6.017580000000e-01
  6.003213500000e-01
  5.988881500000e-01
  5.974583500000e-01
  5.960319500000e-01
  5.946089500000e-01
  5.931893500000e-01
  5.917731500000e-01
  5.903603500000e-01
  5.889509000000e-01
  5.875448000000e-01
  5.861421000000e-01
  5.847427500000e-01
  5.833467000000e-01
  5.819540000000e-01
  5.805646500000e-01
  5.791786000000e-01
  5.777958500000e-01
  5.764164000000e-01
  5.750402500000e-01
  5.736674000000e-01
  5.722978000000e-01
  5.709315000000e-01
  5.695684500000e-01
  5.682086500000e-01
  5.668521000000e-01
  5.654987500000e-01
  5.641487000000e-01
  5.628018500000e-01
  5.614582000000e-01
  5.601177500000e-01
  5.587805000000e-01
  5.574464500000e-01
  5.561156000000e-01
  5.547879500000e-01
  5.534634000000e-01
  5.521420500000e-01
  5.508238500000e-01
  5.495088000000e-01
  5.481969000000e-01
  5.468881000000e-01
  5.455824500000e-01
  5.442799000000e-01
  5.429805000000e-01
  5.416842000000e-01
  5.403909500000e-01
  5.391008000000e-01
  5.378137500000e-01
  5.365297500000e-01
  5.352488000000e-01
  5.339709500000e-01
  5.326961500000e-01
  5.314243500000e-01
  5.301556000000e-01
  5.288899000000e-01
  5.276272500000e-01
  5.263676000000e-01
  5.251109000000e-01
  5.238572500000e-01
  5.226066000000e-01
  5.213589000000e-01
  5.201142000000e-01
  5.188724500000e-01
  5.176337000000e-01
  5.163979000000e-01
  5.151650000000e-01
  5.139351000000e-01
  5.127081500000e-01
  5.114841000000e-01
  5.102629500000e-01
  5.090447500000e-01
  5.078294500000e-01
  5.066170000000e-01
  5.054075000000e-01
  5.042009000000e-01
  5.029971500000e-01
  5.017963000000e-01
  5.005983000000e-01
  4.984087000000e-01
  4.894267500000e-01
  4.814268000000e-01
  4.741324500000e-01
  4.667997000000e-01
  4.643330500000e-01
  4.624425500000e-01
  4.545486500000e-01
  4.456792500000e-01
  4.434306500000e-01
  4.412378000000e-01
  4.339102000000e-01
  4.269995000000e-01
  4.187976000000e-01
  4.105374500000e-01
  4.030118500000e-01
  3.957572500000e-01
  3.878751500000e-01
  3.802905000000e-01
  3.783540000000e-01
  3.749338000000e-01
  3.710442000000e-01
  3.671707000000e-01
  3.637786500000e-01
  3.602961500000e-01
  3.567368500000e-01
  3.532055000000e-01
  3.457712000000e-01
  3.394543500000e-01
  3.385496000000e-01
  3.322772000000e-01
  3.263496000000e-01
  3.261604000000e-01
  3.256020000000e-01
  3.212588000000e-01
  3.173076500000e-01
  3.164721500000e-01
  3.149050500000e-01
  3.133942500000e-01
  3.117096000000e-01
  3.064978500000e-01
  3.021285000000e-01
  3.013424000000e-01
  2.952733000000e-01
  2.896729000000e-01
  2.893114000000e-01
  2.855983000000e-01
  2.800518000000e-01
  2.769704500000e-01
  2.735973500000e-01
  2.709862000000e-01
  2.690256000000e-01
  2.673321500000e-01
  2.671023000000e-01
  2.620247000000e-01
  2.523111500000e-01
  2.474234000000e-01
  2.473054500000e-01
  2.466440000000e-01
  2.447906000000e-01
  2.406644000000e-01
  2.377222000000e-01
  2.376113000000e-01
  2.331027000000e-01
  2.253906500000e-01
  2.211491000000e-01
  2.200248500000e-01
  2.195624000000e-01
  2.184472000000e-01
  2.145472500000e-01
  2.113741000000e-01
  2.073180500000e-01
  1.995266000000e-01
  1.956262000000e-01
  1.928496500000e-01
  1.890989000000e-01
  1.874953000000e-01
  1.849733500000e-01
  1.822200500000e-01
  1.811351000000e-01
  1.807888000000e-01
  1.782333000000e-01
  1.747924000000e-01
  1.726178500000e-01
  1.706002000000e-01
  1.693335500000e-01
  1.684378500000e-01
  1.676306000000e-01
  1.640613500000e-01
  1.608719000000e-01
  1.608116000000e-01
  1.577091500000e-01
  1.516586500000e-01
  1.458403000000e-01
  1.414044000000e-01
  1.395740500000e-01
  1.390289000000e-01
  1.385384000000e-01
  1.379243000000e-01
  1.363521000000e-01
  1.337144500000e-01
  1.314805000000e-01
  1.304149000000e-01
  1.296611500000e-01
  1.281903000000e-01
  1.255197000000e-01
  1.232550500000e-01
  1.225093500000e-01
  1.223349000000e-01
  1.199303500000e-01
  1.153292000000e-01
  1.130472500000e-01
  1.108782500000e-01
  1.066695000000e-01
  1.045837000000e-01
  1.026195500000e-01
  1.006424000000e-01
  1.005810500000e-01
  9.862354000000e-02
  9.665944000000e-02
  9.480460000000e-02
  9.123755500000e-02
  8.947619000000e-02
  8.943995500000e-02
  8.770239000000e-02
  8.492574500000e-02
  8.343814000000e-02
  8.285009000000e-02
  8.192299500000e-02
  8.038859000000e-02
  7.960237000000e-02
  7.955936500000e-02
  7.952467500000e-02
  7.800534500000e-02
  7.648003500000e-02
  7.597413000000e-02
  7.495296000000e-02
  7.397734000000e-02
  7.212120000000e-02
  6.935427500000e-02
  6.669350500000e-02
  6.413481500000e-02
  6.167428500000e-02
  5.932543000000e-02
  5.817625500000e-02
  5.815898000000e-02
  5.703280500000e-02
  5.484474500000e-02
  5.276973000000e-02
  5.175443000000e-02
  5.172533000000e-02
  5.071724000000e-02
  4.877147500000e-02
  4.691555000000e-02
  4.600456000000e-02
  4.598937500000e-02
  4.510104000000e-02
  4.337074000000e-02
  4.170682500000e-02
  4.010674500000e-02
  3.856805000000e-02
  3.708839000000e-02
  3.566550000000e-02
  3.429720000000e-02
  3.298139000000e-02
  3.171606000000e-02
  3.049927500000e-02
  2.932917000000e-02
  2.820396000000e-02
  2.743796500000e-02
  2.690752500000e-02
  2.636433500000e-02
  2.594807000000e-02
  2.566512500000e-02
  2.508078000000e-02
  2.411856000000e-02
  2.320121500000e-02
  2.274761000000e-02
  2.230344500000e-02
  2.144777500000e-02
  2.062493500000e-02
  1.983366000000e-02
  1.907274000000e-02
  1.834101500000e-02
  1.763736500000e-02
  1.696071000000e-02
  1.631001500000e-02
  1.568428000000e-02
  1.508255500000e-02
  1.450391500000e-02
  1.394747000000e-02
  1.341238000000e-02
  1.289781500000e-02
  1.240299000000e-02
  1.192715000000e-02
  1.146956500000e-02
  1.123927000000e-02
  1.102356000000e-02
  1.060639000000e-02
  1.019947500000e-02
  5.000000000000e-03
