1601
  5.217014555165e+03
  5.210783813903e+03
  5.204559595756e+03
  5.198342553062e+03
  5.192134524473e+03
  5.185933237697e+03
  5.179734186401e+03
  5.173546621415e+03
  5.167366023966e+03
  5.161194424258e+03
  5.155029788340e+03
  5.148872062892e+03
  5.142728300210e+03
  5.136581819449e+03
  5.130446738780e+03
  5.124318529690e+03
  5.118199495286e+03
  5.112085381063e+03
  5.105979825479e+03
  5.099878571891e+03
  5.093786802610e+03
  5.087709569117e+03
  5.081628743318e+03
  5.075557283501e+03
  5.069500314562e+03
  5.063439837727e+03
  5.057391384624e+03
  5.051354393243e+03
  5.045317186443e+03
  5.039291354693e+03
  5.033274832797e+03
  5.027260319080e+03
  5.021257493599e+03
  5.015258925280e+03
  5.009269653494e+03
  5.003284656377e+03
  4.997308949131e+03
  4.991340025057e+03
  4.985377886658e+03
  4.979425265889e+03
  4.973481003104e+03
  4.967537144759e+03
  4.961602160877e+03
  4.955681198190e+03
  4.949757486632e+03
  4.943845332788e+03
  4.937939970451e+03
  4.932041401528e+03
  4.926149627854e+03
  4.920267355173e+03
  4.914395710157e+03
  4.908519914356e+03
  4.902657730756e+03
  4.896804736973e+03
  4.890951348729e+03
  4.885109551024e+03
  4.879276791015e+03
  4.873448581509e+03
  4.867627309142e+03
  4.861812697693e+03
  4.856011547744e+03
  4.850206230769e+03
  4.844412430791e+03
  4.838629019979e+03
  4.832846343517e+03
  4.827077113087e+03
  4.821308236882e+03
  4.815547854556e+03
  4.809798907117e+03
  4.804052314208e+03
  4.798319436601e+03
  4.792584146994e+03
  4.786860260061e+03
  4.781141019036e+03
  4.775430600577e+03
  4.769727114372e+03
  4.764030426910e+03
  4.758342537685e+03
  4.752657448412e+03
  4.746978903951e+03
  4.741311664907e+03
  4.735653062909e+03
  4.729991099613e+03
  4.724339513714e+03
  4.718699711290e+03
  4.713061732154e+03
  4.707433036765e+03
  4.701808926948e+03
  4.696198239677e+03
  4.690585525791e+03
  4.684982207235e+03
  4.679387112594e+03
  4.673797011387e+03
  4.668213712691e+03
  4.662639643813e+03
  4.657071729966e+03
  4.651508949503e+03
  4.645950682304e+03
  4.640401719226e+03
  4.634862820367e+03
  4.629323151291e+03
  4.623794230060e+03
  4.618272101203e+03
  4.612760510378e+03
  4.607246092364e+03
  4.601742219604e+03
  4.596245143492e+03
  4.590756969917e+03
  4.585277347157e+03
  4.579798706469e+03
  4.574324861183e+03
  4.568861654412e+03
  4.563409155732e+03
  4.557955609573e+03
  4.552509073888e+03
  4.547072890033e+03
  4.541645471279e+03
  4.536218974905e+03
  4.530799435639e+03
  4.525386513262e+03
  4.519982390149e+03
  4.514583006026e+03
  4.509190849235e+03
  4.503810189477e+03
  4.498431138238e+03
  4.493057006189e+03
  4.487689818060e+03
  4.482326920739e+03
  4.476975055737e+03
  4.471627691530e+03
  4.466287250371e+03
  4.460953548116e+03
  4.455621238554e+03
  4.450300725078e+03
  4.444985555788e+03
  4.439676903676e+03
  4.434375257601e+03
  4.429078182253e+03
  4.423788302265e+03
  4.418504564114e+03
  4.413227744806e+03
  4.407954108665e+03
  4.402685770845e+03
  4.397427153321e+03
  4.392175602694e+03
  4.386930653388e+03
  4.381690841916e+03
  4.376459549260e+03
  4.371232633269e+03
  4.366009415825e+03
  4.360794559742e+03
  4.355586606049e+03
  4.350383205018e+03
  4.345188445502e+03
  4.339996959518e+03
  4.334813956146e+03
  4.329635819209e+03
  4.324464428257e+03
  4.319297913617e+03
  4.314140006935e+03
  4.308986977270e+03
  4.303842390833e+03
  4.298702682665e+03
  4.293566165135e+03
  4.288438376537e+03
  4.283315336661e+03
  4.278200715931e+03
  4.273089456370e+03
  4.267986897280e+03
  4.262883818379e+03
  4.257792292119e+03
  4.252707805377e+03
  4.247628230587e+03
  4.242553891716e+03
  4.237490822446e+03
  4.232426225637e+03
  4.227369937566e+03
  4.222320576176e+03
  4.217280860323e+03
  4.212241363115e+03
  4.207210148464e+03
  4.202183978191e+03
  4.197167629102e+03
  4.192151454048e+03
  4.187145296454e+03
  4.182144084901e+03
  4.177149469608e+03
  4.172158269990e+03
  4.167175409331e+03
  4.162197405818e+03
  4.157226298614e+03
  4.152261778513e+03
  4.147302221378e+03
  4.142347634098e+03
  4.137404770646e+03
  4.132458519414e+03
  4.127522277270e+03
  4.122592715049e+03
  4.117673119039e+03
  4.112750224865e+03
  4.107837301710e+03
  4.102931051885e+03
  4.098033050813e+03
  4.093135198302e+03
  4.088247270277e+03
  4.083364332874e+03
  4.078487958293e+03
  4.073615113438e+03
  4.068748835321e+03
  4.063889215129e+03
  4.059037701715e+03
  4.054186636914e+03
  4.049345322095e+03
  4.044509012784e+03
  4.039677714512e+03
  4.034856126386e+03
  4.030033326121e+03
  4.025218800831e+03
  4.020412438030e+03
  4.015612513635e+03
  4.010813152258e+03
  4.006022133518e+03
  4.001237182537e+03
  3.996460641003e+03
  3.991684522802e+03
  3.986916813491e+03
  3.982155166269e+03
  3.977398921377e+03
  3.972646041314e+03
  3.967902840344e+03
  3.963166148451e+03
  3.958430149937e+03
  3.953702330631e+03
  3.948979188880e+03
  3.944262833054e+03
  3.939551521455e+03
  3.934846897090e+03
  3.930145592243e+03
  3.925452516352e+03
  3.920762949104e+03
  3.916084573329e+03
  3.911403669233e+03
  3.906732148036e+03
  3.902064426205e+03
  3.897403199222e+03
  3.892748549075e+03
  3.888098956784e+03
  3.883454489844e+03
  3.878816464490e+03
  3.874183827489e+03
  3.869555728568e+03
  3.864934398904e+03
  3.860316841548e+03
  3.855709901445e+03
  3.851102512883e+03
  3.846501510713e+03
  3.841911489275e+03
  3.837319328921e+03
  3.832734851786e+03
  3.828157090723e+03
  3.823588533432e+03
  3.819019711106e+03
  3.814455719128e+03
  3.809899719629e+03
  3.805350246339e+03
  3.800804571162e+03
  3.796265082561e+03
  3.791735154883e+03
  3.787201682123e+03
  3.782677606170e+03
  3.778160210527e+03
  3.773648903243e+03
  3.769141751658e+03
  3.764637853132e+03
  3.760144622883e+03
  3.755652561882e+03
  3.751164432144e+03
  3.746683716575e+03
  3.742208500256e+03
  3.737740596122e+03
  3.733273999165e+03
  3.728816511652e+03
  3.724361657657e+03
  3.719912879640e+03
  3.715469356666e+03
  3.711032305278e+03
  3.706599210309e+03
  3.702172341785e+03
  3.697754187874e+03
  3.693333643573e+03
  3.688922056397e+03
  3.684519558758e+03
  3.680118076477e+03
  3.675723044291e+03
  3.671328108284e+03
  3.666943276421e+03
  3.662563697150e+03
  3.658190317407e+03
  3.653820850382e+03
  3.649455227571e+03
  3.645099791456e+03
  3.640743119360e+03
  3.636392804809e+03
  3.632051400791e+03
  3.627712531353e+03
  3.623380077352e+03
  3.619055186549e+03
  3.614729153767e+03
  3.610415676848e+03
  3.606099934405e+03
  3.601791675251e+03
  3.597490118153e+03
  3.593193055076e+03
  3.588902606940e+03
  3.584618462612e+03
  3.580333596830e+03
  3.576060623098e+03
  3.571785750004e+03
  3.567518390934e+03
  3.563258677123e+03
  3.559003686717e+03
  3.554752823573e+03
  3.550503499576e+03
  3.546264028577e+03
  3.542030832611e+03
  3.537801546127e+03
  3.533572577436e+03
  3.529351434201e+03
  3.525139492149e+03
  3.520925919014e+03
  3.516720880816e+03
  3.512520066520e+03
  3.508323849165e+03
  3.504136705078e+03
  3.499948590608e+03
  3.495767674077e+03
  3.491592071712e+03
  3.487425003214e+03
  3.483258588409e+03
  3.479096992220e+03
  3.474940639327e+03
  3.470792719129e+03
  3.466644295255e+03
  3.462503168190e+03
  3.458368264983e+03
  3.454240769633e+03
  3.450112680098e+03
  3.445994167864e+03
  3.441878438047e+03
  3.437765644076e+03
  3.433656772356e+03
  3.429559856969e+03
  3.425463250843e+03
  3.421369670100e+03
  3.417285520334e+03
  3.413200140706e+03
  3.409125958714e+03
  3.405054941514e+03
  3.400987852181e+03
  3.396921438039e+03
  3.392866836762e+03
  3.388811567505e+03
  3.384765846702e+03
  3.380723050377e+03
  3.376685339230e+03
  3.372653782388e+03
  3.368620824992e+03
  3.364598302291e+03
  3.360581920757e+03
  3.356567361784e+03
  3.352559011071e+03
  3.348551645397e+03
  3.344555170073e+03
  3.340559947817e+03
  3.336570724059e+03
  3.332585528479e+03
  3.328602279959e+03
  3.324629453424e+03
  3.320658186897e+03
  3.316692189151e+03
  3.312727066736e+03
  3.308770126835e+03
  3.304822373110e+03
  3.300872465855e+03
  3.296928583666e+03
  3.292992880365e+03
  3.289058160983e+03
  3.285127437334e+03
  3.281204958055e+03
  3.277288235615e+03
  3.273373665407e+03
  3.269461140493e+03
  3.265556766284e+03
  3.261659267463e+03
  3.257758844249e+03
  3.253868442845e+03
  3.249982125098e+03
  3.246100988005e+03
  3.242223607732e+03
  3.238350358421e+03
  3.234483152519e+03
  3.230619031835e+03
  3.226761928650e+03
  3.222906875073e+03
  3.219058888820e+03
  3.215210836791e+03
  3.211371853096e+03
  3.207535913176e+03
  3.203705080784e+03
  3.199880033354e+03
  3.196056322183e+03
  3.192242356812e+03
  3.188429588114e+03
  3.184619949868e+03
  3.180813570569e+03
  3.177014680032e+03
  3.173222897803e+03
  3.169429458325e+03
  3.165645962729e+03
  3.161865374096e+03
  3.158088701275e+03
  3.154314423954e+03
  3.150549801665e+03
  3.146784657651e+03
  3.143028213393e+03
  3.139272785212e+03
  3.135520709111e+03
  3.131776381145e+03
  3.128035343240e+03
  3.124302889918e+03
  3.120568714742e+03
  3.116839723998e+03
  3.113119444166e+03
  3.109399651953e+03
  3.105684582947e+03
  3.101978304125e+03
  3.098271542089e+03
  3.094571545151e+03
  3.090872899597e+03
  3.087182243127e+03
  3.083497821177e+03
  3.079813307859e+03
  3.076132747433e+03
  3.072461641544e+03
  3.068787485239e+03
  3.065125479319e+03
  3.061464869092e+03
  3.057806556194e+03
  3.054153190216e+03
  3.050504821424e+03
  3.046864121743e+03
  3.043225456565e+03
  3.039587588756e+03
  3.035958138544e+03
  3.032332963056e+03
  3.028708828111e+03
  3.025094153818e+03
  3.021481220739e+03
  3.017871927624e+03
  3.014266912052e+03
  3.010666935607e+03
  3.007070064914e+03
  3.003479072123e+03
  2.999892303866e+03
  2.996305009212e+03
  2.992727074663e+03
  2.989154942098e+03
  2.985584404262e+03
  2.982016057560e+03
  2.978456126663e+03
  2.974899427044e+03
  2.971346900472e+03
  2.967796579934e+03
  2.964250494203e+03
  2.960711739648e+03
  2.957174781704e+03
  2.953640783911e+03
  2.950114347924e+03
  2.946588711400e+03
  2.943072003383e+03
  2.939554679703e+03
  2.936045166738e+03
  2.932537559941e+03
  2.929035467480e+03
  2.925536794453e+03
  2.922042350232e+03
  2.918551636441e+03
  2.915067553288e+03
  2.911584396804e+03
  2.908107759665e+03
  2.904633468802e+03
  2.901160977761e+03
  2.897699696400e+03
  2.894239321184e+03
  2.890782479892e+03
  2.887328494438e+03
  2.883877417452e+03
  2.880434731017e+03
  2.876994019763e+03
  2.873555786781e+03
  2.870124938143e+03
  2.866697053121e+03
  2.863274886906e+03
  2.859853872625e+03
  2.856436093241e+03
  2.853026971326e+03
  2.849619001206e+03
  2.846214824295e+03
  2.842814132279e+03
  2.839419108208e+03
  2.836028080817e+03
  2.832638109520e+03
  2.829258353393e+03
  2.825878025570e+03
  2.822501795101e+03
  2.819130413924e+03
  2.815763762604e+03
  2.812400636259e+03
  2.809039263627e+03
  2.805685686298e+03
  2.802335578565e+03
  2.798988465588e+03
  2.795644918879e+03
  2.792305431731e+03
  2.788970069610e+03
  2.785640065913e+03
  2.782312766853e+03
  2.778989545478e+03
  2.775670355981e+03
  2.772355332719e+03
  2.769043768523e+03
  2.765736591432e+03
  2.762432985388e+03
  2.759133455671e+03
  2.755837306254e+03
  2.752545863737e+03
  2.749257332330e+03
  2.745973216576e+03
  2.742694016527e+03
  2.739418180296e+03
  2.736145799360e+03
  2.732878152379e+03
  2.729613612598e+03
  2.726353320092e+03
  2.723097098947e+03
  2.719844334081e+03
  2.716593305064e+03
  2.713350642007e+03
  2.710109963984e+03
  2.706870076073e+03
  2.703640080008e+03
  2.700410145435e+03
  2.697185179204e+03
  2.693963212720e+03
  2.690745526332e+03
  2.687531141297e+03
  2.684321502597e+03
  2.681115460224e+03
  2.677913062170e+03
  2.674712257957e+03
  2.671518143615e+03
  2.668329403154e+03
  2.665141370448e+03
  2.661958820757e+03
  2.658777500618e+03
  2.655602946507e+03
  2.652431784020e+03
  2.649262115572e+03
  2.646099604278e+03
  2.642936619737e+03
  2.639782255617e+03
  2.636629480523e+03
  2.633479118287e+03
  2.630332267846e+03
  2.627192837222e+03
  2.624054596058e+03
  2.620919958756e+03
  2.617789233510e+03
  2.614662647428e+03
  2.611537658476e+03
  2.608420174386e+03
  2.605302574417e+03
  2.602193744162e+03
  2.599085431736e+03
  2.595981095206e+03
  2.592880013703e+03
  2.589779335945e+03
  2.586687111930e+03
  2.583600605483e+03
  2.580513227520e+03
  2.577429233634e+03
  2.574351083185e+03
  2.571278915308e+03
  2.568207591166e+03
  2.565139647530e+03
  2.562073462569e+03
  2.559015874491e+03
  2.555959539160e+03
  2.552906471016e+03
  2.549854161890e+03
  2.546809001595e+03
  2.543766779322e+03
  2.540731514465e+03
  2.537696814669e+03
  2.534665955564e+03
  2.531637878568e+03
  2.528613079537e+03
  2.525591184070e+03
  2.522576953122e+03
  2.519562624584e+03
  2.516554972980e+03
  2.513549139689e+03
  2.510543692564e+03
  2.507546942814e+03
  2.504552540562e+03
  2.501561453490e+03
  2.498571993066e+03
  2.495589487101e+03
  2.492608025177e+03
  2.489630506996e+03
  2.486657219027e+03
  2.483686998591e+03
  2.480720896264e+03
  2.477757680102e+03
  2.474797175748e+03
  2.471839567725e+03
  2.468889954480e+03
  2.465941003308e+03
  2.462995771533e+03
  2.460053507327e+03
  2.457115245601e+03
  2.454180310132e+03
  2.451249373326e+03
  2.448319644778e+03
  2.445396033397e+03
  2.442473639603e+03
  2.439558747896e+03
  2.436643541721e+03
  2.433734702107e+03
  2.430827201274e+03
  2.427923347098e+03
  2.425024345248e+03
  2.422127290347e+03
  2.419234428070e+03
  2.416342594852e+03
  2.413459210002e+03
  2.410573261486e+03
  2.407696050924e+03
  2.404820799968e+03
  2.401949287235e+03
  2.399079137464e+03
  2.396213847636e+03
  2.393350101053e+03
  2.390493666019e+03
  2.387638740216e+03
  2.384786175439e+03
  2.381937916925e+03
  2.379092190554e+03
  2.376250168332e+03
  2.373410619197e+03
  2.370577056375e+03
  2.367745963012e+03
  2.364917577940e+03
  2.362092199545e+03
  2.359272190511e+03
  2.356453581209e+03
  2.353639385616e+03
  2.350828781720e+03
  2.348019662657e+03
  2.345214238458e+03
  2.342415028951e+03
  2.339616920484e+03
  2.336819900501e+03
  2.334029047309e+03
  2.331243991167e+03
  2.328459990043e+03
  2.325678208465e+03
  2.322900367738e+03
  2.320125704832e+03
  2.317354248846e+03
  2.314583481760e+03
  2.311819113831e+03
  2.309060368302e+03
  2.306302285932e+03
  2.303547569715e+03
  2.300796404814e+03
  2.298048997519e+03
  2.295301625209e+03
  2.292561888125e+03
  2.289820815539e+03
  2.287087030134e+03
  2.284355159662e+03
  2.281627174362e+03
  2.278902978681e+03
  2.276180890156e+03
  2.273459977080e+03
  2.270746076945e+03
  2.268032111608e+03
  2.265325262232e+03
  2.262620378500e+03
  2.259917499306e+03
  2.257217053561e+03
  2.254522545518e+03
  2.251829154931e+03
  2.249136923290e+03
  2.246450944475e+03
  2.243769774691e+03
  2.241090062890e+03
  2.238412794353e+03
  2.235739944664e+03
  2.233069335519e+03
  2.230402317658e+03
  2.227735211119e+03
  2.225076661625e+03
  2.222419626265e+03
  2.219764696063e+03
  2.217110579411e+03
  2.214463668193e+03
  2.211819702198e+03
  2.209178251966e+03
  2.206538607477e+03
  2.203904692522e+03
  2.201271385129e+03
  2.198642997542e+03
  2.196016000343e+03
  2.193390859005e+03
  2.190772042544e+03
  2.188156854174e+03
  2.185542982855e+03
  2.182932239056e+03
  2.180323304835e+03
  2.177721104196e+03
  2.175117869637e+03
  2.172521740214e+03
  2.169926428515e+03
  2.167334269196e+03
  2.164746174574e+03
  2.162161090516e+03
  2.159578139368e+03
  2.156998424528e+03
  2.154421972043e+03
  2.151848669479e+03
  2.149277622270e+03
  2.146711870694e+03
  2.144146667064e+03
  2.141587020777e+03
  2.139029574617e+03
  2.136473987779e+03
  2.133921525624e+03
  2.131373446997e+03
  2.128827579581e+03
  2.126285127055e+03
  2.123744203506e+03
  2.121206593219e+03
  2.118673693319e+03
  2.116141909323e+03
  2.113616195111e+03
  2.111090656988e+03
  2.108569316726e+03
  2.106051955695e+03
  2.103536460709e+03
  2.101023410376e+03
  2.098514361535e+03
  2.096007113090e+03
  2.093503887907e+03
  2.091003344037e+03
  2.088505764193e+03
  2.086011301157e+03
  2.083520339966e+03
  2.081029868053e+03
  2.078545342845e+03
  2.076063625254e+03
  2.073583172458e+03
  2.071105965810e+03
  2.068632278469e+03
  2.066161707085e+03
  2.063693470806e+03
  2.061229127062e+03
  2.058767494046e+03
  2.056306983518e+03
  2.053852024085e+03
  2.051398241187e+03
  2.048946091734e+03
  2.046499082454e+03
  2.044056782262e+03
  2.041614173963e+03
  2.039176662031e+03
  2.036741938428e+03
  2.034307276489e+03
  2.031879181541e+03
  2.029451714250e+03
  2.027027188009e+03
  2.024605772780e+03
  2.022187777801e+03
  2.019773583381e+03
  2.017360886373e+03
  2.014951365682e+03
  2.012544616635e+03
  2.010140259539e+03
  2.007739101568e+03
  2.005341782543e+03
  2.002946193332e+03
  2.000553282863e+03
  1.998164698628e+03
  1.995777616194e+03
  1.993393028223e+03
  1.991013269388e+03
  1.988634440184e+03
  1.986259733543e+03
  1.983886408224e+03
  1.981516368971e+03
  1.979150810561e+03
  1.976785123323e+03
  1.974425912409e+03
  1.972066421842e+03
  1.969712130512e+03
  1.967359173483e+03
  1.965009356508e+03
  1.962662289654e+03
  1.960317989984e+03
  1.957977112031e+03
  1.955637910229e+03
  1.953302003775e+03
  1.950969399369e+03
  1.948639248974e+03
  1.946311373523e+03
  1.943986749639e+03
  1.941664627919e+03
  1.939345344633e+03
  1.937028745119e+03
  1.934715352102e+03
  1.932402385210e+03
  1.930096900342e+03
  1.927791135534e+03
  1.925488205121e+03
  1.923188564868e+03
  1.920891164637e+03
  1.918597345666e+03
  1.916305722701e+03
  1.914016968053e+03
  1.911730098945e+03
  1.909447127038e+03
  1.907166281164e+03
  1.904888497901e+03
  1.902612865909e+03
  1.900340127088e+03
  1.898068907819e+03
  1.895803600814e+03
  1.893539780902e+03
  1.891277629837e+03
  1.889018224056e+03
  1.886761844993e+03
  1.884508641697e+03
  1.882256335749e+03
  1.880009749831e+03
  1.877763855579e+03
  1.875520912827e+03
  1.873281134388e+03
  1.871042902223e+03
  1.868808821578e+03
  1.866576681817e+03
  1.864346780339e+03
  1.862119996496e+03
  1.859895886963e+03
  1.857674609600e+03
  1.855455868422e+03
  1.853239662251e+03
  1.851025753177e+03
  1.848815283886e+03
  1.846606450894e+03
  1.844401121734e+03
  1.842198051765e+03
  1.839998127960e+03
  1.837800498495e+03
  1.835603497027e+03
  1.833412416683e+03
  1.831223096654e+03
  1.829035287084e+03
  1.826850691146e+03
  1.824668987642e+03
  1.822489443013e+03
  1.820312555727e+03
  1.818137567398e+03
  1.815966305990e+03
  1.813797394486e+03
  1.811629720982e+03
  1.809466766562e+03
  1.807305184613e+03
  1.805147329397e+03
  1.802991126219e+03
  1.800837703042e+03
  1.798686689854e+03
  1.796538094970e+03
  1.794392094052e+03
  1.792249242237e+03
  1.790108360779e+03
  1.787969700444e+03
  1.785834804160e+03
  1.783701532402e+03
  1.781570892922e+03
  1.779442909028e+03
  1.777317728958e+03
  1.775195309227e+03
  1.773074795387e+03
  1.770957116082e+03
  1.768841079132e+03
  1.766728854360e+03
  1.764618610439e+03
  1.762510526567e+03
  1.760405216976e+03
  1.758302884968e+03
  1.756202833508e+03
  1.754104692686e+03
  1.752009982025e+03
  1.749917175207e+03
  1.747826971870e+03
  1.745739061602e+03
  1.743654207752e+03
  1.741571373482e+03
  1.739491608623e+03
  1.737414112400e+03
  1.735338903942e+03
  1.733265919200e+03
  1.731193869988e+03
  1.729127093811e+03
  1.727060968846e+03
  1.724999245782e+03
  1.722938701513e+03
  1.720881021636e+03
  1.718825563601e+03
  1.716772390246e+03
  1.714722342542e+03
  1.712673963171e+03
  1.710627528520e+03
  1.708585385273e+03
  1.706544592573e+03
  1.704506652484e+03
  1.702470461124e+03
  1.700437006498e+03
  1.698405621723e+03
  1.696377572401e+03
  1.694351483731e+03
  1.692327141052e+03
  1.690305892764e+03
  1.688286874342e+03
  1.686270380588e+03
  1.684256167644e+03
  1.682243732052e+03
  1.680235092371e+03
  1.678228542506e+03
  1.676223672266e+03
  1.674221569270e+03
  1.672222318509e+03
  1.670224499621e+03
  1.668229547755e+03
  1.666236810042e+03
  1.664246618900e+03
  1.662259180579e+03
  1.660273522931e+03
  1.658290646468e+03
  1.656309761727e+03
  1.654331945715e+03
  1.652356123033e+03
  1.650382039853e+03
  1.648410472498e+03
  1.646441536512e+03
  1.644475030102e+03
  1.642511304308e+03
  1.640549124603e+03
  1.638589432355e+03
  1.636632277809e+03
  1.634677626933e+03
  1.632725035775e+03
  1.630774690595e+03
  1.628827091410e+03
  1.626880787801e+03
  1.624938495355e+03
  1.622997727270e+03
  1.621058967355e+03
  1.619122736573e+03
  1.617188289126e+03
  1.615256852863e+03
  1.613327436977e+03
  1.611401223220e+03
  1.609476333680e+03
  1.607553975469e+03
  1.605634045564e+03
  1.603715750683e+03
  1.601800650251e+03
  1.599887132355e+03
  1.597976328196e+03
  1.596067305089e+03
  1.594161288631e+03
  1.592257045061e+03
  1.590355058313e+03
  1.588455612911e+03
  1.586558391179e+03
  1.584663272799e+03
  1.582770571200e+03
  1.580879941967e+03
  1.578991829507e+03
  1.577105933062e+03
  1.575222114121e+03
  1.573340804603e+03
  1.571461214510e+03
  1.569584684191e+03
  1.567709912314e+03
  1.565836902325e+03
  1.563967182427e+03
  1.562099195385e+03
  1.560233273597e+03
  1.558369771013e+03
  1.556507698873e+03
  1.554648780743e+03
  1.552791896538e+03
  1.550937315014e+03
  1.549084717731e+03
  1.547234850049e+03
  1.545386553423e+03
  1.543540723430e+03
  1.541697387220e+03
  1.539855672396e+03
  1.538016473988e+03
  1.536179706942e+03
  1.534344740892e+03
  1.532511869625e+03
  1.530681208613e+03
  1.528853030039e+03
  1.527026706364e+03
  1.525202970337e+03
  1.523381449639e+03
  1.521561656501e+03
  1.519744145668e+03
  1.517929303761e+03
  1.516116289566e+03
  1.514305344542e+03
  1.512496602171e+03
  1.510689926003e+03
  1.508884873506e+03
  1.507082903292e+03
  1.505283243127e+03
  1.503485145336e+03
  1.501689338590e+03
  1.499895972677e+03
  1.498104012698e+03
  1.496314955100e+03
  1.494527690674e+03
  1.492742304751e+03
  1.490959766545e+03
  1.489179090457e+03
  1.487400041951e+03
  1.485623404196e+03
  1.483849040403e+03
  1.482076740250e+03
  1.480306219822e+03
  1.478538217542e+03
  1.476772445175e+03
  1.475008399638e+03
  1.473246583352e+03
  1.471487294053e+03
  1.469729088714e+03
  1.467973946398e+03
  1.466220201956e+03
  1.464469510127e+03
  1.462720280773e+03
  1.460972868217e+03
  1.459227906358e+03
  1.457485016325e+03
  1.455744074300e+03
  1.454005300313e+03
  1.452268719671e+03
  1.450533781966e+03
  1.448801642621e+03
  1.447070793683e+03
  1.445342261007e+03
  1.443615932728e+03
  1.441891826888e+03
  1.440169732644e+03
  1.438449076918e+03
  1.436730970954e+03
  1.435015266468e+03
  1.433301109845e+03
  1.431589218644e+03
  1.429879268357e+03
  1.428171744508e+03
  1.426465358678e+03
  1.424761819005e+03
  1.423060504618e+03
  1.421360646784e+03
  1.419662825377e+03
  1.417967044608e+03
  1.416273143228e+03
  1.414581620511e+03
  1.412891976858e+03
  1.411204529049e+03
  1.409518750490e+03
  1.407835366925e+03
  1.406153706661e+03
  1.404474169487e+03
  1.402796813048e+03
  1.401121265460e+03
  1.399447694901e+03
  1.397775992252e+03
  1.396106916438e+03
  1.394439128537e+03
  1.392773760477e+03
  1.391109807653e+03
  1.389448346109e+03
  1.387788635824e+03
  1.386131201594e+03
  1.384475488692e+03
  1.382821769603e+03
  1.381170055357e+03
  1.379520010594e+03
  1.377872944393e+03
  1.376227004668e+03
  1.374583098117e+03
  1.372941378587e+03
  1.371301565396e+03
  1.369663369603e+03
  1.368027769192e+03
  1.366393662151e+03
  1.364761594746e+03
  1.363131571231e+03
  1.361503175883e+03
  1.359876501388e+03
  1.358252357040e+03
  1.356630441013e+03
  1.355010166201e+03
  1.353391638990e+03
  1.351775099716e+03
  1.350160483980e+03
  1.348547662384e+03
  1.346936850051e+03
  1.345328181213e+03
  1.343721342867e+03
  1.342116292792e+03
  1.340513308008e+03
  1.338911920300e+03
  1.337312998508e+03
  1.335715149352e+03
  1.334120255202e+03
  1.332526543316e+03
  1.330934998840e+03
  1.329345304027e+03
  1.327757788376e+03
  1.326171476890e+03
  1.324587678383e+03
  1.323005745975e+03
  1.321425352814e+03
  1.319846793398e+03
  1.318270106843e+03
  1.316695904737e+03
  1.315123422772e+03
  1.313552449192e+03
  1.311983503028e+03
  1.310416407830e+03
  1.308850872095e+03
  1.307287910008e+03
  1.305726279252e+03
  1.304166923914e+03
  1.302608983434e+03
  1.301053458879e+03
  1.299499205233e+03
  1.297946951815e+03
  1.296396288832e+03
  1.294848210215e+03
  1.293301368782e+03
  1.291756994794e+03
  1.290214195596e+03
  1.288673059686e+03
  1.287133794571e+03
  1.285596713911e+03
  1.284060833768e+03
  1.282526468422e+03
  1.280995117159e+03
  1.279465128266e+03
  1.277936980327e+03
  1.276410654189e+03
  1.274885935380e+03
  1.273363320575e+03
  1.271842311186e+03
  1.270323114845e+03
  1.268806068958e+03
  1.267290399669e+03
  1.265776778131e+03
  1.264265005535e+03
  1.262754616734e+03
  1.261246525242e+03
  1.259740122202e+03
  1.258235453070e+03
  1.256732605724e+03
  1.255231484368e+03
  1.253732204055e+03
  1.252234611863e+03
  1.250739017963e+03
  1.249245296376e+03
  1.247752796415e+03
  1.246262596042e+03
  1.244774092484e+03
  1.243287323947e+03
  1.241802224465e+03
  1.240318993603e+03
  1.238837442885e+03
  1.237357804426e+03
  1.235879864770e+03
  1.234403746975e+03
  1.232929308391e+03
  1.231456572992e+03
  1.229985794673e+03
  1.228516691005e+03
  1.227049373807e+03
  1.225583749432e+03
  1.224119756212e+03
  1.222657630239e+03
  1.221197357251e+03
  1.219738730583e+03
  1.218281432972e+03
  1.216826656560e+03
  1.215373395397e+03
  1.213921609751e+03
  1.212471720443e+03
  1.211023490796e+03
  1.209576565580e+03
  1.208132030274e+03
  1.206689123357e+03
  1.205247873180e+03
  1.203808373554e+03
  1.202370364430e+03
  1.200934290122e+03
  1.199499962987e+03
  1.198067367474e+03
  1.196636053494e+03
  1.195206908293e+03
  1.193779179961e+03
  1.192353414755e+03
  1.190929304711e+03
  1.189506739483e+03
  1.188086129408e+03
  1.186666959594e+03
  1.185249495488e+03
  1.183833882376e+03
  1.182419795864e+03
  1.181007454987e+03
  1.179596927598e+03
  1.178187680361e+03
  1.176780701628e+03
  1.175375138606e+03
  1.173971136847e+03
  1.172569094994e+03
  1.171168506863e+03
  1.169769777375e+03
  1.168372043858e+03
  1.166976704766e+03
  1.165583170653e+03
  1.164190621878e+03
  1.162800271054e+03
  1.161411219598e+03
  1.160024109804e+03
  1.158638450078e+03
  1.157254573791e+03
  1.155872512627e+03
  1.154491906666e+03
  1.153112865584e+03
  1.151735632012e+03
  1.150359985099e+03
  1.148986026397e+03
  1.147613233100e+03
  1.146242811070e+03
  1.144873811297e+03
  1.143506248498e+03
  1.142140528491e+03
  1.140775844884e+03
  1.139413367522e+03
  1.138052259870e+03
  1.136693147545e+03
  1.135335520183e+03
  1.133979694246e+03
  1.132624826980e+03
  1.131272229011e+03
  1.129921149581e+03
  1.128571366128e+03
  1.127223282266e+03
  1.125877098446e+03
  1.124532275584e+03
  1.123189128262e+03
  1.121847682098e+03
  1.120507688588e+03
  1.119169251439e+03
  1.117832372328e+03
  1.116497201254e+03
  1.115163737414e+03
  1.113831825738e+03
  1.112501366986e+03
  1.111172588777e+03
  1.109845391487e+03
  1.108519766624e+03
  1.107195459420e+03
  1.105873308895e+03
  1.104552401678e+03
  1.103232926751e+03
  1.101915379802e+03
  1.100599166186e+03
  1.099284645024e+03
  1.097971530730e+03
  1.096660018295e+03
  1.095350233767e+03
  1.094041871781e+03
  1.092735078061e+03
  1.091429741098e+03
  1.090126305981e+03
  1.088824319421e+03
  1.087523814170e+03
  1.086224778363e+03
  1.084927266842e+03
  1.083631507866e+03
  1.082337152425e+03
  1.081044500873e+03
  1.079753273906e+03
  1.078463258879e+03
  1.077175301069e+03
  1.075888882828e+03
  1.074603770147e+03
  1.073320200858e+03
  1.072037646986e+03
  1.070757703486e+03
  1.069478691728e+03
  1.068201447015e+03
  1.066925429325e+03
  1.065651122091e+03
  1.064378276942e+03
  1.063106876954e+03
  1.061836313234e+03
  1.060568547937e+03
  1.059301842560e+03
  1.058036799865e+03
  1.056772890330e+03
  1.055510796683e+03
  1.054250117336e+03
  1.052990901809e+03
  1.051733075594e+03
  1.050476984213e+03
  1.049222249931e+03
  1.047968082738e+03
  1.046717089372e+03
  1.045467036707e+03
  1.044218277171e+03
  1.042971127816e+03
  1.041725247613e+03
  1.040480968608e+03
  1.039238301697e+03
  1.037997007384e+03
  1.036757290596e+03
  1.035518911186e+03
  1.034281998651e+03
  1.033046746151e+03
  1.031812161261e+03
  1.030580188364e+03
  1.029349426270e+03
  1.028119996853e+03
  1.026891739434e+03
  1.025665122385e+03
  1.024440177754e+03
  1.023216661443e+03
  1.021994520237e+03
  1.020773750865e+03
  1.019554243462e+03
  1.018336780921e+03
  1.017120474813e+03
  1.015905634090e+03
  1.014692115216e+03
  1.013480188417e+03
  1.012269588417e+03
  1.011060586571e+03
  1.009852919012e+03
  1.008646624812e+03
  1.007441570629e+03
  1.006238560286e+03
  1.005036840500e+03
  1.003835712231e+03
  1.002636857090e+03
  1.001439827149e+03
  1.000242372371e+03
  9.990479656930e+02
  9.978555871986e+02
  9.966631717011e+02
  9.954735816244e+02
  9.942838620769e+02
  9.930969043081e+02
  9.919108876952e+02
  9.907258156398e+02
  9.895425147046e+02
  9.883600832990e+02
  9.871803967293e+02
  9.860007405917e+02
  9.848228943748e+02
  9.836468707734e+02
  9.824717220077e+02
  9.812984148105e+02
  9.801259853942e+02
  9.777520046730e+02
  9.686026864609e+02
  9.691718506037e+02
  9.526752474380e+02
  9.481581398324e+02
  9.464888568427e+02
  9.440053438416e+02
  9.334205046329e+02
  9.305609401367e+02
  9.155572401809e+02
  9.177200877364e+02
  9.137530790903e+02
  8.960375544415e+02
  8.972843400818e+02
  8.811100576951e+02
  8.791830421463e+02
  8.792192632540e+02
  8.624318900607e+02
  8.616150886300e+02
  8.493914577990e+02
  8.483506231783e+02
  8.458975292372e+02
  8.398431045451e+02
  8.349901164849e+02
  8.309892854464e+02
  8.245998653504e+02
  8.279892981920e+02
  8.136648284529e+02
  8.147711448414e+02
  8.142354705989e+02
  7.979114623046e+02
  7.976504408614e+02
  7.972071865005e+02
  7.966610576417e+02
  7.850823938247e+02
  7.806816059716e+02
  7.793618321131e+02
  7.775264591539e+02
  7.755364736532e+02
  7.729690137241e+02
  7.663042116886e+02
  7.705484909742e+02
  7.642284268630e+02
  7.526420897280e+02
  7.509080438590e+02
  7.499975629673e+02
  7.402263611216e+02
  7.333535443087e+02
  7.282277491825e+02
  7.238371778542e+02
  7.232625003964e+02
  7.196836664592e+02
  7.158564780368e+02
  7.120360071446e+02
  7.094200757362e+02
  6.956072135259e+02
  6.986366703551e+02
  6.975543174674e+02
  6.844786257860e+02
  6.869936540207e+02
  6.796835312349e+02
  6.699812012207e+02
  6.697991087685e+02
  6.690428750597e+02
  6.575037148971e+02
  6.521821351292e+02
  6.497902879827e+02
  6.489018779176e+02
  6.475494474962e+02
  6.416343382744e+02
  6.325978833842e+02
  6.309751246191e+02
  6.187043990329e+02
  6.161268007772e+02
  6.084094006071e+02
  6.024844360569e+02
  5.993439721200e+02
  5.934948412956e+02
  5.947699415538e+02
  5.974507844322e+02
  5.873508000361e+02
  5.848843900624e+02
  5.793623729702e+02
  5.749067612732e+02
  5.724479838116e+02
  5.708366068020e+02
  5.675734037213e+02
  5.680255922765e+02
  5.611960101066e+02
  5.600863468005e+02
  5.571856083490e+02
  5.501034789307e+02
  5.394485326219e+02
  5.289995037590e+02
  5.209092992728e+02
  5.175348572665e+02
  5.165230560397e+02
  5.156114037399e+02
  5.144668009932e+02
  5.115101575057e+02
  5.066285700769e+02
  5.010875174799e+02
  4.996015478664e+02
  5.013548611361e+02
  4.959768835094e+02
  4.904269215804e+02
  4.868859587983e+02
  4.867173246592e+02
  4.866089011051e+02
  4.797120742732e+02
  4.704198354950e+02
  4.650909350057e+02
  4.612629642014e+02
  4.523914838862e+02
  4.508864781231e+02
  4.436050134240e+02
  4.439397028940e+02
  4.439478319395e+02
  4.350175171865e+02
  4.302146442829e+02
  4.265178320613e+02
  4.183982542037e+02
  4.163642029128e+02
  4.163646048811e+02
  4.102250183789e+02
  4.022428325445e+02
  4.033244621911e+02
  3.987344135916e+02
  3.961898682317e+02
  3.929528719715e+02
  3.938729006078e+02
  3.938685230668e+02
  3.938730687798e+02
  3.870276640549e+02
  3.846044436944e+02
  3.809403941194e+02
  3.792232961045e+02
  3.775137698148e+02
  3.720044284266e+02
  3.647981660796e+02
  3.577308076432e+02
  3.508027275730e+02
  3.440075534304e+02
  3.373342672335e+02
  3.371442492480e+02
  3.371442820112e+02
  3.308092317894e+02
  3.244017411936e+02
  3.180933048066e+02
  3.163183119174e+02
  3.163175399734e+02
  3.119565344557e+02
  3.059135489893e+02
  3.000400563380e+02
  2.972810551514e+02
  2.972800301398e+02
  2.941775889733e+02
  2.884784231808e+02
  2.828904171418e+02
  2.774108616301e+02
  2.720385045377e+02
  2.667687062816e+02
  2.616010094772e+02
  2.565344997271e+02
  2.515649221226e+02
  2.466921100497e+02
  2.419140878807e+02
  2.372282443071e+02
  2.326331157209e+02
  2.294615287191e+02
  2.272305278788e+02
  2.249270896405e+02
  2.231449008461e+02
  2.219261090595e+02
  2.193749601216e+02
  2.151256775677e+02
  2.109975031103e+02
  2.091771312798e+02
  2.068717569060e+02
  2.028643843923e+02
  1.989348665146e+02
  1.950817805978e+02
  1.913027696014e+02
  1.875972807329e+02
  1.839640362213e+02
  1.804000976529e+02
  1.769054951485e+02
  1.734788173056e+02
  1.701186491063e+02
  1.668235154288e+02
  1.635921700275e+02
  1.604232844861e+02
  1.573159520234e+02
  1.542691848363e+02
  1.512804942167e+02
  1.483502451123e+02
  1.464730895084e+02
  1.454450670585e+02
  1.426587841550e+02
  1.398955500122e+02
  6.926580507162e+01
