111
  7.338800000000e-01
  6.959500000000e-01
  6.599800000000e-01
  6.258700000000e-01
  5.935300000000e-01
  5.628500000000e-01
  5.337620000000e-01
  5.061780000000e-01
  4.800180000000e-01
  4.552090000000e-01
  4.316840000000e-01
  4.093730000000e-01
  3.882170000000e-01
  3.681530000000e-01
  3.491260000000e-01
  3.310830000000e-01
  3.139720000000e-01
  2.977460000000e-01
  2.823570000000e-01
  2.677650000000e-01
  2.539270000000e-01
  2.408030000000e-01
  2.283580000000e-01
  2.165560000000e-01
  2.053640000000e-01
  1.947510000000e-01
  1.846860000000e-01
  1.751410000000e-01
  1.660890000000e-01
  1.575060000000e-01
  1.493650000000e-01
  1.416460000000e-01
  1.343260000000e-01
  1.273830000000e-01
  1.208000000000e-01
  1.145570000000e-01
  1.086370000000e-01
  1.030220000000e-01
  9.769700000000e-02
  9.264900000000e-02
  8.786000000000e-02
  8.332000000000e-02
  7.901300000000e-02
  7.493000000000e-02
  7.105700000000e-02
  6.738500000000e-02
  6.390300000000e-02
  6.060000000000e-02
  5.746800000000e-02
  5.449800000000e-02
  1.682362000000e-01
  1.399328000000e-01
  1.163911000000e-01
  9.680980000000e-02
  8.052290000000e-02
  6.697610000000e-02
  5.570820000000e-02
  4.633610000000e-02
  3.854070000000e-02
  3.205680000000e-02
  2.666360000000e-02
  1.350810000000e-02
  8.669800000000e-03
  1.244261000000e-02
  6.004110000000e-03
  9.755900000000e-03
  5.587420000000e-03
  6.121450000000e-03
  6.640580000000e-03
  4.592670000000e-03
  6.022310000000e-03
  4.316990000000e-03
  4.512180000000e-03
  2.190110000000e-03
  3.253950000000e-03
  1.899710000000e-03
  1.575230000000e-03
  1.841870000000e-03
  2.691190000000e-03
  1.633940000000e-03
  1.579240000000e-03
  1.867480000000e-03
  8.116900000000e-04
  1.685980000000e-03
  1.728230000000e-03
  9.524100000000e-04
  8.349400000000e-04
  8.350300000000e-04
  8.925700000000e-04
  1.127390000000e-03
  1.124370000000e-03
  2.629900000000e-04
  4.088600000000e-04
  6.714900000000e-04
  5.737700000000e-04
  1.186500000000e-03
  6.419600000000e-04
  3.022500000000e-04
  5.430800000000e-04
  5.353500000000e-04
  8.480089000000e-03
  1.288898000000e-03
  1.959010800000e-04
  2.977522100000e-05
  4.525568200000e-06
  6.878461000000e-07
  1.045465300000e-07
  1.589013400000e-08
  2.415159900000e-09
  3.670827800000e-10
  6.579332000000e-11
