111
  1.383306000000e+01
  1.311814500000e+01
  1.244018000000e+01
  1.179725500000e+01
  1.118755500000e+01
  1.060936500000e+01
  1.006105900000e+01
  9.541089000000e+00
  9.047991000000e+00
  8.580377500000e+00
  8.136931000000e+00
  7.716402500000e+00
  7.317607500000e+00
  6.939422500000e+00
  6.580783000000e+00
  6.240678500000e+00
  5.918151000000e+00
  5.612292000000e+00
  5.322240500000e+00
  5.047179500000e+00
  4.786333500000e+00
  4.538968500000e+00
  4.304388000000e+00
  4.081931000000e+00
  3.870971000000e+00
  3.670913500000e+00
  3.481195000000e+00
  3.301281500000e+00
  3.130666500000e+00
  2.968869000000e+00
  2.815433500000e+00
  2.669928000000e+00
  2.531942000000e+00
  2.401087500000e+00
  2.276996000000e+00
  2.159317500000e+00
  2.047720500000e+00
  1.941891000000e+00
  1.841531500000e+00
  1.746358500000e+00
  1.656104000000e+00
  1.570514000000e+00
  1.489347500000e+00
  1.412376000000e+00
  1.339382500000e+00
  1.270161500000e+00
  1.204517500000e+00
  1.142266000000e+00
  1.083232000000e+00
  1.027249000000e+00
  9.158819000000e-01
  7.617974000000e-01
  6.336354500000e-01
  5.270350000000e-01
  4.383686500000e-01
  3.646191500000e-01
  3.032770000000e-01
  2.522548500000e-01
  2.098164500000e-01
  1.745177000000e-01
  1.451575000000e-01
  1.250716500000e-01
  1.139827000000e-01
  1.034264950000e-01
  9.420313500000e-02
  8.632313000000e-02
  7.865147000000e-02
  7.279703500000e-02
  6.641602000000e-02
  6.079939500000e-02
  5.549190500000e-02
  5.032225500000e-02
  4.590767000000e-02
  4.255652500000e-02
  3.983449500000e-02
  3.725766500000e-02
  3.552019500000e-02
  3.381164500000e-02
  3.154511500000e-02
  2.938255000000e-02
  2.777596000000e-02
  2.605260000000e-02
  2.471301500000e-02
  2.346418000000e-02
  2.175707500000e-02
  2.041675500000e-02
  1.952308000000e-02
  1.868809500000e-02
  1.782429500000e-02
  1.681431500000e-02
  1.568843500000e-02
  1.499475500000e-02
  1.465883000000e-02
  1.411865500000e-02
  1.349602500000e-02
  1.261589000000e-02
  1.170166000000e-02
  1.122955500000e-02
  1.080689000000e-02
  1.026767500000e-02
  5.759955500000e-03
  8.754620000000e-04
  1.330624600000e-04
  2.022430950000e-05
  3.073914900000e-06
  4.672077500000e-07
  7.101143500000e-08
  1.079310300000e-08
  1.640456050000e-09
  2.493347100000e-10
  3.289666000000e-11
