111
  5.151775753923e+03
  5.016883628921e+03
  4.885521880067e+03
  4.757599953794e+03
  4.633029032918e+03
  4.511735856510e+03
  4.393603701241e+03
  4.278556818088e+03
  4.166515630475e+03
  4.057422359073e+03
  3.951188596554e+03
  3.847734117378e+03
  3.746985691717e+03
  3.648883329629e+03
  3.553346225036e+03
  3.460306361494e+03
  3.369704206289e+03
  3.281472174110e+03
  3.195553155873e+03
  3.111882824746e+03
  3.030402588551e+03
  2.951057597172e+03
  2.873788131050e+03
  2.798542263181e+03
  2.725266483645e+03
  2.653909639792e+03
  2.584421077123e+03
  2.516751687004e+03
  2.450854424511e+03
  2.386682525932e+03
  2.324190569773e+03
  2.263335309613e+03
  2.204073278515e+03
  2.146362965895e+03
  2.090163737875e+03
  2.035436031944e+03
  1.982140818520e+03
  1.930241459695e+03
  1.879701347429e+03
  1.830484001936e+03
  1.782555342996e+03
  1.735881769787e+03
  1.690430170527e+03
  1.646168862393e+03
  1.603066602288e+03
  1.561092821174e+03
  1.520217755991e+03
  1.480412939498e+03
  1.441650481601e+03
  1.403903035495e+03
  1.324334919004e+03
  1.207807777820e+03
  1.101533759455e+03
  1.004610748717e+03
  9.162157180340e+02
  8.355985016048e+02
  7.620754205461e+02
  6.950207324684e+02
  6.338665733020e+02
  5.780931401758e+02
  5.272270701833e+02
  4.897318125914e+02
  4.676035422997e+02
  4.453037933793e+02
  4.251232432939e+02
  4.068435227681e+02
  3.884385071888e+02
  3.736786633370e+02
  3.568919465478e+02
  3.415145399857e+02
  3.262054690425e+02
  3.106826402539e+02
  2.967210272867e+02
  2.857476234095e+02
  2.764236270441e+02
  2.673679021724e+02
  2.610639382778e+02
  2.547005056673e+02
  2.459822508393e+02
  2.374324215917e+02
  2.308489731058e+02
  2.235594763351e+02
  2.177637426244e+02
  2.121629963378e+02
  2.042913488219e+02
  1.979245957644e+02
  1.935461995160e+02
  1.893611994616e+02
  1.849305335559e+02
  1.796030855474e+02
  1.734822965517e+02
  1.696294769014e+02
  1.677159064945e+02
  1.645891382705e+02
  1.609212716006e+02
  1.555516897670e+02
  1.498367127074e+02
  1.467934362455e+02
  1.439962161314e+02
  1.403572189811e+02
  9.626679121385e+01
  3.753060396527e+01
  1.463168464974e+01
  5.704314572413e+00
  2.223885688717e+00
  8.670049141839e-01
  3.380108400076e-01
  1.317770290500e-01
  5.137465739525e-02
  2.002894182093e-02
  7.808492047441e-03
