1266
  3.081794125877e-05
  2.995797523381e-05
  2.886287234106e-05
  2.785908927382e-05
  2.697751595143e-05
  2.617061756763e-05
  2.552334987060e-05
  2.527575815800e-05
  2.545745900702e-05
  2.573225271870e-05
  2.586512682319e-05
  2.596126014432e-05
  2.605098233259e-05
  2.613287622285e-05
  2.620962682935e-05
  2.628619633617e-05
  2.636397146333e-05
  2.644675338882e-05
  2.654023502464e-05
  2.662928293143e-05
  2.666117697337e-05
  2.649812539110e-05
  2.599886787392e-05
  2.550097922906e-05
  2.490391346365e-05
  2.407275571609e-05
  2.313132110583e-05
  2.297530886482e-05
  2.288460376265e-05
  2.256076642113e-05
  2.197829875037e-05
  2.136014003207e-05
  2.087390716585e-05
  2.073422153030e-05
  2.112351021801e-05
  2.182162232057e-05
  2.269855940261e-05
  2.357251669830e-05
  2.435487991864e-05
  2.515149904965e-05
  2.602706397673e-05
  2.689801778871e-05
  2.773662662663e-05
  2.852476192908e-05
  2.920233244862e-05
  2.985990070033e-05
  3.050426991113e-05
  3.112288795757e-05
  3.144652108358e-05
  3.164657434415e-05
  3.184139277210e-05
  3.203183047177e-05
  3.223100207632e-05
  3.244673228290e-05
  3.266457598217e-05
  3.287663011149e-05
  3.308320527181e-05
  3.328436060238e-05
  3.348686596878e-05
  3.374364828366e-05
  3.400784201948e-05
  3.423856037835e-05
  3.440973940440e-05
  3.457491214878e-05
  3.469217239899e-05
  3.476551515892e-05
  3.483913343634e-05
  3.492705107222e-05
  3.502871703167e-05
  3.512773802310e-05
  3.521824552353e-05
  3.529012804070e-05
  3.535920027922e-05
  3.542502141127e-05
  3.537653033029e-05
  3.525860883810e-05
  3.514377314187e-05
  3.503202324173e-05
  3.492785007299e-05
  3.482982094462e-05
  3.472928460697e-05
  3.462582778374e-05
  3.451151557083e-05
  3.436270856624e-05
  3.421505873517e-05
  3.406120976020e-05
  3.390771895804e-05
  3.376475292459e-05
  3.364570181055e-05
  3.353119673534e-05
  3.341900600725e-05
  3.330816531486e-05
  3.319498272369e-05
  3.308871562194e-05
  3.299357942735e-05
  3.290103309732e-05
  3.283697527738e-05
  3.288488777150e-05
  3.294390362112e-05
  3.300140412452e-05
  3.300380112677e-05
  3.210944375298e-05
  3.129220372886e-05
  3.080288463954e-05
  3.069391746619e-05
  3.073833088807e-05
  3.079638242641e-05
  3.077188892021e-05
  3.070265137112e-05
  3.064961425136e-05
  3.070499326996e-05
  3.080971747370e-05
  3.094673232902e-05
  3.106264254351e-05
  3.125660686723e-05
  3.140673635580e-05
  3.172983573425e-05
  3.232952713616e-05
  3.288863480958e-05
  3.315847665424e-05
  3.335489308372e-05
  3.354023370956e-05
  3.371400260009e-05
  3.390755364753e-05
  3.404787471297e-05
  3.394058819641e-05
  3.391970396951e-05
  3.410033324599e-05
  3.451085432879e-05
  3.502411588936e-05
  3.546089379046e-05
  3.568039858685e-05
  3.610039747188e-05
  3.666237052734e-05
  3.689717200298e-05
  3.727379897500e-05
  3.760993536226e-05
  3.781384083709e-05
  3.832712994939e-05
  3.873269607562e-05
  3.911450387591e-05
  3.948546064497e-05
  3.984509364461e-05
  4.021296461764e-05
  4.057248741023e-05
  4.091583732527e-05
  4.139471430114e-05
  4.202975459903e-05
  4.268231781024e-05
  4.334072199253e-05
  4.351325105434e-05
  4.336460936026e-05
  4.365585891503e-05
  4.415942225940e-05
  4.484736191833e-05
  4.557076068011e-05
  4.626928021120e-05
  4.694898189668e-05
  4.761386074037e-05
  4.824204065231e-05
  4.878343255016e-05
  4.923599760433e-05
  4.963654495342e-05
  4.998791242787e-05
  5.021841037277e-05
  5.033815373575e-05
  5.044347536408e-05
  5.069949212978e-05
  5.111292792487e-05
  5.163278571652e-05
  5.223599544783e-05
  5.289618869373e-05
  5.359189972038e-05
  5.429369555410e-05
  5.497514057891e-05
  5.560526549193e-05
  5.614549778678e-05
  5.652993555005e-05
  5.681949559328e-05
  5.711759306217e-05
  5.905478569428e-05
  5.724343574371e-05
  6.352347710022e-05
  6.050835727462e-05
  5.874365016579e-05
  6.361847825422e-05
  6.732601207808e-05
  6.482834824390e-05
  6.196633926028e-05
  6.465709642919e-05
  6.473168470101e-05
  7.148165087392e-05
  7.060766681058e-05
  7.505449532537e-05
  7.219241631187e-05
  6.837398864459e-05
  7.238796574613e-05
  7.768987684952e-05
  7.736576089949e-05
  7.493686016465e-05
  1.005915969419e-04
  2.062290188923e-04
  3.675195763173e-04
  4.795717885447e-04
  3.338161797284e-04
  2.383431595174e-03
  8.403901902716e-03
  2.469828023119e-02
  6.527733609403e-02
  1.685161192190e-01
  4.326732041708e-01
  1.590727297183e-04
  1.546338497196e-04
  1.489812655638e-04
  1.438000462471e-04
  1.392496360279e-04
  1.350846748633e-04
  1.317436781834e-04
  1.304656859500e-04
  1.314035698210e-04
  1.328219704034e-04
  1.335078256437e-04
  1.340040362660e-04
  1.344671545932e-04
  1.348898656550e-04
  1.352860286686e-04
  1.356812569015e-04
  1.360827081755e-04
  1.365100030018e-04
  1.369925264405e-04
  1.374521643342e-04
  1.376167915645e-04
  1.367751694698e-04
  1.341981557938e-04
  1.316282078155e-04
  1.285463380589e-04
  1.242561575235e-04
  1.193967617563e-04
  1.185914745751e-04
  1.181232827488e-04
  1.164517340406e-04
  1.134452151566e-04
  1.102544700678e-04
  1.077446856322e-04
  1.070236713645e-04
  1.090330597815e-04
  1.126364996373e-04
  1.171629790104e-04
  1.216740776434e-04
  1.257123958440e-04
  1.298242986688e-04
  1.343436954002e-04
  1.388392909745e-04
  1.431679317456e-04
  1.472360436579e-04
  1.507334541830e-04
  1.541276191564e-04
  1.574536547423e-04
  1.606467707416e-04
  1.623172653522e-04
  1.633498787244e-04
  1.643554715014e-04
  1.653384523072e-04
  1.663665148423e-04
  1.674800477858e-04
  1.686044899283e-04
  1.696990480922e-04
  1.707653255040e-04
  1.718036274224e-04
  1.728488978104e-04
  1.741743291047e-04
  1.755380158734e-04
  1.767289130470e-04
  1.776124865055e-04
  1.784650573864e-04
  1.790703187155e-04
  1.794488914738e-04
  1.798288863686e-04
  1.802826901517e-04
  1.808074585505e-04
  1.813185744383e-04
  1.817857463052e-04
  1.821567817397e-04
  1.825133113806e-04
  1.828530598103e-04
  1.826027637716e-04
  1.819940893148e-04
  1.814013427872e-04
  1.808245241895e-04
  1.802868143478e-04
  1.797808181519e-04
  1.792618805132e-04
  1.787278682266e-04
  1.781378237589e-04
  1.773697277909e-04
  1.766076047966e-04
  1.758134837290e-04
  1.750212114393e-04
  1.742832647671e-04
  1.736687595499e-04
  1.730777195863e-04
  1.724986255703e-04
  1.719265000232e-04
  1.713422863153e-04
  1.707937682357e-04
  1.703027044739e-04
  1.698250087959e-04
  1.694943620407e-04
  1.697416715921e-04
  1.700462932480e-04
  1.703430931529e-04
  1.703554657409e-04
  1.657390681822e-04
  1.615207266525e-04
  1.589950120829e-04
  1.584325570646e-04
  1.586618054818e-04
  1.589614496595e-04
  1.588350217175e-04
  1.584776387943e-04
  1.582038775023e-04
  1.584897269555e-04
  1.590302810703e-04
  1.597375095923e-04
  1.603358024525e-04
  1.613369866063e-04
  1.621119088296e-04
  1.637796483996e-04
  1.668750708838e-04
  1.697610126497e-04
  1.711538532182e-04
  1.721676943874e-04
  1.731243656664e-04
  1.740213072085e-04
  1.750203581573e-04
  1.757446523186e-04
  1.751908723335e-04
  1.750830743806e-04
  1.760154271239e-04
  1.781344106309e-04
  1.807837088697e-04
  1.830382219933e-04
  1.841712382079e-04
  1.863391432136e-04
  1.892398751999e-04
  1.904518481658e-04
  1.923958807027e-04
  1.941309133004e-04
  1.951834106172e-04
  1.978328510696e-04
  1.999262586155e-04
  2.018970329936e-04
  2.038117976875e-04
  2.056681125682e-04
  2.075669493325e-04
  2.094226953583e-04
  2.111949619668e-04
  2.136667775599e-04
  2.169446601679e-04
  2.203129906624e-04
  2.237114704523e-04
  2.246020123801e-04
  2.238347696941e-04
  2.253381102748e-04
  2.279373493058e-04
  2.314882821376e-04
  2.352222439473e-04
  2.388277868237e-04
  2.423361977716e-04
  2.457680977713e-04
  2.490105691781e-04
  2.518050675619e-04
  2.541410691116e-04
  2.562085712743e-04
  2.580222220573e-04
  2.592119815218e-04
  2.598300599150e-04
  2.603736977517e-04
  2.616951775167e-04
  2.638292058717e-04
  2.665125518256e-04
  2.696261348436e-04
  2.730338492293e-04
  2.766248954700e-04
  2.802473496125e-04
  2.837647591415e-04
  2.870172700454e-04
  2.898057829152e-04
  2.917901323531e-04
  2.932847521950e-04
  2.948234396012e-04
  3.048226318701e-04
  2.954730007999e-04
  3.278886418363e-04
  3.123255210860e-04
  3.032166460123e-04
  3.283790085602e-04
  3.475161573052e-04
  3.346239851550e-04
  3.198511754570e-04
  3.337400359838e-04
  3.341250376912e-04
  3.689662860282e-04
  3.644550492289e-04
  3.874082096784e-04
  3.726350385076e-04
  3.529254898663e-04
  3.736444045143e-04
  4.010112381668e-04
  3.993382513672e-04
  3.868010131765e-04
  5.192228701428e-04
  1.064490736317e-03
  1.897022962657e-03
  2.475402002331e-03
  1.723056400414e-03
  1.230254048308e-02
  4.337835563786e-02
  1.274849225889e-01
  3.369415222783e-01
  8.698283529264e-01
  2.233325941064e+00
  1.518646433702e-04
  1.476269030035e-04
  1.422304552374e-04
  1.372840132850e-04
  1.329397964833e-04
  1.289635628257e-04
  1.257739572272e-04
  1.245538748466e-04
  1.254492602458e-04
  1.268033886308e-04
  1.274581656103e-04
  1.279318913665e-04
  1.283740243439e-04
  1.287775810362e-04
  1.291557926560e-04
  1.295331118530e-04
  1.299163721055e-04
  1.303243048576e-04
  1.307849636397e-04
  1.312237738929e-04
  1.313809413449e-04
  1.305774557978e-04
  1.281172147272e-04
  1.256637191853e-04
  1.227214986531e-04
  1.186257197087e-04
  1.139865184673e-04
  1.132177213843e-04
  1.127707448042e-04
  1.111749392321e-04
  1.083046551871e-04
  1.052584928068e-04
  1.028624346080e-04
  1.021740917674e-04
  1.040924284672e-04
  1.075325851148e-04
  1.118539554524e-04
  1.161606419996e-04
  1.200159712847e-04
  1.239415508430e-04
  1.282561594757e-04
  1.325480454566e-04
  1.366805418823e-04
  1.405643148322e-04
  1.439032466721e-04
  1.471436113414e-04
  1.503189337802e-04
  1.533673596377e-04
  1.549621588766e-04
  1.559479812849e-04
  1.569080074863e-04
  1.578464463360e-04
  1.588279241200e-04
  1.598909993791e-04
  1.609644895068e-04
  1.620094497933e-04
  1.630274108176e-04
  1.640186640062e-04
  1.650165699010e-04
  1.662819417292e-04
  1.675838355558e-04
  1.687207694280e-04
  1.695643053905e-04
  1.703782435998e-04
  1.709560786319e-04
  1.713174970663e-04
  1.716802731957e-04
  1.721135137002e-04
  1.726145031902e-04
  1.731024588075e-04
  1.735484616459e-04
  1.739026842964e-04
  1.742430584564e-04
  1.745674118147e-04
  1.743284574778e-04
  1.737473639775e-04
  1.731814766619e-04
  1.726307955314e-04
  1.721174510160e-04
  1.716343831013e-04
  1.711389601613e-04
  1.706291456532e-04
  1.700658379585e-04
  1.693325468378e-04
  1.686049580365e-04
  1.678468210954e-04
  1.670904491582e-04
  1.663859411737e-04
  1.657992811231e-04
  1.652350230416e-04
  1.646821695992e-04
  1.641359688625e-04
  1.635782277175e-04
  1.630545647196e-04
  1.625857526033e-04
  1.621297028208e-04
  1.618140387115e-04
  1.620501418882e-04
  1.623409601775e-04
  1.626243111440e-04
  1.626361230911e-04
  1.582289090441e-04
  1.542017138539e-04
  1.517904473656e-04
  1.512534789555e-04
  1.514723394050e-04
  1.517584057613e-04
  1.516377066675e-04
  1.512965178901e-04
  1.510351615844e-04
  1.513080582986e-04
  1.518241182041e-04
  1.524992999745e-04
  1.530704823010e-04
  1.540262996478e-04
  1.547661077048e-04
  1.563582767426e-04
  1.593134358857e-04
  1.620686065415e-04
  1.633983331174e-04
  1.643662339504e-04
  1.652795554409e-04
  1.661358537371e-04
  1.670896345411e-04
  1.677811086529e-04
  1.672524221829e-04
  1.671495088947e-04
  1.680396137991e-04
  1.700625794901e-04
  1.725918296823e-04
  1.747441837161e-04
  1.758258593979e-04
  1.778955298004e-04
  1.806648204852e-04
  1.818218751392e-04
  1.836778174395e-04
  1.853342302461e-04
  1.863390355949e-04
  1.888684215566e-04
  1.908669702138e-04
  1.927484425984e-04
  1.945764432739e-04
  1.963486426812e-04
  1.981614371718e-04
  1.999330935009e-04
  2.016250531280e-04
  2.039848629721e-04
  2.071142143962e-04
  2.103299152282e-04
  2.135743991960e-04
  2.144245878645e-04
  2.136921113609e-04
  2.151273308454e-04
  2.176087901702e-04
  2.209988190526e-04
  2.245635832933e-04
  2.280057476671e-04
  2.313551814660e-04
  2.346315712687e-04
  2.377271160846e-04
  2.403949869459e-04
  2.426251369088e-04
  2.445989540373e-04
  2.463304225917e-04
  2.474662703080e-04
  2.480563416226e-04
  2.485753455169e-04
  2.498369448720e-04
  2.518742736816e-04
  2.544360287797e-04
  2.574085255456e-04
  2.606618256606e-04
  2.640901502870e-04
  2.675484596241e-04
  2.709064842501e-04
  2.740116136418e-04
  2.766737702118e-04
  2.785682025273e-04
  2.799950964372e-04
  2.814640610712e-04
  2.910101584482e-04
  2.820841886065e-04
  3.130309748615e-04
  2.981730681250e-04
  2.894769448673e-04
  3.134991215249e-04
  3.317691057920e-04
  3.194611185630e-04
  3.053577113961e-04
  3.186172239125e-04
  3.189847799801e-04
  3.522472616301e-04
  3.479404431773e-04
  3.698535236409e-04
  3.557497713807e-04
  3.369333244592e-04
  3.567133998349e-04
  3.828401560687e-04
  3.812429775697e-04
  3.692738411248e-04
  4.956952467184e-04
  1.016255308675e-03
  1.811062877962e-03
  2.363233741871e-03
  1.644979288525e-03
  1.174507362965e-02
  4.141274573332e-02
  1.217081792606e-01
  3.216736407807e-01
  8.304136909222e-01
  2.132126909305e+00
  3.404930545244e-04
  3.309916911411e-04
  3.188924102112e-04
  3.078020794271e-04
  2.980619870956e-04
  2.891469433201e-04
  2.819955845254e-04
  2.792600592095e-04
  2.812675871157e-04
  2.843036546282e-04
  2.857717186148e-04
  2.868338508279e-04
  2.878251494253e-04
  2.887299568103e-04
  2.895779384527e-04
  2.904239192092e-04
  2.912832203023e-04
  2.921978391743e-04
  2.932306741537e-04
  2.942145229295e-04
  2.945669053183e-04
  2.927654244593e-04
  2.872493610860e-04
  2.817484217442e-04
  2.751517206697e-04
  2.659686465026e-04
  2.555671747303e-04
  2.538434682686e-04
  2.528413099142e-04
  2.492633822175e-04
  2.428279686799e-04
  2.359982214101e-04
  2.306260613284e-04
  2.290827399130e-04
  2.333838089967e-04
  2.410969239061e-04
  2.507857925811e-04
  2.604417389870e-04
  2.690857051885e-04
  2.778871782958e-04
  2.875608866708e-04
  2.971836489865e-04
  3.064490467746e-04
  3.151567860183e-04
  3.226429465609e-04
  3.299081113783e-04
  3.370274461511e-04
  3.438622683233e-04
  3.474379397380e-04
  3.496482348770e-04
  3.518006927928e-04
  3.539047500858e-04
  3.561053042187e-04
  3.584888066200e-04
  3.608956600159e-04
  3.632385471546e-04
  3.655208997211e-04
  3.677433711174e-04
  3.699807584297e-04
  3.728178264221e-04
  3.757367797468e-04
  3.782858792499e-04
  3.801771564432e-04
  3.820020730328e-04
  3.832976268283e-04
  3.841079567638e-04
  3.849213307637e-04
  3.858926917036e-04
  3.870159514562e-04
  3.881099881912e-04
  3.891099633362e-04
  3.899041597308e-04
  3.906673066679e-04
  3.913945336463e-04
  3.908587783167e-04
  3.895559187670e-04
  3.882871527372e-04
  3.870524802286e-04
  3.859015194903e-04
  3.848184413876e-04
  3.837076622991e-04
  3.825646161281e-04
  3.813016338214e-04
  3.796575346551e-04
  3.780262205593e-04
  3.763264150147e-04
  3.746305667545e-04
  3.730510017532e-04
  3.717356615387e-04
  3.704705483864e-04
  3.692310053754e-04
  3.680063782792e-04
  3.667558766359e-04
  3.655817810087e-04
  3.645306655816e-04
  3.635081643595e-04
  3.628004193939e-04
  3.633297821874e-04
  3.639818207753e-04
  3.646171170099e-04
  3.646436003694e-04
  3.547622630185e-04
  3.457329592842e-04
  3.403267009634e-04
  3.391227735049e-04
  3.396134766816e-04
  3.402548610442e-04
  3.399842437219e-04
  3.392192703455e-04
  3.386332879544e-04
  3.392451448931e-04
  3.404021937601e-04
  3.419160069707e-04
  3.431966448515e-04
  3.453396661681e-04
  3.469983768428e-04
  3.505681511298e-04
  3.571938616370e-04
  3.633711814628e-04
  3.663525381069e-04
  3.685226515960e-04
  3.705703936982e-04
  3.724902850960e-04
  3.746287403158e-04
  3.761790822995e-04
  3.749937236337e-04
  3.747629835544e-04
  3.767586721557e-04
  3.812943280665e-04
  3.869651155816e-04
  3.917908708274e-04
  3.942160769103e-04
  3.988564486360e-04
  4.050654267312e-04
  4.076596386863e-04
  4.118208143808e-04
  4.155346284955e-04
  4.177874849527e-04
  4.234585768739e-04
  4.279394877813e-04
  4.321579040303e-04
  4.362564322976e-04
  4.402298495200e-04
  4.442942842668e-04
  4.482664838629e-04
  4.520599968806e-04
  4.573508851617e-04
  4.643671491282e-04
  4.715770155884e-04
  4.788514162130e-04
  4.807576093216e-04
  4.791153365941e-04
  4.823332170392e-04
  4.878968534882e-04
  4.954975778139e-04
  5.034900732233e-04
  5.112076896206e-04
  5.187173964212e-04
  5.260633325588e-04
  5.330037993217e-04
  5.389853858088e-04
  5.439855659431e-04
  5.484110267235e-04
  5.522931220145e-04
  5.548397862664e-04
  5.561627748163e-04
  5.573264243488e-04
  5.601550341456e-04
  5.647228933527e-04
  5.704665595473e-04
  5.771311424346e-04
  5.844253095882e-04
  5.921118961302e-04
  5.998657108665e-04
  6.073946790101e-04
  6.143566351824e-04
  6.203254097570e-04
  6.245728832399e-04
  6.277720970601e-04
  6.310656369133e-04
  6.524687744873e-04
  6.324560139884e-04
  7.018412609152e-04
  6.685286086989e-04
  6.490311831966e-04
  7.028908843419e-04
  7.438536957718e-04
  7.162581733800e-04
  6.846371714212e-04
  7.143660919786e-04
  7.151901829941e-04
  7.897674099688e-04
  7.801111678197e-04
  8.292421013637e-04
  7.976203256774e-04
  7.554322999103e-04
  7.997808601409e-04
  8.583592022583e-04
  8.547781963462e-04
  8.279424053568e-04
  1.111389622514e-03
  2.278528211362e-03
  4.060552328497e-03
  5.298564942227e-03
  3.688179224271e-03
  2.633342367930e-02
  9.285079119181e-02
  2.728797750247e-01
  7.212188306559e-01
  1.861855978233e+00
  4.780404364521e+00
  1.395973535518e-04
  1.357019284739e-04
  1.307413938162e-04
  1.261945144984e-04
  1.222012139163e-04
  1.185461716142e-04
  1.156142152974e-04
  1.144926884715e-04
  1.153157466196e-04
  1.165604915103e-04
  1.171623770544e-04
  1.175978362924e-04
  1.180042547463e-04
  1.183752130220e-04
  1.187228735442e-04
  1.190697137314e-04
  1.194220150689e-04
  1.197969959160e-04
  1.202204437011e-04
  1.206238078331e-04
  1.207682796462e-04
  1.200296978835e-04
  1.177681896421e-04
  1.155128820405e-04
  1.128083275718e-04
  1.090433965867e-04
  1.047789397552e-04
  1.040722443992e-04
  1.036613735981e-04
  1.021944736686e-04
  9.955604481693e-05
  9.675594469262e-05
  9.455343477267e-05
  9.392069474346e-05
  9.568407244986e-05
  9.884634085647e-05
  1.028186404613e-04
  1.067774423998e-04
  1.103213467171e-04
  1.139298266458e-04
  1.178959107413e-04
  1.218411076706e-04
  1.256397901800e-04
  1.292098405458e-04
  1.322790608606e-04
  1.352576760428e-04
  1.381765029620e-04
  1.409786837247e-04
  1.424446586103e-04
  1.433508484661e-04
  1.442333258755e-04
  1.450959597117e-04
  1.459981558923e-04
  1.469753582845e-04
  1.479621342553e-04
  1.489226849623e-04
  1.498584173478e-04
  1.507695992975e-04
  1.516868965624e-04
  1.528500544546e-04
  1.540467841789e-04
  1.550918790489e-04
  1.558672760431e-04
  1.566154661251e-04
  1.571466249221e-04
  1.574788487751e-04
  1.578123206516e-04
  1.582105649469e-04
  1.586710856146e-04
  1.591196252570e-04
  1.595296009731e-04
  1.598552103017e-04
  1.601680897904e-04
  1.604662426022e-04
  1.602465904678e-04
  1.597124364145e-04
  1.591922602239e-04
  1.586860618965e-04
  1.582141842151e-04
  1.577701374575e-04
  1.573147336862e-04
  1.568461008658e-04
  1.563282959202e-04
  1.556542384334e-04
  1.549854226454e-04
  1.542885263286e-04
  1.535932524427e-04
  1.529456530541e-04
  1.524063821041e-04
  1.518877035418e-04
  1.513795083770e-04
  1.508774285271e-04
  1.503647404775e-04
  1.498833778177e-04
  1.494524353066e-04
  1.490332242164e-04
  1.487430587552e-04
  1.489600900399e-04
  1.492274166713e-04
  1.494878791738e-04
  1.494987369780e-04
  1.454475279286e-04
  1.417456406537e-04
  1.395291509363e-04
  1.390355576461e-04
  1.392367390328e-04
  1.394996975819e-04
  1.393887482938e-04
  1.390751199908e-04
  1.388348754691e-04
  1.390857281907e-04
  1.395601019190e-04
  1.401807440002e-04
  1.407057874824e-04
  1.415843960191e-04
  1.422644440184e-04
  1.437280011648e-04
  1.464444490920e-04
  1.489770631594e-04
  1.501993773651e-04
  1.510890933108e-04
  1.519286387124e-04
  1.527157671272e-04
  1.535925036285e-04
  1.542281219918e-04
  1.537421416449e-04
  1.536475414644e-04
  1.544657456643e-04
  1.563253006636e-04
  1.586502436225e-04
  1.606287352606e-04
  1.616230355745e-04
  1.635255225820e-04
  1.660711160937e-04
  1.671347064333e-04
  1.688407298217e-04
  1.703633412674e-04
  1.712869806637e-04
  1.736120484249e-04
  1.754491587443e-04
  1.771786499533e-04
  1.788589887796e-04
  1.804880338406e-04
  1.821543948040e-04
  1.837829406554e-04
  1.853382275281e-04
  1.875074171552e-04
  1.903839864964e-04
  1.933399301315e-04
  1.963223318644e-04
  1.971038441737e-04
  1.964305355011e-04
  1.977498211318e-04
  2.000308336637e-04
  2.031470235150e-04
  2.064238339891e-04
  2.095879479423e-04
  2.126668218911e-04
  2.156785521761e-04
  2.185240457322e-04
  2.209764118893e-04
  2.230264152733e-04
  2.248407918222e-04
  2.264323961785e-04
  2.274764926299e-04
  2.280188992896e-04
  2.284959791978e-04
  2.296556693489e-04
  2.315284272458e-04
  2.338832494362e-04
  2.366156344914e-04
  2.396061402227e-04
  2.427575323725e-04
  2.459364871345e-04
  2.490232579625e-04
  2.518775618735e-04
  2.543246753270e-04
  2.560660795924e-04
  2.573777121700e-04
  2.587280170917e-04
  2.675030018479e-04
  2.592980520969e-04
  2.877450254429e-04
  2.740873075323e-04
  2.660936378670e-04
  2.881753562547e-04
  3.049695316238e-04
  2.936557563659e-04
  2.806915912194e-04
  2.928800296578e-04
  2.932178953596e-04
  3.237935073510e-04
  3.198345841620e-04
  3.399775744789e-04
  3.270130921150e-04
  3.097165961354e-04
  3.278988807951e-04
  3.519151754783e-04
  3.504470135239e-04
  3.394447174336e-04
  4.556540816511e-04
  9.341644537906e-04
  1.664769226523e-03
  2.172336949987e-03
  1.512101501900e-03
  1.079633257343e-02
  3.806751577848e-02
  1.118768618775e-01
  2.956895559351e-01
  7.633347106567e-01
  1.959898415922e+00
  5.847684510001e-05
  5.684506510503e-05
  5.476711441745e-05
  5.286244251079e-05
  5.118966280805e-05
  4.965857832046e-05
  4.843039203314e-05
  4.796058835274e-05
  4.830536454376e-05
  4.882678384227e-05
  4.907891159996e-05
  4.926132395779e-05
  4.943157123231e-05
  4.958696436176e-05
  4.973259814338e-05
  4.987788828955e-05
  5.002546609252e-05
  5.018254426311e-05
  5.035992506515e-05
  5.052889289489e-05
  5.058941163411e-05
  5.028002230664e-05
  4.933268438254e-05
  4.838794388485e-05
  4.725501543953e-05
  4.567789896542e-05
  4.389153285440e-05
  4.359550063164e-05
  4.342338828435e-05
  4.280890901401e-05
  4.170368035930e-05
  4.053072817168e-05
  3.960810443890e-05
  3.934305184489e-05
  4.008172462318e-05
  4.140638784259e-05
  4.307037030912e-05
  4.472869865023e-05
  4.621322782314e-05
  4.772480749476e-05
  4.938618630608e-05
  5.103881555619e-05
  5.263007042629e-05
  5.412555208784e-05
  5.541123778575e-05
  5.665896930924e-05
  5.788165573761e-05
  5.905547949742e-05
  5.966957127012e-05
  6.004917104390e-05
  6.041883775648e-05
  6.078019206538e-05
  6.115811890253e-05
  6.156746558042e-05
  6.198082259707e-05
  6.238319394204e-05
  6.277516897859e-05
  6.315685992310e-05
  6.354111255189e-05
  6.402835534093e-05
  6.452966125350e-05
  6.496744785385e-05
  6.529225895354e-05
  6.560567317246e-05
  6.582817374218e-05
  6.596734115688e-05
  6.610703136426e-05
  6.627385451223e-05
  6.646676501565e-05
  6.665465670930e-05
  6.682639410858e-05
  6.696279072205e-05
  6.709385484989e-05
  6.721875002412e-05
  6.712673851021e-05
  6.690298323807e-05
  6.668508324391e-05
  6.647303852795e-05
  6.627537061104e-05
  6.608936097119e-05
  6.589859391784e-05
  6.570228526193e-05
  6.548537857401e-05
  6.520301824097e-05
  6.492285363724e-05
  6.463092619788e-05
  6.433967838912e-05
  6.406840126122e-05
  6.384250253889e-05
  6.362522989600e-05
  6.341234871184e-05
  6.320202921174e-05
  6.298726597379e-05
  6.278562483247e-05
  6.260510451583e-05
  6.242949845051e-05
  6.230794914964e-05
  6.239886279873e-05
  6.251084499338e-05
  6.261995182833e-05
  6.262450012466e-05
  6.092746276671e-05
  5.937675508321e-05
  5.844827526197e-05
  5.824151075219e-05
  5.832578493422e-05
  5.843593735442e-05
  5.838946108413e-05
  5.825808328055e-05
  5.815744568732e-05
  5.826252701852e-05
  5.846124052079e-05
  5.872122532651e-05
  5.894116421216e-05
  5.930921026746e-05
  5.959408000534e-05
  6.020715899550e-05
  6.134506956917e-05
  6.240597277935e-05
  6.291799594207e-05
  6.329069485228e-05
  6.364237749639e-05
  6.397210284727e-05
  6.433936471349e-05
  6.460562303162e-05
  6.440204755727e-05
  6.436241987120e-05
  6.470516276024e-05
  6.548412387149e-05
  6.645803437775e-05
  6.728681763265e-05
  6.770332657040e-05
  6.850027175034e-05
  6.956661200451e-05
  7.001214629262e-05
  7.072679354692e-05
  7.136461017733e-05
  7.175151950286e-05
  7.272548228837e-05
  7.349504140141e-05
  7.421951924400e-05
  7.492340732466e-05
  7.560580862578e-05
  7.630384142836e-05
  7.698603361231e-05
  7.763753786526e-05
  7.854620384345e-05
  7.975118871964e-05
  8.098942321101e-05
  8.223874090741e-05
  8.256611369127e-05
  8.228406703386e-05
  8.283671118868e-05
  8.379221939214e-05
  8.509758046527e-05
  8.647022495774e-05
  8.779566127018e-05
  8.908539084173e-05
  9.034699416645e-05
  9.153896150447e-05
  9.256624914459e-05
  9.342498842077e-05
  9.418502443652e-05
  9.485174195683e-05
  9.528911032308e-05
  9.551632258330e-05
  9.571616969488e-05
  9.620195985929e-05
  9.698645161835e-05
  9.797287843060e-05
  9.911746501167e-05
  1.003701774447e-04
  1.016902846381e-04
  1.030219377137e-04
  1.043149752604e-04
  1.055106332254e-04
  1.065357205263e-04
  1.072651887067e-04
  1.078146270242e-04
  1.083802650520e-04
  1.120560755977e-04
  1.086190507299e-04
  1.205353887663e-04
  1.148142183118e-04
  1.114656979358e-04
  1.207156528443e-04
  1.277506744021e-04
  1.230113733593e-04
  1.175807297415e-04
  1.226864241436e-04
  1.228279549091e-04
  1.356359722588e-04
  1.339775931262e-04
  1.424154215997e-04
  1.369846451006e-04
  1.297392031890e-04
  1.373556988930e-04
  1.474160410724e-04
  1.468010331442e-04
  1.421922096396e-04
  1.908719074822e-04
  3.913182354275e-04
  6.973660295823e-04
  9.099843807732e-04
  6.334140515729e-04
  4.522546104790e-03
  1.594634974719e-02
  4.686482770503e-02
  1.238633249139e-01
  3.197582511330e-01
  8.209946189063e-01
