1266
  0.000000000000e+00
  0.000000000000e+00
  0.000000000000e+00
  0.000000000000e+00
  0.000000000000e+00
  0.000000000000e+00
  0.000000000000e+00
  0.000000000000e+00
  0.000000000000e+00
  0.000000000000e+00
  0.000000000000e+00
  0.000000000000e+00
  0.000000000000e+00
  0.000000000000e+00
  0.000000000000e+00
  0.000000000000e+00
  0.000000000000e+00
  0.000000000000e+00
  0.000000000000e+00
  0.000000000000e+00
  0.000000000000e+00
  0.000000000000e+00
  0.000000000000e+00
  0.000000000000e+00
  0.000000000000e+00
  0.000000000000e+00
  0.000000000000e+00
  0.000000000000e+00
  0.000000000000e+00
  0.000000000000e+00
  0.000000000000e+00
  0.000000000000e+00
  0.000000000000e+00
  0.000000000000e+00
  0.000000000000e+00
  0.000000000000e+00
  0.000000000000e+00
  0.000000000000e+00
  0.000000000000e+00
  0.000000000000e+00
  0.000000000000e+00
  0.000000000000e+00
  0.000000000000e+00
  0.000000000000e+00
  0.000000000000e+00
  0.000000000000e+00
  0.000000000000e+00
  0.000000000000e+00
  0.000000000000e+00
  0.000000000000e+00
  0.000000000000e+00
  0.000000000000e+00
  0.000000000000e+00
  0.000000000000e+00
  0.000000000000e+00
  0.000000000000e+00
  0.000000000000e+00
  0.000000000000e+00
  0.000000000000e+00
  0.000000000000e+00
  0.000000000000e+00
  0.000000000000e+00
  0.000000000000e+00
  0.000000000000e+00
  0.000000000000e+00
  0.000000000000e+00
  0.000000000000e+00
  0.000000000000e+00
  0.000000000000e+00
  0.000000000000e+00
  0.000000000000e+00
  0.000000000000e+00
  0.000000000000e+00
  0.000000000000e+00
  0.000000000000e+00
  0.000000000000e+00
  0.000000000000e+00
  3.059551382766e-08
  5.061656605714e-06
  4.770242330495e-05
  2.828302413627e-04
  5.487873228207e-04
  3.518946561839e-04
  4.623142636163e-04
  5.653908837439e-04
  1.302581847420e-03
  1.978578012826e-03
  2.418454831223e-03
  3.077836009599e-03
  2.555403572592e-03
  1.934625209177e-03
  2.719147961830e-03
  4.214933557423e-03
  6.886362956573e-03
  8.857923340476e-03
  8.435911525153e-03
  4.462271627042e-03
  5.447941842719e-03
  6.142520570684e-03
  5.088130894340e-03
  1.373978159175e-02
  1.429583306174e-02
  1.080327509273e-02
  2.306683515398e-02
  1.119870692794e-02
  1.463509701421e-02
  1.746248134018e-02
  1.077466126567e-02
  1.034455119741e-02
  1.041583581897e-02
  1.405455082853e-02
  2.216464692850e-02
  2.032030481372e-02
  1.482432190647e-02
  2.253790069111e-02
  2.455792490548e-02
  2.235698543476e-02
  2.040177580918e-02
  1.971996289863e-02
  2.076888803957e-02
  2.471584512261e-02
  2.664171821991e-02
  1.466544760945e-02
  1.292411470077e-02
  1.503143722488e-02
  1.335589298057e-02
  1.167041088018e-02
  1.691366259557e-02
  2.458466770761e-02
  3.281789153059e-02
  2.811652005667e-02
  1.588349340836e-02
  1.330423555335e-02
  1.328310868253e-02
  1.230428556114e-02
  1.275980729013e-02
  1.720993010950e-02
  1.526591806823e-02
  1.240800889889e-02
  1.070733007694e-02
  1.170481774320e-02
  1.355268481182e-02
  1.334642645138e-02
  1.239121252243e-02
  1.087845601659e-02
  9.983237716031e-03
  6.566971859731e-03
  5.997994606828e-03
  3.771329257452e-03
  3.601674429004e-03
  4.280942174337e-03
  4.088275167515e-03
  6.013348437359e-03
  6.575855657490e-03
  6.483681256824e-03
  7.281674817667e-03
  6.953954089230e-03
  6.287452161319e-03
  4.994562508688e-03
  4.769756720971e-03
  4.555074463563e-03
  6.246509565411e-03
  6.154089503456e-03
  5.877120683307e-03
  5.612626314865e-03
  3.594644517016e-03
  3.339205337929e-03
  3.188923472953e-03
  3.045385867305e-03
  2.770253222460e-03
  1.470409355796e-03
  1.404224491190e-03
  1.341035266040e-03
  1.280668860486e-03
  1.223027010014e-03
  1.167986598326e-03
  2.911860387425e-03
  3.075927849824e-03
  2.937511996387e-03
  2.805306517455e-03
  2.679024903407e-03
  2.558454057359e-03
  2.443310040566e-03
  2.333355761318e-03
  2.216426701046e-03
  1.902409873369e-03
  1.816802341728e-03
  1.735029411408e-03
  1.656942543027e-03
  1.582372058903e-03
  1.511149138314e-03
  1.443124956223e-03
  1.378193821146e-03
  1.316143778809e-03
  1.256932266964e-03
  1.200347902643e-03
  1.146305847005e-03
  1.094742113854e-03
  1.045445320222e-03
  9.984151804546e-04
  2.224009065281e-03
  1.319606460366e-04
  7.800905659649e-06
  4.400127890632e-07
  6.687802935354e-08
  1.016486424750e-08
  1.544969556424e-09
  2.348216269704e-10
  3.569087173432e-11
  5.424686859583e-12
  9.722816754536e-13
  0.000000000000e+00
  0.000000000000e+00
  0.000000000000e+00
  0.000000000000e+00
  0.000000000000e+00
  0.000000000000e+00
  0.000000000000e+00
  0.000000000000e+00
  0.000000000000e+00
  0.000000000000e+00
  0.000000000000e+00
  0.000000000000e+00
  0.000000000000e+00
  0.000000000000e+00
  0.000000000000e+00
  0.000000000000e+00
  0.000000000000e+00
  0.000000000000e+00
  0.000000000000e+00
  0.000000000000e+00
  0.000000000000e+00
  0.000000000000e+00
  0.000000000000e+00
  0.000000000000e+00
  0.000000000000e+00
  0.000000000000e+00
  0.000000000000e+00
  0.000000000000e+00
  0.000000000000e+00
  0.000000000000e+00
  0.000000000000e+00
  0.000000000000e+00
  0.000000000000e+00
  0.000000000000e+00
  0.000000000000e+00
  0.000000000000e+00
  0.000000000000e+00
  0.000000000000e+00
  0.000000000000e+00
  0.000000000000e+00
  0.000000000000e+00
  0.000000000000e+00
  0.000000000000e+00
  0.000000000000e+00
  0.000000000000e+00
  0.000000000000e+00
  0.000000000000e+00
  0.000000000000e+00
  0.000000000000e+00
  0.000000000000e+00
  0.000000000000e+00
  0.000000000000e+00
  0.000000000000e+00
  0.000000000000e+00
  0.000000000000e+00
  0.000000000000e+00
  0.000000000000e+00
  0.000000000000e+00
  0.000000000000e+00
  0.000000000000e+00
  0.000000000000e+00
  0.000000000000e+00
  0.000000000000e+00
  0.000000000000e+00
  0.000000000000e+00
  0.000000000000e+00
  0.000000000000e+00
  0.000000000000e+00
  0.000000000000e+00
  0.000000000000e+00
  0.000000000000e+00
  4.188193254789e-09
  4.276126613451e-08
  1.316321880716e-07
  2.966370929700e-07
  5.923971434663e-07
  9.213539267494e-07
  6.321889058232e-05
  2.299343271451e-04
  1.752667113627e-04
  4.281645207310e-04
  7.199424065834e-04
  5.448484694889e-04
  6.698616653837e-04
  7.867687486226e-04
  1.625437847010e-03
  2.459611604651e-03
  2.725477556178e-03
  3.726972290435e-03
  3.180969077871e-03
  2.426965458410e-03
  3.601267112013e-03
  5.340145488718e-03
  8.436901776169e-03
  1.106579895914e-02
  1.039534957347e-02
  5.613830001621e-03
  6.944418764576e-03
  7.803088061725e-03
  6.506174232214e-03
  1.724001084417e-02
  1.719425499376e-02
  1.310633943725e-02
  2.865662679277e-02
  1.361744025536e-02
  1.901274013836e-02
  2.300035032615e-02
  1.404552419975e-02
  1.474613437215e-02
  1.276845008041e-02
  1.635803749694e-02
  2.720559964419e-02
  2.807161267785e-02
  2.333125566228e-02
  3.066671317741e-02
  3.219537806490e-02
  2.985718105923e-02
  2.198155768894e-02
  2.240159506748e-02
  2.560883778775e-02
  3.229534585418e-02
  3.567645859235e-02
  2.021486608619e-02
  1.621319931155e-02
  1.740410766035e-02
  1.344469919168e-02
  1.105889794977e-02
  1.412279668877e-02
  1.734297257576e-02
  1.812282537297e-02
  1.356999097363e-02
  1.145429756270e-02
  1.093482366747e-02
  9.875698587378e-03
  8.399358514298e-03
  8.207668728821e-03
  7.701205477550e-03
  7.292762016116e-03
  7.325750722486e-03
  7.666451396691e-03
  8.577406769629e-03
  7.942403225984e-03
  7.704979726459e-03
  7.754094769074e-03
  7.742318227025e-03
  7.536848559169e-03
  7.105272604424e-03
  6.821683731886e-03
  7.035061613364e-03
  6.718583648063e-03
  7.417090866527e-03
  7.083274599422e-03
  6.527331055641e-03
  6.139889463134e-03
  5.744467713844e-03
  4.848975139844e-03
  4.630741094997e-03
  4.174466499667e-03
  3.278533965567e-03
  3.130967474148e-03
  2.990044656945e-03
  2.867390975368e-03
  2.739510899848e-03
  2.616217477546e-03
  2.498477513867e-03
  2.392204183235e-03
  2.284869414273e-03
  2.182038287191e-03
  2.083820930366e-03
  1.991812268336e-03
  1.917278046708e-03
  1.830979458027e-03
  1.748586276171e-03
  1.669873817114e-03
  1.594714243394e-03
  1.522946513011e-03
  1.466031724924e-03
  1.401941990048e-03
  1.338855585564e-03
  1.278598760943e-03
  1.221042571905e-03
  1.166089065069e-03
  1.113608742745e-03
  1.063493690192e-03
  1.015447833631e-03
  9.665386591376e-04
  9.230451444421e-04
  8.814996291833e-04
  8.418268497466e-04
  8.039404743388e-04
  7.677547245755e-04
  7.331943368422e-04
  7.002056304726e-04
  6.686801373163e-04
  6.385973812428e-04
  6.098488941015e-04
  5.823926168139e-04
  5.561947914352e-04
  5.311492187913e-04
  5.072550687691e-04
  9.891481810086e-03
  5.869067734631e-04
  3.469522028519e-05
  1.956995098859e-06
  2.974457894407e-07
  4.520911558575e-08
  6.871385387968e-09
  1.044387800262e-09
  1.587381575060e-10
  2.412674779588e-11
  4.324309715427e-12
  0.000000000000e+00
  0.000000000000e+00
  0.000000000000e+00
  0.000000000000e+00
  0.000000000000e+00
  0.000000000000e+00
  0.000000000000e+00
  0.000000000000e+00
  0.000000000000e+00
  0.000000000000e+00
  0.000000000000e+00
  0.000000000000e+00
  0.000000000000e+00
  0.000000000000e+00
  0.000000000000e+00
  0.000000000000e+00
  0.000000000000e+00
  0.000000000000e+00
  0.000000000000e+00
  0.000000000000e+00
  0.000000000000e+00
  0.000000000000e+00
  0.000000000000e+00
  0.000000000000e+00
  0.000000000000e+00
  0.000000000000e+00
  0.000000000000e+00
  0.000000000000e+00
  0.000000000000e+00
  0.000000000000e+00
  0.000000000000e+00
  0.000000000000e+00
  0.000000000000e+00
  0.000000000000e+00
  0.000000000000e+00
  0.000000000000e+00
  0.000000000000e+00
  0.000000000000e+00
  0.000000000000e+00
  0.000000000000e+00
  0.000000000000e+00
  0.000000000000e+00
  0.000000000000e+00
  0.000000000000e+00
  0.000000000000e+00
  0.000000000000e+00
  0.000000000000e+00
  0.000000000000e+00
  0.000000000000e+00
  0.000000000000e+00
  0.000000000000e+00
  0.000000000000e+00
  0.000000000000e+00
  0.000000000000e+00
  0.000000000000e+00
  0.000000000000e+00
  0.000000000000e+00
  0.000000000000e+00
  1.063584069402e-06
  4.104832653622e-06
  7.181830428427e-06
  1.157498516471e-05
  1.764998248674e-05
  2.590257279216e-05
  1.836395186568e-05
  5.331512586811e-05
  7.643919048288e-05
  4.077746139239e-05
  9.656744962360e-05
  2.822402973300e-05
  1.373006353730e-04
  1.575768857634e-04
  2.440962338544e-04
  2.486299947698e-04
  3.388458779169e-04
  4.484301231067e-04
  3.369106879922e-04
  4.951428393591e-04
  8.832051695467e-04
  1.339708032723e-03
  9.906909880866e-04
  1.158017906050e-03
  1.215031346579e-03
  1.482474663746e-03
  1.287514017378e-03
  9.688012678794e-04
  1.650414299104e-03
  1.707018488469e-03
  2.005242014663e-03
  1.890273739992e-03
  2.186386666342e-03
  2.403899602437e-03
  2.974342974967e-03
  3.213226821365e-03
  3.376375435657e-03
  3.541549437439e-03
  3.344675281024e-03
  3.645173455332e-03
  3.931572173452e-03
  4.736230682922e-03
  9.845017888214e-03
  1.031838700051e-02
  1.388814694384e-02
  1.297009687807e-02
  1.990398254657e-02
  2.584796732520e-02
  2.560785978304e-02
  2.492136704034e-02
  2.700722631729e-02
  2.699201562245e-02
  3.034740563226e-02
  2.676566378869e-02
  2.130122167037e-02
  2.134455244167e-02
  2.150713413296e-02
  2.084522544391e-02
  2.107357715942e-02
  2.063850143511e-02
  1.978754885130e-02
  2.217863066090e-02
  2.534619409527e-02
  2.373643420396e-02
  2.108863134177e-02
  1.972653796597e-02
  1.913279336249e-02
  1.861108507939e-02
  1.911639433212e-02
  1.890594880424e-02
  1.711188676679e-02
  1.470092207485e-02
  1.574264019075e-02
  1.549630692975e-02
  1.409231458205e-02
  1.338712149578e-02
  1.180777719738e-02
  1.191440277693e-02
  1.168733794185e-02
  1.167559370872e-02
  1.105930551065e-02
  1.027648802862e-02
  9.548652802860e-03
  9.890673159744e-03
  9.797733727489e-03
  9.730155114551e-03
  9.545522553161e-03
  9.223245956413e-03
  8.683254696367e-03
  8.249674535798e-03
  7.384873495452e-03
  7.052655457531e-03
  6.211395054270e-03
  5.931846365908e-03
  5.122320897832e-03
  4.677465461913e-03
  4.392593610036e-03
  3.797181858752e-03
  3.626285296780e-03
  3.496532389042e-03
  3.434738941288e-03
  3.280141705432e-03
  3.132504637748e-03
  3.153403691894e-03
  3.027575189796e-03
  2.891317159443e-03
  2.761196737202e-03
  2.479085881494e-03
  2.359139930126e-03
  2.252965918080e-03
  2.151555682335e-03
  2.057699202853e-03
  1.990416804285e-03
  1.900826159531e-03
  1.815289767813e-03
  1.733574599431e-03
  1.655547908610e-03
  1.581042748700e-03
  1.508138653544e-03
  1.439956018349e-03
  1.375158690236e-03
  1.313268436612e-03
  1.254151352350e-03
  1.197707733201e-03
  1.143804253715e-03
  1.092330775476e-03
  1.042128526421e-03
  9.765787790287e-04
  9.326329716395e-04
  8.906557435052e-04
  8.505711570869e-04
  8.122911016522e-04
  7.757297851724e-04
  7.408106904326e-04
  7.074787482252e-04
  6.756261388383e-04
  6.452308345889e-04
  6.161838564134e-04
  5.884417286215e-04
  5.619723951376e-04
  5.366664131574e-04
  5.125241304865e-04
  6.925480368387e-03
  4.109204569034e-04
  2.429170571994e-05
  1.370182172891e-06
  2.082554544812e-07
  3.165298061072e-08
  4.810973509939e-09
  7.312263295961e-10
  1.111395155493e-10
  1.689221859581e-11
  3.027647069604e-12
  0.000000000000e+00
  0.000000000000e+00
  0.000000000000e+00
  0.000000000000e+00
  0.000000000000e+00
  0.000000000000e+00
  0.000000000000e+00
  0.000000000000e+00
  0.000000000000e+00
  0.000000000000e+00
  0.000000000000e+00
  0.000000000000e+00
  0.000000000000e+00
  0.000000000000e+00
  0.000000000000e+00
  0.000000000000e+00
  0.000000000000e+00
  0.000000000000e+00
  0.000000000000e+00
  0.000000000000e+00
  0.000000000000e+00
  0.000000000000e+00
  0.000000000000e+00
  0.000000000000e+00
  0.000000000000e+00
  0.000000000000e+00
  0.000000000000e+00
  0.000000000000e+00
  0.000000000000e+00
  0.000000000000e+00
  0.000000000000e+00
  0.000000000000e+00
  0.000000000000e+00
  0.000000000000e+00
  0.000000000000e+00
  0.000000000000e+00
  0.000000000000e+00
  0.000000000000e+00
  0.000000000000e+00
  0.000000000000e+00
  0.000000000000e+00
  0.000000000000e+00
  0.000000000000e+00
  0.000000000000e+00
  0.000000000000e+00
  0.000000000000e+00
  0.000000000000e+00
  0.000000000000e+00
  0.000000000000e+00
  0.000000000000e+00
  0.000000000000e+00
  0.000000000000e+00
  0.000000000000e+00
  0.000000000000e+00
  0.000000000000e+00
  0.000000000000e+00
  0.000000000000e+00
  0.000000000000e+00
  5.968815609346e-05
  1.678091902629e-04
  1.945625228522e-04
  2.523893983662e-04
  1.666847069769e-04
  1.980099420082e-04
  2.916200148708e-04
  4.208690178037e-04
  5.428601873372e-04
  7.514223241431e-04
  7.978859538701e-04
  8.216859180957e-04
  9.003149458425e-04
  1.020057562474e-03
  1.165821032077e-03
  1.330197566019e-03
  1.753653053092e-03
  2.548542229143e-03
  1.758170583834e-03
  1.814776358352e-03
  2.054222551545e-03
  2.480637586171e-03
  2.674418014907e-03
  3.204075419387e-03
  2.738360995682e-03
  4.170960923692e-03
  4.351150237219e-03
  5.697461268925e-03
  6.232325739687e-03
  6.852793966452e-03
  5.534811547084e-03
  5.007620647685e-03
  5.549504574730e-03
  6.240074288668e-03
  6.589320032202e-03
  7.873929655360e-03
  8.302636161112e-03
  8.136159995330e-03
  7.827309089723e-03
  7.666950063376e-03
  9.194076083903e-03
  1.100157185703e-02
  1.791978508769e-02
  1.954854456181e-02
  1.837681503491e-02
  1.553380596832e-02
  1.699628576972e-02
  1.932562059160e-02
  1.877815729562e-02
  2.031457278444e-02
  2.093041825326e-02
  2.228768635889e-02
  2.521366462313e-02
  2.098519328118e-02
  2.222943392076e-02
  2.399277304790e-02
  2.497055099026e-02
  2.707679637407e-02
  2.198571788151e-02
  1.906678751334e-02
  1.879913551598e-02
  1.950977596256e-02
  1.969578250505e-02
  1.866781868206e-02
  1.833061330976e-02
  1.889850412843e-02
  1.791123246840e-02
  1.718827759446e-02
  1.708964324558e-02
  1.575905165925e-02
  1.452793210278e-02
  1.297947624271e-02
  1.346773307501e-02
  1.288403232074e-02
  1.215788443445e-02
  1.166114220417e-02
  1.111117362158e-02
  1.012195512893e-02
  1.073117412759e-02
  1.079817309265e-02
  1.071521423675e-02
  1.030331305912e-02
  9.237813889409e-03
  8.415050879053e-03
  7.909370799646e-03
  7.485868774741e-03
  7.018073075785e-03
  6.646522783684e-03
  5.931967988368e-03
  5.616382024339e-03
  4.953080894351e-03
  4.730262926974e-03
  4.621315277496e-03
  4.413327365825e-03
  4.123151057911e-03
  3.901421558709e-03
  3.704525163596e-03
  3.423803791825e-03
  3.269711860150e-03
  3.096862596858e-03
  2.884101972001e-03
  2.754287275869e-03
  2.630320833923e-03
  2.175072768571e-03
  2.043641399874e-03
  1.951666097622e-03
  1.863833438023e-03
  1.891882823371e-03
  1.812676467968e-03
  1.731096424603e-03
  1.653176581703e-03
  1.579089129245e-03
  1.510702044084e-03
  1.442703808362e-03
  1.377782757490e-03
  1.315762047708e-03
  1.256540847047e-03
  1.199992210644e-03
  1.237482829330e-03
  1.196805403346e-03
  1.142950014681e-03
  1.091510198027e-03
  1.042375555303e-03
  9.954630940433e-04
  9.506618990825e-04
  9.078799289312e-04
  8.667733207215e-04
  8.233889441930e-04
  7.863368152996e-04
  7.509442771940e-04
  7.171472110856e-04
  6.848721906177e-04
  6.540460479772e-04
  6.246041472867e-04
  5.965009848886e-04
  5.696450363803e-04
  5.440174280858e-04
  5.195268941462e-04
  4.961367213832e-04
  4.738192456411e-04
  4.524829425177e-04
  4.321278120129e-04
  4.412311289832e-03
  2.618027090045e-04
  1.547657736248e-05
  8.729615596220e-07
  1.326823831763e-07
  2.016654111263e-08
  3.065136722804e-09
  4.658721352454e-10
  7.080860367073e-11
  1.076228725353e-11
  1.928954343028e-12
  0.000000000000e+00
  0.000000000000e+00
  0.000000000000e+00
  0.000000000000e+00
  0.000000000000e+00
  0.000000000000e+00
  0.000000000000e+00
  0.000000000000e+00
  0.000000000000e+00
  0.000000000000e+00
  0.000000000000e+00
  0.000000000000e+00
  0.000000000000e+00
  0.000000000000e+00
  0.000000000000e+00
  0.000000000000e+00
  0.000000000000e+00
  0.000000000000e+00
  0.000000000000e+00
  0.000000000000e+00
  0.000000000000e+00
  0.000000000000e+00
  0.000000000000e+00
  0.000000000000e+00
  0.000000000000e+00
  0.000000000000e+00
  0.000000000000e+00
  0.000000000000e+00
  0.000000000000e+00
  0.000000000000e+00
  0.000000000000e+00
  0.000000000000e+00
  0.000000000000e+00
  0.000000000000e+00
  0.000000000000e+00
  0.000000000000e+00
  0.000000000000e+00
  0.000000000000e+00
  0.000000000000e+00
  0.000000000000e+00
  0.000000000000e+00
  0.000000000000e+00
  0.000000000000e+00
  0.000000000000e+00
  0.000000000000e+00
  0.000000000000e+00
  0.000000000000e+00
  0.000000000000e+00
  0.000000000000e+00
  0.000000000000e+00
  0.000000000000e+00
  0.000000000000e+00
  0.000000000000e+00
  0.000000000000e+00
  0.000000000000e+00
  0.000000000000e+00
  0.000000000000e+00
  0.000000000000e+00
  1.700627131507e-04
  4.505307052401e-04
  5.219138059739e-04
  5.331417906619e-04
  7.173435362471e-04
  5.950230907978e-04
  6.943966956857e-04
  8.706928548872e-04
  9.032918978679e-04
  1.037220778398e-03
  1.234443285769e-03
  1.202211891685e-03
  1.325653004123e-03
  1.551484018939e-03
  1.680668778288e-03
  1.703769489056e-03
  1.952435094856e-03
  2.132581162314e-03
  2.000297557892e-03
  2.098501433898e-03
  2.199983880423e-03
  2.424574474348e-03
  2.967467663264e-03
  3.148280291414e-03
  3.037027717351e-03
  3.489807828447e-03
  3.445052408487e-03
  4.091804834137e-03
  4.299573756852e-03
  4.717413349233e-03
  4.459398236503e-03
  4.550876597103e-03
  4.745192597160e-03
  5.206376291781e-03
  5.444860608671e-03
  5.780920077811e-03
  5.984500451691e-03
  5.588640335536e-03
  5.611742938151e-03
  6.153248772740e-03
  7.068683804659e-03
  7.740100237157e-03
  1.318019402248e-02
  1.387665850673e-02
  1.347831754880e-02
  1.333540744085e-02
  1.452822946620e-02
  1.620002926665e-02
  1.765697833116e-02
  1.801359776081e-02
  1.886214781003e-02
  1.913818087176e-02
  2.079881246988e-02
  2.160052669827e-02
  2.190822927559e-02
  2.301332005826e-02
  2.295534125972e-02
  2.348613041275e-02
  2.147521707180e-02
  2.055012920685e-02
  2.040551013061e-02
  1.911128511630e-02
  1.966166118996e-02
  1.947567373017e-02
  1.980920001643e-02
  1.924296396036e-02
  1.811435752185e-02
  1.796036749776e-02
  1.682176580195e-02
  1.688691469989e-02
  1.676466986525e-02
  1.624911638519e-02
  1.547386909366e-02
  1.479974732023e-02
  1.508167663785e-02
  1.417893778987e-02
  1.354328987437e-02
  1.245939408212e-02
  1.306544720737e-02
  1.245220506424e-02
  1.164961428017e-02
  1.080135431413e-02
  9.806923957469e-03
  9.395201336437e-03
  8.973943807488e-03
  8.557542018681e-03
  8.220591489694e-03
  7.870908831684e-03
  7.519668553133e-03
  7.156604232027e-03
  6.508646699961e-03
  6.215853136727e-03
  5.772189835403e-03
  5.512407107138e-03
  5.275433114617e-03
  5.042403622693e-03
  4.822613905354e-03
  4.643759338651e-03
  4.434761346126e-03
  4.104317508931e-03
  3.545803340914e-03
  3.386207144111e-03
  3.233796181488e-03
  2.805633411686e-03
  2.651218352676e-03
  2.531898943820e-03
  2.417953010517e-03
  2.150392269405e-03
  2.045191082668e-03
  1.953147059872e-03
  1.865232308044e-03
  1.757507397665e-03
  1.476021402807e-03
  1.409584157186e-03
  1.346153686760e-03
  1.285556572238e-03
  1.227694437586e-03
  1.172444312762e-03
  1.284169848527e-03
  1.253383825405e-03
  1.196982196490e-03
  1.143110597374e-03
  1.091652994786e-03
  1.042522994388e-03
  9.956039322951e-04
  9.507993243187e-04
  9.349891605363e-04
  1.378602643227e-03
  1.316565833284e-03
  1.257308146302e-03
  1.200721747015e-03
  1.146683665380e-03
  1.095070931354e-03
  1.045776340284e-03
  9.987235876831e-04
  9.537581727279e-04
  9.108498258696e-04
  8.698453075168e-04
  8.306834479559e-04
  7.933169510166e-04
  7.575932077232e-04
  7.235128486911e-04
  2.948904231759e-03
  1.749719925583e-04
  1.034353369252e-05
  5.834305472297e-07
  8.867622016824e-08
  1.347800224099e-08
  2.048535867826e-09
  3.113595172019e-10
  4.732385424879e-11
  7.192801567639e-12
  1.289186395649e-12
  0.000000000000e+00
  0.000000000000e+00
  0.000000000000e+00
  0.000000000000e+00
  0.000000000000e+00
  0.000000000000e+00
  0.000000000000e+00
  0.000000000000e+00
  0.000000000000e+00
  0.000000000000e+00
  0.000000000000e+00
  0.000000000000e+00
  0.000000000000e+00
  0.000000000000e+00
  0.000000000000e+00
  0.000000000000e+00
  0.000000000000e+00
  0.000000000000e+00
  0.000000000000e+00
  0.000000000000e+00
  0.000000000000e+00
  0.000000000000e+00
  0.000000000000e+00
  0.000000000000e+00
  0.000000000000e+00
  0.000000000000e+00
  0.000000000000e+00
  0.000000000000e+00
  0.000000000000e+00
  0.000000000000e+00
  0.000000000000e+00
  0.000000000000e+00
  0.000000000000e+00
  0.000000000000e+00
  0.000000000000e+00
  0.000000000000e+00
  0.000000000000e+00
  0.000000000000e+00
  0.000000000000e+00
  0.000000000000e+00
  0.000000000000e+00
  0.000000000000e+00
  0.000000000000e+00
  0.000000000000e+00
  0.000000000000e+00
  0.000000000000e+00
  0.000000000000e+00
  0.000000000000e+00
  0.000000000000e+00
  0.000000000000e+00
  0.000000000000e+00
  0.000000000000e+00
  0.000000000000e+00
  0.000000000000e+00
  0.000000000000e+00
  0.000000000000e+00
  0.000000000000e+00
  0.000000000000e+00
  3.225135619335e-04
  9.243173397918e-04
  1.000011863565e-03
  1.074966774012e-03
  1.436514396460e-03
  1.213040222474e-03
  1.512198382286e-03
  1.500104432325e-03
  1.597939634034e-03
  1.592474955887e-03
  1.731378644018e-03
  1.801833851165e-03
  1.873226935580e-03
  2.123972864359e-03
  2.248310099117e-03
  2.085649362547e-03
  2.457607272134e-03
  2.659270455378e-03
  2.870187461367e-03
  2.733629219118e-03
  2.681964676607e-03
  2.796551299696e-03
  3.446593583006e-03
  3.565875614122e-03
  3.507847657141e-03
  3.698805791816e-03
  4.127752917911e-03
  4.004916587868e-03
  4.224220294120e-03
  4.382709509163e-03
  4.418758319879e-03
  4.694114870791e-03
  5.164891624154e-03
  5.058866330162e-03
  5.240393002416e-03
  5.309597204731e-03
  5.772497595542e-03
  5.492981566471e-03
  5.439647512096e-03
  6.166181740671e-03
  6.942930791356e-03
  7.232670134282e-03
  1.253776914113e-02
  1.351856746731e-02
  1.280684055947e-02
  1.368302417111e-02
  1.783150071419e-02
  1.689484283648e-02
  1.869026811054e-02
  1.865216590562e-02
  1.919238622323e-02
  1.934190463467e-02
  1.976346767087e-02
  2.262283416626e-02
  2.194893246588e-02
  2.209041192930e-02
  2.046646915873e-02
  1.913314790778e-02
  1.966292060381e-02
  2.013124201556e-02
  1.958725814551e-02
  1.658120343012e-02
  1.652657170286e-02
  1.849462360037e-02
  1.919497554731e-02
  1.879953156506e-02
  1.860355586227e-02
  1.784626889397e-02
  1.582823702003e-02
  1.549195608218e-02
  1.586117563101e-02
  1.654427545355e-02
  1.486074360445e-02
  1.381902841844e-02
  1.409424797604e-02
  1.349016468974e-02
  1.273194586586e-02
  1.179993221186e-02
  1.197475223366e-02
  1.113318577739e-02
  1.048205507472e-02
  1.004292528113e-02
  9.864045138955e-03
  8.807046919183e-03
  8.220402429480e-03
  7.751007652573e-03
  7.420703235999e-03
  7.094449907275e-03
  6.617975135513e-03
  6.341530165235e-03
  6.418908803455e-03
  6.130149489585e-03
  6.345862766807e-03
  6.060261826147e-03
  5.842662256440e-03
  5.601498332180e-03
  5.341314919296e-03
  5.057648444591e-03
  4.830022771178e-03
  4.307987938967e-03
  3.243811871976e-03
  3.097808618517e-03
  2.958378033044e-03
  2.591806519712e-03
  2.451912264578e-03
  2.341563401540e-03
  2.236183933146e-03
  2.520548923185e-03
  2.427537993539e-03
  2.318285076972e-03
  2.213935316527e-03
  2.053380663904e-03
  1.442504014901e-03
  1.377575208161e-03
  1.315585133710e-03
  1.256364281147e-03
  1.199816303528e-03
  1.145820466092e-03
  1.532655547943e-03
  1.535685960370e-03
  1.466581266381e-03
  1.400576234185e-03
  1.337528902582e-03
  1.277332838310e-03
  1.219846080170e-03
  1.164950302073e-03
  1.191477927278e-03
  2.559041032147e-03
  2.443885359929e-03
  2.333887259978e-03
  2.228848016725e-03
  2.128540311604e-03
  2.032733815203e-03
  1.941229811956e-03
  1.853888297709e-03
  1.770420231637e-03
  1.690771418583e-03
  1.614657333984e-03
  1.541962060423e-03
  1.472600541616e-03
  1.406288554082e-03
  1.343025646196e-03
  2.236965246634e-03
  1.327294900238e-04
  7.846353490155e-06
  4.425764549106e-07
  6.726768898683e-08
  1.022409667404e-08
  1.553970803557e-09
  2.361900133519e-10
  3.589872024496e-11
  5.456292951839e-12
  9.779470588465e-13
