211
  7.011212798055e-02
  6.676703330378e-02
  6.226813220310e-02
  5.754313660473e-02
  5.263318571411e-02
  4.801798596446e-02
  4.410767670125e-02
  4.167861238389e-02
  4.119595662303e-02
  4.186494996776e-02
  4.258767892158e-02
  4.362555118138e-02
  4.492757557322e-02
  4.631528113725e-02
  4.782208705213e-02
  4.946020516169e-02
  5.116335223712e-02
  5.289467992775e-02
  5.465307394213e-02
  5.636824510227e-02
  5.787127403369e-02
  5.870731028366e-02
  5.835861478798e-02
  5.791685719610e-02
  5.709588092114e-02
  5.548821611098e-02
  5.331162056497e-02
  5.136718788070e-02
  4.963860148555e-02
  4.809068462245e-02
  4.672644055014e-02
  4.571754708655e-02
  4.526805921330e-02
  4.543608325353e-02
  4.668717332313e-02
  4.836600899393e-02
  4.949596112523e-02
  5.013919985033e-02
  5.049904559386e-02
  5.090384354403e-02
  5.148157308819e-02
  5.205790593053e-02
  5.258134486243e-02
  5.302288450961e-02
  5.327927535896e-02
  5.352120271533e-02
  5.376082113698e-02
  5.400244690524e-02
  5.435521041000e-02
  5.474746394806e-02
  5.513593102898e-02
  5.551797500192e-02
  5.592209687296e-02
  5.636678234288e-02
  5.682204384631e-02
  5.726773595389e-02
  5.770351735218e-02
  5.813073237460e-02
  5.855880955573e-02
  5.908218933259e-02
  5.961688546168e-02
  6.009905231970e-02
  6.049072634416e-02
  6.087001660047e-02
  6.117433481225e-02
  6.140714616977e-02
  6.162308002748e-02
  6.186651042871e-02
  6.213870386779e-02
  6.240397870199e-02
  6.265860674698e-02
  6.289607647383e-02
  6.312687056204e-02
  6.334927765894e-02
  6.338136077557e-02
  6.329661767086e-02
  6.321407082389e-02
  6.313399179692e-02
  6.307571972487e-02
  6.301283358373e-02
  6.293365843922e-02
  6.285119862648e-02
  6.275068932428e-02
  6.259716839559e-02
  6.244272129048e-02
  6.226405029029e-02
  6.207973220755e-02
  6.191356186407e-02
  6.179331317733e-02
  6.167918273012e-02
  6.157001355537e-02
  6.146462273612e-02
  6.134184702256e-02
  6.122893287008e-02
  6.113741734567e-02
  6.104852736787e-02
  6.100839114242e-02
  6.116548485134e-02
  6.134040019756e-02
  6.151073915511e-02
  6.160638864215e-02
  6.019162752873e-02
  5.889712394997e-02
  5.813465108922e-02
  5.808334773623e-02
  5.832334739071e-02
  5.859720007565e-02
  5.873381435415e-02
  5.880286131259e-02
  5.889921840276e-02
  5.917776789331e-02
  5.954791600849e-02
  5.999862682608e-02
  6.043732962383e-02
  6.101921035521e-02
  6.152078722629e-02
  6.232890275472e-02
  6.364537299292e-02
  6.492821683311e-02
  6.567395890817e-02
  6.627551306971e-02
  6.685146363172e-02
  6.740752287562e-02
  6.799351572224e-02
  6.847808676753e-02
  6.852205735494e-02
  6.871459806214e-02
  6.926939919118e-02
  7.033306932474e-02
  7.165499480266e-02
  7.285940323131e-02
  7.356745778204e-02
  7.463597422565e-02
  7.596817597373e-02
  7.675179323892e-02
  7.776961060226e-02
  7.870442543118e-02
  7.942797516155e-02
  8.068250471299e-02
  8.172372950499e-02
  8.272713606050e-02
  8.372681631360e-02
  8.473733169283e-02
  8.580220401954e-02
  8.685214110970e-02
  8.785581055233e-02
  8.914017552833e-02
  9.075145161445e-02
  9.241251508016e-02
  9.409365459297e-02
  9.547123953829e-02
  9.434978960294e-02
  9.529163137008e-02
  9.652341787933e-02
  9.867507264093e-02
  1.007015514731e-01
  1.034269496394e-01
  1.038424359411e-01
  1.058037753492e-01
  1.070204720182e-01
  1.086416059822e-01
  1.095952055655e-01
  1.112902232563e-01
  1.122777221735e-01
  1.112470107661e-01
  1.121630766334e-01
  1.133675167436e-01
  1.147907185779e-01
  1.165458302515e-01
  1.185748502244e-01
  1.189522922641e-01
  1.204944622531e-01
  1.226946022530e-01
  1.251446886763e-01
  1.284899363780e-01
  1.292424197056e-01
  1.309796869756e-01
  1.322036989036e-01
  1.323334709753e-01
  1.334965528941e-01
  1.383339348630e-01
  1.341924322839e-01
  1.492590432185e-01
  1.424289397945e-01
  1.385462546370e-01
  1.502830243743e-01
  1.592262868623e-01
  1.534967101964e-01
  1.469097302860e-01
  1.534781009842e-01
  1.538442889059e-01
  1.700688686925e-01
  1.682209501506e-01
  1.790237926243e-01
  1.724356455392e-01
  1.635623067710e-01
  1.733718466110e-01
  1.863143947550e-01
  1.858208532930e-01
  1.802726883480e-01
  2.489693574476e-01
  5.420626341655e-01
  9.814549385793e-01
  1.386303366173e+00
  9.015254425245e-01
  4.975984034556e+00
  1.764466665829e+01
  5.262854798801e+01
  1.399651619957e+02
  3.613592614833e+02
  9.277913827788e+02
