211
  2.748136635080e-01
  2.736418473990e-01
  2.725927503390e-01
  2.716791909070e-01
  2.708944770510e-01
  2.702269683690e-01
  2.697138481680e-01
  2.695128509550e-01
  2.696976364350e-01
  2.702125945940e-01
  2.710233697540e-01
  2.720958889980e-01
  2.733909425540e-01
  2.748676712000e-01
  2.764859226190e-01
  2.782574785950e-01
  2.802087303220e-01
  2.823572562180e-01
  2.847309084180e-01
  2.873323260420e-01
  2.901412444220e-01
  2.932395233870e-01
  2.965997820710e-01
  3.001374272770e-01
  3.038201769180e-01
  3.076345526360e-01
  3.115363491820e-01
  3.155332954040e-01
  3.195556431510e-01
  3.235786035500e-01
  3.276054755000e-01
  3.315542106680e-01
  3.354461576440e-01
  3.393115249170e-01
  3.431606804570e-01
  3.469446120490e-01
  3.506288226310e-01
  3.541506802470e-01
  3.574405309990e-01
  3.605226924840e-01
  3.631654877290e-01
  3.654797126170e-01
  3.673894924680e-01
  3.689185793560e-01
  3.701534044390e-01
  3.712239914710e-01
  3.721457038960e-01
  3.729530859020e-01
  3.736052782660e-01
  3.740865876540e-01
  3.744108223140e-01
  3.745414115940e-01
  3.742953137160e-01
  3.736325177480e-01
  3.727673107520e-01
  3.718415453940e-01
  3.708014024880e-01
  3.695467368830e-01
  3.682948517790e-01
  3.667731638510e-01
  3.650888401940e-01
  3.633540905070e-01
  3.614827663940e-01
  3.596552233870e-01
  3.577105694590e-01
  3.556249111550e-01
  3.534269960260e-01
  3.511792675190e-01
  3.488887947050e-01
  3.465840423700e-01
  3.443098755430e-01
  3.420367926400e-01
  3.398158323440e-01
  3.376533096900e-01
  3.355628915470e-01
  3.335397709460e-01
  3.315715063250e-01
  3.296656851530e-01
  3.278252293120e-01
  3.260524480300e-01
  3.243500275550e-01
  3.227093436210e-01
  3.211244110830e-01
  3.196246843970e-01
  3.181757136320e-01
  3.169039408780e-01
  3.158137018330e-01
  3.149819551000e-01
  3.144538484720e-01
  3.139593906150e-01
  3.136325168350e-01
  3.135813838980e-01
  3.137541519600e-01
  3.140666990920e-01
  3.146802943360e-01
  3.153900289260e-01
  3.161462308680e-01
  3.171913692490e-01
  3.184873182210e-01
  3.198002329600e-01
  3.218017693350e-01
  3.246772312240e-01
  3.278112796810e-01
  3.312250747860e-01
  3.349915693390e-01
  3.390922895040e-01
  3.436707845220e-01
  3.484086163690e-01
  3.532356127470e-01
  3.580799990370e-01
  3.630584620150e-01
  3.679839069700e-01
  3.730609599050e-01
  3.782032839160e-01
  3.834364690360e-01
  3.887249342800e-01
  3.941316886220e-01
  3.995822240690e-01
  4.051198975810e-01
  4.107729854370e-01
  4.164885167410e-01
  4.222148872850e-01
  4.280618090300e-01
  4.339959159670e-01
  4.400092907380e-01
  4.461269107220e-01
  4.521328394060e-01
  4.581554039680e-01
  4.640316859150e-01
  4.697752107350e-01
  4.753727828300e-01
  4.808395300100e-01
  4.861719648680e-01
  4.913795128280e-01
  4.964536910080e-01
  5.014043961050e-01
  5.062222026930e-01
  5.109377434070e-01
  5.155453629920e-01
  5.200507167020e-01
  5.244571034380e-01
  5.287598104860e-01
  5.329772174270e-01
  5.371201635010e-01
  5.412541554200e-01
  5.452326278080e-01
  5.492040311260e-01
  5.532018256370e-01
  5.571986776050e-01
  5.612073113570e-01
  5.652366810450e-01
  5.692768899740e-01
  5.733095585620e-01
  5.773290315540e-01
  5.813282398790e-01
  5.852987006540e-01
  5.892333448100e-01
  5.931265170900e-01
  5.969650218990e-01
  6.007455603370e-01
  6.044582357060e-01
  6.080945651240e-01
  6.116465369770e-01
  6.151056683820e-01
  6.184625339130e-01
  6.216063848130e-01
  6.243953684180e-01
  6.282772301870e-01
  6.318136500870e-01
  6.352199991060e-01
  6.385556574280e-01
  6.418229814110e-01
  6.450073616430e-01
  6.482336850220e-01
  6.516532296380e-01
  6.547612639180e-01
  6.576911576440e-01
  6.607497084370e-01
  6.633944830210e-01
  6.662126854470e-01
  6.747144198540e-01
  6.813621729340e-01
  6.898064122420e-01
  6.864240980600e-01
  6.917753837690e-01
  6.867718962860e-01
  6.946360006130e-01
  7.009039090180e-01
  6.999340326640e-01
  7.042357971700e-01
  7.014651931460e-01
  7.139995961420e-01
  7.197344966970e-01
  7.301948346630e-01
  7.286523636700e-01
  7.246352470350e-01
  7.331228433030e-01
  7.479103944260e-01
  7.474933193180e-01
  7.386348325290e-01
  8.099259284710e-01
  1.089542506390e+00
  1.509513576720e+00
  1.888521744910e+00
  1.460005111940e+00
  5.628831521300e+00
  1.834513581670e+01
  5.334640406890e+01
  1.407079458890e+02
  3.622460845330e+02
  9.293545609620e+02
