299
  5.815513000000e+00
  5.766315000000e+00
  5.731601000000e+00
  5.721410000000e+00
  5.748879000000e+00
  5.806256000000e+00
  5.883910000000e+00
  5.980420000000e+00
  6.100739000000e+00
  6.247915000000e+00
  6.420055000000e+00
  6.607368000000e+00
  6.802746000000e+00
  6.998407000000e+00
  7.188599000000e+00
  7.374499000000e+00
  7.547161000000e+00
  7.692581000000e+00
  7.796836000000e+00
  7.862672000000e+00
  7.907991000000e+00
  7.937056000000e+00
  7.945303000000e+00
  7.917361000000e+00
  7.869938000000e+00
  7.808171000000e+00
  7.728746000000e+00
  7.639509000000e+00
  7.541309000000e+00
  7.432559000000e+00
  7.320621000000e+00
  7.210943000000e+00
  7.107617000000e+00
  7.011451000000e+00
  6.922426000000e+00
  6.840865000000e+00
  6.766760000000e+00
  6.706234000000e+00
  6.671358000000e+00
  6.654888000000e+00
  6.662880000000e+00
  6.692562000000e+00
  6.739603000000e+00
  6.804782000000e+00
  6.882921000000e+00
  6.971674000000e+00
  7.071568000000e+00
  7.183896000000e+00
  7.312606000000e+00
  7.446555000000e+00
  7.582962000000e+00
  7.722256000000e+00
  7.862546000000e+00
  8.006619000000e+00
  8.153724000000e+00
  8.303573000000e+00
  8.456773000000e+00
  8.612643000000e+00
  8.771927000000e+00
  8.933281000000e+00
  9.097468000000e+00
  9.264721000000e+00
  9.436233000000e+00
  9.605780000000e+00
  9.774041000000e+00
  9.937316000000e+00
  1.009523000000e+01
  1.024817000000e+01
  1.039626000000e+01
  1.053946000000e+01
  1.067799000000e+01
  1.081199000000e+01
  1.094209000000e+01
  1.106829000000e+01
  1.119076000000e+01
  1.130986000000e+01
  1.142652000000e+01
  1.154087000000e+01
  1.165235000000e+01
  1.176468000000e+01
  1.187754000000e+01
  1.199072000000e+01
  1.210436000000e+01
  1.221768000000e+01
  1.233034000000e+01
  1.244196000000e+01
  1.255220000000e+01
  1.266059000000e+01
  1.276682000000e+01
  1.287043000000e+01
  1.297101000000e+01
  1.306817000000e+01
  1.316110000000e+01
  1.324189000000e+01
  1.334807000000e+01
  1.344457000000e+01
  1.353892000000e+01
  1.363094000000e+01
  1.372128000000e+01
  1.381537000000e+01
  1.392767000000e+01
  1.405879000000e+01
  1.428449000000e+01
  1.457091000000e+01
  1.460144000000e+01
  1.476085000000e+01
  1.488799000000e+01
  1.500974000000e+01
  1.539389000000e+01
  1.542358000000e+01
  1.574688000000e+01
  1.574234000000e+01
  1.611120000000e+01
  1.633774351490e+01
  1.632716000000e+01
  1.636793000000e+01
  1.672067084930e+01
  1.744312000000e+01
  1.693046000000e+01
  1.727833283190e+01
  1.773112000000e+01
  1.796527511670e+01
  1.797725247780e+01
  1.815601726840e+01
  1.794437460400e+01
  1.850689779700e+01
  1.889515205740e+01
  1.927044577440e+01
  2.000712310220e+01
  2.035453915400e+01
  2.037145386580e+01
  2.054633300330e+01
  2.104817000000e+01
  2.290843471620e+01
  2.205883240150e+01
  2.170190807330e+01
  2.244607234020e+01
  2.269927326780e+01
  2.474982393610e+01
  2.463831774730e+01
  2.584656409830e+01
  2.459891013700e+01
  2.687003077960e+01
  2.475465000000e+01
  2.271377606920e+01
  2.420214000000e+01
  2.896182947920e+01
  2.394888517010e+01
  2.898761672220e+01
  2.863084474990e+01
  3.242452000000e+01
  2.935577304770e+01
  2.904730516240e+01
  3.047484696130e+01
  3.070833609210e+01
  3.016477000000e+01
  3.252575000000e+01
  2.897878951570e+01
  3.072400966910e+01
  3.932550258840e+01
  3.635456000000e+01
  2.942043475320e+01
  2.675378762850e+01
  3.012056752830e+01
  6.163055000000e+01
  4.952422000000e+01
  4.442272624960e+01
  5.560508000000e+01
  3.555232453880e+01
  6.721557183610e+01
  3.085639401600e+01
  2.537017000000e+01
  4.817457000000e+01
  7.522414000000e+01
  3.189979573240e+01
  6.330860000000e+01
  2.960256000000e+01
  4.617218000000e+01
  4.322610000000e+01
  5.054316000000e+01
  9.861376000000e+01
  2.759727000000e+01
  4.790786000000e+01
  1.940362000000e+02
  2.295159000000e+01
  2.772432667070e+01
  4.833461409050e+01
  4.916610236100e+01
  2.840036075910e+01
  3.944596858380e+01
  1.885965000000e+01
  1.683139000000e+01
  3.976054000000e+01
  4.399827000000e+01
  5.151254000000e+01
  2.688327000000e+01
  2.408862000000e+01
  2.675412000000e+01
  5.072239000000e+01
  3.110732000000e+01
  3.021695000000e+01
  3.316710000000e+01
  4.611652000000e+01
  1.186034000000e+02
  1.015068000000e+02
  7.790897000000e+01
  7.493351000000e+01
  7.814625000000e+01
  8.477470000000e+01
  9.456132000000e+01
  1.083756000000e+02
  1.285269000000e+02
  1.590025000000e+02
  2.023364000000e+02
  2.436716000000e+02
  2.524002000000e+02
  2.381520145020e+02
  2.277277058690e+02
  2.274448056660e+02
  2.349814367860e+02
  2.478432881530e+02
  2.645109463100e+02
  2.841118949450e+02
  3.061712455480e+02
  3.304361891810e+02
  3.566765207300e+02
  3.849023518070e+02
  4.150468015260e+02
  4.471047231110e+02
  4.811067421410e+02
  5.170833583500e+02
  5.551192132580e+02
  5.953395420010e+02
  6.378682862760e+02
  6.828138971540e+02
  7.304182422530e+02
  7.808618688800e+02
  8.343363161580e+02
  8.910671652710e+02
  9.511847904490e+02
  1.015079790100e+03
  1.082948840050e+03
  1.155032891920e+03
  1.231579945760e+03
  1.312837001620e+03
  1.399021059510e+03
  1.490477119550e+03
  1.587635181860e+03
  1.690814662000e+03
  1.800264875640e+03
  1.916312382780e+03
  2.039633939590e+03
  2.170580019470e+03
  2.309608070930e+03
  2.457253124230e+03
  2.613980769090e+03
  2.780323854710e+03
  2.957130295600e+03
  3.144880035180e+03
  3.344116130050e+03
  3.556001971110e+03
  3.781119330010e+03
  4.020308435190e+03
  4.274502392000e+03
  4.544329541890e+03
  4.831088000000e+03
  5.135995786000e+03
  5.460212057640e+03
  5.804525321430e+03
  6.170081153420e+03
  6.559035374240e+03
  6.972425843160e+03
  7.411870775960e+03
  7.878941414390e+03
  8.375061230670e+03
  8.902411233700e+03
  9.463256216430e+03
  1.005898000000e+04
  1.069194000000e+04
  1.136530016820e+04
  1.208105069600e+04
  1.284197124100e+04
  1.365078180360e+04
  1.450951000000e+04
  1.542281298280e+04
  1.639401360130e+04
  1.742653423990e+04
  1.852434979620e+04
  1.968900557700e+04
  2.092868627800e+04
  2.224742700130e+04
  2.364805774730e+04
  2.513548703400e+04
  2.671835862060e+04
  2.840105022830e+04
  3.018971086340e+04
  3.208916327080e+04
  3.410854243170e+04
  3.625617325330e+04
