111
 -1.557705997988e-02
 -5.575859711981e-03
  3.808430937246e-03
  1.018645551413e-02
  1.143909600988e-02
  1.079409869610e-02
  1.006131970536e-02
  9.419915202413e-03
  8.972565992474e-03
  8.321700704421e-03
  7.656807977286e-03
  6.963522523395e-03
  6.219287799077e-03
  5.572000919599e-03
  4.957758945456e-03
  4.240548565382e-03
  3.583614904455e-03
  2.962871728953e-03
  2.511641215082e-03
  2.251210039924e-03
  1.997189005106e-03
  1.756703431942e-03
  1.613101910506e-03
  1.549039088005e-03
  1.426287042995e-03
  1.241190255817e-03
  1.106686499199e-03
  1.081208337627e-03
  1.061971730291e-03
  9.448381682045e-04
  6.631475312378e-04
  6.248083998737e-04
  5.498421572800e-04
 -1.233331758391e-04
  2.986665867578e-04
  2.450904140495e-04
 -3.903545895426e-04
 -5.621580451789e-04
 -1.517532921596e-03
 -2.455822054817e-04
 -9.266061798984e-04
 -5.399137975848e-04
 -9.360659547346e-04
 -5.766106564986e-04
 -2.847937964774e-04
 -1.119379846934e-04
 -1.452470174507e-03
 -4.240376090472e-04
 -8.834314854781e-04
 -1.399460981858e-03
 -4.137872425128e-04
 -1.566165995053e-04
  6.285941183952e-04
  4.645141864734e-04
  5.372452315287e-04
  3.675345371004e-04
  3.709362579516e-04
  3.722858124652e-04
  3.616950451024e-04
  3.244121893168e-04
  2.500693349409e-04
  4.800798012274e-04
  3.284001492891e-04
  3.973021066781e-04
  3.189238587590e-04
  5.207188822764e-04
  3.735176295255e-04
  4.168638912170e-04
  4.357044398281e-04
  4.057752265809e-04
  2.110350158911e-04
  3.180420875909e-04
  5.650769502797e-04
  1.748907194410e-04
  6.064624190329e-04
  1.192700370934e-03
  3.385751961962e-04
  5.904746139795e-04
  9.400326490741e-04
  4.098471453421e-04
  3.618599744993e-04
  5.992999297834e-04
  4.408264958852e-04
  3.455375183081e-04
 -5.557503108999e-05
  1.471477923159e-03
  1.584205161258e-03
  3.400924315271e-04
  1.484042331207e-03
  8.349248850328e-04
  2.172098300561e-04
  1.302330968150e-03
  1.368170523900e-04
  3.116215724600e-04
  4.728544628191e-05
  1.165079853722e-04
  9.656646298242e-04
  2.744050920000e-04
  7.764382050000e-04
  1.322251960000e-04
  7.627637398400e-04
  5.103540645710e-03
  3.009093519470e-03
  8.299468701430e-03
  2.153027933511e-02
  5.523431497430e-02
  1.411996409416e-01
  3.593502242361e-01
  9.079556190810e-01
  2.291480748751e+00
  5.835933914460e+00
