111
  2.217271951960e-01
  2.280213111930e-01
  2.338680221170e-01
  2.424238946590e-01
  2.505449103620e-01
  2.575456212250e-01
  2.639070375450e-01
  2.705970044160e-01
  2.760223317920e-01
  2.808955547670e-01
  2.888853685830e-01
  2.959921593510e-01
  3.009097926230e-01
  3.038659872480e-01
  3.087157988990e-01
  3.079269110890e-01
  3.113473242950e-01
  3.123127907200e-01
  3.127765786070e-01
  3.123180894890e-01
  3.139801126560e-01
  3.128930580900e-01
  3.103021712900e-01
  3.131084009650e-01
  3.081692217640e-01
  2.944399491850e-01
  2.877193675710e-01
  2.833438780490e-01
  2.986397482720e-01
  2.805027579390e-01
  2.819799919520e-01
  2.818946217400e-01
  3.165949283470e-01
  2.705318701410e-01
  2.536512930820e-01
  2.659618978920e-01
  2.783741580840e-01
  2.501386606330e-01
  2.363450746890e-01
  2.304379175810e-01
  2.455100764510e-01
  2.625651547760e-01
  2.313334426280e-01
  2.245335334030e-01
  2.214139515410e-01
  2.406939128320e-01
  2.059740099090e-01
  1.893916446770e-01
  2.009729430610e-01
  2.191155425890e-01
  1.719013043480e-01
  2.063082775960e-01
  2.889625247380e-01
  2.433340847990e-01
  1.766543127910e-01
  1.657247919660e-01
  2.191785445500e-01
  2.688878065970e-01
  2.802808450100e-01
  3.705811569420e-01
  3.080839685920e-01
  1.708079052940e-01
  1.994283778160e-01
  2.594488765800e-01
  1.477759478210e-01
  2.291279847840e-01
  2.630402146990e-01
  4.547815944900e-01
  2.414373649040e-01
  2.283784742810e-01
  3.660791211700e-01
  2.824954074970e-01
  2.016645386720e-01
  2.083831850100e-01
  2.719875995090e-01
  3.550975373140e-01
  7.406250374560e-01
  2.119861400960e-01
  3.172460649130e-01
  2.260731533270e-01
  3.230262869370e-01
  4.209382678850e-01
  3.828840184160e-01
  3.999145250170e-01
  4.814953923670e-01
  5.341597174940e-01
  6.980174562460e-01
  1.155006518680e+00
  3.564677007300e+00
  5.054577935750e-01
  4.997344820840e-02
  1.120458656550e-01
  1.719934225760e-01
  2.218367712560e-01
  2.621285024260e-01
  2.995109328190e-01
  3.418753326300e-01
  3.796148748820e-01
  4.413327135960e-01
  5.136193062550e-01
  6.971441058540e-01
  7.669320072520e-01
  9.203957308930e-01
  9.592587154570e-01
  9.780035154270e-01
  1.013048087430e+00
  1.102431254140e+00
  1.341833665920e+00
  2.023063312180e+00
  4.067847904360e+00
  9.815986255310e+00
