211
  2.201223679390e-01
  2.233830530040e-01
  2.265580931410e-01
  2.295299406410e-01
  2.320458451280e-01
  2.357494607400e-01
  2.401406976780e-01
  2.447848366910e-01
  2.488162672710e-01
  2.523289870250e-01
  2.558668590500e-01
  2.592778497290e-01
  2.623516587400e-01
  2.655112820060e-01
  2.689749330110e-01
  2.722701802650e-01
  2.753190152550e-01
  2.767459394250e-01
  2.761594897600e-01
  2.858270843620e-01
  2.877211898780e-01
  2.900852971550e-01
  2.949092806230e-01
  2.971075305410e-01
  3.006140792360e-01
  3.012175637860e-01
  3.011553731060e-01
  3.066689548730e-01
  3.074776945380e-01
  3.100009114710e-01
  3.094876087570e-01
  3.063506802700e-01
  3.134145223590e-01
  3.092481186210e-01
  3.119466919450e-01
  3.126903070680e-01
  3.125359711250e-01
  3.130280165320e-01
  3.139574674460e-01
  3.106497857790e-01
  3.177034993780e-01
  3.102027539690e-01
  3.191701590810e-01
  3.065626787730e-01
  3.147487091890e-01
  3.057972482750e-01
  3.186702495710e-01
  3.074953591580e-01
  3.059114571760e-01
  3.105185322820e-01
  2.961957553500e-01
  2.926522622610e-01
  2.810995855390e-01
  2.946809519130e-01
  2.793401956560e-01
  2.874915455930e-01
  3.050720595920e-01
  2.921717253340e-01
  2.803553096280e-01
  2.807095557600e-01
  2.890474039970e-01
  2.748811525570e-01
  2.946392809220e-01
  2.693522871260e-01
  3.356134311400e-01
  2.980678026310e-01
  2.841523778630e-01
  2.572035967850e-01
  2.700600605850e-01
  2.375910533100e-01
  2.605268337710e-01
  2.721464814900e-01
  2.657034716860e-01
  2.922650462110e-01
  2.442114741470e-01
  2.563182996080e-01
  2.680277621860e-01
  2.070393665870e-01
  2.533917676300e-01
  2.084327404880e-01
  2.484930762620e-01
  2.424971727080e-01
  2.232184045860e-01
  3.093595576850e-01
  2.045335337070e-01
  2.616849457480e-01
  2.446942185950e-01
  2.054759542890e-01
  2.115460347950e-01
  2.318272791140e-01
  2.575400322550e-01
  2.240751448960e-01
  2.391345408170e-01
  1.749049993740e-01
  1.704162453750e-01
  2.099497090740e-01
  1.573620034470e-01
  2.539485342540e-01
  2.472703414550e-01
  1.934955487880e-01
  1.877247730890e-01
  2.877970184440e-01
  2.190582034840e-01
  1.713607566360e-01
  2.191271557740e-01
  2.695671938210e-01
  2.377238645400e-01
  3.567913529250e-01
  2.557125530070e-01
  1.840609234630e-01
  2.336542762680e-01
  2.186759732510e-01
  1.553725722030e-01
  2.271071424510e-01
  2.719008291250e-01
  4.997848430560e-01
  2.524616393540e-01
  2.098508525830e-01
  3.980211247090e-01
  2.415594769090e-01
  2.070979170340e-01
  1.825139645910e-01
  2.175764577670e-01
  2.512576456980e-01
  3.058711063940e-01
  3.669843233510e-01
  5.382336085960e-01
  5.242860652040e-01
  2.524372208690e-01
  6.331069051140e-01
  1.652759160460e-01
  1.830678410530e-01
  2.523085998610e-01
  3.173280227080e-01
  3.295389472540e-01
  3.324233871520e-01
  4.209059203510e-01
  5.608188201690e-01
  4.238408896940e-01
  3.518607206680e-01
  3.978975373080e-01
  3.963310274630e-01
  3.999891966080e-01
  4.718867455140e-01
  5.017799900760e-01
  4.876536768330e-01
  5.129207376030e-01
  5.403804820590e-01
  5.822800707960e-01
  6.112470947180e-01
  6.562807138120e-01
  7.314288483480e-01
  8.184520686810e-01
  9.497358679500e-01
  1.153220206740e+00
  1.516351411800e+00
  2.160747037880e+00
  3.552072883580e+00
  6.612675647070e+00
  3.884267174890e+00
  8.460747236150e-01
  1.506177846530e-01
  4.592168566460e-02
  3.836905437240e-02
  5.208359289070e-02
  8.340469238740e-02
  9.333451305550e-02
  1.080276263580e-01
  1.313235856180e-01
  1.562189375690e-01
  1.705226484280e-01
  1.797326160660e-01
  1.914972249500e-01
  2.027573447280e-01
  2.140591983260e-01
  2.300655468150e-01
  2.385744580270e-01
  2.506736763170e-01
  2.649530255450e-01
  2.777523200340e-01
  2.883074970670e-01
  2.962683166340e-01
  3.033507102700e-01
  3.085034318170e-01
  3.150161410000e-01
  3.275869839230e-01
  3.529909896390e-01
  3.426236238280e-01
  3.522418865870e-01
  3.742825544220e-01
  3.985135109250e-01
  4.085295087260e-01
  4.194894460430e-01
  4.325353127260e-01
  4.430785491240e-01
  5.005725831900e-01
  4.699213194390e-01
  4.929008412830e-01
  5.189729789880e-01
  5.522139999410e-01
  6.971441058540e-01
  7.669320072520e-01
  9.203957308930e-01
  9.592587154570e-01
  9.780035154270e-01
  1.013048087430e+00
  1.102431254140e+00
  1.341833665920e+00
  2.023063312180e+00
  4.067847904360e+00
  9.815986255310e+00
